dataset,mass_GeV,sigma_val,blind_lo,blind_hi,integral_density,density_nsigma,density_window_lo,density_window_hi,density_window_width,density_source_lo,density_source_hi,density_source_n_bins,density_source_bin_width_median,density_window_fully_covered,A_up,eps2_up,p0_analytic,Z_analytic,A_hat,sigma_A,extract_success,cls_statistic,cls_calibration,signal_model,global_method,visibility,kernel_str,ls_lo,ls_hi,ls_init,ls_opt,sigma_x,const_opt,lml,n_train,n_train_low,n_train_high,n_full,n_blind,train_domain_lo,train_domain_hi,bin_width_median,const_init,const_lo,const_hi,const_at_lower,const_at_upper,ls_at_lower,ls_at_upper,optimizer_restarts,ls_lo_over_sigma_x,ls_hi_over_sigma_x,ls_opt_over_sigma_x,ls_lo_over_sigma,ls_hi_over_sigma,ls_opt_over_sigma,review_selected_source,review_attempt_count,review_finite_attempt_count,review_branch_multiplicity,review_selected_state_reproducing_attempt_count,review_status,review_interpolated,review_selected_attempt,review_selected_at_kernel_bound,attempt_01_lml,attempt_02_lml,review_all_attempt_sources,review_all_finite_lml,window,draw_index
2021,0.05,0.0019941875,0.045513078125,0.054486921875,432274745.5035101,1.64,0.0467295325,0.0532704675,0.0065409349999999,0.0,1.0,8000,0.000125,True,22478.641916293684,3.3772259917137856e-05,0.0002348476939663,3.4974689485468087,16421.54620549636,4703.782419980708,True,tilde_q_mu,asymptotic,default,sidak_approx,observed,7.38**2 * RBF(length_scale=0.327),0.0430198208653474,0.586633920891102,0.1588612167593829,0.326738848345934,0.0391089280594068,54.40867536373422,1678.2218622307912,402,9,393,416,14,0.04,0.3,0.000625,1.0,1e-08,1e+18,False,False,False,False,12,1.1,15.0,8.354584606604785,21.57260581833327,294.1718975227264,163.8456004492727,study_results/v4p2_followups_20260806/pseudo65/gp_window_ensemble_20260806/runs/window_2p25eq2p5/draw_00/attempt_01/results_single.csv,1,1,1,1,single_attempt_outside_55_75MeV,False,,,,,,,window_2p25eq2p5,0
2021,0.051,0.002001485875,0.04649665678125,0.0555033432187499,505722115.71658146,1.64,0.047717563165,0.0542824368349999,0.0065648736699999,0.0,1.0,8000,0.000125,True,18536.463373903945,2.3338055977658306e-05,0.0061979323851452,2.500669932010605,12211.562625413968,4902.552275285559,True,tilde_q_mu,asymptotic,default,sidak_approx,observed,7.39**2 * RBF(length_scale=0.328),0.0423437473933882,0.5774147371825666,0.1563646500091317,0.3277900430895715,0.0384943158121711,54.59029579991272,1672.2225123218848,401,10,391,416,15,0.04,0.3,0.000625,1.0,1e-08,1e+18,False,False,False,False,12,1.1,15.0,8.515284300388346,21.15615599504954,288.4930362961301,163.77334818292013,study_results/v4p2_followups_20260806/pseudo65/gp_window_ensemble_20260806/runs/window_2p25eq2p5/draw_00/attempt_01/results_single.csv,1,1,1,1,single_attempt_outside_55_75MeV,False,,,,,,,window_2p25eq2p5,0
2021,0.052,0.002008956,0.047479849,0.056520151,582496150.2912881,1.64,0.04870531216,0.0552946878399999,0.0065893756799999,0.0,1.0,8000,0.000125,True,8759.05456551024,9.3903277524115e-06,0.4150102340034362,0.2146753171104362,1051.4412853851557,4928.741109617721,True,tilde_q_mu,asymptotic,default,sidak_approx,observed,7.76**2 * RBF(length_scale=0.321),0.0416967826910809,0.5685924912420126,0.1539755745145915,0.3210933557632257,0.0379061660828008,60.273342414728035,1668.9816194725445,402,12,390,416,14,0.04,0.3,0.000625,1.0,1e-08,1e+18,False,False,False,False,12,1.1,15.0,8.47074207034922,20.75544844739304,283.02884246445046,159.83095486572415,study_results/v4p2_followups_20260806/pseudo65/gp_window_ensemble_20260806/runs/window_2p25eq2p5/draw_00/attempt_01/results_single.csv,1,1,1,1,single_attempt_outside_55_75MeV,False,,,,,,,window_2p25eq2p5,0
2021,0.053,0.002016597875,0.0484626547812499,0.05753734521875,661992830.0519445,1.64,0.049692779485,0.056307220515,0.00661444103,0.0,1.0,8000,0.000125,True,6154.924971973318,5.6965712021977485e-06,0.5,0.0,-5654.892079475815,5075.368769049201,True,tilde_q_mu,asymptotic,default,sidak_approx,observed,7.78**2 * RBF(length_scale=0.32),0.0410773062694674,0.5601450854927381,0.1516880062237032,0.3198373576839698,0.0373430056995158,60.531507945030505,1664.9731623814707,402,14,388,416,14,0.04,0.3,0.000625,1.0,1e-08,1e+18,False,False,False,False,12,1.1,15.0,8.564853088087558,20.369607039017364,277.76736871387317,158.60244704659812,study_results/v4p2_followups_20260806/pseudo65/gp_window_ensemble_20260806/runs/window_2p25eq2p5/draw_00/attempt_01/results_single.csv,1,1,1,1,single_attempt_outside_55_75MeV,False,,,,,,,window_2p25eq2p5,0
2021,0.054,0.0020244115,0.049445074125,0.058554925875,743432117.467634,1.64,0.05067996514,0.05732003486,0.00664006972,0.0,1.0,8000,0.000125,True,5595.089714127527,4.52576393638728e-06,0.5,0.0,-12261.386252561017,5471.557135480773,True,tilde_q_mu,asymptotic,default,sidak_approx,observed,7.55**2 * RBF(length_scale=0.318),0.0404838157112043,0.552052032425514,0.1494963970927404,0.3180167413572473,0.0368034688283676,57.05998634676697,1659.1448047755305,401,15,386,416,15,0.04,0.3,0.000625,1.0,1e-08,1e+18,False,False,False,False,12,1.1,15.0,8.640944766383662,19.99781947059892,272.6975382354398,157.09095772141546,study_results/v4p2_followups_20260806/pseudo65/gp_window_ensemble_20260806/runs/window_2p25eq2p5/draw_00/attempt_01/results_single.csv,1,1,1,1,single_attempt_outside_55_75MeV,False,,,,,,,window_2p25eq2p5,0
2021,0.055,0.002032396875,0.05042710703125,0.05957289296875,825863093.242175,1.64,0.051666869125,0.058333130875,0.0066662617499999,0.0,1.0,8000,0.000125,True,5626.371446111032,4.022328854557241e-06,0.5,0.0,-13030.68569993284,5581.986804289179,True,tilde_q_mu,asymptotic,default,sidak_approx,observed,7.61**2 * RBF(length_scale=0.319),0.0399149161083646,0.5442943105686093,0.1473955960828078,0.3185776430223592,0.0362862873712406,57.862491673905545,1663.7070121258314,402,17,385,416,14,0.04,0.3,0.000625,1.0,1e-08,1e+18,False,False,False,False,12,1.1,15.0,8.77956016175008,19.639331569216612,267.8090668529538,156.7497209531771,study_results/v4p2_followups_20260806/pseudo65/gp_window_ensemble_20260806/central_repeat/window_2p25eq2p5/draw_00/attempt_02/results_single.csv,2,2,1,2,stable_reproduced,False,attempt_02_55_75MeV,False,1663.707010753152,1663.7070121258314,study_results/v4p2_followups_20260806/pseudo65/gp_window_ensemble_20260806/runs/window_2p25eq2p5/draw_00/attempt_01/results_single.csv|study_results/v4p2_followups_20260806/pseudo65/gp_window_ensemble_20260806/central_repeat/window_2p25eq2p5/draw_00/attempt_02/results_single.csv,1663.70701075|1663.70701213,window_2p25eq2p5,0
2021,0.056,0.002040554,0.0514087535,0.0605912465,908527012.009006,1.64,0.05265349144,0.05934650856,0.00669301712,0.0,1.0,8000,0.000125,True,6107.781957192915,3.898320804291872e-06,0.5,0.0,-11466.03499584347,5795.388878891859,True,tilde_q_mu,asymptotic,default,sidak_approx,observed,7.65**2 * RBF(length_scale=0.323),0.0393693106142212,0.5368542356484718,0.1453808142699889,0.3230763863165456,0.0357902823765647,58.497927707251776,1662.264067471089,401,18,383,416,15,0.04,0.3,0.000625,1.0,1e-08,1e+18,False,False,False,False,12,1.1,15.0,9.026930352695224,19.293442180026243,263.0923933639942,158.32778074804472,study_results/v4p2_followups_20260806/pseudo65/gp_window_ensemble_20260806/runs/window_2p25eq2p5/draw_00/attempt_01/results_single.csv,2,2,1,2,stable_reproduced,False,attempt_01_full,False,1662.264067471089,1662.2640664594155,study_results/v4p2_followups_20260806/pseudo65/gp_window_ensemble_20260806/runs/window_2p25eq2p5/draw_00/attempt_01/results_single.csv|study_results/v4p2_followups_20260806/pseudo65/gp_window_ensemble_20260806/central_repeat/window_2p25eq2p5/draw_00/attempt_02/results_single.csv,1662.26406747|1662.26406646,window_2p25eq2p5,0
2021,0.057,0.002048882875,0.05239001353125,0.06160998646875,990512303.5906736,1.64,0.053639832085,0.060360167915,0.0067203358299999,0.0,1.0,8000,0.000125,True,7674.71333282069,4.4141527179631065e-06,0.5,0.0,-4468.831630807099,5863.361553989195,True,tilde_q_mu,asymptotic,default,sidak_approx,observed,7.95**2 * RBF(length_scale=0.322),0.0388457919743114,0.5297153451042469,0.1434475935717297,0.3221577462726409,0.0353143563402831,63.24984648829315,1658.2731161992926,401,20,381,416,15,0.04,0.3,0.000625,1.0,1e-08,1e+18,False,False,False,False,12,1.1,15.0,9.12257165806404,18.959498587400432,258.53861710091496,157.23580405865852,study_results/v4p2_followups_20260806/pseudo65/gp_window_ensemble_20260806/runs/window_2p25eq2p5/draw_00/attempt_01/results_single.csv,2,2,1,2,stable_reproduced,False,attempt_01_full,False,1658.2731161992926,1658.2731154166156,study_results/v4p2_followups_20260806/pseudo65/gp_window_ensemble_20260806/runs/window_2p25eq2p5/draw_00/attempt_01/results_single.csv|study_results/v4p2_followups_20260806/pseudo65/gp_window_ensemble_20260806/central_repeat/window_2p25eq2p5/draw_00/attempt_02/results_single.csv,1658.2731162|1658.27311542,window_2p25eq2p5,0
2021,0.058,0.0020573835,0.053370887125,0.062629112875,1071537072.3815936,1.64,0.05462589106,0.06137410894,0.00674821788,0.0,1.0,8000,0.000125,True,11110.39741292506,5.8051616971846525e-06,0.3680588048409966,0.3369990587136454,2010.0873383472224,5965.977698423658,True,tilde_q_mu,asymptotic,default,sidak_approx,observed,8.03**2 * RBF(length_scale=0.32),0.0383432349203511,0.5228622943684247,0.1415917786595051,0.3197795629963035,0.0348574862912283,64.55131007041211,1655.7346532611166,401,21,380,416,15,0.04,0.3,0.000625,1.0,1e-08,1e+18,False,False,False,False,12,1.1,15.0,9.17391346939364,18.63689240258374,254.13944185341464,155.43021658154814,study_results/v4p2_followups_20260806/pseudo65/gp_window_ensemble_20260806/runs/window_2p25eq2p5/draw_00/attempt_01/results_single.csv,2,2,1,2,stable_reproduced,False,attempt_01_full,False,1655.7346532611166,1655.7346524542656,study_results/v4p2_followups_20260806/pseudo65/gp_window_ensemble_20260806/runs/window_2p25eq2p5/draw_00/attempt_01/results_single.csv|study_results/v4p2_followups_20260806/pseudo65/gp_window_ensemble_20260806/central_repeat/window_2p25eq2p5/draw_00/attempt_02/results_single.csv,1655.73465326|1655.73465245,window_2p25eq2p5,0
2021,0.059,0.002066055875,0.0543513742812499,0.0636486257187499,1150809177.5398366,1.64,0.055611668365,0.0623883316349999,0.0067766632699999,0.0,1.0,8000,0.000125,True,12866.621572647731,6.15359800291821e-06,0.2421245973464217,0.6994846626874395,4219.9859182179,6035.26498055056,True,tilde_q_mu,asymptotic,default,sidak_approx,observed,8.09**2 * RBF(length_scale=0.32),0.0378605893261601,0.516280763538548,0.139809491685398,0.319901412520552,0.0344187175692365,65.37483078753904,1654.3648068489665,401,23,378,416,15,0.04,0.3,0.000625,1.0,1e-08,1e+18,False,False,False,False,12,1.1,15.0,9.294402438935728,18.325055863341635,249.88712540920412,154.8367671907963,study_results/v4p2_followups_20260806/pseudo65/gp_window_ensemble_20260806/central_repeat/window_2p25eq2p5/draw_00/attempt_02/results_single.csv,2,2,1,2,stable_reproduced,False,attempt_02_55_75MeV,False,1654.3648063914031,1654.3648068489665,study_results/v4p2_followups_20260806/pseudo65/gp_window_ensemble_20260806/runs/window_2p25eq2p5/draw_00/attempt_01/results_single.csv|study_results/v4p2_followups_20260806/pseudo65/gp_window_ensemble_20260806/central_repeat/window_2p25eq2p5/draw_00/attempt_02/results_single.csv,1654.36480639|1654.36480685,window_2p25eq2p5,0
2021,0.06,0.0020749,0.055331475,0.064668525,1227324583.9975832,1.64,0.056597164,0.063402836,0.006805672,0.0,1.0,8000,0.000125,True,13826.183290016648,6.096934763053695e-06,0.1880712416515354,0.8850262323360323,5363.246228286738,6065.517747101925,True,tilde_q_mu,asymptotic,default,sidak_approx,observed,7.91**2 * RBF(length_scale=0.317),0.0373968740379758,0.5099573732451246,0.1380971094990222,0.3174583869525268,0.0339971582163416,62.58770159244563,1658.7772907249916,402,25,377,416,14,0.04,0.3,0.000625,1.0,1e-08,1e+18,False,False,False,False,12,1.1,15.0,9.33779185108278,18.023458498229218,245.77443406676204,152.99936717553948,study_results/v4p2_followups_20260806/pseudo65/gp_window_ensemble_20260806/runs/window_2p25eq2p5/draw_00/attempt_01/results_single.csv,2,2,1,2,stable_reproduced,False,attempt_01_full,False,1658.7772907249916,1658.7772906627754,study_results/v4p2_followups_20260806/pseudo65/gp_window_ensemble_20260806/runs/window_2p25eq2p5/draw_00/attempt_01/results_single.csv|study_results/v4p2_followups_20260806/pseudo65/gp_window_ensemble_20260806/central_repeat/window_2p25eq2p5/draw_00/attempt_02/results_single.csv,1658.77729072|1658.77729066,window_2p25eq2p5,0
2021,0.061,0.002083915875,0.05631118928125,0.06568881071875,1300585868.171335,1.64,0.057582377965,0.064417622035,0.0068352440699999,0.0,1.0,8000,0.000125,True,15121.61424877998,6.1894094166372846e-06,0.1587182825929255,0.9997395533907582,6358.370470909857,6315.641467312261,True,tilde_q_mu,asymptotic,default,sidak_approx,observed,7.7**2 * RBF(length_scale=0.316),0.0369511713028735,0.5038796086755482,0.136451243073103,0.3164729786706479,0.0335919739117032,59.35807444178908,1655.641285631276,401,26,375,416,15,0.04,0.3,0.000625,1.0,1e-08,1e+18,False,False,False,False,12,1.1,15.0,9.421089082246247,17.731604114236877,241.7946015577755,151.86456539213603,study_results/v4p2_followups_20260806/pseudo65/gp_window_ensemble_20260806/central_repeat/window_2p25eq2p5/draw_00/attempt_02/results_single.csv,2,2,1,2,stable_reproduced,False,attempt_02_55_75MeV,False,1655.641285274485,1655.641285631276,study_results/v4p2_followups_20260806/pseudo65/gp_window_ensemble_20260806/runs/window_2p25eq2p5/draw_00/attempt_01/results_single.csv|study_results/v4p2_followups_20260806/pseudo65/gp_window_ensemble_20260806/central_repeat/window_2p25eq2p5/draw_00/attempt_02/results_single.csv,1655.64128527|1655.64128563,window_2p25eq2p5,0
2021,0.062,0.0020931035,0.057290517125,0.066709482875,1370282479.0624266,1.64,0.05856731026,0.06543268974,0.0068653794799999,0.0,1.0,8000,0.000125,True,14945.60910328354,5.712572792378015e-06,0.1647147905778302,0.9752634792848516,6207.917010741751,6363.461748872025,True,tilde_q_mu,asymptotic,default,sidak_approx,observed,7.96**2 * RBF(length_scale=0.32),0.0365226217287332,0.4980357508463617,0.1348687188919183,0.3201033302589689,0.0332023833897574,63.36195802976164,1654.583818567117,401,28,373,416,15,0.04,0.3,0.000625,1.0,1e-08,1e+18,False,False,False,False,12,1.1,15.0,9.640974459614158,17.449028071824063,237.9412918885099,152.9323945323148,study_results/v4p2_followups_20260806/pseudo65/gp_window_ensemble_20260806/runs/window_2p25eq2p5/draw_00/attempt_01/results_single.csv,2,2,1,2,stable_reproduced,False,attempt_01_full,False,1654.583818567117,1654.5838163025635,study_results/v4p2_followups_20260806/pseudo65/gp_window_ensemble_20260806/runs/window_2p25eq2p5/draw_00/attempt_01/results_single.csv|study_results/v4p2_followups_20260806/pseudo65/gp_window_ensemble_20260806/central_repeat/window_2p25eq2p5/draw_00/attempt_02/results_single.csv,1654.58381857|1654.5838163,window_2p25eq2p5,0
2021,0.063,0.002102462875,0.05826945853125,0.06773054146875,1435596550.391893,1.64,0.059551960885,0.066448039115,0.0068960782299999,0.0,1.0,8000,0.000125,True,15094.529817470797,5.419591539802027e-06,0.1714477041718099,0.9484598399112636,6133.601591801739,6468.793286663153,True,tilde_q_mu,asymptotic,default,sidak_approx,observed,7.95**2 * RBF(length_scale=0.319),0.0361104197174945,0.4924148143294715,0.133346562087477,0.3190337043748208,0.0328276542886314,63.19629091900888,1654.907112912205,401,29,372,416,15,0.04,0.3,0.000625,1.0,1e-08,1e+18,False,False,False,False,12,1.1,15.0,9.718443528427969,17.17529481584524,234.20856567061688,151.7428479562669,study_results/v4p2_followups_20260806/pseudo65/gp_window_ensemble_20260806/central_repeat/window_2p25eq2p5/draw_00/attempt_02/results_single.csv,2,2,1,2,stable_reproduced,False,attempt_02_55_75MeV,False,1654.9071127897143,1654.907112912205,study_results/v4p2_followups_20260806/pseudo65/gp_window_ensemble_20260806/runs/window_2p25eq2p5/draw_00/attempt_01/results_single.csv|study_results/v4p2_followups_20260806/pseudo65/gp_window_ensemble_20260806/central_repeat/window_2p25eq2p5/draw_00/attempt_02/results_single.csv,1654.90711279|1654.90711291,window_2p25eq2p5,0
2021,0.064,0.002111994,0.0592480135,0.0687519865,1496394035.8979664,1.64,0.06053632984,0.06746367016,0.00692734032,0.0,1.0,8000,0.000125,True,14141.856435749876,4.79513019678969e-06,0.2229759134320869,0.7621812638907044,4890.756027667209,6497.578756294564,True,tilde_q_mu,asymptotic,default,sidak_approx,observed,8.17**2 * RBF(length_scale=0.32),0.0357138093206567,0.4870064907362281,0.1318819811349368,0.3198801057410673,0.0324670993824152,66.80136700427227,1654.467584120751,401,31,370,416,15,0.04,0.3,0.000625,1.0,1e-08,1e+18,False,False,False,False,12,1.1,15.0,9.852438678717334,16.909995634768247,230.59084956502153,151.4588136808472,study_results/v4p2_followups_20260806/pseudo65/gp_window_ensemble_20260806/runs/window_2p25eq2p5/draw_00/attempt_01/results_single.csv,2,2,1,2,stable_reproduced,False,attempt_01_full,False,1654.467584120751,1654.467581875813,study_results/v4p2_followups_20260806/pseudo65/gp_window_ensemble_20260806/runs/window_2p25eq2p5/draw_00/attempt_01/results_single.csv|study_results/v4p2_followups_20260806/pseudo65/gp_window_ensemble_20260806/central_repeat/window_2p25eq2p5/draw_00/attempt_02/results_single.csv,1654.46758412|1654.46758188,window_2p25eq2p5,0
2021,0.065,0.002121696875,0.06022618203125,0.06977381796875,1551992356.6098409,1.64,0.061520417125,0.068479582875,0.0069591657499999,0.0,1.0,8000,0.000125,True,12704.15574089305,4.089430168059366e-06,0.3388427859828108,0.4156234396998438,2761.241257102813,6603.257629938597,True,tilde_q_mu,asymptotic,default,sidak_approx,observed,8.14**2 * RBF(length_scale=0.319),0.0353320804721528,0.4818010973475384,0.1304723539415717,0.3194731922021122,0.0321200731565025,66.33912374733109,1648.80608802365,400,32,368,416,16,0.04,0.3,0.000625,1.0,1e-08,1e+18,False,False,False,False,12,1.1,15.0,9.946216207089687,16.652746623927047,227.08290850809607,150.57438033041933,study_results/v4p2_followups_20260806/pseudo65/gp_window_ensemble_20260806/runs/window_2p25eq2p5/draw_00/attempt_01/results_single.csv,2,2,1,2,stable_reproduced,False,attempt_01_full,False,1648.80608802365,1648.8060868916848,study_results/v4p2_followups_20260806/pseudo65/gp_window_ensemble_20260806/runs/window_2p25eq2p5/draw_00/attempt_01/results_single.csv|study_results/v4p2_followups_20260806/pseudo65/gp_window_ensemble_20260806/central_repeat/window_2p25eq2p5/draw_00/attempt_02/results_single.csv,1648.80608802|1648.80608689,window_2p25eq2p5,0
2021,0.066,0.0021315715,0.061203964125,0.070796035875,1602849748.64054,1.64,0.06250422274,0.06949577726,0.0069915545199999,0.0,1.0,8000,0.000125,True,10972.307106314163,3.368070145000664e-06,0.4703618243837092,0.0743603610209647,507.81944742962014,6506.079381313186,True,tilde_q_mu,asymptotic,default,sidak_approx,observed,8.29**2 * RBF(length_scale=0.321),0.0349645655591176,0.4767895303516045,0.1291152151834926,0.3213975599205703,0.0317859686901069,68.76289626595182,1652.5109720941407,401,34,367,416,15,0.04,0.3,0.000625,1.0,1e-08,1e+18,False,False,False,False,12,1.1,15.0,10.111302979437015,16.403186831461046,223.67982042901423,150.7796289829219,study_results/v4p2_followups_20260806/pseudo65/gp_window_ensemble_20260806/runs/window_2p25eq2p5/draw_00/attempt_01/results_single.csv,2,2,1,2,stable_reproduced,False,attempt_01_full,False,1652.5109720941407,1652.5109708073398,study_results/v4p2_followups_20260806/pseudo65/gp_window_ensemble_20260806/runs/window_2p25eq2p5/draw_00/attempt_01/results_single.csv|study_results/v4p2_followups_20260806/pseudo65/gp_window_ensemble_20260806/central_repeat/window_2p25eq2p5/draw_00/attempt_02/results_single.csv,1652.51097209|1652.51097081,window_2p25eq2p5,0
2021,0.067,0.002141617875,0.06218135978125,0.07181864021875,1648490533.6335306,1.64,0.063487746685,0.070512253315,0.00702450663,0.0,1.0,8000,0.000125,True,9406.51931772696,2.765588836653938e-06,0.5,0.0,-3014.636855155891,6632.530724313873,True,tilde_q_mu,asymptotic,default,sidak_approx,observed,8.07**2 * RBF(length_scale=0.319),0.034610636295701,0.4719632222141046,0.1278082447614374,0.3187247998589207,0.0314642148142736,65.12804882363238,1647.0833227835722,400,35,365,416,16,0.04,0.3,0.000625,1.0,1e-08,1e+18,False,False,False,False,12,1.1,15.0,10.129755398006385,16.16097656810088,220.37695320137564,148.8243087525223,study_results/v4p2_followups_20260806/pseudo65/gp_window_ensemble_20260806/runs/window_2p25eq2p5/draw_00/attempt_01/results_single.csv,2,2,1,2,stable_reproduced,False,attempt_01_full,False,1647.0833227835722,1647.0833224916344,study_results/v4p2_followups_20260806/pseudo65/gp_window_ensemble_20260806/runs/window_2p25eq2p5/draw_00/attempt_01/results_single.csv|study_results/v4p2_followups_20260806/pseudo65/gp_window_ensemble_20260806/central_repeat/window_2p25eq2p5/draw_00/attempt_02/results_single.csv,1647.08332278|1647.08332249,window_2p25eq2p5,0
2021,0.068,0.002151836,0.063158369,0.072841631,1688472225.824266,1.64,0.06447098896,0.07152901104,0.00705802208,0.0,1.0,8000,0.000125,True,9139.275519965351,2.584811387220552e-06,0.4998622584051908,0.0003452669830012,-3906.002230144156,6642.699970493574,True,tilde_q_mu,asymptotic,default,sidak_approx,observed,8.05**2 * RBF(length_scale=0.319),0.0342697008691363,0.4673141027609495,0.1265492572619316,0.3191587443615606,0.0311542735173966,64.83394810515767,1648.2449465649067,400,37,363,416,16,0.04,0.3,0.000625,1.0,1e-08,1e+18,False,False,False,False,12,1.1,15.0,10.244461138961931,15.92579586415336,217.1699436020912,148.3192698521452,study_results/v4p2_followups_20260806/pseudo65/gp_window_ensemble_20260806/central_repeat/window_2p25eq2p5/draw_00/attempt_02/results_single.csv,2,2,1,2,stable_reproduced,False,attempt_02_55_75MeV,False,1648.2449464011122,1648.2449465649067,study_results/v4p2_followups_20260806/pseudo65/gp_window_ensemble_20260806/runs/window_2p25eq2p5/draw_00/attempt_01/results_single.csv|study_results/v4p2_followups_20260806/pseudo65/gp_window_ensemble_20260806/central_repeat/window_2p25eq2p5/draw_00/attempt_02/results_single.csv,1648.2449464|1648.24494656,window_2p25eq2p5,0
2021,0.069,0.002162225875,0.06413499178125,0.07386500821875,1723553188.2912114,1.64,0.065453949565,0.072546050435,0.00709210087,0.0,1.0,8000,0.000125,True,8685.86582219912,2.371697290030161e-06,0.5,0.0,-4811.767050334046,6573.503550844487,True,tilde_q_mu,asymptotic,default,sidak_approx,observed,8.01**2 * RBF(length_scale=0.32),0.0339412013307978,0.4628345636017883,0.1253361923231284,0.3195454547485786,0.0308556375734525,64.11882966414363,1654.557005779022,401,39,362,416,15,0.04,0.3,0.000625,1.0,1e-08,1e+18,False,False,False,False,12,1.1,15.0,10.356144934224528,15.697343058942815,214.05467807649293,147.78541800059563,study_results/v4p2_followups_20260806/pseudo65/gp_window_ensemble_20260806/runs/window_2p25eq2p5/draw_00/attempt_01/results_single.csv,2,2,1,2,stable_reproduced,False,attempt_01_full,False,1654.557005779022,1654.5570053899144,study_results/v4p2_followups_20260806/pseudo65/gp_window_ensemble_20260806/runs/window_2p25eq2p5/draw_00/attempt_01/results_single.csv|study_results/v4p2_followups_20260806/pseudo65/gp_window_ensemble_20260806/central_repeat/window_2p25eq2p5/draw_00/attempt_02/results_single.csv,1654.55700578|1654.55700539,window_2p25eq2p5,0
2021,0.07,0.0021727875,0.065111228125,0.074888771875,1753507334.1435232,1.64,0.0664366285,0.0735633715,0.0071267429999999,0.0,1.0,8000,0.000125,True,8680.187908635391,2.2963782363360213e-06,0.5,0.0,-5437.760946076597,6693.945051100739,True,tilde_q_mu,asymptotic,default,sidak_approx,observed,7.89**2 * RBF(length_scale=0.318),0.0336246112080568,0.4585174255644109,0.1241671058160028,0.3178975948353212,0.0305678283709607,62.2181942100534,1647.800272604259,400,40,360,416,16,0.04,0.3,0.000625,1.0,1e-08,1e+18,False,False,False,False,12,1.1,15.0,10.399744168196202,15.475333509630737,211.02727513132825,146.30864492515772,study_results/v4p2_followups_20260806/pseudo65/gp_window_ensemble_20260806/runs/window_2p25eq2p5/draw_00/attempt_01/results_single.csv,2,2,1,2,stable_reproduced,False,attempt_01_full,False,1647.800272604259,1647.8002717558643,study_results/v4p2_followups_20260806/pseudo65/gp_window_ensemble_20260806/runs/window_2p25eq2p5/draw_00/attempt_01/results_single.csv|study_results/v4p2_followups_20260806/pseudo65/gp_window_ensemble_20260806/central_repeat/window_2p25eq2p5/draw_00/attempt_02/results_single.csv,1647.8002726|1647.80027176,window_2p25eq2p5,0
2021,0.071,0.002183520875,0.06608707803125,0.0759129219687499,1779177989.8512354,1.64,0.0674190257649999,0.074580974235,0.00716194847,0.0,1.0,8000,0.000125,True,8156.646696683219,2.0967846441661605e-06,0.4999026019832914,0.000244140625,-6720.49909739993,6579.099634864375,True,tilde_q_mu,asymptotic,default,sidak_approx,observed,8.02**2 * RBF(length_scale=0.32),0.0333194333154327,0.4543559088468107,0.1230401617614922,0.3203660621858039,0.0302903939231207,64.31292135560551,1653.828301670506,401,42,359,416,15,0.04,0.3,0.000625,1.0,1e-08,1e+18,False,False,False,False,12,1.1,15.0,10.576490454330733,15.259498407787282,208.08406919709927,146.71994477076106,study_results/v4p2_followups_20260806/pseudo65/gp_window_ensemble_20260806/runs/window_2p25eq2p5/draw_00/attempt_01/results_single.csv,2,2,1,2,stable_reproduced,False,attempt_01_full,False,1653.828301670506,1653.8283010579028,study_results/v4p2_followups_20260806/pseudo65/gp_window_ensemble_20260806/runs/window_2p25eq2p5/draw_00/attempt_01/results_single.csv|study_results/v4p2_followups_20260806/pseudo65/gp_window_ensemble_20260806/central_repeat/window_2p25eq2p5/draw_00/attempt_02/results_single.csv,1653.82830167|1653.82830106,window_2p25eq2p5,0
2021,0.072,0.002194426,0.0670625414999999,0.0769374585,1799847949.5413373,1.64,0.06840114136,0.0755988586399999,0.0071977172799999,0.0,1.0,8000,0.000125,True,8166.642358164257,2.0464217592731053e-06,0.5,0.0,-7079.974063710667,6646.204311941946,True,tilde_q_mu,asymptotic,default,sidak_approx,observed,8.12**2 * RBF(length_scale=0.321),0.0330251977459068,0.4503436056260024,0.1219536249129291,0.3207130406016426,0.0300229070417334,66.01345260449939,1647.0319855798791,400,43,357,416,16,0.04,0.3,0.000625,1.0,1e-08,1e+18,False,False,False,False,12,1.1,15.0,10.682278040425397,15.049583693369856,205.22159581867984,146.14894309566264,study_results/v4p2_followups_20260806/pseudo65/gp_window_ensemble_20260806/central_repeat/window_2p25eq2p5/draw_00/attempt_02/results_single.csv,2,2,1,2,stable_reproduced,False,attempt_02_55_75MeV,False,1647.0319844523267,1647.0319855798791,study_results/v4p2_followups_20260806/pseudo65/gp_window_ensemble_20260806/runs/window_2p25eq2p5/draw_00/attempt_01/results_single.csv|study_results/v4p2_followups_20260806/pseudo65/gp_window_ensemble_20260806/central_repeat/window_2p25eq2p5/draw_00/attempt_02/results_single.csv,1647.03198445|1647.03198558,window_2p25eq2p5,0
2021,0.073,0.002205502875,0.06803761853125,0.07796238146875,1816592853.809059,1.64,0.069382975285,0.076617024715,0.00723404943,0.0,1.0,8000,0.000125,True,8534.086918720828,2.089760530263855e-06,0.5,0.0,-5596.690037753516,6629.866143074851,True,tilde_q_mu,asymptotic,default,sidak_approx,observed,8.07**2 * RBF(length_scale=0.319),0.0327414600253253,0.4464744548907995,0.1209058539407253,0.3189728268855639,0.0297649636593866,65.05866444809377,1645.6533882010306,400,45,355,416,16,0.04,0.3,0.000625,1.0,1e-08,1e+18,False,False,False,False,12,1.1,15.0,10.716385564441069,14.845349056879057,202.43657804835075,144.62589484747957,study_results/v4p2_followups_20260806/pseudo65/gp_window_ensemble_20260806/central_repeat/window_2p25eq2p5/draw_00/attempt_02/results_single.csv,2,2,1,2,stable_reproduced,False,attempt_02_55_75MeV,False,1645.653388021072,1645.6533882010306,study_results/v4p2_followups_20260806/pseudo65/gp_window_ensemble_20260806/runs/window_2p25eq2p5/draw_00/attempt_01/results_single.csv|study_results/v4p2_followups_20260806/pseudo65/gp_window_ensemble_20260806/central_repeat/window_2p25eq2p5/draw_00/attempt_02/results_single.csv,1645.65338802|1645.6533882,window_2p25eq2p5,0
2021,0.074,0.0022167515,0.0690123091249999,0.078987690875,1829474701.9884825,1.64,0.07036452754,0.07763547246,0.0072709449199999,0.0,1.0,8000,0.000125,True,9098.967083709162,2.182498167990064e-06,0.5,0.0,-3581.6733680534244,6574.993331351933,True,tilde_q_mu,asymptotic,default,sidak_approx,observed,8.25**2 * RBF(length_scale=0.321),0.0324677994146582,0.442742719290794,0.1198952951630456,0.320812270398276,0.0295161812860529,68.04438641830995,1646.8928547153523,400,46,354,416,16,0.04,0.3,0.000625,1.0,1e-08,1e+18,False,False,False,False,12,1.1,15.0,10.86903035623606,14.646567021453794,199.72591392891536,144.72180142802475,study_results/v4p2_followups_20260806/pseudo65/gp_window_ensemble_20260806/runs/window_2p25eq2p5/draw_00/attempt_01/results_single.csv,2,2,1,2,stable_reproduced,False,attempt_01_full,False,1646.8928547153523,1646.8928541687044,study_results/v4p2_followups_20260806/pseudo65/gp_window_ensemble_20260806/runs/window_2p25eq2p5/draw_00/attempt_01/results_single.csv|study_results/v4p2_followups_20260806/pseudo65/gp_window_ensemble_20260806/central_repeat/window_2p25eq2p5/draw_00/attempt_02/results_single.csv,1646.89285472|1646.89285417,window_2p25eq2p5,0
2021,0.075,0.002228171875,0.06998661328125,0.08001338671875,1838368958.6354597,1.64,0.071345798125,0.078654201875,0.0073084037499999,0.0,1.0,8000,0.000125,True,10620.3609161591,2.5012969655630935e-06,0.4999026019832914,0.000244140625,-250.01926817042863,6548.6011525251,True,tilde_q_mu,asymptotic,default,sidak_approx,observed,8.21**2 * RBF(length_scale=0.32),0.032203817346461,0.4391429638153776,0.1189204767720596,0.3199711679299702,0.0292761975876918,67.33739248440762,1646.7333559175393,400,48,352,416,16,0.04,0.3,0.000625,1.0,1e-08,1e+18,False,False,False,False,12,1.1,15.0,10.929396379825327,14.45302209752604,197.08666496626415,143.60255217294232,study_results/v4p2_followups_20260806/pseudo65/gp_window_ensemble_20260806/central_repeat/window_2p25eq2p5/draw_00/attempt_02/results_single.csv,2,2,1,2,stable_reproduced,False,attempt_02_55_75MeV,False,1646.733355311784,1646.7333559175393,study_results/v4p2_followups_20260806/pseudo65/gp_window_ensemble_20260806/runs/window_2p25eq2p5/draw_00/attempt_01/results_single.csv|study_results/v4p2_followups_20260806/pseudo65/gp_window_ensemble_20260806/central_repeat/window_2p25eq2p5/draw_00/attempt_02/results_single.csv,1646.73335531|1646.73335592,window_2p25eq2p5,0
2021,0.076,0.002239764,0.070960531,0.081039469,1844398591.748667,1.64,0.0723267870399999,0.07967321296,0.00734642592,0.0,1.0,8000,0.000125,True,12354.210237342411,2.8619796109711498e-06,0.3434977760616774,0.402935666711612,2510.8574995279064,6502.901261541776,True,tilde_q_mu,asymptotic,default,sidak_approx,observed,8.15**2 * RBF(length_scale=0.32),0.0319491359833398,0.4356700361364529,0.1179800035107226,0.3198578896756319,0.0290446690757635,66.39775404968705,1645.4656467400357,400,50,350,416,16,0.04,0.3,0.000625,1.0,1e-08,1e+18,False,False,False,False,12,1.1,15.0,11.012619522063654,14.264510003437811,194.51604550142468,142.8087466695741,study_results/v4p2_followups_20260806/pseudo65/gp_window_ensemble_20260806/runs/window_2p25eq2p5/draw_00/attempt_01/results_single.csv,1,1,1,1,single_attempt_outside_55_75MeV,False,,,,,,,window_2p25eq2p5,0
2021,0.077,0.002251527875,0.07193406228125,0.08206593771875,1847461207.5520144,1.64,0.073307494285,0.080692505715,0.00738501143,0.0,1.0,8000,0.000125,True,14622.728739426057,3.337968950155258e-06,0.2068214924122983,0.8174995876742849,5428.521934309768,6499.390488285234,True,tilde_q_mu,asymptotic,default,sidak_approx,observed,7.96**2 * RBF(length_scale=0.318),0.0317033968874435,0.4323190484651396,0.1170725517595489,0.3175107693507125,0.0288212698976759,63.298938891759896,1646.2252302816316,400,51,349,416,16,0.04,0.3,0.000625,1.0,1e-08,1e+18,False,False,False,False,12,1.1,15.0,11.016543354195342,14.080836946086476,192.0114129011792,141.0201369817429,study_results/v4p2_followups_20260806/pseudo65/gp_window_ensemble_20260806/runs/window_2p25eq2p5/draw_00/attempt_01/results_single.csv,1,1,1,1,single_attempt_outside_55_75MeV,False,,,,,,,window_2p25eq2p5,0
2021,0.078,0.0022634635,0.072907207125,0.083092792875,1847769944.3645077,1.64,0.07428791986,0.08171208014,0.00742416028,0.0,1.0,8000,0.000125,True,15620.053397830452,3.5193295406635685e-06,0.1479066147880253,1.0454539147759596,6761.53778557429,6470.585275197874,True,tilde_q_mu,asymptotic,default,sidak_approx,observed,7.93**2 * RBF(length_scale=0.317),0.0314662597911359,0.4290853607882172,0.1161968649970184,0.317397391800744,0.0286056907192144,62.90668671576848,1645.7731118495938,400,53,347,416,16,0.04,0.3,0.000625,1.0,1e-08,1e+18,False,False,False,False,12,1.1,15.0,11.095603141215108,13.901818956274722,189.57025849465532,140.22642370895048,study_results/v4p2_followups_20260806/pseudo65/gp_window_ensemble_20260806/runs/window_2p25eq2p5/draw_00/attempt_01/results_single.csv,1,1,1,1,single_attempt_outside_55_75MeV,False,,,,,,,window_2p25eq2p5,0
2021,0.079,0.002275570875,0.07387996553125,0.08412003446875,1845689661.7151537,1.64,0.075268063765,0.082731936235,0.0074638724699999,0.0,1.0,8000,0.000125,True,16162.943580446645,3.599603024982964e-06,0.1289152644589878,1.1315336967622385,7373.970872198616,6512.337990312712,True,tilde_q_mu,asymptotic,default,sidak_approx,observed,7.9**2 * RBF(length_scale=0.317),0.0312374014599871,0.4259645653634614,0.1153517496008941,0.3168805345951677,0.0283976376908974,62.41144396848134,1639.7069402320096,399,54,345,416,17,0.04,0.3,0.000625,1.0,1e-08,1e+18,False,False,False,False,12,1.1,15.0,11.15869348163212,13.727281273973578,187.1901991905488,139.25320370219964,study_results/v4p2_followups_20260806/pseudo65/gp_window_ensemble_20260806/runs/window_2p25eq2p5/draw_00/attempt_01/results_single.csv,1,1,1,1,single_attempt_outside_55_75MeV,False,,,,,,,window_2p25eq2p5,0
2021,0.08,0.00228785,0.0748523375,0.0851476625,1840971776.2432177,1.64,0.076247926,0.083752074,0.0075041479999999,0.0,1.0,8000,0.000125,True,15655.305799492033,3.4517899493348105e-06,0.1401161828203236,1.0797974978998583,6917.9761191504795,6397.683553208288,True,tilde_q_mu,asymptotic,default,sidak_approx,observed,8.08**2 * RBF(length_scale=0.319),0.0310165146400847,0.4229524723647926,0.1145360709609101,0.3190563174673744,0.0281968314909861,65.25449481441129,1644.319943138986,400,56,344,416,16,0.04,0.3,0.000625,1.0,1e-08,1e+18,False,False,False,False,12,1.1,15.0,11.315325183589117,13.55705777917468,184.8689697160183,139.45683391278905,study_results/v4p2_followups_20260806/pseudo65/gp_window_ensemble_20260806/runs/window_2p25eq2p5/draw_00/attempt_01/results_single.csv,1,1,1,1,single_attempt_outside_55_75MeV,False,,,,,,,window_2p25eq2p5,0
2021,0.081,0.002300300875,0.07582432303125,0.08617567696875,1834117166.8439004,1.64,0.077227506565,0.084772493435,0.0075449868699999,0.0,1.0,8000,0.000125,True,15520.124229679244,3.3923684900735023e-06,0.1506775180172114,1.033531929871956,6659.475348918232,6424.897907406143,True,tilde_q_mu,asymptotic,default,sidak_approx,observed,8.01**2 * RBF(length_scale=0.319),0.030803307082474,0.4200450965791913,0.113748749876279,0.3188594905810746,0.0280030064386127,64.12493260825478,1638.1680355721394,399,57,342,416,17,0.04,0.3,0.000625,1.0,1e-08,1e+18,False,False,False,False,12,1.1,15.0,11.386616336359015,13.390990464442623,182.6044154242176,138.6164279840456,study_results/v4p2_followups_20260806/pseudo65/gp_window_ensemble_20260806/runs/window_2p25eq2p5/draw_00/attempt_01/results_single.csv,1,1,1,1,single_attempt_outside_55_75MeV,False,,,,,,,window_2p25eq2p5,0
2021,0.082,0.0023129235,0.076795922125,0.087204077875,1825600864.265104,1.64,0.07820680546,0.08579319454,0.00758638908,0.0,1.0,8000,0.000125,True,13486.16869988395,2.9254240337334312e-06,0.2497951955631803,0.6751343822932665,4320.449386627381,6371.746865551363,True,tilde_q_mu,asymptotic,default,sidak_approx,observed,8.16**2 * RBF(length_scale=0.32),0.0305975006382008,0.4172386450663756,0.1129887592139169,0.3203079161851457,0.0278159096710917,66.65285879178684,1637.127831583037,399,59,340,416,17,0.04,0.3,0.000625,1.0,1e-08,1e+18,False,False,False,False,12,1.1,15.0,11.515277406801214,13.228928945639955,180.39448562236305,138.4861696399149,study_results/v4p2_followups_20260806/pseudo65/gp_window_ensemble_20260806/runs/window_2p25eq2p5/draw_00/attempt_01/results_single.csv,1,1,1,1,single_attempt_outside_55_75MeV,False,,,,,,,window_2p25eq2p5,0
2021,0.083,0.002325717875,0.07776713478125,0.08823286521875,1815668681.2943528,1.64,0.079185822685,0.086814177315,0.00762835463,0.0,1.0,8000,0.000125,True,10624.19386931669,2.289292124826487e-06,0.4823088209976069,0.0443597536356407,313.4261526282338,6353.54032434027,True,tilde_q_mu,asymptotic,default,sidak_approx,observed,8.06**2 * RBF(length_scale=0.318),0.030398830418065,0.4145295057008868,0.1122551208056255,0.3175925143460963,0.0276353003800591,64.92364998170788,1640.1850366234964,399,60,339,416,17,0.04,0.3,0.000625,1.0,1e-08,1e+18,False,False,False,False,12,1.1,15.0,11.492276544070512,13.070730007639057,178.2372273768962,136.55676716424443,study_results/v4p2_followups_20260806/pseudo65/gp_window_ensemble_20260806/runs/window_2p25eq2p5/draw_00/attempt_01/results_single.csv,1,1,1,1,single_attempt_outside_55_75MeV,False,,,,,,,window_2p25eq2p5,0
2021,0.084,0.002338684,0.078737961,0.089262039,1803665927.1918256,1.64,0.08016455824,0.08783544176,0.00767088352,0.0,1.0,8000,0.000125,True,9594.106234614152,2.0563122270681744e-06,0.5,0.0,-1383.8424784870415,6297.369622730538,True,tilde_q_mu,asymptotic,default,sidak_approx,observed,8.09**2 * RBF(length_scale=0.319),0.0302070440117673,0.4119142365241002,0.111546902564603,0.3188312951205743,0.0274609491016066,65.49511640483797,1640.1313775564852,399,62,337,416,17,0.04,0.3,0.000625,1.0,1e-08,1e+18,False,False,False,False,12,1.1,15.0,11.610352356755222,12.916257182144893,176.13077975652126,136.3293609228841,study_results/v4p2_followups_20260806/pseudo65/gp_window_ensemble_20260806/runs/window_2p25eq2p5/draw_00/attempt_01/results_single.csv,1,1,1,1,single_attempt_outside_55_75MeV,False,,,,,,,window_2p25eq2p5,0
2021,0.085,0.002351821875,0.07970840078125,0.09029159921875,1790440672.4133158,1.64,0.081143012125,0.088856987875,0.0077139757499999,0.0,1.0,8000,0.000125,True,8355.872609451302,1.782924166758958e-06,0.5,0.0,-3959.862980536895,6193.710155539152,True,tilde_q_mu,asymptotic,default,sidak_approx,observed,8.04**2 * RBF(length_scale=0.318),0.0300219007615834,0.4093895558397742,0.1108632158033061,0.3178712873234132,0.0272926370559849,64.71472404223047,1645.8397551252765,400,64,336,416,16,0.04,0.3,0.000625,1.0,1e-08,1e+18,False,False,False,False,12,1.1,15.0,11.646778091518565,12.76538035499965,174.07336847726796,135.1595929531922,study_results/v4p2_followups_20260806/pseudo65/gp_window_ensemble_20260806/runs/window_2p25eq2p5/draw_00/attempt_01/results_single.csv,1,1,1,1,single_attempt_outside_55_75MeV,False,,,,,,,window_2p25eq2p5,0
2021,0.086,0.0023651315,0.080678454125,0.091321545875,1775696555.8627672,1.64,0.0821211843399999,0.08987881566,0.00775763132,0.0,1.0,8000,0.000125,True,7901.731534542407,1.680254196295218e-06,0.5,0.0,-5579.13726739853,6213.379030807857,True,tilde_q_mu,asymptotic,default,sidak_approx,observed,8.02**2 * RBF(length_scale=0.317),0.0298431710861948,0.4069523329935665,0.1102032127365311,0.3174521142762769,0.0271301555329044,64.27829648682703,1640.1306589468052,399,65,334,416,17,0.04,0.3,0.000625,1.0,1e-08,1e+18,False,False,False,False,12,1.1,15.0,11.701079777860452,12.61797540060452,172.0633009173344,134.2217607250493,study_results/v4p2_followups_20260806/pseudo65/gp_window_ensemble_20260806/runs/window_2p25eq2p5/draw_00/attempt_01/results_single.csv,1,1,1,1,single_attempt_outside_55_75MeV,False,,,,,,,window_2p25eq2p5,0
2021,0.087,0.002378612875,0.0816481210312499,0.09235187896875,1760136602.064715,1.64,0.083099074885,0.0909009251149999,0.0078018502299999,0.0,1.0,8000,0.000125,True,7499.8029228185715,1.5903918684667662e-06,0.5,0.0,-6976.388517300149,6181.4645048003895,True,tilde_q_mu,asymptotic,default,sidak_approx,observed,7.93**2 * RBF(length_scale=0.316),0.0296706358506726,0.4045995797818991,0.1095660841549239,0.3157401301281927,0.0269733053187932,62.866599638728545,1639.591695453634,399,67,332,416,17,0.04,0.3,0.000625,1.0,1e-08,1e+18,False,False,False,False,12,1.1,15.0,11.705652177088036,12.47392384129452,170.098961472198,132.7412852451632,study_results/v4p2_followups_20260806/pseudo65/gp_window_ensemble_20260806/runs/window_2p25eq2p5/draw_00/attempt_01/results_single.csv,1,1,1,1,single_attempt_outside_55_75MeV,False,,,,,,,window_2p25eq2p5,0
2021,0.088,0.002392266,0.0826174014999999,0.0933825985,1743632625.119082,1.64,0.0840766837599999,0.09192331624,0.00784663248,0.0,1.0,8000,0.000125,True,7480.685696175898,1.5831558551957243e-06,0.5,0.0,-6815.131698078886,6141.1488996992075,True,tilde_q_mu,asymptotic,default,sidak_approx,observed,7.9**2 * RBF(length_scale=0.315),0.0295040857789749,0.4023284424405671,0.1089510572554845,0.3154016019542461,0.0268218961627044,62.45003553542008,1639.6737922070245,399,68,331,416,17,0.04,0.3,0.000625,1.0,1e-08,1e+18,False,False,False,False,12,1.1,15.0,11.759109051835354,12.33311252969984,168.17880722317963,131.84219562299765,study_results/v4p2_followups_20260806/pseudo65/gp_window_ensemble_20260806/runs/window_2p25eq2p5/draw_00/attempt_01/results_single.csv,1,1,1,1,single_attempt_outside_55_75MeV,False,,,,,,,window_2p25eq2p5,0
2021,0.089,0.002406090875,0.08358629553125,0.09441370446875,1725874782.225614,1.64,0.085054010965,0.092945989035,0.00789197807,0.0,1.0,8000,0.000125,True,8016.655355346826,1.6947820108390677e-06,0.4999026019832914,0.000244140625,-4488.8007896794825,6078.111545802648,True,tilde_q_mu,asymptotic,default,sidak_approx,observed,8.1**2 * RBF(length_scale=0.318),0.0293433209056615,0.4001361941681125,0.1083573936168872,0.3181801193916272,0.0266757462778741,65.6227092153154,1638.388488699831,399,70,329,416,17,0.04,0.3,0.000625,1.0,1e-08,1e+18,False,False,False,False,12,1.1,15.0,11.927693271529478,12.1954333523091,166.3013638951241,132.2394439452031,study_results/v4p2_followups_20260806/pseudo65/gp_window_ensemble_20260806/runs/window_2p25eq2p5/draw_00/attempt_01/results_single.csv,1,1,1,1,single_attempt_outside_55_75MeV,False,,,,,,,window_2p25eq2p5,0
2021,0.09,0.0024200875,0.084554803125,0.095445196875,1707421799.183081,1.64,0.0860310565,0.0939689435,0.007937887,0.0,1.0,8000,0.000125,True,9132.081937970195,1.929773730992954e-06,0.5,0.0,-1631.6651158570403,6082.439167303584,True,tilde_q_mu,asymptotic,default,sidak_approx,observed,8.16**2 * RBF(length_scale=0.319),0.0291881500637943,0.3980202281426503,0.1077843873084286,0.3187492550303812,0.0265346818761766,66.62585026693591,1633.459168532294,398,71,327,416,18,0.04,0.3,0.000625,1.0,1e-08,1e+18,False,False,False,False,12,1.1,15.0,12.012552346314733,12.060782952597524,164.46522208087532,131.70980595965278,study_results/v4p2_followups_20260806/pseudo65/gp_window_ensemble_20260806/runs/window_2p25eq2p5/draw_00/attempt_01/results_single.csv,1,1,1,1,single_attempt_outside_55_75MeV,False,,,,,,,window_2p25eq2p5,0
2021,0.091,0.002434255875,0.08552292428125,0.09647707571875,1688209960.037576,1.64,0.087007820365,0.094992179635,0.0079843592699999,0.0,1.0,8000,0.000125,True,11223.50319637032,2.3723595263467887e-06,0.354893893654009,0.3721411129529081,2104.9462267225,5994.642458276024,True,tilde_q_mu,asymptotic,default,sidak_approx,observed,8.16**2 * RBF(length_scale=0.318),0.0290383904062669,0.3959780509945498,0.1072313631224206,0.3183060566124407,0.0263985367329699,66.58253762469114,1640.2257431548062,399,73,326,416,17,0.04,0.3,0.000625,1.0,1e-08,1e+18,False,False,False,False,12,1.1,15.0,12.057715919341014,11.929062472229626,162.66903371222216,130.76113315837873,study_results/v4p2_followups_20260806/pseudo65/gp_window_ensemble_20260806/runs/window_2p25eq2p5/draw_00/attempt_01/results_single.csv,1,1,1,1,single_attempt_outside_55_75MeV,False,,,,,,,window_2p25eq2p5,0
2021,0.092,0.002448596,0.086490659,0.097509341,1668257878.789034,1.64,0.08798430256,0.0960156974399999,0.0080313948799999,0.0,1.0,8000,0.000125,True,12402.478201041264,2.6240818809449223e-06,0.2689498347424769,0.6159921974270085,3692.440317209459,5992.285857210153,True,tilde_q_mu,asymptotic,default,sidak_approx,observed,8.15**2 * RBF(length_scale=0.319),0.0288938669580575,0.3940072767007851,0.1066976749207735,0.3193992580858141,0.0262671517800523,66.46718383983519,1637.0546140343968,398,74,324,416,18,0.04,0.3,0.000625,1.0,1e-08,1e+18,False,False,False,False,12,1.1,15.0,12.15964565782768,11.800177308979343,160.9115087588092,130.44179525157034,study_results/v4p2_followups_20260806/pseudo65/gp_window_ensemble_20260806/runs/window_2p25eq2p5/draw_00/attempt_01/results_single.csv,1,1,1,1,single_attempt_outside_55_75MeV,False,,,,,,,window_2p25eq2p5,0
2021,0.093,0.002463107875,0.08745800728125,0.09854199271875,1647188801.3305027,1.64,0.088960503085,0.097039496915,0.0080789938299999,0.0,1.0,8000,0.000125,True,12492.807526537272,2.648217440930469e-06,0.2534993599301391,0.6635182113534172,3912.699528374859,5942.155967507272,True,tilde_q_mu,asymptotic,default,sidak_approx,observed,8.19**2 * RBF(length_scale=0.32),0.0287544121970801,0.3921056208692741,0.106182704087187,0.3203194440277119,0.0261403747246182,67.14113378842443,1637.741396449369,398,76,322,416,18,0.04,0.3,0.000625,1.0,1e-08,1e+18,False,False,False,False,12,1.1,15.0,12.253819901290244,11.674036890113918,159.19141213791704,130.04685961134035,study_results/v4p2_followups_20260806/pseudo65/gp_window_ensemble_20260806/runs/window_2p25eq2p5/draw_00/attempt_01/results_single.csv,1,1,1,1,single_attempt_outside_55_75MeV,False,,,,,,,window_2p25eq2p5,0
2021,0.094,0.0024777915,0.088424969125,0.099575030875,1625450307.8031468,1.64,0.08993642194,0.09806357806,0.00812715612,0.0,1.0,8000,0.000125,True,11288.019628988925,2.3990324772669016e-06,0.3405862331221264,0.4108637203226864,2418.79462673412,5886.660507957216,True,tilde_q_mu,asymptotic,default,sidak_approx,observed,8.33**2 * RBF(length_scale=0.321),0.0286198656615447,0.3902708953847011,0.1056858580772325,0.3212496333585339,0.0260180596923134,69.41988399928601,1634.000504518118,398,77,321,416,18,0.04,0.3,0.000625,1.0,1e-08,1e+18,False,False,False,False,12,1.1,15.0,12.347178734986208,11.550554460108833,157.50756081966588,129.6516003701417,study_results/v4p2_followups_20260806/pseudo65/gp_window_ensemble_20260806/runs/window_2p25eq2p5/draw_00/attempt_01/results_single.csv,1,1,1,1,single_attempt_outside_55_75MeV,False,,,,,,,window_2p25eq2p5,0
2021,0.095,0.002492646875,0.08939154453125,0.10060845546875,1603496027.5520115,1.64,0.090912059125,0.099087940875,0.00817588175,0.0,1.0,8000,0.000125,True,9862.002334601966,2.102294380426122e-06,0.4757620419342715,0.0607929765622485,357.8608842856458,5861.646338526621,True,tilde_q_mu,asymptotic,default,sidak_approx,observed,8.16**2 * RBF(length_scale=0.319),0.0284900735818755,0.3885010033892122,0.1052065690591188,0.3186710176435909,0.0259000668926141,66.58725943074822,1634.537804759018,398,79,319,416,18,0.04,0.3,0.000625,1.0,1e-08,1e+18,False,False,False,False,12,1.1,15.0,12.303868517593113,11.429646881640853,155.85882111328436,127.84442948566108,study_results/v4p2_followups_20260806/pseudo65/gp_window_ensemble_20260806/runs/window_2p25eq2p5/draw_00/attempt_01/results_single.csv,1,1,1,1,single_attempt_outside_55_75MeV,False,,,,,,,window_2p25eq2p5,0
2021,0.096,0.002507674,0.0903577335,0.1016422665,1581239228.7143855,1.64,0.09188741464,0.10011258536,0.00822517072,0.0,1.0,8000,0.000125,True,8280.05072224943,1.7712673042359076e-06,0.5,0.0,-2557.887564559562,5806.014871293577,True,tilde_q_mu,asymptotic,default,sidak_approx,observed,8.21**2 * RBF(length_scale=0.319),0.0283648885354218,0.3867939345739346,0.1047442926386298,0.3192565999835107,0.0257862623049289,67.39416366448363,1634.824859416156,398,81,317,416,18,0.04,0.3,0.000625,1.0,1e-08,1e+18,False,False,False,False,12,1.1,15.0,12.380879252999984,11.311234448904392,154.24410612142353,127.31184355841737,study_results/v4p2_followups_20260806/pseudo65/gp_window_ensemble_20260806/runs/window_2p25eq2p5/draw_00/attempt_01/results_single.csv,1,1,1,1,single_attempt_outside_55_75MeV,False,,,,,,,window_2p25eq2p5,0
2021,0.097,0.002522872875,0.09132353603125,0.10267646396875,1558363770.3660083,1.64,0.092862488485,0.101137511515,0.0082750230299999,0.0,1.0,8000,0.000125,True,7583.785807966813,1.62916624536999e-06,0.5,0.0,-4259.229347489266,5754.143809205767,True,tilde_q_mu,asymptotic,default,sidak_approx,observed,8.24**2 * RBF(length_scale=0.32),0.02824416912233,0.3851477607590459,0.104298506662201,0.3199231905756896,0.0256765173839363,67.93534315228742,1634.7498057170385,398,82,316,416,18,0.04,0.3,0.000625,1.0,1e-08,1e+18,False,False,False,False,12,1.1,15.0,12.459757909997494,11.195240712368449,152.66237335047882,126.80908092750794,study_results/v4p2_followups_20260806/pseudo65/gp_window_ensemble_20260806/runs/window_2p25eq2p5/draw_00/attempt_01/results_single.csv,1,1,1,1,single_attempt_outside_55_75MeV,False,,,,,,,window_2p25eq2p5,0
2021,0.098,0.0025382435,0.092288952125,0.103711047875,1534811175.2125387,1.64,0.09383728066,0.10216271934,0.0083254386799999,0.0,1.0,8000,0.000125,True,7545.555352200941,1.6290338285748386e-06,0.5,0.0,-4130.637319212398,5700.942607802651,True,tilde_q_mu,asymptotic,default,sidak_approx,observed,8.27**2 * RBF(length_scale=0.32),0.0281277796610786,0.3835606317419815,0.1038687100926096,0.3204870856846071,0.0255707087827987,68.37900790828158,1635.011654422482,398,84,314,416,18,0.04,0.3,0.000625,1.0,1e-08,1e+18,False,False,False,False,12,1.1,15.0,12.533367315191375,11.081592314164752,151.11262246588296,126.2633335551168,study_results/v4p2_followups_20260806/pseudo65/gp_window_ensemble_20260806/runs/window_2p25eq2p5/draw_00/attempt_01/results_single.csv,1,1,1,1,single_attempt_outside_55_75MeV,False,,,,,,,window_2p25eq2p5,0
2021,0.099,0.002553785875,0.09325398178125,0.10474601821875,1511028905.8514876,1.64,0.094811791165,0.103188208835,0.0083764176699999,0.0,1.0,8000,0.000125,True,8162.207159754556,1.7718198716153537e-06,0.5,0.0,-2390.3102075486986,5694.428780700773,True,tilde_q_mu,asymptotic,default,sidak_approx,observed,8.25**2 * RBF(length_scale=0.32),0.0280155899022987,0.3820307713949833,0.1034544219521848,0.3201700910493101,0.0254687180929988,67.98234741310388,1629.6118732938016,397,85,312,416,19,0.04,0.3,0.000625,1.0,1e-08,1e+18,False,False,False,False,12,1.1,15.0,12.571111348447564,10.970218833361969,149.59389318220866,125.3707658827544,study_results/v4p2_followups_20260806/pseudo65/gp_window_ensemble_20260806/runs/window_2p25eq2p5/draw_00/attempt_01/results_single.csv,1,1,1,1,single_attempt_outside_55_75MeV,False,,,,,,,window_2p25eq2p5,0
2021,0.1,0.0025695,0.094218625,0.105781375,1487397833.440122,1.64,0.09578602,0.10421398,0.00842796,0.0,1.0,8000,0.000125,True,8943.895667178014,1.952627951738373e-06,0.5,0.0,-445.0862012330794,5604.938494609619,True,tilde_q_mu,asymptotic,default,sidak_approx,observed,8.23**2 * RBF(length_scale=0.32),0.027907474759607,0.3805564739946421,0.1030551803288439,0.3202261978091536,0.0253704315996428,67.65700765756749,1636.0430446187274,398,87,311,416,18,0.04,0.3,0.000625,1.0,1e-08,1e+18,False,False,False,False,12,1.1,15.0,12.62202404998353,10.861052640438642,148.10526327870872,124.62587966886694,study_results/v4p2_followups_20260806/pseudo65/gp_window_ensemble_20260806/runs/window_2p25eq2p5/draw_00/attempt_01/results_single.csv,1,1,1,1,single_attempt_outside_55_75MeV,False,,,,,,,window_2p25eq2p5,0
2021,0.101,0.002585385875,0.09518288178125,0.10681711821875,1463545807.7925766,1.64,0.096759967165,0.105240032835,0.00848006567,0.0,1.0,8000,0.000125,True,10035.081988179252,2.2045154827837154e-06,0.4059194560892775,0.2380543863922375,1331.6230933082136,5594.928818504677,True,tilde_q_mu,asymptotic,default,sidak_approx,observed,8.25**2 * RBF(length_scale=0.321),0.0278033140562975,0.3791361007676941,0.1026705414406892,0.3207950476939127,0.0252757400511796,68.0287507602686,1630.341773857709,397,88,309,416,19,0.04,0.3,0.000625,1.0,1e-08,1e+18,False,False,False,False,12,1.1,15.0,12.691816225532886,10.754028760328694,146.64584673175492,124.08014246380638,study_results/v4p2_followups_20260806/pseudo65/gp_window_ensemble_20260806/runs/window_2p25eq2p5/draw_00/attempt_01/results_single.csv,1,1,1,1,single_attempt_outside_55_75MeV,False,,,,,,,window_2p25eq2p5,0
2021,0.102,0.0026014435,0.096146752125,0.1078532478749999,1439773239.9828668,1.64,0.09773363266,0.1062663673399999,0.0085327346799999,0.0,1.0,8000,0.000125,True,10506.11416765968,2.3230992723471503e-06,0.3462844891768464,0.3953711756407608,2116.202929366814,5545.24427079146,True,tilde_q_mu,asymptotic,default,sidak_approx,observed,8.33**2 * RBF(length_scale=0.321),0.0277029922867878,0.3777680766380165,0.1023000787550902,0.3214954160094706,0.0251845384425344,69.45931872301767,1630.7148337349272,397,90,307,416,19,0.04,0.3,0.000625,1.0,1e-08,1e+18,False,False,False,False,12,1.1,15.0,12.765586978814497,10.649084743446428,145.21479195608765,123.58347048839256,study_results/v4p2_followups_20260806/pseudo65/gp_window_ensemble_20260806/runs/window_2p25eq2p5/draw_00/attempt_01/results_single.csv,1,1,1,1,single_attempt_outside_55_75MeV,False,,,,,,,window_2p25eq2p5,0
2021,0.103,0.002617672875,0.0971102360312499,0.10888976396875,1415306075.6792226,1.64,0.098707016485,0.107292983515,0.00858596703,0.0,1.0,8000,0.000125,True,11642.676022041604,2.593493351110257e-06,0.2499952631768553,0.6745046564143632,3701.826267838331,5511.433925482763,True,tilde_q_mu,asymptotic,default,sidak_approx,observed,8.15**2 * RBF(length_scale=0.319),0.0276063983918545,0.3764508871616523,0.1019433821586847,0.3193716165120787,0.0250967258107768,66.48673209845278,1628.97795339188,397,91,306,416,19,0.04,0.3,0.000625,1.0,1e-08,1e+18,False,False,False,False,12,1.1,15.0,12.725628789988884,10.546160544164444,143.81128014769695,122.00593113151264,study_results/v4p2_followups_20260806/pseudo65/gp_window_ensemble_20260806/runs/window_2p25eq2p5/draw_00/attempt_01/results_single.csv,1,1,1,1,single_attempt_outside_55_75MeV,False,,,,,,,window_2p25eq2p5,0
2021,0.104,0.002634074,0.0980733335,0.1099266664999999,1390650623.4117515,1.64,0.09968011864,0.10831988136,0.00863976272,0.0,1.0,8000,0.000125,True,12290.785910686684,2.7596131250391747e-06,0.2006075669846712,0.8394530341146996,4599.206918644368,5475.918609554625,True,tilde_q_mu,asymptotic,default,sidak_approx,observed,8.04**2 * RBF(length_scale=0.318),0.0275134255467139,0.3751830756370089,0.1016000571748166,0.3181239231229607,0.0250122050424672,64.68009222352978,1629.3950078199423,397,93,304,416,19,0.04,0.3,0.000625,1.0,1e-08,1e+18,False,False,False,False,12,1.1,15.0,12.718747610729654,10.445198406238394,142.4345237214326,120.77258388449248,study_results/v4p2_followups_20260806/pseudo65/gp_window_ensemble_20260806/runs/window_2p25eq2p5/draw_00/attempt_01/results_single.csv,1,1,1,1,single_attempt_outside_55_75MeV,False,,,,,,,window_2p25eq2p5,0
2021,0.105,0.002650646875,0.0990360445312499,0.11096395546875,1366191403.4118524,1.64,0.100652939125,0.109347060875,0.00869412175,0.0,1.0,8000,0.000125,True,12042.878523022198,2.7261476910002104e-06,0.2150295057483676,0.7890906753797389,4320.787713240349,5464.665599531568,True,tilde_q_mu,asymptotic,default,sidak_approx,observed,8.04**2 * RBF(length_scale=0.318),0.0274239709611162,0.3739632403788584,0.1012697242253318,0.3180466634636134,0.0249308826919238,64.6046986925043,1624.0572886567916,396,94,302,416,20,0.04,0.3,0.000625,1.0,1e-08,1e+18,False,False,False,False,12,1.1,15.0,12.757136094769775,10.346142754725216,141.08376483716202,119.98831925267804,study_results/v4p2_followups_20260806/pseudo65/gp_window_ensemble_20260806/runs/window_2p25eq2p5/draw_00/attempt_01/results_single.csv,1,1,1,1,single_attempt_outside_55_75MeV,False,,,,,,,window_2p25eq2p5,0
2021,0.106,0.0026673915,0.099998369125,0.112001630875,1341676381.151068,1.64,0.10162547794,0.11037452206,0.0087490441199999,0.0,1.0,8000,0.000125,True,11192.113075390793,2.55551462952832e-06,0.2631818035357458,0.6335667483294681,3408.0832295125592,5373.267044423323,True,tilde_q_mu,asymptotic,default,sidak_approx,observed,8.21**2 * RBF(length_scale=0.32),0.0273379356906521,0.3727900321452559,0.1009520179337844,0.3200922701006323,0.0248526688096837,67.3692501796024,1627.1739816564495,397,96,301,416,19,0.04,0.3,0.000625,1.0,1e-08,1e+18,False,False,False,False,12,1.1,15.0,12.879593437301583,10.248940093965247,139.758274008617,120.00198324866535,study_results/v4p2_followups_20260806/pseudo65/gp_window_ensemble_20260806/runs/window_2p25eq2p5/draw_00/attempt_01/results_single.csv,1,1,1,1,single_attempt_outside_55_75MeV,False,,,,,,,window_2p25eq2p5,0
2021,0.107,0.002684307875,0.10096030728125,0.11303969271875,1317225676.2626095,1.64,0.102597735085,0.111402264915,0.0088045298299999,0.0,1.0,8000,0.000125,True,10567.50802306776,2.4347173070042385e-06,0.3081666606605713,0.5010537130873197,2670.4256556932987,5328.983113680824,True,tilde_q_mu,asymptotic,default,sidak_approx,observed,8.19**2 * RBF(length_scale=0.32),0.0272552244585561,0.3716621517075835,0.1006465864674015,0.3197568171855725,0.0247774767805055,67.02727691750793,1627.4744492341097,397,98,299,416,19,0.04,0.3,0.000625,1.0,1e-08,1e+18,False,False,False,False,12,1.1,15.0,12.905140423223031,10.153538911238387,138.45734878961437,119.12076858380954,study_results/v4p2_followups_20260806/pseudo65/gp_window_ensemble_20260806/runs/window_2p25eq2p5/draw_00/attempt_01/results_single.csv,1,1,1,1,single_attempt_outside_55_75MeV,False,,,,,,,window_2p25eq2p5,0
2021,0.108,0.002701396,0.101921859,0.114078141,1292640439.8447058,1.64,0.10356971056,0.11243028944,0.0088605788799999,0.0,1.0,8000,0.000125,True,9583.256868976394,2.2291102922946985e-06,0.4159650174380091,0.2122268828978174,1309.847556792541,5320.88775443074,True,tilde_q_mu,asymptotic,default,sidak_approx,observed,8.15**2 * RBF(length_scale=0.319),0.0271757454873275,0.3705783475544666,0.1003530909153006,0.3192005067912131,0.0247052231702977,66.48558269690223,1623.4381563281436,396,99,297,416,20,0.04,0.3,0.000625,1.0,1e-08,1e+18,False,False,False,False,12,1.1,15.0,12.92036524385567,10.059889585728104,137.18031253265593,118.16131614587908,study_results/v4p2_followups_20260806/pseudo65/gp_window_ensemble_20260806/runs/window_2p25eq2p5/draw_00/attempt_01/results_single.csv,1,1,1,1,single_attempt_outside_55_75MeV,False,,,,,,,window_2p25eq2p5,0
2021,0.109,0.002718655875,0.10288302428125,0.11511697571875,1268214292.8765628,1.64,0.104541404365,0.1134585956349999,0.0089171912699999,0.0,1.0,8000,0.000125,True,8890.92226652175,2.0885630670393025e-06,0.4665062257034993,0.0840553161501145,438.6193853713605,5235.439036918298,True,tilde_q_mu,asymptotic,default,sidak_approx,observed,8.17**2 * RBF(length_scale=0.32),0.0270994103395402,0.3695374137210039,0.1000712047006427,0.3196198752022308,0.0246358275814002,66.72769088189382,1629.5297677711324,397,101,296,416,19,0.04,0.3,0.000625,1.0,1e-08,1e+18,False,False,False,False,12,1.1,15.0,12.97378276196168,9.967944302454349,135.92651321528655,117.5654036030694,study_results/v4p2_followups_20260806/pseudo65/gp_window_ensemble_20260806/runs/window_2p25eq2p5/draw_00/attempt_01/results_single.csv,1,1,1,1,single_attempt_outside_55_75MeV,False,,,,,,,window_2p25eq2p5,0
2021,0.11,0.0027360875,0.103843803125,0.116156196875,1243647528.4440663,1.64,0.1055128165,0.1144871835,0.008974367,0.0,1.0,8000,0.000125,True,8055.639535807339,1.9121851910658384e-06,0.5,0.0,-969.9519807456608,5226.274987415253,True,tilde_q_mu,asymptotic,default,sidak_approx,observed,8.14**2 * RBF(length_scale=0.319),0.0270261337672677,0.3685381877354698,0.0998006130245964,0.3189591278564499,0.0245692125156979,66.1948166848697,1623.965052284825,396,102,294,416,20,0.04,0.3,0.000625,1.0,1e-08,1e+18,False,False,False,False,12,1.1,15.0,12.9820655689578,9.87765697086361,134.69532232995832,116.57490042129496,study_results/v4p2_followups_20260806/pseudo65/gp_window_ensemble_20260806/runs/window_2p25eq2p5/draw_00/attempt_01/results_single.csv,1,1,1,1,single_attempt_outside_55_75MeV,False,,,,,,,window_2p25eq2p5,0
2021,0.111,0.002753690875,0.10480419553125,0.11719580446875,1219296431.1209323,1.64,0.106483946965,0.115516053035,0.0090321060699999,0.0,1.0,8000,0.000125,True,7486.626777900146,1.7962791293488953e-06,0.5,0.0,-2039.713361312801,5178.688723866868,True,tilde_q_mu,asymptotic,default,sidak_approx,observed,8.11**2 * RBF(length_scale=0.319),0.0269558335695793,0.3675795486760824,0.0995410123401082,0.3185141467511638,0.0245053032450721,65.78880167785617,1623.8462786547989,396,104,292,416,20,0.04,0.3,0.000625,1.0,1e-08,1e+18,False,False,False,False,12,1.1,15.0,12.997763935658078,9.788983147783204,133.4861338334073,115.66808375001928,study_results/v4p2_followups_20260806/pseudo65/gp_window_ensemble_20260806/runs/window_2p25eq2p5/draw_00/attempt_01/results_single.csv,1,1,1,1,single_attempt_outside_55_75MeV,False,,,,,,,window_2p25eq2p5,0
2021,0.112,0.002771466,0.1057642015,0.1182357985,1195083180.8359652,1.64,0.10745479576,0.11654520424,0.00909040848,0.0,1.0,8000,0.000125,True,6853.911330961364,1.6628085414524576e-06,0.5,0.0,-3591.569524463007,5140.856183915289,True,tilde_q_mu,asymptotic,default,sidak_approx,observed,8**2 * RBF(length_scale=0.317),0.0268884304576102,0.3666604153310482,0.0992921098536402,0.316776726791984,0.0244440276887365,64.03223503804647,1624.6582144308245,396,105,291,416,20,0.04,0.3,0.000625,1.0,1e-08,1e+18,False,False,False,False,12,1.1,15.0,12.95926885805117,9.70187996447014,132.29836315186554,114.29933717100768,study_results/v4p2_followups_20260806/pseudo65/gp_window_ensemble_20260806/runs/window_2p25eq2p5/draw_00/attempt_01/results_single.csv,1,1,1,1,single_attempt_outside_55_75MeV,False,,,,,,,window_2p25eq2p5,0
2021,0.113,0.002789412875,0.10672382103125,0.11927617896875,1171074447.656905,1.64,0.108425362885,0.117574637115,0.00914927423,0.0,1.0,8000,0.000125,True,29402.766145833077,7.215146661702778e-06,0.4402050855909532,0.1504492707285221,2891.3577546413085,17087.91839107114,True,tilde_q_mu,asymptotic,default,sidak_approx,observed,1**2 * RBF(length_scale=0.0991),0.0268238479267369,0.3657797444555033,0.0990536230531478,0.0990536230531478,0.0243853162970335,1.0,882.0112200001117,396,107,289,416,20,0.04,0.3,0.000625,1.0,1e-08,1e+18,False,False,False,False,12,1.1,15.0,4.06201920231798,9.616306057502122,131.1314462386653,35.510563509945754,study_results/v4p2_followups_20260806/pseudo65/gp_window_ensemble_20260806/runs/window_2p25eq2p5/draw_00/attempt_01/results_single.csv,1,1,1,1,single_attempt_outside_55_75MeV,False,,,,,,,window_2p25eq2p5,0
2021,0.114,0.0028075315,0.107683054125,0.120316945875,1146935681.7505815,1.64,0.10939564834,0.11860435166,0.00920870332,0.0,1.0,8000,0.000125,True,6539.717021110133,1.6241830097125512e-06,0.5,0.0,-4230.917446427492,5068.069056831917,True,tilde_q_mu,asymptotic,default,sidak_approx,observed,8.06**2 * RBF(length_scale=0.318),0.0267620121354335,0.3649365291195483,0.0988252792607253,0.3176809200519687,0.0243291019413032,64.88780838154474,1619.7595735233308,395,108,287,416,21,0.04,0.3,0.000625,1.0,1e-08,1e+18,False,False,False,False,12,1.1,15.0,13.057650907888451,9.532221503279144,129.9848386810792,113.15310978771518,study_results/v4p2_followups_20260806/pseudo65/gp_window_ensemble_20260806/runs/window_2p25eq2p5/draw_00/attempt_01/results_single.csv,1,1,1,1,single_attempt_outside_55_75MeV,False,,,,,,,window_2p25eq2p5,0
2021,0.115,0.002825821875,0.10864190078125,0.12135809921875,1123372222.1676126,1.64,0.110365652125,0.119634347875,0.00926869575,0.0,1.0,8000,0.000125,True,6436.831140338132,1.6179701952733966e-06,0.5,0.0,-4162.307019071223,4987.646729252896,True,tilde_q_mu,asymptotic,default,sidak_approx,observed,8.09**2 * RBF(length_scale=0.318),0.026702851790388,0.3641297971416546,0.0986068152083701,0.318099953781192,0.0242753198094436,65.37880890683748,1624.8036149067375,396,110,286,416,20,0.04,0.3,0.000625,1.0,1e-08,1e+18,False,False,False,False,12,1.1,15.0,13.10384193815828,9.4495877559119,128.85801485334406,112.56900394020482,study_results/v4p2_followups_20260806/pseudo65/gp_window_ensemble_20260806/runs/window_2p25eq2p5/draw_00/attempt_01/results_single.csv,1,1,1,1,single_attempt_outside_55_75MeV,False,,,,,,,window_2p25eq2p5,0
2021,0.116,0.002844284,0.109600361,0.122399639,1099793946.70252,1.64,0.11133537424,0.12066462576,0.0093292515199999,0.0,1.0,8000,0.000125,True,6426.200219681474,1.6357045452448943e-06,0.5,0.0,-4137.512456802702,4975.831182073805,True,tilde_q_mu,asymptotic,default,sidak_approx,observed,8.01**2 * RBF(length_scale=0.317),0.0266462980375249,0.3633586096026131,0.0983979766355584,0.3170715761815842,0.0242239073068408,64.1902452170636,1619.3132555265547,395,111,284,416,21,0.04,0.3,0.000625,1.0,1e-08,1e+18,False,False,False,False,12,1.1,15.0,13.089200357534503,9.368367588301648,127.75046711320428,111.47676398755688,study_results/v4p2_followups_20260806/pseudo65/gp_window_ensemble_20260806/runs/window_2p25eq2p5/draw_00/attempt_01/results_single.csv,1,1,1,1,single_attempt_outside_55_75MeV,False,,,,,,,window_2p25eq2p5,0
2021,0.117,0.002862917875,0.11055843478125,0.12344156521875,1076409135.485572,1.64,0.112304814685,0.121695185315,0.00939037063,0.0,1.0,8000,0.000125,True,6751.653747520513,1.7408720278018323e-06,0.4999026019832914,0.000244140625,-2843.65355642192,4918.684015892169,True,tilde_q_mu,asymptotic,default,sidak_approx,observed,8.14**2 * RBF(length_scale=0.319),0.0265922843585697,0.3626220594350426,0.0981985179072823,0.3188012334696577,0.0241748039623361,66.29255815719465,1620.107499342505,395,113,282,416,21,0.04,0.3,0.000625,1.0,1e-08,1e+18,False,False,False,False,12,1.1,15.0,13.18733479561378,9.288525036216694,126.66170503931852,111.35535400911829,study_results/v4p2_followups_20260806/pseudo65/gp_window_ensemble_20260806/runs/window_2p25eq2p5/draw_00/attempt_01/results_single.csv,1,1,1,1,single_attempt_outside_55_75MeV,False,,,,,,,window_2p25eq2p5,0
2021,0.118,0.0028817235,0.1115161221249999,0.124483877875,1053178929.4199272,1.64,0.11327397346,0.1227260265399999,0.0094520530799999,0.0,1.0,8000,0.000125,True,7244.407765342703,1.8929478105516056e-06,0.5,0.0,-1430.0170873610855,4871.249839289442,True,tilde_q_mu,asymptotic,default,sidak_approx,observed,8.15**2 * RBF(length_scale=0.319),0.0265407464728296,0.3619192700840412,0.0980082016513522,0.3187335474249394,0.024127951338936,66.48007679408032,1621.333702180175,395,114,281,416,21,0.04,0.3,0.000625,1.0,1e-08,1e+18,False,False,False,False,12,1.1,15.0,13.21013719513718,9.21002534519002,125.59125470713664,110.6051803460462,study_results/v4p2_followups_20260806/pseudo65/gp_window_ensemble_20260806/runs/window_2p25eq2p5/draw_00/attempt_01/results_single.csv,1,1,1,1,single_attempt_outside_55_75MeV,False,,,,,,,window_2p25eq2p5,0
2021,0.119,0.002900700875,0.1124734230312499,0.12552657696875,1030627124.242168,1.64,0.114242850565,0.1237571494349999,0.0095142988699999,0.0,1.0,8000,0.000125,True,7876.338804271825,2.0854307922078457e-06,0.5,0.0,-110.03561922900973,4827.010540758292,True,tilde_q_mu,asymptotic,default,sidak_approx,observed,8.15**2 * RBF(length_scale=0.319),0.0264916222438949,0.3612493942349304,0.0978267984138683,0.3188727031634838,0.0240832929489953,66.36264812903859,1623.7728003242091,395,116,279,416,21,0.04,0.3,0.000625,1.0,1e-08,1e+18,False,False,False,False,12,1.1,15.0,13.240411260985208,9.13283492007596,124.53865800103584,109.92953665499334,study_results/v4p2_followups_20260806/pseudo65/gp_window_ensemble_20260806/runs/window_2p25eq2p5/draw_00/attempt_01/results_single.csv,1,1,1,1,single_attempt_outside_55_75MeV,False,,,,,,,window_2p25eq2p5,0
2021,0.12,0.00291985,0.1134303374999999,0.1265696624999999,1008026180.837055,1.64,0.115211446,0.124788554,0.009577108,0.0,1.0,8000,0.000125,True,8531.941025865452,2.2904177937510004e-06,0.4173555592043713,0.2086632659175926,979.3665358994456,4806.295571953107,True,tilde_q_mu,asymptotic,default,sidak_approx,observed,8.14**2 * RBF(length_scale=0.319),0.0264448515909636,0.3606116126040493,0.0976540863317667,0.3189396172910322,0.0240407741736032,66.25808298524127,1618.5753270085725,394,117,277,416,22,0.04,0.3,0.000625,1.0,1e-08,1e+18,False,False,False,False,12,1.1,15.0,13.266611756672429,9.05692127710794,123.5034719605628,109.2315075401244,study_results/v4p2_followups_20260806/pseudo65/gp_window_ensemble_20260806/runs/window_2p25eq2p5/draw_00/attempt_01/results_single.csv,1,1,1,1,single_attempt_outside_55_75MeV,False,,,,,,,window_2p25eq2p5,0
2021,0.121,0.002939170875,0.1143868655312499,0.12761313446875,985440224.1699862,1.64,0.116179759765,0.125820240235,0.0096404804699999,0.0,1.0,8000,0.000125,True,9118.55893207843,2.483307358530235e-06,0.3356038664936966,0.424491047449144,2004.8193142130333,4732.484974302399,True,tilde_q_mu,asymptotic,default,sidak_approx,observed,8.19**2 * RBF(length_scale=0.319),0.0264003764045369,0.3600051327891407,0.0974898508215015,0.3194757292132381,0.0240003421859427,67.08255232695024,1622.8419783433717,395,119,276,416,21,0.04,0.3,0.000625,1.0,1e-08,1e+18,False,False,False,False,12,1.1,15.0,13.311298928077736,8.982252998317762,122.48526815887854,108.69586791657292,study_results/v4p2_followups_20260806/pseudo65/gp_window_ensemble_20260806/runs/window_2p25eq2p5/draw_00/attempt_01/results_single.csv,1,1,1,1,single_attempt_outside_55_75MeV,False,,,,,,,window_2p25eq2p5,0
2021,0.122,0.0029586635,0.115343007125,0.128656992875,963312661.4875358,1.64,0.11714779186,0.12685220814,0.00970441628,0.0,1.0,8000,0.000125,True,9642.174122802016,2.664205942926579e-06,0.2989909279037787,0.5273049234296052,2825.99756218564,4691.223107112317,True,tilde_q_mu,asymptotic,default,sidak_approx,observed,8.14**2 * RBF(length_scale=0.319),0.0263581404662262,0.3594291881758127,0.0973338842829142,0.3186195351452832,0.0239619458783875,66.26371967319591,1623.7990869071673,395,121,274,416,21,0.04,0.3,0.000625,1.0,1e-08,1e+18,False,False,False,False,12,1.1,15.0,13.296897370620565,8.908799688178892,121.48363211153033,107.6903592264829,study_results/v4p2_followups_20260806/pseudo65/gp_window_ensemble_20260806/runs/window_2p25eq2p5/draw_00/attempt_01/results_single.csv,1,1,1,1,single_attempt_outside_55_75MeV,False,,,,,,,window_2p25eq2p5,0
2021,0.123,0.002978327875,0.11629876228125,0.12970123771875,941612336.1342888,1.64,0.118115542285,0.127884457715,0.00976891543,0.0,1.0,8000,0.000125,True,9516.748088265598,2.6682790388739626e-06,0.2825301944322538,0.575341457071263,2689.794251941086,4666.676256274363,True,tilde_q_mu,asymptotic,default,sidak_approx,observed,8.22**2 * RBF(length_scale=0.32),0.026318089372443,0.3588830368969509,0.0971859858174404,0.3197407232200351,0.02392553579313,67.49142833729191,1619.3869407141065,394,122,272,416,22,0.04,0.3,0.000625,1.0,1e-08,1e+18,False,False,False,False,12,1.1,15.0,13.363994268911837,8.836531932349143,120.49816271385194,107.35578372815488,study_results/v4p2_followups_20260806/pseudo65/gp_window_ensemble_20260806/runs/window_2p25eq2p5/draw_00/attempt_01/results_single.csv,1,1,1,1,single_attempt_outside_55_75MeV,False,,,,,,,window_2p25eq2p5,0
2021,0.124,0.002998164,0.117254131,0.130745869,920037116.668702,1.64,0.1190830110399999,0.12891698896,0.00983397792,0.0,1.0,8000,0.000125,True,9134.946053325344,2.600152831242384e-06,0.3061211473645866,0.5068753324571077,2330.7494622661266,4596.445654633103,True,tilde_q_mu,asymptotic,default,sidak_approx,observed,8.19**2 * RBF(length_scale=0.319),0.0262801704617562,0.3583659608421308,0.0970459609598579,0.3193303254112985,0.023891064056142,67.1435994562747,1625.656570416863,395,124,271,416,21,0.04,0.3,0.000625,1.0,1e-08,1e+18,False,False,False,False,12,1.1,15.0,13.366098917189218,8.765421258395557,119.52847170539395,106.50862508231654,study_results/v4p2_followups_20260806/pseudo65/gp_window_ensemble_20260806/runs/window_2p25eq2p5/draw_00/attempt_01/results_single.csv,1,1,1,1,single_attempt_outside_55_75MeV,False,,,,,,,window_2p25eq2p5,0
2021,0.125,0.003018171875,0.11820911328125,0.13179088671875,898531012.9433209,1.64,0.120050198125,0.129949801875,0.00989960375,0.0,1.0,8000,0.000125,True,9148.226984688865,2.644927483078785e-06,0.3019844952429613,0.5187013925047187,2377.7078119397434,4584.0720026583385,True,tilde_q_mu,asymptotic,default,sidak_approx,observed,8.1**2 * RBF(length_scale=0.318),0.0262443327457108,0.3578772647142392,0.0969136214228183,0.3177365518168759,0.0238584843142826,65.68991686718275,1621.1821383651768,394,125,269,416,22,0.04,0.3,0.000625,1.0,1e-08,1e+18,False,False,False,False,12,1.1,15.0,13.31754975007639,8.695440098390975,118.57418315987692,105.2745055537554,study_results/v4p2_followups_20260806/pseudo65/gp_window_ensemble_20260806/runs/window_2p25eq2p5/draw_00/attempt_01/results_single.csv,1,1,1,1,single_attempt_outside_55_75MeV,False,,,,,,,window_2p25eq2p5,0
2021,0.126,0.0030383515,0.119163709125,0.132836290875,877660484.0400469,1.64,0.12101710354,0.13098289646,0.0099657929199999,0.0,1.0,8000,0.000125,True,8691.025756367959,2.55207756012873e-06,0.3428730465536512,0.404634638688306,1852.8054834306809,4536.7017548298,True,tilde_q_mu,asymptotic,default,sidak_approx,observed,8.08**2 * RBF(length_scale=0.318),0.0262105268429174,0.3574162751306931,0.0967887848534561,0.3177727589853062,0.0238277516753795,65.35263152320489,1620.2135994909236,394,127,267,416,22,0.04,0.3,0.000625,1.0,1e-08,1e+18,False,False,False,False,12,1.1,15.0,13.336246042619738,8.626561753278871,117.63493299925732,104.58722731234558,study_results/v4p2_followups_20260806/pseudo65/gp_window_ensemble_20260806/runs/window_2p25eq2p5/draw_00/attempt_01/results_single.csv,1,1,1,1,single_attempt_outside_55_75MeV,False,,,,,,,window_2p25eq2p5,0
2021,0.127,0.003058702875,0.12011791853125,0.13388208146875,857126402.643784,1.64,0.121983727285,0.132016272715,0.0100325454299999,0.0,1.0,8000,0.000125,True,8756.87128871593,2.6122834217327553e-06,0.3253444232762207,0.4528054393062498,2044.9079372129393,4489.089105320909,True,tilde_q_mu,asymptotic,default,sidak_approx,observed,8.08**2 * RBF(length_scale=0.318),0.0261787049162304,0.3569823397667782,0.0966712746014036,0.3178330832258738,0.0237988226511185,65.32044032809577,1620.229876491178,394,128,266,416,22,0.04,0.3,0.000625,1.0,1e-08,1e+18,False,False,False,False,12,1.1,15.0,13.354991878597644,8.558760358908806,116.71036853057464,103.91106825826417,study_results/v4p2_followups_20260806/pseudo65/gp_window_ensemble_20260806/runs/window_2p25eq2p5/draw_00/attempt_01/results_single.csv,1,1,1,1,single_attempt_outside_55_75MeV,False,,,,,,,window_2p25eq2p5,0
2021,0.128,0.003079226,0.1210717415,0.1349282585,836870911.2847852,1.64,0.12295006936,0.13304993064,0.01009986128,0.0,1.0,8000,0.000125,True,8652.44141305252,2.622950816919977e-06,0.3262880058145174,0.4501864417933671,2017.300150606827,4438.0817441176105,True,tilde_q_mu,asymptotic,default,sidak_approx,observed,8.16**2 * RBF(length_scale=0.319),0.0261488206128557,0.3565748265389423,0.0965609194976257,0.3189061629922678,0.0237716551025961,66.61234159768955,1620.2944711151058,394,130,264,416,22,0.04,0.3,0.000625,1.0,1e-08,1e+18,False,False,False,False,12,1.1,15.0,13.415395840798624,8.492010853654708,115.80014800438238,103.56698826012376,study_results/v4p2_followups_20260806/pseudo65/gp_window_ensemble_20260806/runs/window_2p25eq2p5/draw_00/attempt_01/results_single.csv,1,1,1,1,single_attempt_outside_55_75MeV,False,,,,,,,window_2p25eq2p5,0
2021,0.129,0.003099920875,0.12202517803125,0.13597482196875,816661383.882061,1.64,0.123916129765,0.134083870235,0.01016774047,0.0,1.0,8000,0.000125,True,8864.640419865817,2.7324317010076665e-06,0.2908811730728651,0.5508123077942827,2369.624743190143,4414.694679407002,True,tilde_q_mu,asymptotic,default,sidak_approx,observed,8.15**2 * RBF(length_scale=0.319),0.0261208290072193,0.3561931228257187,0.096457553643445,0.3186844282265542,0.0237462081883812,66.45610816613383,1615.2698488550832,393,131,262,416,23,0.04,0.3,0.000625,1.0,1e-08,1e+18,False,False,False,False,12,1.1,15.0,13.420434357283323,8.426288947526562,114.90394019354402,102.80405245071108,study_results/v4p2_followups_20260806/pseudo65/gp_window_ensemble_20260806/runs/window_2p25eq2p5/draw_00/attempt_01/results_single.csv,1,1,1,1,single_attempt_outside_55_75MeV,False,,,,,,,window_2p25eq2p5,0
2021,0.13,0.0031207875,0.122978228125,0.137021771875,796778619.4646972,1.64,0.1248819085,0.1351180915,0.010236183,0.0,1.0,8000,0.000125,True,8627.908783473473,2.704857828726085e-06,0.3067344939305982,0.5051279266185792,2196.2387786502527,4343.494975710383,True,tilde_q_mu,asymptotic,default,sidak_approx,observed,8.17**2 * RBF(length_scale=0.319),0.0260946865464589,0.3558366347244401,0.0963610162092589,0.318896539372009,0.0237224423149626,66.67928981278496,1620.9230821083993,394,133,261,416,22,0.04,0.3,0.000625,1.0,1e-08,1e+18,False,False,False,False,12,1.1,15.0,13.442820732284735,8.36157109269982,114.0214239913612,102.1846374903799,study_results/v4p2_followups_20260806/pseudo65/gp_window_ensemble_20260806/runs/window_2p25eq2p5/draw_00/attempt_01/results_single.csv,1,1,1,1,single_attempt_outside_55_75MeV,False,,,,,,,window_2p25eq2p5,0
2021,0.131,0.003141825875,0.12393089178125,0.13806910821875,777717056.7816086,1.64,0.125847405565,0.136152594435,0.0103051888699999,0.0,1.0,8000,0.000125,True,7974.77411344637,2.541823513627137e-06,0.3781271885503229,0.3104031788159342,1344.46597943931,4314.836151173947,True,tilde_q_mu,asymptotic,default,sidak_approx,observed,8.23**2 * RBF(length_scale=0.32),0.0260703509983903,0.3555047863416871,0.0962711512423922,0.3199291142430437,0.0237003190894458,67.72727766670447,1614.3010625683942,393,134,259,416,23,0.04,0.3,0.000625,1.0,1e-08,1e+18,False,False,False,False,12,1.1,15.0,13.498936998933235,8.297834455383493,113.1522880279567,101.82904049163568,study_results/v4p2_followups_20260806/pseudo65/gp_window_ensemble_20260806/runs/window_2p25eq2p5/draw_00/attempt_01/results_single.csv,1,1,1,1,single_attempt_outside_55_75MeV,False,,,,,,,window_2p25eq2p5,0
2021,0.132,0.003163036,0.124883169,0.139116831,758729637.4451472,1.64,0.12681262096,0.13718737904,0.0103747580799999,0.0,1.0,8000,0.000125,True,7054.276855241981,2.2872384450399502e-06,0.4937311235515236,0.0157143896892129,64.88216170587565,4263.426909125037,True,tilde_q_mu,asymptotic,default,sidak_approx,observed,8.33**2 * RBF(length_scale=0.321),0.0260477814018274,0.3551970191158293,0.0961878074836403,0.3212913993020524,0.0236798012743886,69.33799310714144,1613.7219738419954,393,136,257,416,23,0.04,0.3,0.000625,1.0,1e-08,1e+18,False,False,False,False,12,1.1,15.0,13.568162822783137,8.235056888959685,112.2962303039957,101.57690247662448,study_results/v4p2_followups_20260806/pseudo65/gp_window_ensemble_20260806/runs/window_2p25eq2p5/draw_00/attempt_01/results_single.csv,1,1,1,1,single_attempt_outside_55_75MeV,False,,,,,,,window_2p25eq2p5,0
2021,0.133,0.003184417875,0.12583505978125,0.14016494021875,740120080.2932594,1.64,0.127777554685,0.138222445315,0.0104448906299999,0.0,1.0,8000,0.000125,True,6541.493335846082,2.1579580461397392e-06,0.5,0.0,-722.234791985983,4223.753118828812,True,tilde_q_mu,asymptotic,default,sidak_approx,observed,8.22**2 * RBF(length_scale=0.32),0.0260269380191233,0.3549127911698635,0.0961108381920171,0.3197159716670221,0.0236608527446575,67.52481014573368,1610.7006914848423,393,137,256,416,23,0.04,0.3,0.000625,1.0,1e-08,1e+18,False,False,False,False,12,1.1,15.0,13.512445012752613,8.173216908325301,111.45295784079954,100.40013095549592,study_results/v4p2_followups_20260806/pseudo65/gp_window_ensemble_20260806/runs/window_2p25eq2p5/draw_00/attempt_01/results_single.csv,1,1,1,1,single_attempt_outside_55_75MeV,False,,,,,,,window_2p25eq2p5,0
2021,0.134,0.0032059715,0.126786564125,0.141213435875,721731213.3148873,1.64,0.12874220674,0.13925779326,0.01051558652,0.0,1.0,8000,0.000125,True,6108.859609784922,2.051161140876132e-06,0.5,0.0,-1503.8132878908723,4185.100656237823,True,tilde_q_mu,asymptotic,default,sidak_approx,observed,8.14**2 * RBF(length_scale=0.319),0.0260077822908281,0.3546515766931113,0.0960401009773177,0.3188030089079979,0.0236434384462074,66.32918574452938,1612.4288850102585,393,139,254,416,23,0.04,0.3,0.000625,1.0,1e-08,1e+18,False,False,False,False,12,1.1,15.0,13.48378365665068,8.112293665376676,110.62218634604557,99.44037522105168,study_results/v4p2_followups_20260806/pseudo65/gp_window_ensemble_20260806/runs/window_2p25eq2p5/draw_00/attempt_01/results_single.csv,1,1,1,1,single_attempt_outside_55_75MeV,False,,,,,,,window_2p25eq2p5,0
2021,0.135,0.003227696875,0.12773768203125,0.14226231796875,703839749.1336825,1.64,0.129706577125,0.140293422875,0.01058684575,0.0,1.0,8000,0.000125,True,5666.0030836703245,1.9363736771809516e-06,0.5,0.0,-2534.8374322241693,4158.984274142917,True,tilde_q_mu,asymptotic,default,sidak_approx,observed,8.19**2 * RBF(length_scale=0.319),0.025990276792342,0.3544128653501188,0.0959754576400479,0.3193870756451133,0.0236275243566745,67.1537335318507,1607.2236035946971,392,140,252,416,24,0.04,0.3,0.000625,1.0,1e-08,1e+18,False,False,False,False,12,1.1,15.0,13.517585288400689,8.052266925574306,109.80363989419509,98.9520044831079,study_results/v4p2_followups_20260806/pseudo65/gp_window_ensemble_20260806/runs/window_2p25eq2p5/draw_00/attempt_01/results_single.csv,1,1,1,1,single_attempt_outside_55_75MeV,False,,,,,,,window_2p25eq2p5,0
2021,0.136,0.003249594,0.1286884135,0.1433115865,686424779.2721932,1.64,0.13067066584,0.14132933416,0.01065866832,0.0,1.0,8000,0.000125,True,5373.697816856875,1.8692237985385268e-06,0.4999311292015692,0.0001726334915006,-3101.156127514617,4091.1935097379614,True,tilde_q_mu,asymptotic,default,sidak_approx,observed,8.28**2 * RBF(length_scale=0.321),0.0259743851924713,0.3541961617155187,0.0959167740183841,0.3205018748321495,0.0236130774477012,68.61513917123781,1612.5276619524038,393,142,251,416,23,0.04,0.3,0.000625,1.0,1e-08,1e+18,False,False,False,False,12,1.1,15.0,13.57306668484885,7.993117045535957,108.99705062094486,98.6282824353287,study_results/v4p2_followups_20260806/pseudo65/gp_window_ensemble_20260806/runs/window_2p25eq2p5/draw_00/attempt_01/results_single.csv,1,1,1,1,single_attempt_outside_55_75MeV,False,,,,,,,window_2p25eq2p5,0
2021,0.137,0.003271662875,0.12963875853125,0.14436124146875,669116428.5880822,1.64,0.131634472885,0.142365527115,0.0107310542299999,0.0,1.0,8000,0.000125,True,5378.082258385868,1.9051321338355903e-06,0.5,0.0,-2984.4083467980104,4070.6517045846354,True,tilde_q_mu,asymptotic,default,sidak_approx,observed,8.26**2 * RBF(length_scale=0.32),0.0259600722137896,0.3540009847334957,0.0958639198417955,0.3201110632808632,0.0236000656488997,68.24107562361853,1608.538445099521,392,143,249,416,24,0.04,0.3,0.000625,1.0,1e-08,1e+18,False,False,False,False,12,1.1,15.0,13.563990373721165,7.93482495160498,108.20215843097698,97.84353569157494,study_results/v4p2_followups_20260806/pseudo65/gp_window_ensemble_20260806/runs/window_2p25eq2p5/draw_00/attempt_01/results_single.csv,1,1,1,1,single_attempt_outside_55_75MeV,False,,,,,,,window_2p25eq2p5,0
2021,0.138,0.0032939035,0.130588717125,0.145411282875,652262296.7982231,1.64,0.13259799826,0.14340200174,0.0108040034799999,0.0,1.0,8000,0.000125,True,5531.421322608479,1.995516392592387e-06,0.4999311292015692,0.0001726334915006,-2342.7255672678166,4031.5491780314983,True,tilde_q_mu,asymptotic,default,sidak_approx,observed,8.21**2 * RBF(length_scale=0.32),0.0259473035947063,0.3538268672005407,0.095816768590974,0.3196893543460972,0.0235884578133693,67.4796567607608,1607.6963938212311,392,145,247,416,24,0.04,0.3,0.000625,1.0,1e-08,1e+18,False,False,False,False,12,1.1,15.0,13.552787421520405,7.877372119342997,107.41871071831358,97.05486343060664,study_results/v4p2_followups_20260806/pseudo65/gp_window_ensemble_20260806/runs/window_2p25eq2p5/draw_00/attempt_01/results_single.csv,1,1,1,1,single_attempt_outside_55_75MeV,False,,,,,,,window_2p25eq2p5,0
2021,0.139,0.003316315875,0.13153828928125,0.14646171071875,635785521.2448627,1.64,0.133561241965,0.144438758035,0.0108775160699999,0.0,1.0,8000,0.000125,True,5619.55590535795,2.0648879239051113e-06,0.5,0.0,-1920.136916641149,3987.5274600251896,True,tilde_q_mu,asymptotic,default,sidak_approx,observed,8.23**2 * RBF(length_scale=0.32),0.0259360460531648,0.3536733552704296,0.0957751973637809,0.3198431331876883,0.0235782236846953,67.71398456634083,1607.8319517716718,392,146,246,416,24,0.04,0.3,0.000625,1.0,1e-08,1e+18,False,False,False,False,12,1.1,15.0,13.565192079982657,7.820740553903008,106.64646209867738,96.44531620127658,study_results/v4p2_followups_20260806/pseudo65/gp_window_ensemble_20260806/runs/window_2p25eq2p5/draw_00/attempt_01/results_single.csv,1,1,1,1,single_attempt_outside_55_75MeV,False,,,,,,,window_2p25eq2p5,0
2021,0.14,0.0033389,0.132487475,0.147512525,619834689.867921,1.64,0.134524204,0.145475796,0.010951592,0.0,1.0,8000,0.000125,True,5783.3504434735205,2.1641906539350797e-06,0.4999311292015692,0.0001726334915006,-1365.8674843821086,3946.711766037637,True,tilde_q_mu,asymptotic,default,sidak_approx,observed,8.3**2 * RBF(length_scale=0.321),0.0259262672518869,0.3535400079802764,0.0957390867469023,0.3206709631494256,0.0235693338653517,68.84975046103166,1607.5429253071495,392,148,244,416,24,0.04,0.3,0.000625,1.0,1e-08,1e+18,False,False,False,False,12,1.1,15.0,13.605431743695984,7.764912771238112,105.88517415324698,96.0409006407576,study_results/v4p2_followups_20260806/pseudo65/gp_window_ensemble_20260806/runs/window_2p25eq2p5/draw_00/attempt_01/results_single.csv,1,1,1,1,single_attempt_outside_55_75MeV,False,,,,,,,window_2p25eq2p5,0
2021,0.141,0.003361655875,0.13343627428125,0.1485637257187499,604132627.2786524,1.64,0.1354868843649999,0.146513115635,0.01102623127,0.0,1.0,8000,0.000125,True,5805.713886606542,2.2132177652062015e-06,0.5,0.0,-1251.9738157609695,3928.359013486882,True,tilde_q_mu,asymptotic,default,sidak_approx,observed,8.23**2 * RBF(length_scale=0.32),0.0259179357650831,0.3534263967965889,0.0957083206929198,0.3196804124244409,0.0235617597864392,67.8063214396202,1604.7847101785064,391,149,242,416,25,0.04,0.3,0.000625,1.0,1e-08,1e+18,False,False,False,False,12,1.1,15.0,13.567764688290804,7.709871780103963,105.13461518323584,95.09611462667662,study_results/v4p2_followups_20260806/pseudo65/gp_window_ensemble_20260806/runs/window_2p25eq2p5/draw_00/attempt_01/results_single.csv,1,1,1,1,single_attempt_outside_55_75MeV,False,,,,,,,window_2p25eq2p5,0
2021,0.142,0.0033845835,0.1343846871249999,0.149615312875,588792286.6909375,1.64,0.1364492830599999,0.14755071694,0.01110143388,0.0,1.0,8000,0.000125,True,5917.41798936064,2.298273520256279e-06,0.5,0.0,-809.9574482702612,3869.6078442685575,True,tilde_q_mu,asymptotic,default,sidak_approx,observed,8.21**2 * RBF(length_scale=0.32),0.0259110210465671,0.3533321051804605,0.0956827864025644,0.3195508415722603,0.0235554736786973,67.43335860739462,1609.8249407838048,392,151,241,416,24,0.04,0.3,0.000625,1.0,1e-08,1e+18,False,False,False,False,12,1.1,15.0,13.565884767634682,7.6556010648184945,104.39455997479764,94.41363806573553,study_results/v4p2_followups_20260806/pseudo65/gp_window_ensemble_20260806/runs/window_2p25eq2p5/draw_00/attempt_01/results_single.csv,1,1,1,1,single_attempt_outside_55_75MeV,False,,,,,,,window_2p25eq2p5,0
2021,0.143,0.003407682875,0.1353327135312499,0.15066728646875,573696429.0826498,1.64,0.137411400085,0.1485885999149999,0.0111771998299999,0.0,1.0,8000,0.000125,True,6117.616566073357,2.4214973111710783e-06,0.5,0.0,-306.40275982656533,3828.2571556111784,True,tilde_q_mu,asymptotic,default,sidak_approx,observed,8.24**2 * RBF(length_scale=0.32),0.025905493399191,0.3532567281707865,0.0956623742118505,0.320052094860438,0.0235504485447191,67.90323610465315,1610.4431424514423,392,153,239,416,24,0.04,0.3,0.000625,1.0,1e-08,1e+18,False,False,False,False,12,1.1,15.0,13.590063656439602,7.602084568738228,103.66478957370308,93.92073928253608,study_results/v4p2_followups_20260806/pseudo65/gp_window_ensemble_20260806/runs/window_2p25eq2p5/draw_00/attempt_01/results_single.csv,1,1,1,1,single_attempt_outside_55_75MeV,False,,,,,,,window_2p25eq2p5,0
2021,0.144,0.003430954,0.1362803534999999,0.1517196465,559083772.4170778,1.64,0.13837323544,0.14962676456,0.0112535291199999,0.0,1.0,8000,0.000125,True,6186.078280884085,2.4951459519266646e-06,0.5,0.0,-128.8259922288007,3807.8548912684505,True,tilde_q_mu,asymptotic,default,sidak_approx,observed,8.21**2 * RBF(length_scale=0.32),0.0259013239455544,0.3531998719848339,0.0956469774839098,0.319660422605136,0.0235466581323222,67.34659540424092,1605.276219030544,391,154,237,416,25,0.04,0.3,0.000625,1.0,1e-08,1e+18,False,False,False,False,12,1.1,15.0,13.575617431942131,7.5493066784207805,102.94509106937429,93.16954485695118,study_results/v4p2_followups_20260806/pseudo65/gp_window_ensemble_20260806/runs/window_2p25eq2p5/draw_00/attempt_01/results_single.csv,1,1,1,1,single_attempt_outside_55_75MeV,False,,,,,,,window_2p25eq2p5,0
2021,0.145,0.003454396875,0.1372276070312499,0.15277239296875,544779001.7566646,1.64,0.139334789125,0.1506652108749999,0.0113304217499999,0.0,1.0,8000,0.000125,True,6301.8332920430075,2.5905887217774258e-06,0.4761897342950529,0.0597189627603187,223.60458479274956,3746.610003978673,True,tilde_q_mu,asymptotic,default,sidak_approx,observed,8.23**2 * RBF(length_scale=0.32),0.0258984845999115,0.3531611536351575,0.095636492505252,0.3200498557532609,0.0235440769090105,67.73502071504788,1611.181022653208,392,156,236,416,24,0.04,0.3,0.000625,1.0,1e-08,1e+18,False,False,False,False,12,1.1,15.0,13.59364637611999,7.49725220843698,102.235257387777,92.64999574006994,study_results/v4p2_followups_20260806/pseudo65/gp_window_ensemble_20260806/runs/window_2p25eq2p5/draw_00/attempt_01/results_single.csv,1,1,1,1,single_attempt_outside_55_75MeV,False,,,,,,,window_2p25eq2p5,0
2021,0.146,0.0034780115,0.138174474125,0.1538255258749999,530723198.11642635,1.64,0.1402960611399999,0.15170393886,0.01140787772,0.0,1.0,8000,0.000125,True,6236.1441004661565,2.613455664898471e-06,0.4815490801986631,0.0462660977984551,171.93410966677465,3726.730240037172,True,tilde_q_mu,asymptotic,default,sidak_approx,observed,8.2**2 * RBF(length_scale=0.32),0.0258969480412312,0.3531402005622441,0.0956308183862839,0.3196272786594934,0.0235426800374829,67.2898735607356,1606.0941772947162,391,157,234,416,25,0.04,0.3,0.000625,1.0,1e-08,1e+18,False,False,False,False,12,1.1,15.0,13.576503531059595,7.445906386805,101.53508709279544,91.89943122945206,study_results/v4p2_followups_20260806/pseudo65/gp_window_ensemble_20260806/runs/window_2p25eq2p5/draw_00/attempt_01/results_single.csv,1,1,1,1,single_attempt_outside_55_75MeV,False,,,,,,,window_2p25eq2p5,0
2021,0.147,0.0035017978749999,0.13912095478125,0.1548790452187499,517058895.8195766,1.64,0.141257051485,0.1527429485149999,0.0114858970299999,0.0,1.0,8000,0.000125,True,6141.769006427459,2.623952997840805e-06,0.4874481131852561,0.0314681071241336,121.85566472944598,3687.802153150042,True,tilde_q_mu,asymptotic,default,sidak_approx,observed,8.18**2 * RBF(length_scale=0.319),0.025896687687343,0.353136650281951,0.0956298569658356,0.3193858962516839,0.02354244335213,66.9573743223312,1607.2539262707592,391,159,232,416,25,0.04,0.3,0.000625,1.0,1e-08,1e+18,False,False,False,False,12,1.1,15.0,13.566386949500147,7.3952548410130845,100.84438419563295,91.20626251213426,study_results/v4p2_followups_20260806/pseudo65/gp_window_ensemble_20260806/runs/window_2p25eq2p5/draw_00/attempt_01/results_single.csv,1,1,1,1,single_attempt_outside_55_75MeV,False,,,,,,,window_2p25eq2p5,0
2021,0.148,0.0035257559999999,0.140067049,0.155932951,503681799.08701915,1.64,0.1422177601599999,0.15378223984,0.01156447968,0.0,1.0,8000,0.000125,True,5913.051640003507,2.5758087898268104e-06,0.5,0.0,-146.9755519207796,3647.7529562306536,True,tilde_q_mu,asymptotic,default,sidak_approx,observed,8.15**2 * RBF(length_scale=0.319),0.0258976776701328,0.3531501500472667,0.0956335127195648,0.3189281074729846,0.0235433433364844,66.39564440324311,1607.8632755534518,391,160,231,416,25,0.04,0.3,0.000625,1.0,1e-08,1e+18,False,False,False,False,12,1.1,15.0,13.54642384111822,7.345283584607923,100.16295797192622,90.45665879118825,study_results/v4p2_followups_20260806/pseudo65/gp_window_ensemble_20260806/runs/window_2p25eq2p5/draw_00/attempt_01/results_single.csv,1,1,1,1,single_attempt_outside_55_75MeV,False,,,,,,,window_2p25eq2p5,0
2021,0.149,0.003549885875,0.14101275678125,0.15698724321875,490644352.2917579,1.64,0.143178187165,0.154821812835,0.0116436256699999,0.0,1.0,8000,0.000125,True,5686.569334149668,2.5259060214228727e-06,0.5,0.0,-438.4036495904328,3610.5080750117945,True,tilde_q_mu,asymptotic,default,sidak_approx,observed,8.13**2 * RBF(length_scale=0.319),0.0258998928117245,0.353180356523517,0.0956416926720024,0.3186349975194685,0.0235453571015678,66.13054475067894,1606.8121903287742,391,162,229,416,25,0.04,0.3,0.000625,1.0,1e-08,1e+18,False,False,False,False,12,1.1,15.0,13.532816518559056,7.295979004317872,99.49062278615278,89.75922289881177,study_results/v4p2_followups_20260806/pseudo65/gp_window_ensemble_20260806/runs/window_2p25eq2p5/draw_00/attempt_01/results_single.csv,1,1,1,1,single_attempt_outside_55_75MeV,False,,,,,,,window_2p25eq2p5,0
2021,0.15,0.0035741875,0.141958078125,0.158041921875,477946931.2512179,1.64,0.1441383325,0.1558616675,0.011723335,0.0,1.0,8000,0.000125,True,6407.783174247939,2.9023968446755837e-06,0.3616277798207659,0.3541111855900983,1198.1352273173322,3418.499431897752,True,tilde_q_mu,asymptotic,default,sidak_approx,observed,3.29**2 * RBF(length_scale=0.345),0.0259033086016125,0.3532269354765349,0.0956543063121079,0.3452556572039376,0.0235484623651023,10.814428659646431,1547.7983724643325,390,163,227,416,26,0.04,0.3,0.000625,1.0,1e-08,1e+18,False,False,False,False,12,1.1,15.0,14.66149474436979,7.247327847689178,98.82719792303423,96.59696286329064,study_results/v4p2_followups_20260806/pseudo65/gp_window_ensemble_20260806/runs/window_2p25eq2p5/draw_00/attempt_01/results_single.csv,1,1,1,1,single_attempt_outside_55_75MeV,False,,,,,,,window_2p25eq2p5,0
2021,0.151,0.003598660875,0.14290301303125,0.15909698696875,465470649.96646106,1.64,0.145098196165,0.156901803835,0.0118036076699999,0.0,1.0,8000,0.000125,True,5569.50675549166,2.573163651154339e-06,0.5,0.0,-445.7012508841497,3541.6965726853,True,tilde_q_mu,asymptotic,default,sidak_approx,observed,8.26**2 * RBF(length_scale=0.32),0.0259079011746969,0.3532895614731401,0.0956712655121596,0.3203078768092878,0.0235526374315426,68.16506183027964,1603.0932955121486,390,165,225,416,26,0.04,0.3,0.000625,1.0,1e-08,1e+18,False,False,False,False,12,1.1,15.0,13.599660663918604,7.199317211210392,98.17250742559624,89.00751916760922,study_results/v4p2_followups_20260806/pseudo65/gp_window_ensemble_20260806/runs/window_2p25eq2p5/draw_00/attempt_01/results_single.csv,1,1,1,1,single_attempt_outside_55_75MeV,False,,,,,,,window_2p25eq2p5,0
2021,0.152,0.003623306,0.1438475615,0.1601524385,453362715.5960102,1.64,0.1460577781599999,0.15794222184,0.01188444368,0.0,1.0,8000,0.000125,True,5303.879227875529,2.4993332074021367e-06,0.5,0.0,-850.3518768786738,3505.971677218038,True,tilde_q_mu,asymptotic,default,sidak_approx,observed,8.19**2 * RBF(length_scale=0.319),0.0259136472901786,0.3533679175933457,0.0956924844498192,0.319492114128363,0.0235578611728897,67.13051772648527,1603.4511386227884,390,166,224,416,26,0.04,0.3,0.000625,1.0,1e-08,1e+18,False,False,False,False,12,1.1,15.0,13.562017017743235,7.151934528902247,97.5263799395761,88.17696162796157,study_results/v4p2_followups_20260806/pseudo65/gp_window_ensemble_20260806/runs/window_2p25eq2p5/draw_00/attempt_01/results_single.csv,1,1,1,1,single_attempt_outside_55_75MeV,False,,,,,,,window_2p25eq2p5,0
2021,0.153,0.003648122875,0.14479172353125,0.16120827646875,441644549.5313737,1.64,0.147017078485,0.158982921515,0.0119658430299999,0.0,1.0,8000,0.000125,True,5334.860229120748,2.5637676413827244e-06,0.5,0.0,-662.0182674559708,3467.638417060387,True,tilde_q_mu,asymptotic,default,sidak_approx,observed,8.23**2 * RBF(length_scale=0.32),0.0259205243112793,0.3534616951538094,0.0957178795332425,0.3199731275005356,0.0235641130102539,67.76948808491835,1602.5559715868355,390,168,222,416,26,0.04,0.3,0.000625,1.0,1e-08,1e+18,False,False,False,False,12,1.1,15.0,13.578831817743312,7.105167561352867,96.88864856390272,87.70897759317815,study_results/v4p2_followups_20260806/pseudo65/gp_window_ensemble_20260806/runs/window_2p25eq2p5/draw_00/attempt_01/results_single.csv,1,1,1,1,single_attempt_outside_55_75MeV,False,,,,,,,window_2p25eq2p5,0
2021,0.154,0.0036731115,0.145735499125,0.162264500875,430164399.9517347,1.64,0.1479760971399999,0.16002390286,0.01204780572,0.0,1.0,8000,0.000125,True,5578.220546002425,2.734389744250058e-06,0.5,0.0,-155.63891364720402,3445.231426793907,True,tilde_q_mu,asymptotic,default,sidak_approx,observed,8.26**2 * RBF(length_scale=0.32),0.0259285101857464,0.3535705934419964,0.0957473693290902,0.3201600936091647,0.023571372896133,68.161541683585,1599.5558521168211,389,169,220,416,27,0.04,0.3,0.000625,1.0,1e-08,1e+18,False,False,False,False,12,1.1,15.0,13.582581507659546,7.0590043851776345,96.25915070696774,87.16318402236489,study_results/v4p2_followups_20260806/pseudo65/gp_window_ensemble_20260806/runs/window_2p25eq2p5/draw_00/attempt_01/results_single.csv,1,1,1,1,single_attempt_outside_55_75MeV,False,,,,,,,window_2p25eq2p5,0
2021,0.155,0.003698271875,0.14667888828125,0.16332111171875,419006242.6242384,1.64,0.148934834125,0.161065165875,0.01213033175,0.0,1.0,8000,0.000125,True,5915.598499581617,2.957783763479041e-06,0.4389350500885946,0.1536697972462167,521.406350851762,3395.703666330055,True,tilde_q_mu,asymptotic,default,sidak_approx,observed,8.23**2 * RBF(length_scale=0.32),0.0259375834271065,0.3536943194605435,0.0957808744933012,0.319732216342677,0.0235796212973695,67.67890100625434,1604.9102241384232,390,171,219,416,26,0.04,0.3,0.000625,1.0,1e-08,1e+18,False,False,False,False,12,1.1,15.0,13.559684114958404,7.01343338288414,95.63772794842008,86.45449203019368,study_results/v4p2_followups_20260806/pseudo65/gp_window_ensemble_20260806/runs/window_2p25eq2p5/draw_00/attempt_01/results_single.csv,1,1,1,1,single_attempt_outside_55_75MeV,False,,,,,,,window_2p25eq2p5,0
2021,0.156,0.003723604,0.147621891,0.164378109,408018948.64312065,1.64,0.14989328944,0.16210671056,0.01221342112,0.0,1.0,8000,0.000125,True,6563.256328148314,3.348377054883575e-06,0.323415820806022,0.4581681481269558,1518.5458302805507,3375.6030206113123,True,tilde_q_mu,asymptotic,default,sidak_approx,observed,8.23**2 * RBF(length_scale=0.32),0.0259477230966391,0.353832587681443,0.0958183177045254,0.3197939771124904,0.0235888391787628,67.74607685164891,1600.9018006627068,389,172,217,416,27,0.04,0.3,0.000625,1.0,1e-08,1e+18,False,False,False,False,12,1.1,15.0,13.557003576522002,6.968443233125529,95.0242259062572,85.88291803115757,study_results/v4p2_followups_20260806/pseudo65/gp_window_ensemble_20260806/runs/window_2p25eq2p5/draw_00/attempt_01/results_single.csv,1,1,1,1,single_attempt_outside_55_75MeV,False,,,,,,,window_2p25eq2p5,0
2021,0.157,0.003749107875,0.14856450728125,0.16543549271875,397354285.67265946,1.64,0.150851463085,0.163148536915,0.01229707383,0.0,1.0,8000,0.000125,True,7313.596531090138,3.806916630806885e-06,0.2201025069531739,0.7718470626284888,2576.912973494191,3338.8961922087633,True,tilde_q_mu,asymptotic,default,sidak_approx,observed,8.3**2 * RBF(length_scale=0.321),0.0259589087860322,0.3539851198095312,0.0958596236000764,0.3207463209836191,0.023599007987302,68.96713049864371,1599.5661173678125,389,174,215,416,27,0.04,0.3,0.000625,1.0,1e-08,1e+18,False,False,False,False,12,1.1,15.0,13.591517116151794,6.924022901323501,94.41849410895684,85.55270525087761,study_results/v4p2_followups_20260806/pseudo65/gp_window_ensemble_20260806/runs/window_2p25eq2p5/draw_00/attempt_01/results_single.csv,1,1,1,1,single_attempt_outside_55_75MeV,False,,,,,,,window_2p25eq2p5,0
2021,0.158,0.0037747835,0.149506737125,0.166493262875,387039666.85970527,1.64,0.15180935506,0.16419064494,0.0123812898799999,0.0,1.0,8000,0.000125,True,7882.062221903289,4.185498752375814e-06,0.1566034532237203,1.0085158001054937,3332.931830961826,3305.0173545802186,True,tilde_q_mu,asymptotic,default,sidak_approx,observed,8.28**2 * RBF(length_scale=0.32),0.0259711206006934,0.3541516445549109,0.0959047187143026,0.3204144550349463,0.023610109636994,68.52313124324428,1599.5940190311728,389,175,214,416,27,0.04,0.3,0.000625,1.0,1e-08,1e+18,False,False,False,False,12,1.1,15.0,13.571070188208587,6.880161630645431,93.82038587243768,84.88286945064435,study_results/v4p2_followups_20260806/pseudo65/gp_window_ensemble_20260806/runs/window_2p25eq2p5/draw_00/attempt_01/results_single.csv,1,1,1,1,single_attempt_outside_55_75MeV,False,,,,,,,window_2p25eq2p5,0
2021,0.159,0.003800630875,0.15044858053125,0.16755141946875,376812670.72105056,1.64,0.152766965365,0.165233034635,0.0124660692699999,0.0,1.0,8000,0.000125,True,8382.756758249998,4.543433377955925e-06,0.1135788926211819,1.2077127156362648,3959.144170633547,3276.276916980919,True,tilde_q_mu,asymptotic,default,sidak_approx,observed,8.21**2 * RBF(length_scale=0.32),0.0259843391436889,0.3543318974139398,0.0959535314192792,0.3196001651179561,0.0236221264942626,67.46815811081086,1599.3210626084922,389,177,212,416,27,0.04,0.3,0.000625,1.0,1e-08,1e+18,False,False,False,False,12,1.1,15.0,13.529694932231468,6.836848933320556,93.22975818164392,84.0913457868902,study_results/v4p2_followups_20260806/pseudo65/gp_window_ensemble_20260806/runs/window_2p25eq2p5/draw_00/attempt_01/results_single.csv,1,1,1,1,single_attempt_outside_55_75MeV,False,,,,,,,window_2p25eq2p5,0
2021,0.16,0.00382665,0.1513900375,0.1686099625,367005424.0565123,1.64,0.153724294,0.166275706,0.0125514119999999,0.0,1.0,8000,0.000125,True,8577.837867411457,4.743569738164435e-06,0.0977207566903744,1.2946484997818977,4216.080026163379,3256.3739417897755,True,tilde_q_mu,asymptotic,default,sidak_approx,observed,8.25**2 * RBF(length_scale=0.32),0.0259985455002782,0.3545256204583391,0.0960059918676979,0.3200612698706716,0.0236350413638892,68.01866242630288,1594.560706711114,388,178,210,416,28,0.04,0.3,0.000625,1.0,1e-08,1e+18,False,False,False,False,12,1.1,15.0,13.541811285326382,6.7940745822790705,92.64647157653278,83.64006895605075,study_results/v4p2_followups_20260806/pseudo65/gp_window_ensemble_20260806/runs/window_2p25eq2p5/draw_00/attempt_01/results_single.csv,1,1,1,1,single_attempt_outside_55_75MeV,False,,,,,,,window_2p25eq2p5,0
2021,0.161,0.003852840875,0.15233110803125,0.16966889196875,357410945.39902496,1.64,0.154681340965,0.167318659035,0.01263731807,0.0,1.0,8000,0.000125,True,8210.138009884318,4.633153140881868e-06,0.1134727892601074,1.2082643968824316,3878.308856645266,3210.865104303022,True,tilde_q_mu,asymptotic,default,sidak_approx,observed,8.22**2 * RBF(length_scale=0.32),0.0260137212230255,0.3547325621321662,0.0960620319378876,0.3197767592299594,0.0236488374754777,67.57607274713007,1599.8301236037448,389,180,209,416,27,0.04,0.3,0.000625,1.0,1e-08,1e+18,False,False,False,False,12,1.1,15.0,13.521880708155164,6.751828603101996,92.07039004229992,82.99765539368646,study_results/v4p2_followups_20260806/pseudo65/gp_window_ensemble_20260806/runs/window_2p25eq2p5/draw_00/attempt_01/results_single.csv,1,1,1,1,single_attempt_outside_55_75MeV,False,,,,,,,window_2p25eq2p5,0
2021,0.162,0.0038792035,0.153271792125,0.170728207875,348034765.9525295,1.64,0.15563810626,0.16836189374,0.01272378748,0.0,1.0,8000,0.000125,True,7785.696917494373,4.484146287092691e-06,0.1421286190903892,1.0708047333595274,3419.535781366222,3193.022273320362,True,tilde_q_mu,asymptotic,default,sidak_approx,observed,8.23**2 * RBF(length_scale=0.32),0.0260298483174566,0.3549524770562273,0.0961215851808485,0.3198186215115206,0.0236634984704151,67.652817914625,1595.0779914909565,388,181,207,416,28,0.04,0.3,0.000625,1.0,1e-08,1e+18,False,False,False,False,12,1.1,15.0,13.515272135748136,6.710101266266818,91.50138090363842,82.44440424729473,study_results/v4p2_followups_20260806/pseudo65/gp_window_ensemble_20260806/runs/window_2p25eq2p5/draw_00/attempt_01/results_single.csv,1,1,1,1,single_attempt_outside_55_75MeV,False,,,,,,,window_2p25eq2p5,0
2021,0.163,0.003905737875,0.15421208978125,0.17178791021875,338899709.6922806,1.64,0.156594589885,0.169405410115,0.01281082023,0.0,1.0,8000,0.000125,True,7117.743532042834,4.184113493540822e-06,0.1974562492528961,0.8507423388477809,2683.014638368123,3161.8473421629706,True,tilde_q_mu,asymptotic,default,sidak_approx,observed,8.25**2 * RBF(length_scale=0.32),0.0260469092282431,0.3551851258396787,0.0961845867692335,0.3200153816658919,0.0236790083893119,68.02254903240832,1595.3590624726628,388,183,205,416,28,0.04,0.3,0.000625,1.0,1e-08,1e+18,False,False,False,False,12,1.1,15.0,13.514729012484256,6.668883079677514,90.93931472287518,81.93467967071186,study_results/v4p2_followups_20260806/pseudo65/gp_window_ensemble_20260806/runs/window_2p25eq2p5/draw_00/attempt_01/results_single.csv,1,1,1,1,single_attempt_outside_55_75MeV,False,,,,,,,window_2p25eq2p5,0
2021,0.164,0.003932444,0.155152001,0.172847999,329984866.4340829,1.64,0.15755079184,0.17044920816,0.0128984163199999,0.0,1.0,8000,0.000125,True,6298.134196187886,3.7791485295414575e-06,0.2999567242024448,0.5245249824501741,1658.8541766864043,3144.06636598312,True,tilde_q_mu,asymptotic,default,sidak_approx,observed,8.22**2 * RBF(length_scale=0.32),0.0260648868258862,0.3554302748984483,0.096250973448177,0.3196676782090172,0.0236953516598965,67.5262875443889,1590.501024448106,387,184,203,416,29,0.04,0.3,0.000625,1.0,1e-08,1e+18,False,False,False,False,12,1.1,15.0,13.49073365938021,6.6281647814657285,90.38406520180536,81.28982337930742,study_results/v4p2_followups_20260806/pseudo65/gp_window_ensemble_20260806/runs/window_2p25eq2p5/draw_00/attempt_01/results_single.csv,1,1,1,1,single_attempt_outside_55_75MeV,False,,,,,,,window_2p25eq2p5,0
2021,0.165,0.003959321875,0.15609152578125,0.17390847421875,321257494.71634173,1.64,0.158506712125,0.171493287875,0.01298657575,0.0,1.0,8000,0.000125,True,5603.143924146116,3.432531154009042e-06,0.4009612839692779,0.2508597194748862,778.5405520611091,3100.154666909121,True,tilde_q_mu,asymptotic,default,sidak_approx,observed,8.2**2 * RBF(length_scale=0.319),0.0260837643938859,0.3556876962802624,0.0963206834879114,0.3193938049502649,0.0237125130853508,67.26218687083946,1595.924908831849,388,186,202,416,28,0.04,0.3,0.000625,1.0,1e-08,1e+18,False,False,False,False,12,1.1,15.0,13.469420293017391,6.587937333053001,89.83550908708638,80.66881527540998,study_results/v4p2_followups_20260806/pseudo65/gp_window_ensemble_20260806/runs/window_2p25eq2p5/draw_00/attempt_01/results_single.csv,1,1,1,1,single_attempt_outside_55_75MeV,False,,,,,,,window_2p25eq2p5,0
2021,0.166,0.0039863715,0.157030664125,0.174969335875,312800005.7109213,1.64,0.15946235074,0.17253764926,0.01307529852,0.0,1.0,8000,0.000125,True,4893.107580497181,3.0600593238625236e-06,0.4999513009912829,0.0001220703125,-295.9605517407827,3079.8927703983813,True,tilde_q_mu,asymptotic,default,sidak_approx,observed,8.24**2 * RBF(length_scale=0.32),0.0261035256163684,0.3559571674959338,0.09639365663808,0.3199025908197276,0.0237304778330622,67.86965050434416,1593.051193615867,387,187,200,416,29,0.04,0.3,0.000625,1.0,1e-08,1e+18,False,False,False,False,12,1.1,15.0,13.48066368785994,6.548191912461868,89.29352607902545,80.24906630496622,study_results/v4p2_followups_20260806/pseudo65/gp_window_ensemble_20260806/runs/window_2p25eq2p5/draw_00/attempt_01/results_single.csv,1,1,1,1,single_attempt_outside_55_75MeV,False,,,,,,,window_2p25eq2p5,0
2021,0.167,0.004013592875,0.15796941603125,0.17603058396875,304614329.32244956,1.64,0.160417707685,0.173582292315,0.0131645846299999,0.0,1.0,8000,0.000125,True,4242.252370836761,2.7080060039075975e-06,0.4999513009912829,0.0001220703125,-1593.4486698953258,3044.567586260042,True,tilde_q_mu,asymptotic,default,sidak_approx,observed,8.35**2 * RBF(length_scale=0.321),0.0261241545661564,0.3562384713566791,0.0964698340836822,0.3213562677288485,0.0237492314237786,69.69357504167455,1596.69945117077,387,189,198,416,29,0.04,0.3,0.000625,1.0,1e-08,1e+18,False,False,False,False,12,1.1,15.0,13.531228105642812,6.508919907865958,88.7579987436267,80.06698181335805,study_results/v4p2_followups_20260806/pseudo65/gp_window_ensemble_20260806/runs/window_2p25eq2p5/draw_00/attempt_01/results_single.csv,1,1,1,1,single_attempt_outside_55_75MeV,False,,,,,,,window_2p25eq2p5,0
2021,0.168,0.004040986,0.1589077815,0.1770922185,296547392.151297,1.64,0.16137278296,0.17462721704,0.0132544340799999,0.0,1.0,8000,0.000125,True,3895.0951188221734,2.538835713300036e-06,0.5,0.0,-2480.050599014011,3010.4023797902955,True,tilde_q_mu,asymptotic,default,sidak_approx,observed,8.36**2 * RBF(length_scale=0.322),0.0261456356932645,0.3565313958172433,0.0965491584025916,0.3215628956950013,0.0237687597211495,69.95603522096403,1596.8319899502592,387,190,197,416,29,0.04,0.3,0.000625,1.0,1e-08,1e+18,False,False,False,False,12,1.1,15.0,13.528804172683571,6.470112911369777,88.22881242776968,79.57535504824844,study_results/v4p2_followups_20260806/pseudo65/gp_window_ensemble_20260806/runs/window_2p25eq2p5/draw_00/attempt_01/results_single.csv,1,1,1,1,single_attempt_outside_55_75MeV,False,,,,,,,window_2p25eq2p5,0
2021,0.169,0.004068550875,0.15984576053125,0.17815423946875,288615660.9608933,1.64,0.162327576565,0.175672423435,0.0133448468699999,0.0,1.0,8000,0.000125,True,3606.0676774661138,2.400751436314678e-06,0.5,0.0,-3395.489229922966,2977.2644753577606,True,tilde_q_mu,asymptotic,default,sidak_approx,observed,8.43**2 * RBF(length_scale=0.322),0.026167953813799,0.356835733824532,0.0966315735245651,0.3222961326164748,0.0237890489216354,71.05180849428056,1597.5726436342454,387,192,195,416,29,0.04,0.3,0.000625,1.0,1e-08,1e+18,False,False,False,False,12,1.1,15.0,13.548088184532483,6.431762713007495,87.70585517737493,79.21644401619403,study_results/v4p2_followups_20260806/pseudo65/gp_window_ensemble_20260806/runs/window_2p25eq2p5/draw_00/attempt_01/results_single.csv,1,1,1,1,single_attempt_outside_55_75MeV,False,,,,,,,window_2p25eq2p5,0
2021,0.17,0.0040962875,0.160783353125,0.179216646875,280901072.63455325,1.64,0.1632820885,0.1767179115,0.013435823,0.0,1.0,8000,0.000125,True,3492.0186085710347,2.3746201703609396e-06,0.5,0.0,-3785.9235002300434,2958.9500361228775,True,tilde_q_mu,asymptotic,default,sidak_approx,observed,8.35**2 * RBF(length_scale=0.321),0.026191094099248,0.3571512831715639,0.0967170246916933,0.3214740341839362,0.0238100855447709,69.80587421561545,1594.1217403769333,386,193,193,416,30,0.04,0.3,0.000625,1.0,1e-08,1e+18,False,False,False,False,12,1.1,15.0,13.501590894306425,6.39386129495257,87.18901765844413,78.47936312671808,study_results/v4p2_followups_20260806/pseudo65/gp_window_ensemble_20260806/runs/window_2p25eq2p5/draw_00/attempt_01/results_single.csv,1,1,1,1,single_attempt_outside_55_75MeV,False,,,,,,,window_2p25eq2p5,0
2021,0.171,0.004124195875,0.16172055928125,0.18027944071875,273501986.67337126,1.64,0.164236318765,0.177763681235,0.01352736247,0.0,1.0,8000,0.000125,True,3363.1024778535248,2.3350889427008493e-06,0.4999513009912829,0.0001220703125,-4107.559063385377,2915.457529628367,True,tilde_q_mu,asymptotic,default,sidak_approx,observed,8.33**2 * RBF(length_scale=0.321),0.0262150420661463,0.3574778463565409,0.0968054584202363,0.321224586060585,0.0238318564237693,69.45387181790117,1599.715725066071,387,195,192,416,29,0.04,0.3,0.000625,1.0,1e-08,1e+18,False,False,False,False,12,1.1,15.0,13.478789916684894,6.356400825929815,86.67819308086109,77.88781032631846,study_results/v4p2_followups_20260806/pseudo65/gp_window_ensemble_20260806/runs/window_2p25eq2p5/draw_00/attempt_01/results_single.csv,1,1,1,1,single_attempt_outside_55_75MeV,False,,,,,,,window_2p25eq2p5,0
2021,0.172,0.004152276,0.162657379,0.1813426209999999,266350991.61926585,1.64,0.1651902673599999,0.17880973264,0.01361946528,0.0,1.0,8000,0.000125,True,3222.954059641519,2.2845005777548865e-06,0.4999513009912829,0.0001220703125,-4705.165460989974,2894.105090886664,True,tilde_q_mu,asymptotic,default,sidak_approx,observed,8.39**2 * RBF(length_scale=0.322),0.0262397835660971,0.3578152304467796,0.0968968224637768,0.3218858595583426,0.0238543486964519,70.37599982859322,1595.6334191246956,386,196,190,416,30,0.04,0.3,0.000625,1.0,1e-08,1e+18,False,False,False,False,12,1.1,15.0,13.493802059086144,6.31937365582085,86.17327712482977,77.52034295368193,study_results/v4p2_followups_20260806/pseudo65/gp_window_ensemble_20260806/runs/window_2p25eq2p5/draw_00/attempt_01/results_single.csv,1,1,1,1,single_attempt_outside_55_75MeV,False,,,,,,,window_2p25eq2p5,0
2021,0.173,0.004180527875,0.1635938122812499,0.18240618771875,259386988.21142492,1.64,0.166143934285,0.1798560657149999,0.0137121314299999,0.0,1.0,8000,0.000125,True,3188.7892228739997,2.3075517315836413e-06,0.5,0.0,-4664.241032315971,2864.6870478287974,True,tilde_q_mu,asymptotic,default,sidak_approx,observed,8.37**2 * RBF(length_scale=0.322),0.0262653047761392,0.3581632469473539,0.0969910657776472,0.321713926404218,0.0238775497964902,70.07825961810872,1596.5847654901004,386,198,188,416,30,0.04,0.3,0.000625,1.0,1e-08,1e+18,False,False,False,False,12,1.1,15.0,13.473489916101292,6.282772310455958,85.67416786985397,76.95533579098978,study_results/v4p2_followups_20260806/pseudo65/gp_window_ensemble_20260806/runs/window_2p25eq2p5/draw_00/attempt_01/results_single.csv,1,1,1,1,single_attempt_outside_55_75MeV,False,,,,,,,window_2p25eq2p5,0
2021,0.174,0.0042089515,0.1645298591249999,0.183470140875,252502277.02987137,1.64,0.1670973195399999,0.18090268046,0.01380536092,0.0,1.0,8000,0.000125,True,3280.0779818023193,2.4243177642805486e-06,0.5,0.0,-4036.13608839328,2848.0154747952683,True,tilde_q_mu,asymptotic,default,sidak_approx,observed,8.28**2 * RBF(length_scale=0.321),0.0262915921894454,0.3585217116742556,0.0970881384845824,0.320645607393356,0.0239014474449503,68.55514643544522,1592.0813143085356,385,199,186,416,31,0.04,0.3,0.000625,1.0,1e-08,1e+18,False,False,False,False,12,1.1,15.0,13.415321734462506,6.246589486584821,85.18076572615664,76.1818251869512,study_results/v4p2_followups_20260806/pseudo65/gp_window_ensemble_20260806/runs/window_2p25eq2p5/draw_00/attempt_01/results_single.csv,1,1,1,1,single_attempt_outside_55_75MeV,False,,,,,,,window_2p25eq2p5,0
2021,0.175,0.0042375468749999,0.16546551953125,0.1845344804687499,245918579.9416027,1.64,0.168050423125,0.181949576875,0.01389915375,0.0,1.0,8000,0.000125,True,3424.400534885767,2.583896342868761e-06,0.5,0.0,-3104.667348985676,2808.990037937717,True,tilde_q_mu,asymptotic,default,sidak_approx,observed,8.22**2 * RBF(length_scale=0.32),0.0263186326063351,0.358890444631843,0.0971879918415323,0.3199371373096918,0.0239260296421228,67.58664815341875,1597.6810862529796,386,201,185,416,30,0.04,0.3,0.000625,1.0,1e-08,1e+18,False,False,False,False,12,1.1,15.0,13.371927649309097,6.210818047018103,84.69297336842865,75.50055415249933,study_results/v4p2_followups_20260806/pseudo65/gp_window_ensemble_20260806/runs/window_2p25eq2p5/draw_00/attempt_01/results_single.csv,1,1,1,1,single_attempt_outside_55_75MeV,False,,,,,,,window_2p25eq2p5,0
2021,0.176,0.004266314,0.1664007934999999,0.1855992065,239463041.25493088,1.64,0.16900324504,0.1829967549599999,0.0139935099199999,0.0,1.0,8000,0.000125,True,3606.878788856183,2.7790752611322364e-06,0.5,0.0,-2303.4861946162287,2789.460055156252,True,tilde_q_mu,asymptotic,default,sidak_approx,observed,8.26**2 * RBF(length_scale=0.32),0.0263464131255956,0.3592692698944855,0.0972905782076107,0.3204313399355455,0.0239512846596323,68.29084710451198,1593.9324305423563,385,202,183,416,31,0.04,0.3,0.000625,1.0,1e-08,1e+18,False,False,False,False,12,1.1,15.0,13.37846151006682,6.175451015934506,84.21069567183416,75.10730338543893,study_results/v4p2_followups_20260806/pseudo65/gp_window_ensemble_20260806/runs/window_2p25eq2p5/draw_00/attempt_01/results_single.csv,1,1,1,1,single_attempt_outside_55_75MeV,False,,,,,,,window_2p25eq2p5,0
2021,0.177,0.004295252875,0.16733568103125,0.18666431896875,233151670.99112496,1.64,0.169955785285,0.184044214715,0.0140884294299999,0.0,1.0,8000,0.000125,True,4010.339877526395,3.155653454480277e-06,0.5,0.0,-1038.945291386431,2761.6202909833137,True,tilde_q_mu,asymptotic,default,sidak_approx,observed,8.26**2 * RBF(length_scale=0.32),0.026374921136093,0.359658015492178,0.0973958510131203,0.3203716900926118,0.0239772010328118,68.19026326895546,1594.3021487659475,385,204,181,416,31,0.04,0.3,0.000625,1.0,1e-08,1e+18,False,False,False,False,12,1.1,15.0,13.361513283147422,6.140481574345738,83.73383965016914,74.58738738231142,study_results/v4p2_followups_20260806/pseudo65/gp_window_ensemble_20260806/runs/window_2p25eq2p5/draw_00/attempt_01/results_single.csv,1,1,1,1,single_attempt_outside_55_75MeV,False,,,,,,,window_2p25eq2p5,0
2021,0.178,0.0043243635,0.168270182125,0.1877298178749999,227019370.79188985,1.64,0.17090804386,0.1850919561399999,0.0141839122799999,0.0,1.0,8000,0.000125,True,4762.9349485024995,3.827468755292879e-06,0.4516741986769336,0.1214325993835533,420.94266547459114,2733.628759298183,True,tilde_q_mu,asymptotic,default,sidak_approx,observed,8.22**2 * RBF(length_scale=0.32),0.0264041443086661,0.3600565132999933,0.0975037647296154,0.3198701937610925,0.0240037675533328,67.52887299754272,1594.0755473676986,385,205,180,416,31,0.04,0.3,0.000625,1.0,1e-08,1e+18,False,False,False,False,12,1.1,15.0,13.325832832299652,6.105903055713559,83.26231439609397,73.969312191515,study_results/v4p2_followups_20260806/pseudo65/gp_window_ensemble_20260806/runs/window_2p25eq2p5/draw_00/attempt_01/results_single.csv,1,1,1,1,single_attempt_outside_55_75MeV,False,,,,,,,window_2p25eq2p5,0
2021,0.179,0.004353645875,0.1692042967812499,0.18879570321875,220993245.42708975,1.64,0.1718600207649999,0.186139979235,0.01427995847,0.0,1.0,8000,0.000125,True,5561.046682258022,4.565038367873931e-06,0.2755563841089163,0.5960934970200228,1614.587568371208,2708.0392654328457,True,tilde_q_mu,asymptotic,default,sidak_approx,observed,8.2**2 * RBF(length_scale=0.32),0.0264340705882899,0.3604645989312272,0.0976142748409662,0.3197095887466784,0.0240309732620818,67.31496211249681,1594.63761940235,385,207,178,416,31,0.04,0.3,0.000625,1.0,1e-08,1e+18,False,False,False,False,12,1.1,15.0,13.304063271176137,6.0717089417131325,82.79603102336088,73.43490902247036,study_results/v4p2_followups_20260806/pseudo65/gp_window_ensemble_20260806/runs/window_2p25eq2p5/draw_00/attempt_01/results_single.csv,1,1,1,1,single_attempt_outside_55_75MeV,False,,,,,,,window_2p25eq2p5,0
2021,0.18,0.0043831,0.170138025,0.189861975,215155115.9948604,1.64,0.172811716,0.1871882839999999,0.0143765679999999,0.0,1.0,8000,0.000125,True,6379.745775578219,5.349326580138375e-06,0.1608865492143786,0.9908207844305016,2667.8321442940987,2691.6761731267934,True,tilde_q_mu,asymptotic,default,sidak_approx,observed,8.21**2 * RBF(length_scale=0.32),0.0264646881865,0.360882111634091,0.0977273378153825,0.319771585977147,0.0240588074422727,67.3948184757776,1591.038245361086,384,208,176,416,32,0.04,0.3,0.000625,1.0,1e-08,1e+18,False,False,False,False,12,1.1,15.0,13.291248402249966,6.037892858136936,82.33490261095821,72.95557618515366,study_results/v4p2_followups_20260806/pseudo65/gp_window_ensemble_20260806/runs/window_2p25eq2p5/draw_00/attempt_01/results_single.csv,1,1,1,1,single_attempt_outside_55_75MeV,False,,,,,,,window_2p25eq2p5,0
2021,0.181,0.004412725875,0.1710713667812499,0.19092863321875,209423665.4643851,1.64,0.173763129565,0.1882368704349999,0.0144737408699999,0.0,1.0,8000,0.000125,True,7049.039750632955,6.0387291387973984e-06,0.093515968720956,1.3194104278791767,3501.2883786727693,2656.084088445924,True,tilde_q_mu,asymptotic,default,sidak_approx,observed,8.18**2 * RBF(length_scale=0.319),0.0264959855740647,0.3613088941917919,0.0978429110783556,0.3193866752233102,0.0240872596127861,66.87237059995151,1596.351153442392,385,210,175,416,31,0.04,0.3,0.000625,1.0,1e-08,1e+18,False,False,False,False,12,1.1,15.0,13.259568766127789,6.004448570933435,81.87884414909227,72.37854429906326,study_results/v4p2_followups_20260806/pseudo65/gp_window_ensemble_20260806/runs/window_2p25eq2p5/draw_00/attempt_01/results_single.csv,1,1,1,1,single_attempt_outside_55_75MeV,False,,,,,,,window_2p25eq2p5,0
2021,0.182,0.0044425235,0.172004322125,0.191995677875,203890389.41582435,1.64,0.17471426146,0.18928573854,0.01457147708,0.0,1.0,8000,0.000125,True,7217.681711655776,6.316107384996884e-06,0.080291595135322,1.403112848777236,3708.6206910752385,2641.028388711025,True,tilde_q_mu,asymptotic,default,sidak_approx,observed,8.21**2 * RBF(length_scale=0.32),0.0265279514739,0.3617447928259099,0.0979609529864923,0.3197556209680485,0.0241163195217273,67.40395058844734,1591.925984029849,384,211,173,416,32,0.04,0.3,0.000625,1.0,1e-08,1e+18,False,False,False,False,12,1.1,15.0,13.258889719053869,5.971369982376021,81.42777248694574,71.97612369817482,study_results/v4p2_followups_20260806/pseudo65/gp_window_ensemble_20260806/runs/window_2p25eq2p5/draw_00/attempt_01/results_single.csv,1,1,1,1,single_attempt_outside_55_75MeV,False,,,,,,,window_2p25eq2p5,0
2021,0.183,0.004472492875,0.1729368910312499,0.19306310896875,198621214.40460417,1.64,0.1756651116849999,0.190334888315,0.01466977663,0.0,1.0,8000,0.000125,True,7033.264501414604,6.283478736179595e-06,0.08835601422081,1.35094819413452,3539.708200888344,2617.6751034972817,True,tilde_q_mu,asymptotic,default,sidak_approx,observed,8.22**2 * RBF(length_scale=0.32),0.0265605748542153,0.3621896571029359,0.098081422802206,0.3199197794256458,0.0241459771401957,67.63088668064638,1592.6711150710044,384,213,171,416,32,0.04,0.3,0.000625,1.0,1e-08,1e+18,False,False,False,False,12,1.1,15.0,13.249402895071762,5.938651127357089,80.98160628214212,71.53052858147836,study_results/v4p2_followups_20260806/pseudo65/gp_window_ensemble_20260806/runs/window_2p25eq2p5/draw_00/attempt_01/results_single.csv,1,1,1,1,single_attempt_outside_55_75MeV,False,,,,,,,window_2p25eq2p5,0
2021,0.184,0.004502634,0.1738690735,0.1941309265,193360941.65798712,1.64,0.17661568024,0.19138431976,0.01476863952,0.0,1.0,8000,0.000125,True,6512.526098946479,5.944055056393315e-06,0.1265208439596263,1.142992541156171,2976.8380640647997,2603.438180836967,True,tilde_q_mu,asymptotic,default,sidak_approx,observed,8.24**2 * RBF(length_scale=0.32),0.026593844921878,0.3626433398437911,0.0982042806692136,0.3200603364556683,0.0241762226562527,67.84506060497364,1590.990432880822,383,214,169,416,33,0.04,0.3,0.000625,1.0,1e-08,1e+18,False,False,False,False,12,1.1,15.0,13.238641164354537,5.906286169801502,80.54026595183866,71.08291201453822,study_results/v4p2_followups_20260806/pseudo65/gp_window_ensemble_20260806/runs/window_2p25eq2p5/draw_00/attempt_01/results_single.csv,1,1,1,1,single_attempt_outside_55_75MeV,False,,,,,,,window_2p25eq2p5,0
2021,0.185,0.004532946875,0.1748008695312499,0.19519913046875,188216407.4390779,1.64,0.177565967125,0.192434032875,0.0148680657499999,0.0,1.0,8000,0.000125,True,5949.198379186574,5.548162402388616e-06,0.1775111179256617,0.9248917165086676,2374.3700565101467,2570.4971342964755,True,tilde_q_mu,asymptotic,default,sidak_approx,observed,8.2**2 * RBF(length_scale=0.32),0.0266277511159985,0.3631056970363433,0.0983294875888454,0.3196120561569457,0.0242070464690895,67.23015863652886,1594.1753177060891,384,216,168,416,32,0.04,0.3,0.000625,1.0,1e-08,1e+18,False,False,False,False,12,1.1,15.0,13.20326527918491,5.874269399197075,80.10367362541467,70.50867018090649,study_results/v4p2_followups_20260806/pseudo65/gp_window_ensemble_20260806/runs/window_2p25eq2p5/draw_00/attempt_01/results_single.csv,1,1,1,1,single_attempt_outside_55_75MeV,False,,,,,,,window_2p25eq2p5,0
2021,0.186,0.0045634315,0.175732279125,0.196267720875,183203373.0638776,1.64,0.17851597234,0.19348402766,0.01496805532,0.0,1.0,8000,0.000125,True,5189.97281407558,4.945823289951745e-06,0.287184877184457,0.5616276254607422,1436.8126833018996,2559.1440155939044,True,tilde_q_mu,asymptotic,default,sidak_approx,observed,8.12**2 * RBF(length_scale=0.319),0.0266622831017154,0.3635765877506647,0.0984570053970965,0.3185293439025161,0.0242384391833776,65.88291678649789,1588.153974878985,383,217,166,416,33,0.04,0.3,0.000625,1.0,1e-08,1e+18,False,False,False,False,12,1.1,15.0,13.14149568347448,5.84259522723534,79.67175309866373,69.80039996272893,study_results/v4p2_followups_20260806/pseudo65/gp_window_ensemble_20260806/runs/window_2p25eq2p5/draw_00/attempt_01/results_single.csv,1,1,1,1,single_attempt_outside_55_75MeV,False,,,,,,,window_2p25eq2p5,0
2021,0.187,0.004594087875,0.17666330228125,0.19733669771875,178278504.14348978,1.64,0.179465695885,0.194534304115,0.01506860823,0.0,1.0,8000,0.000125,True,4436.509838867638,4.32136333752393e-06,0.4348636586711308,0.1640048606983799,415.98180994024943,2536.748457229378,True,tilde_q_mu,asymptotic,default,sidak_approx,observed,8.09**2 * RBF(length_scale=0.318),0.0266974307641825,0.3640558740570343,0.0985867967424219,0.3182579521796516,0.0242703916038022,65.52612261590025,1588.347929336525,383,219,164,416,33,0.04,0.3,0.000625,1.0,1e-08,1e+18,False,False,False,False,12,1.1,15.0,13.113012652411928,5.811258184560199,79.24442978945724,69.27554736415476,study_results/v4p2_followups_20260806/pseudo65/gp_window_ensemble_20260806/runs/window_2p25eq2p5/draw_00/attempt_01/results_single.csv,1,1,1,1,single_attempt_outside_55_75MeV,False,,,,,,,window_2p25eq2p5,0
2021,0.188,0.004624916,0.177593939,0.198406061,173567784.67781383,1.64,0.18041513776,0.19558486224,0.0151697244799999,0.0,1.0,8000,0.000125,True,3827.945591792844,3.809418694335015e-06,0.5,0.0,-549.3003638986163,2511.1276331784884,True,tilde_q_mu,asymptotic,default,sidak_approx,observed,8.1**2 * RBF(length_scale=0.318),0.0267331842027451,0.3645434209465248,0.0987188250642313,0.318393400273219,0.0243028947297683,65.67002697750361,1588.9079893062117,383,220,163,416,33,0.04,0.3,0.000625,1.0,1e-08,1e+18,False,False,False,False,12,1.1,15.0,13.101048406518538,5.78025291761951,78.8216306948115,68.8430666142302,study_results/v4p2_followups_20260806/pseudo65/gp_window_ensemble_20260806/runs/window_2p25eq2p5/draw_00/attempt_01/results_single.csv,1,1,1,1,single_attempt_outside_55_75MeV,False,,,,,,,window_2p25eq2p5,0
2021,0.189,0.004655915875,0.17852418928125,0.19947581071875,168874228.16818193,1.64,0.181364297965,0.196635702035,0.0152714040699999,0.0,1.0,8000,0.000125,True,3471.978410394264,3.5324152964957013e-06,0.5,0.0,-1285.489289435211,2487.294259002662,True,tilde_q_mu,asymptotic,default,sidak_approx,observed,8.14**2 * RBF(length_scale=0.319),0.0267695337253012,0.3650390962541072,0.0988530545720656,0.3188877075753405,0.0243359397502738,66.26561151777238,1590.1567776507904,383,222,161,416,33,0.04,0.3,0.000625,1.0,1e-08,1e+18,False,False,False,False,12,1.1,15.0,13.103570720820532,5.749574185616315,78.40328434931338,68.49086541438864,study_results/v4p2_followups_20260806/pseudo65/gp_window_ensemble_20260806/runs/window_2p25eq2p5/draw_00/attempt_01/results_single.csv,1,1,1,1,single_attempt_outside_55_75MeV,False,,,,,,,window_2p25eq2p5,0
2021,0.19,0.0046870875,0.179454053125,0.200545946875,164378838.92039412,1.64,0.1823131765,0.1976868235,0.0153736469999999,0.0,1.0,8000,0.000125,True,3300.353406711398,3.431475163279034e-06,0.5,0.0,-1701.989704829676,2470.60458461691,True,tilde_q_mu,asymptotic,default,sidak_approx,observed,8.21**2 * RBF(length_scale=0.32),0.0268064698428396,0.3655427705841774,0.0989894502254296,0.3197712595745023,0.0243695180389451,67.44295346806221,1586.7895055218892,382,223,159,416,34,0.04,0.3,0.000625,1.0,1e-08,1e+18,False,False,False,False,12,1.1,15.0,13.121772004824752,5.719216857555929,77.98932078485358,68.22387240999925,study_results/v4p2_followups_20260806/pseudo65/gp_window_ensemble_20260806/runs/window_2p25eq2p5/draw_00/attempt_01/results_single.csv,1,1,1,1,single_attempt_outside_55_75MeV,False,,,,,,,window_2p25eq2p5,0
2021,0.191,0.004718430875,0.18038353053125,0.20161646946875,160024504.07567304,1.64,0.183261773365,0.198738226635,0.01547645327,0.0,1.0,8000,0.000125,True,3119.158953130517,3.3138860580639135e-06,0.5,0.0,-2192.0653012513076,2449.3737641603657,True,tilde_q_mu,asymptotic,default,sidak_approx,observed,8.14**2 * RBF(length_scale=0.319),0.026843983264149,0.3660543172383967,0.099127977714251,0.3188853043763422,0.0244036211492264,66.30109505808325,1588.1230888455648,382,225,157,416,34,0.04,0.3,0.000625,1.0,1e-08,1e+18,False,False,False,False,12,1.1,15.0,13.067130587972198,5.68917590938515,77.57967149161568,67.58291322352841,study_results/v4p2_followups_20260806/pseudo65/gp_window_ensemble_20260806/runs/window_2p25eq2p5/draw_00/attempt_01/results_single.csv,1,1,1,1,single_attempt_outside_55_75MeV,False,,,,,,,window_2p25eq2p5,0
2021,0.192,0.004749946,0.1813126215,0.2026873785,155718995.1526329,1.64,0.18421008856,0.19978991144,0.0155798228799999,0.0,1.0,8000,0.000125,True,3019.8757750731693,3.279942113403253e-06,0.4980821071140848,0.0048074630535925,-2419.8227292008783,2424.132847755035,True,tilde_q_mu,asymptotic,default,sidak_approx,observed,8.14**2 * RBF(length_scale=0.319),0.0268820648906906,0.3665736121457819,0.0992686034399486,0.3188689222968773,0.0244382408097187,66.32963060550503,1587.560879221102,382,226,156,416,34,0.04,0.3,0.000625,1.0,1e-08,1e+18,False,False,False,False,12,1.1,15.0,13.047949104833563,5.659446421220509,77.17426938027965,67.13106260510695,study_results/v4p2_followups_20260806/pseudo65/gp_window_ensemble_20260806/runs/window_2p25eq2p5/draw_00/attempt_01/results_single.csv,1,1,1,1,single_attempt_outside_55_75MeV,False,,,,,,,window_2p25eq2p5,0
2021,0.193,0.004781632875,0.18224132603125,0.20375867396875,151601184.85939226,1.64,0.185158122085,0.200841877915,0.0156837558299999,0.0,1.0,8000,0.000125,True,3016.779041647281,3.3481393084443967e-06,0.5,0.0,-2295.802424824943,2399.8629139437144,True,tilde_q_mu,asymptotic,default,sidak_approx,observed,8.16**2 * RBF(length_scale=0.319),0.0269207058116312,0.3671005337949717,0.0994112944970904,0.3190686683338786,0.0244733689196647,66.6351626709924,1587.4391044411127,382,228,154,416,34,0.04,0.3,0.000625,1.0,1e-08,1e+18,False,False,False,False,12,1.1,15.0,13.037382363712965,5.630023574662507,76.77304874539782,66.72797278144834,study_results/v4p2_followups_20260806/pseudo65/gp_window_ensemble_20260806/runs/window_2p25eq2p5/draw_00/attempt_01/results_single.csv,1,1,1,1,single_attempt_outside_55_75MeV,False,,,,,,,window_2p25eq2p5,0
2021,0.194,0.0048134915,0.183169644125,0.204830355875,147523768.56605715,1.64,0.18610587394,0.20189412606,0.01578825212,0.0,1.0,8000,0.000125,True,3024.909482826706,3.43216831270694e-06,0.5,0.0,-2182.428618232386,2385.7650841229556,True,tilde_q_mu,asymptotic,default,sidak_approx,observed,8.11**2 * RBF(length_scale=0.318),0.0269598972990275,0.3676349631685571,0.0995560186556095,0.3183702854054549,0.0245089975445704,65.83664253945892,1583.6188730284243,381,229,152,416,35,0.04,0.3,0.000625,1.0,1e-08,1e+18,False,False,False,False,12,1.1,15.0,12.98993501576257,5.600902650192177,76.37594522989332,66.14123768691704,study_results/v4p2_followups_20260806/pseudo65/gp_window_ensemble_20260806/runs/window_2p25eq2p5/draw_00/attempt_01/results_single.csv,1,1,1,1,single_attempt_outside_55_75MeV,False,,,,,,,window_2p25eq2p5,0
2021,0.195,0.004845521875,0.18409757578125,0.20590242421875,143578408.5209931,1.64,0.187053344125,0.202946655875,0.0158933117499999,0.0,1.0,8000,0.000125,True,3042.9184095073447,3.5292829920685033e-06,0.5,0.0,-1945.9509839548896,2352.9115280030533,True,tilde_q_mu,asymptotic,default,sidak_approx,observed,8.08**2 * RBF(length_scale=0.318),0.0269996308031587,0.368176783679438,0.09970274434357,0.3178349486465373,0.0245451189119625,65.33344884666917,1587.6807425828792,382,231,151,416,34,0.04,0.3,0.000625,1.0,1e-08,1e+18,False,False,False,False,12,1.1,15.0,12.949008305339044,5.572079024647637,75.9828957906496,65.59354324378884,study_results/v4p2_followups_20260806/pseudo65/gp_window_ensemble_20260806/runs/window_2p25eq2p5/draw_00/attempt_01/results_single.csv,1,1,1,1,single_attempt_outside_55_75MeV,False,,,,,,,window_2p25eq2p5,0
2021,0.196,0.004877724,0.185025121,0.206974879,139755894.5302579,1.64,0.18800053264,0.20399946736,0.01599893472,0.0,1.0,8000,0.000125,True,3177.7316693751245,3.7671328712893903e-06,0.4999655646006563,8.631674575031098e-05,-1437.8757061874685,2335.6425956018948,True,tilde_q_mu,asymptotic,default,sidak_approx,observed,8.1**2 * RBF(length_scale=0.318),0.0270398979480013,0.3687258811091098,0.0998514406304547,0.3180893035606113,0.0245817254072739,65.59917241072391,1583.2818686445116,381,232,149,416,35,0.04,0.3,0.000625,1.0,1e-08,1e+18,False,False,False,False,12,1.1,15.0,12.940072280950844,5.543548168777362,75.59383866514584,65.2126490881016,study_results/v4p2_followups_20260806/pseudo65/gp_window_ensemble_20260806/runs/window_2p25eq2p5/draw_00/attempt_01/results_single.csv,1,1,1,1,single_attempt_outside_55_75MeV,False,,,,,,,window_2p25eq2p5,0
2021,0.197,0.004910097875,0.18595227978125,0.20804772021875,136004179.86803293,1.64,0.188947439485,0.205052560515,0.01610512103,0.0,1.0,8000,0.000125,True,3317.6960386018336,4.021036674795243e-06,0.5,0.0,-957.752342317199,2309.505607031972,True,tilde_q_mu,asymptotic,default,sidak_approx,observed,8.13**2 * RBF(length_scale=0.318),0.0270806905268411,0.3692821435478344,0.1000020772109632,0.3184995839086773,0.0246188095698556,66.0297677200073,1582.720548200085,381,234,147,416,35,0.04,0.3,0.000625,1.0,1e-08,1e+18,False,False,False,False,12,1.1,15.0,12.93724552379098,5.51530564486786,75.20871333910718,64.86623933309623,study_results/v4p2_followups_20260806/pseudo65/gp_window_ensemble_20260806/runs/window_2p25eq2p5/draw_00/attempt_01/results_single.csv,1,1,1,1,single_attempt_outside_55_75MeV,False,,,,,,,window_2p25eq2p5,0
2021,0.198,0.0049426435,0.186879052125,0.209120947875,132354320.73115931,1.64,0.18989406466,0.20610593534,0.01621187068,0.0,1.0,8000,0.000125,True,2950.9751501506425,3.656639620834879e-06,0.5,0.0,-1328.0641748203393,2167.148486858474,True,tilde_q_mu,asymptotic,default,sidak_approx,observed,0.604**2 * RBF(length_scale=0.303),0.0271220004980165,0.3698454613365898,0.1001546243892919,0.303116719506118,0.0246563640891059,0.3650443758277237,863.3579666093004,380,235,145,416,36,0.04,0.3,0.000625,1.0,1e-08,1e+18,False,False,False,False,12,1.1,15.0,12.293650369968589,5.487347104442508,74.82746051512511,61.32684250970517,study_results/v4p2_followups_20260806/pseudo65/gp_window_ensemble_20260806/runs/window_2p25eq2p5/draw_00/attempt_01/results_single.csv,1,1,1,1,single_attempt_outside_55_75MeV,False,,,,,,,window_2p25eq2p5,0
2021,0.199,0.004975360875,0.18780543803125,0.21019456196875,128788002.15036236,1.64,0.190840408165,0.207159591835,0.01631918367,0.0,1.0,8000,0.000125,True,12454.10375503513,1.577988809299134e-05,0.205768867839928,0.8211905548494126,4556.029620384863,5599.862715015334,True,tilde_q_mu,asymptotic,default,sidak_approx,observed,1.16**2 * RBF(length_scale=0.109),0.0271638199807916,0.3704157270107955,0.100309053063895,0.1092053678523522,0.0246943818007197,1.344868758023863,1064.3430494302124,380,236,144,416,36,0.04,0.3,0.000625,1.0,1e-08,1e+18,False,False,False,False,12,1.1,15.0,4.422275833168236,5.459668286029939,74.45002208222643,21.949235562204763,study_results/v4p2_followups_20260806/pseudo65/gp_window_ensemble_20260806/runs/window_2p25eq2p5/draw_00/attempt_01/results_single.csv,1,1,1,1,single_attempt_outside_55_75MeV,False,,,,,,,window_2p25eq2p5,0
2021,0.2,0.00500825,0.1887314375,0.2112685625,125353032.55969112,1.64,0.19178647,0.20821353,0.0164270599999999,0.0,1.0,8000,0.000125,True,3952.6166337135287,5.119644147429862e-06,0.4253615105518147,0.1881959832888285,421.50365994797926,2239.606367226462,True,tilde_q_mu,asymptotic,default,sidak_approx,observed,8.23**2 * RBF(length_scale=0.32),0.027206141251351,0.3709928352456959,0.1004653347126938,0.3198553446308588,0.0247328556830463,67.71917094960084,1583.1636756594075,380,238,142,416,36,0.04,0.3,0.000625,1.0,1e-08,1e+18,False,False,False,False,12,1.1,15.0,12.932406541720525,5.432265012998759,74.0763410863467,63.865690536786055,study_results/v4p2_followups_20260806/pseudo65/gp_window_ensemble_20260806/runs/window_2p25eq2p5/draw_00/attempt_01/results_single.csv,1,1,1,1,single_attempt_outside_55_75MeV,False,,,,,,,window_2p25eq2p5,0
2021,0.201,0.005041310875,0.18965705053125,0.21234294946875,122019355.53382406,1.64,0.192732250165,0.209267749835,0.01653549967,0.0,1.0,8000,0.000125,True,4116.881680093899,5.450841117022757e-06,0.3755818613502779,0.3171052746297385,704.8035684344554,2223.177895568436,True,tilde_q_mu,asymptotic,default,sidak_approx,observed,8.24**2 * RBF(length_scale=0.32),0.027248956738914,0.3715766828033728,0.1006234413787278,0.320003150233934,0.0247717788535581,67.90450914217325,1579.2822760468366,379,239,140,416,37,0.04,0.3,0.000625,1.0,1e-08,1e+18,False,False,False,False,12,1.1,15.0,12.918052923275193,5.405133191456678,73.70636170168197,63.4761787496261,study_results/v4p2_followups_20260806/pseudo65/gp_window_ensemble_20260806/runs/window_2p25eq2p5/draw_00/attempt_01/results_single.csv,1,1,1,1,single_attempt_outside_55_75MeV,False,,,,,,,window_2p25eq2p5,0
2021,0.202,0.0050745435,0.190582277125,0.213417722875,118808713.66471364,1.64,0.19367774866,0.21032225134,0.01664450268,0.0,1.0,8000,0.000125,True,4129.269896176317,5.587191137678999e-06,0.3594059845174982,0.3600470230399556,789.6293073457158,2194.38757808128,True,tilde_q_mu,asymptotic,default,sidak_approx,observed,8.18**2 * RBF(length_scale=0.319),0.0272922590219629,0.3721671684813132,0.100783345656227,0.3192033686688592,0.0248111445654208,66.86932479080639,1583.7877344416545,380,241,139,416,36,0.04,0.3,0.000625,1.0,1e-08,1e+18,False,False,False,False,12,1.1,15.0,12.865322187261391,5.37826880821161,73.34002920288559,62.90287366121883,study_results/v4p2_followups_20260806/pseudo65/gp_window_ensemble_20260806/runs/window_2p25eq2p5/draw_00/attempt_01/results_single.csv,1,1,1,1,single_attempt_outside_55_75MeV,False,,,,,,,window_2p25eq2p5,0
2021,0.203,0.005107947875,0.19150711728125,0.21449288271875,115574322.00533302,1.64,0.194622965485,0.211377034515,0.0167540690299999,0.0,1.0,8000,0.000125,True,4427.9541363140115,6.128661622828893e-06,0.2847694168236408,0.5687308130067062,1237.8642190561434,2177.7382920699406,True,tilde_q_mu,asymptotic,default,sidak_approx,observed,8.24**2 * RBF(length_scale=0.32),0.0273360408245852,0.3727641930625258,0.1009450206771031,0.3199289011483593,0.0248509462041683,67.823327591272,1579.6239873719464,379,242,137,416,37,0.04,0.3,0.000625,1.0,1e-08,1e+18,False,False,False,False,12,1.1,15.0,12.873912265549706,5.351667928793269,72.97728993809002,62.63354853603695,study_results/v4p2_followups_20260806/pseudo65/gp_window_ensemble_20260806/runs/window_2p25eq2p5/draw_00/attempt_01/results_single.csv,1,1,1,1,single_attempt_outside_55_75MeV,False,,,,,,,window_2p25eq2p5,0
2021,0.204,0.005141524,0.192431571,0.2155684289999999,112452833.18684237,1.64,0.19556790064,0.21243209936,0.01686419872,0.0,1.0,8000,0.000125,True,4793.452560004627,6.785280197234306e-06,0.2080619370366042,0.8131642835570678,1751.5100627330737,2155.6910326177936,True,tilde_q_mu,asymptotic,default,sidak_approx,observed,8.29**2 * RBF(length_scale=0.321),0.0273802950129184,0.3733676592670698,0.1011084400978236,0.320500849055452,0.0248911772844713,68.64820956459506,1581.912015442339,379,244,135,416,37,0.04,0.3,0.000625,1.0,1e-08,1e+18,False,False,False,False,12,1.1,15.0,12.876082372182552,5.325326695531998,72.61809130270905,62.33576835495702,study_results/v4p2_followups_20260806/pseudo65/gp_window_ensemble_20260806/runs/window_2p25eq2p5/draw_00/attempt_01/results_single.csv,1,1,1,1,single_attempt_outside_55_75MeV,False,,,,,,,window_2p25eq2p5,0
2021,0.205,0.005175271875,0.19335563828125,0.2166443617187499,109447447.25856656,1.64,0.196512554125,0.213487445875,0.01697489175,0.0,1.0,8000,0.000125,True,5041.521593570604,7.296625491163022e-06,0.1655850905090734,0.9717595551604694,2080.0036894674913,2141.7077695136068,True,tilde_q_mu,asymptotic,default,sidak_approx,observed,8.3**2 * RBF(length_scale=0.321),0.0274250145917023,0.3739774717050326,0.1012735780866781,0.3206927911831975,0.0249318314470021,68.89720221905493,1580.6555859612038,378,245,133,416,38,0.04,0.3,0.000625,1.0,1e-08,1e+18,False,False,False,False,12,1.1,15.0,12.862785145363157,5.2992413256941004,72.26238171401046,61.96636600530239,study_results/v4p2_followups_20260806/pseudo65/gp_window_ensemble_20260806/runs/window_2p25eq2p5/draw_00/attempt_01/results_single.csv,1,1,1,1,single_attempt_outside_55_75MeV,False,,,,,,,window_2p25eq2p5,0
2021,0.206,0.0052091915,0.194279319125,0.217720680875,106491864.68179588,1.64,0.19745692594,0.2145430740599999,0.0170861481199999,0.0,1.0,8000,0.000125,True,5274.187262007524,7.8071372717642e-06,0.1277731321015188,1.1369809146604966,2402.8486806976525,2113.3296035316566,True,tilde_q_mu,asymptotic,default,sidak_approx,observed,8.33**2 * RBF(length_scale=0.321),0.0274701927009294,0.3745935368308561,0.1014404093114096,0.3209922726913927,0.0249729024553904,69.3221863904074,1583.1167638963043,379,247,132,416,37,0.04,0.3,0.000625,1.0,1e-08,1e+18,False,False,False,False,12,1.1,15.0,12.85362297253143,5.273408109671041,71.91011058642329,61.62036329272839,study_results/v4p2_followups_20260806/pseudo65/gp_window_ensemble_20260806/runs/window_2p25eq2p5/draw_00/attempt_01/results_single.csv,1,1,1,1,single_attempt_outside_55_75MeV,False,,,,,,,window_2p25eq2p5,0
2021,0.207,0.005243282875,0.1952026135312499,0.21879738646875,103594993.30477582,1.64,0.198401016085,0.215598983915,0.0171979678299999,0.0,1.0,8000,0.000125,True,5398.305992440777,8.174633825303972e-06,0.1110703975592062,1.2208553432926037,2565.1141912231615,2102.0680918769276,True,tilde_q_mu,asymptotic,default,sidak_approx,observed,8.3**2 * RBF(length_scale=0.321),0.0275158226125923,0.375215762898986,0.1016089089272047,0.3207452960406405,0.0250143841932657,68.94070030268854,1578.916624529409,378,248,130,416,38,0.04,0.3,0.000625,1.0,1e-08,1e+18,False,False,False,False,12,1.1,15.0,12.822434226743432,5.247823409220947,71.56122830755837,61.17260954390916,study_results/v4p2_followups_20260806/pseudo65/gp_window_ensemble_20260806/runs/window_2p25eq2p5/draw_00/attempt_01/results_single.csv,1,1,1,1,single_attempt_outside_55_75MeV,False,,,,,,,window_2p25eq2p5,0
2021,0.208,0.005277546,0.1961255214999999,0.2198744785,100755569.91566654,1.64,0.19934482456,0.21665517544,0.0173103508799999,0.0,1.0,8000,0.000125,True,5482.609078470799,8.49522340007848e-06,0.0982226288349166,1.2917456070814377,2691.028299317921,2083.584379384212,True,tilde_q_mu,asymptotic,default,sidak_approx,observed,8.35**2 * RBF(length_scale=0.321),0.0275618977275242,0.3758440599207857,0.1017790525650254,0.3212920898669734,0.0250562706613857,69.75700256410977,1579.5941297830989,378,250,128,416,38,0.04,0.3,0.000625,1.0,1e-08,1e+18,False,False,False,False,12,1.1,15.0,12.822821648479298,5.222483655760516,71.21568621491612,60.879069527195675,study_results/v4p2_followups_20260806/pseudo65/gp_window_ensemble_20260806/runs/window_2p25eq2p5/draw_00/attempt_01/results_single.csv,1,1,1,1,single_attempt_outside_55_75MeV,False,,,,,,,window_2p25eq2p5,0
2021,0.209,0.005311980875,0.1970480430312499,0.22095195696875,97975291.24730824,1.64,0.200288351365,0.2177116486349999,0.0174232972699999,0.0,1.0,8000,0.000125,True,5523.269456430997,8.758975344801047e-06,0.0919050772436252,1.3291146293855487,2754.5587703403403,2072.676599571268,True,tilde_q_mu,asymptotic,default,sidak_approx,observed,8.35**2 * RBF(length_scale=0.321),0.0276084115723308,0.3764783396226934,0.101950816320278,0.3212651910448307,0.0250985559748462,69.71908038114945,1575.821289896369,377,251,126,416,39,0.04,0.3,0.000625,1.0,1e-08,1e+18,False,False,False,False,12,1.1,15.0,12.800146405506466,5.197385348705882,70.87343657326201,60.47935762660869,study_results/v4p2_followups_20260806/pseudo65/gp_window_ensemble_20260806/runs/window_2p25eq2p5/draw_00/attempt_01/results_single.csv,1,1,1,1,single_attempt_outside_55_75MeV,False,,,,,,,window_2p25eq2p5,0
2021,0.21,0.0053465875,0.197970178125,0.2220298218749999,95309478.67396852,1.64,0.2012315965,0.2187684034999999,0.0175368069999999,0.0,1.0,8000,0.000125,True,5237.3867866595,8.497265369608622e-06,0.1137650383598169,1.2067457435490168,2472.815822700339,2049.0441517855265,True,tilde_q_mu,asymptotic,default,sidak_approx,observed,8.31**2 * RBF(length_scale=0.321),0.0276553577964078,0.3771185154055612,0.1021241767418025,0.3208220351538432,0.0251412343603707,69.0267859863461,1580.7227077714408,378,253,125,416,38,0.04,0.3,0.000625,1.0,1e-08,1e+18,False,False,False,False,12,1.1,15.0,12.760790920414944,5.172525053860584,70.53443255264432,60.00500976629359,study_results/v4p2_followups_20260806/pseudo65/gp_window_ensemble_20260806/runs/window_2p25eq2p5/draw_00/attempt_01/results_single.csv,1,1,1,1,single_attempt_outside_55_75MeV,False,,,,,,,window_2p25eq2p5,0
2021,0.211,0.005381365875,0.19889192678125,0.2231080732187499,92716703.49811862,1.64,0.202174559965,0.2198254400349999,0.0176508800699999,0.0,1.0,8000,0.000125,True,4856.012738768844,8.060450254089938e-06,0.1582123536495497,1.0018320661139726,2044.4562905023831,2040.848784898792,True,tilde_q_mu,asymptotic,default,sidak_approx,observed,8.25**2 * RBF(length_scale=0.32),0.0277027301690448,0.3777645023051568,0.1022991108211761,0.3201359482449426,0.0251843001536771,68.04715716231912,1574.605669448885,377,254,123,416,39,0.04,0.3,0.000625,1.0,1e-08,1e+18,False,False,False,False,12,1.1,15.0,12.711727000212075,5.147899401849318,70.19862820703615,59.489719837148705,study_results/v4p2_followups_20260806/pseudo65/gp_window_ensemble_20260806/runs/window_2p25eq2p5/draw_00/attempt_01/results_single.csv,1,1,1,1,single_attempt_outside_55_75MeV,False,,,,,,,window_2p25eq2p5,0
2021,0.212,0.005416316,0.199813289,0.2241867109999999,90185144.73372865,1.64,0.2031172417599999,0.22088275824,0.01776551648,0.0,1.0,8000,0.000125,True,4537.314235270762,7.706335497904352e-06,0.2021472617817764,0.8339759727966015,1688.8439410816636,2025.0066315934716,True,tilde_q_mu,asymptotic,default,sidak_approx,observed,8.25**2 * RBF(length_scale=0.32),0.0277505225766093,0.3784162169537641,0.1024755959823144,0.3201323998622031,0.0252277477969176,68.04071021435999,1574.973514607461,377,256,121,416,39,0.04,0.3,0.000625,1.0,1e-08,1e+18,False,False,False,False,12,1.1,15.0,12.689694000402117,5.123505086595644,69.86597845357696,59.105192507638606,study_results/v4p2_followups_20260806/pseudo65/gp_window_ensemble_20260806/runs/window_2p25eq2p5/draw_00/attempt_01/results_single.csv,1,1,1,1,single_attempt_outside_55_75MeV,False,,,,,,,window_2p25eq2p5,0
2021,0.213,0.005451437875,0.20073426478125,0.2252657352187499,87692400.078589,1.64,0.204059641885,0.2219403581149999,0.0178807162299999,0.0,1.0,8000,0.000125,True,4126.636152744315,7.174217527778836e-06,0.2745425128832431,0.5991317573972523,1199.483776384776,2007.897433206984,True,tilde_q_mu,asymptotic,default,sidak_approx,observed,8.2**2 * RBF(length_scale=0.32),0.0277987290198092,0.3790735775428533,0.1026536100713629,0.3196159190555044,0.0252715718361902,67.31347549686332,1574.0398259928504,377,257,120,416,39,0.04,0.3,0.000625,1.0,1e-08,1e+18,False,False,False,False,12,1.1,15.0,12.647251272190264,5.0993388638422745,69.53643905239464,58.62965448459859,study_results/v4p2_followups_20260806/pseudo65/gp_window_ensemble_20260806/runs/window_2p25eq2p5/draw_00/attempt_01/results_single.csv,1,1,1,1,single_attempt_outside_55_75MeV,False,,,,,,,window_2p25eq2p5,0
2021,0.214,0.0054867315,0.201654854125,0.226345145875,85297275.72952412,1.64,0.20500176034,0.2229982396599999,0.0179964793199999,0.0,1.0,8000,0.000125,True,3776.270817267475,6.717909058869399e-06,0.35137833338624,0.3816019106920059,759.7805753782077,1990.6600914411297,True,tilde_q_mu,asymptotic,default,sidak_approx,observed,8.28**2 * RBF(length_scale=0.32),0.0278473436110351,0.3797365037868427,0.1028331313468833,0.320434937775825,0.0253157669191228,68.4866960898708,1573.074624334393,377,259,118,416,39,0.04,0.3,0.000625,1.0,1e-08,1e+18,False,False,False,False,12,1.1,15.0,12.657524411546744,5.075397549713366,69.20996658700044,58.4017894398195,study_results/v4p2_followups_20260806/pseudo65/gp_window_ensemble_20260806/runs/window_2p25eq2p5/draw_00/attempt_01/results_single.csv,1,1,1,1,single_attempt_outside_55_75MeV,False,,,,,,,window_2p25eq2p5,0
2021,0.215,0.005522196875,0.20257505703125,0.22742494296875,82936171.06195708,1.64,0.205943597125,0.224056402875,0.01811280575,0.0,1.0,8000,0.000125,True,3250.2078423936355,5.9190037445748826e-06,0.4999655646006563,8.631674575031098e-05,-13.38476711279466,1980.6015163453767,True,tilde_q_mu,asymptotic,default,sidak_approx,observed,8.3**2 * RBF(length_scale=0.321),0.0278963605717713,0.380404916887791,0.1030141384702921,0.3207007669064542,0.0253603277925194,68.95189802757247,1570.3342738405756,376,260,116,416,40,0.04,0.3,0.000625,1.0,1e-08,1e+18,False,False,False,False,12,1.1,15.0,12.645765840654953,5.051678019315698,68.88651844521407,58.07485212240902,study_results/v4p2_followups_20260806/pseudo65/gp_window_ensemble_20260806/runs/window_2p25eq2p5/draw_00/attempt_01/results_single.csv,1,1,1,1,single_attempt_outside_55_75MeV,False,,,,,,,window_2p25eq2p5,0
2021,0.216,0.0055578339999999,0.2034948735,0.2285051265,80666190.61149085,1.64,0.20688515224,0.22511484776,0.0182296955199999,0.0,1.0,8000,0.000125,True,2863.5428395550707,5.336767800542496e-06,0.5,0.0,-714.2440799020029,1964.3650973046267,True,tilde_q_mu,asymptotic,default,sidak_approx,observed,8.3**2 * RBF(length_scale=0.321),0.0279457742300831,0.3810787395011339,0.1031966104965824,0.3206221028652353,0.0254052493000755,68.87360790595885,1571.3667071463822,376,262,114,416,40,0.04,0.3,0.000625,1.0,1e-08,1e+18,False,False,False,False,12,1.1,15.0,12.620309254917697,5.028177205379499,68.56605280062952,57.688319382197335,study_results/v4p2_followups_20260806/pseudo65/gp_window_ensemble_20260806/runs/window_2p25eq2p5/draw_00/attempt_01/results_single.csv,1,1,1,1,single_attempt_outside_55_75MeV,False,,,,,,,window_2p25eq2p5,0
2021,0.217,0.005593642875,0.20441430353125,0.22958569646875,78431109.94118327,1.64,0.207826425685,0.226173574315,0.0183471486299999,0.0,1.0,8000,0.000125,True,2651.787575256376,5.059534463931981e-06,0.5,0.0,-1181.7277498616877,1945.5745719777376,True,tilde_q_mu,asymptotic,default,sidak_approx,observed,8.27**2 * RBF(length_scale=0.32),0.0279955790181704,0.3817578957023249,0.1033805268652899,0.3203444608606175,0.0254505263801549,68.40271581785976,1572.8580498425783,376,263,113,416,40,0.04,0.3,0.000625,1.0,1e-08,1e+18,False,False,False,False,12,1.1,15.0,12.586948343449809,5.0048920969361115,68.24852859458333,57.26938026243184,study_results/v4p2_followups_20260806/pseudo65/gp_window_ensemble_20260806/runs/window_2p25eq2p5/draw_00/attempt_01/results_single.csv,1,1,1,1,single_attempt_outside_55_75MeV,False,,,,,,,window_2p25eq2p5,0
2021,0.218,0.0056296235,0.205333347125,0.230666652875,76236851.52538474,1.64,0.20876741746,0.22723258254,0.01846516508,0.0,1.0,8000,0.000125,True,2489.56219174172,4.864312369369172e-06,0.5,0.0,-1604.6794059944143,1927.977805536048,True,tilde_q_mu,asymptotic,default,sidak_approx,observed,8.27**2 * RBF(length_scale=0.32),0.0280457694699898,0.3824423109544073,0.103565867391711,0.3203579300617385,0.0254961540636271,68.42926878460291,1573.056505845355,376,265,111,416,40,0.04,0.3,0.000625,1.0,1e-08,1e+18,False,False,False,False,12,1.1,15.0,12.564951139778431,4.981819738032192,67.93390551862079,56.90574690505298,study_results/v4p2_followups_20260806/pseudo65/gp_window_ensemble_20260806/runs/window_2p25eq2p5/draw_00/attempt_01/results_single.csv,1,1,1,1,single_attempt_outside_55_75MeV,False,,,,,,,window_2p25eq2p5,0
2021,0.219,0.005665775875,0.20625200428125,0.23174799571875,74103158.47642389,1.64,0.209708127565,0.228291872435,0.0185837448699999,0.0,1.0,8000,0.000125,True,2330.2148512305985,4.662674020467863e-06,0.5,0.0,-2138.07405816305,1915.401365836481,True,tilde_q_mu,asymptotic,default,sidak_approx,observed,8.32**2 * RBF(length_scale=0.321),0.0280963402189413,0.3831319120764731,0.1037526122583625,0.3207889189032223,0.0255421274717648,69.1506968159055,1570.246277621038,375,266,109,416,41,0.04,0.3,0.000625,1.0,1e-08,1e+18,False,False,False,False,12,1.1,15.0,12.559209065800534,4.958957226478954,67.62214399744026,56.6187095961014,study_results/v4p2_followups_20260806/pseudo65/gp_window_ensemble_20260806/runs/window_2p25eq2p5/draw_00/attempt_01/results_single.csv,1,1,1,1,single_attempt_outside_55_75MeV,False,,,,,,,window_2p25eq2p5,0
2021,0.22,0.0057021,0.207170275,0.232829725,72056230.15568508,1.64,0.210648556,0.229351444,0.018702888,0.0,1.0,8000,0.000125,True,2287.0498056687816,4.684910803876907e-06,0.5,0.0,-2246.8247148304595,1903.3717598164528,True,tilde_q_mu,asymptotic,default,sidak_approx,observed,8.24**2 * RBF(length_scale=0.32),0.0281472859956161,0.3838266272129476,0.1039407420066625,0.319983789713925,0.0255884418141965,67.9149114790842,1568.5351514271044,374,267,107,416,42,0.04,0.3,0.000625,1.0,1e-08,1e+18,False,False,False,False,12,1.1,15.0,12.505012694301596,4.936301712635021,67.31320517229574,56.1168323449124,study_results/v4p2_followups_20260806/pseudo65/gp_window_ensemble_20260806/runs/window_2p25eq2p5/draw_00/attempt_01/results_single.csv,1,1,1,1,single_attempt_outside_55_75MeV,False,,,,,,,window_2p25eq2p5,0
2021,0.221,0.005738595875,0.20808815928125,0.23391184071875,70072537.02592257,1.64,0.211588702765,0.230411297235,0.01882259447,0.0,1.0,8000,0.000125,True,2210.6955842842294,4.6356298466445465e-06,0.5,0.0,-2413.7434939556315,1876.0859864128183,True,tilde_q_mu,asymptotic,default,sidak_approx,observed,8.27**2 * RBF(length_scale=0.32),0.0281986016256085,0.3845263858037528,0.1041302375288517,0.3203093870912328,0.0256350923869168,68.40310954305077,1573.9750570156357,375,269,106,416,41,0.04,0.3,0.000625,1.0,1e-08,1e+18,False,False,False,False,12,1.1,15.0,12.49495739109199,4.913850398222813,67.00705088485654,55.81668304726769,study_results/v4p2_followups_20260806/pseudo65/gp_window_ensemble_20260806/runs/window_2p25eq2p5/draw_00/attempt_01/results_single.csv,1,1,1,1,single_attempt_outside_55_75MeV,False,,,,,,,window_2p25eq2p5,0
2021,0.222,0.0057752635,0.209005657125,0.234994342875,68109664.16035153,1.64,0.21252856786,0.23147143214,0.01894286428,0.0,1.0,8000,0.000125,True,2155.1006970591457,4.6283455546583454e-06,0.5,0.0,-2580.2918833281083,1861.1644803157544,True,tilde_q_mu,asymptotic,default,sidak_approx,observed,8.33**2 * RBF(length_scale=0.321),0.0282502820273846,0.3852311185552448,0.1043210800601226,0.3208780621635031,0.0256820745703496,69.40406670959327,1572.3151150002425,374,270,104,416,42,0.04,0.3,0.000625,1.0,1e-08,1e+18,False,False,False,False,12,1.1,15.0,12.49424228889833,4.891600535176381,66.7036436614961,55.560765697271314,study_results/v4p2_followups_20260806/pseudo65/gp_window_ensemble_20260806/runs/window_2p25eq2p5/draw_00/attempt_01/results_single.csv,1,1,1,1,single_attempt_outside_55_75MeV,False,,,,,,,window_2p25eq2p5,0
2021,0.223,0.005812102875,0.20992276853125,0.23607723146875,66214738.059975564,1.64,0.213468151285,0.232531848715,0.01906369743,0.0,1.0,8000,0.000125,True,2145.684828309272,4.718742992773216e-06,0.4999655646006563,8.631674575031098e-05,-2491.976381721645,1841.962436537687,True,tilde_q_mu,asymptotic,default,sidak_approx,observed,8.31**2 * RBF(length_scale=0.321),0.0283023222102076,0.3859407574119222,0.1045132511709582,0.3206027293121666,0.0257293838274614,69.10053568932311,1570.861259266849,374,272,102,416,42,0.04,0.3,0.000625,1.0,1e-08,1e+18,False,False,False,False,12,1.1,15.0,12.460567709747522,4.869549424520059,66.40294669800079,55.16122756381297,study_results/v4p2_followups_20260806/pseudo65/gp_window_ensemble_20260806/runs/window_2p25eq2p5/draw_00/attempt_01/results_single.csv,1,1,1,1,single_attempt_outside_55_75MeV,False,,,,,,,window_2p25eq2p5,0
2021,0.224,0.005849114,0.2108394935,0.2371605065,64362913.74671155,1.64,0.21440745304,0.23359254696,0.01918509392,0.0,1.0,8000,0.000125,True,2167.44585890246,4.88185038108195e-06,0.499975650495596,6.103515625e-05,-2229.8309058180935,1818.8070642141265,True,tilde_q_mu,asymptotic,default,sidak_approx,observed,8.32**2 * RBF(length_scale=0.321),0.0283547172721207,0.3866552355289188,0.1047067327596833,0.3207173658868011,0.0257770157019279,69.20256916613815,1570.573002617378,374,273,101,416,42,0.04,0.3,0.000625,1.0,1e-08,1e+18,False,False,False,False,12,1.1,15.0,12.441989778623366,4.847694415277375,66.10492384469147,54.83178578615515,study_results/v4p2_followups_20260806/pseudo65/gp_window_ensemble_20260806/runs/window_2p25eq2p5/draw_00/attempt_01/results_single.csv,1,1,1,1,single_attempt_outside_55_75MeV,False,,,,,,,window_2p25eq2p5,0
2021,0.225,0.005886296875,0.21175583203125,0.23824416796875,62544678.25081808,1.64,0.215346473125,0.234653526875,0.01930705375,0.0,1.0,8000,0.000125,True,2243.5807642157743,5.177126168974637e-06,0.499975650495596,6.103515625e-05,-1787.6299696209535,1798.830534366756,True,tilde_q_mu,asymptotic,default,sidak_approx,observed,8.27**2 * RBF(length_scale=0.32),0.0284074623979809,0.3873744872451945,0.1049015070452041,0.3202843999001057,0.0258249658163463,68.42034422912543,1570.937873942447,374,275,99,416,42,0.04,0.3,0.000625,1.0,1e-08,1e+18,False,False,False,False,12,1.1,15.0,12.402122898353536,4.82603290340855,65.80953959193478,54.41186652688252,study_results/v4p2_followups_20260806/pseudo65/gp_window_ensemble_20260806/runs/window_2p25eq2p5/draw_00/attempt_01/results_single.csv,1,1,1,1,single_attempt_outside_55_75MeV,False,,,,,,,window_2p25eq2p5,0
2021,0.226,0.0059236515,0.212671784125,0.239328215875,60771554.15297639,1.64,0.21628521154,0.23571478846,0.01942957692,0.0,1.0,8000,0.000125,True,2286.6030627129103,5.40632215052635e-06,0.5,0.0,-1541.3457950221991,1783.22833271867,True,tilde_q_mu,asymptotic,default,sidak_approx,observed,8.3**2 * RBF(length_scale=0.321),0.0284605528575465,0.3880984480574534,0.1050975565599455,0.3205762511566858,0.0258732298704968,68.92411116616177,1567.9908693775817,373,276,97,416,43,0.04,0.3,0.000625,1.0,1e-08,1e+18,False,False,False,False,12,1.1,15.0,12.390267962726885,4.804562330776309,65.51675905604058,54.11801338358373,study_results/v4p2_followups_20260806/pseudo65/gp_window_ensemble_20260806/runs/window_2p25eq2p5/draw_00/attempt_01/results_single.csv,1,1,1,1,single_attempt_outside_55_75MeV,False,,,,,,,window_2p25eq2p5,0
2021,0.227,0.005961177875,0.21358734978125,0.24041265021875,59077484.03982016,1.64,0.217223668285,0.236776331715,0.01955266343,0.0,1.0,8000,0.000125,True,2318.7045403536354,5.614582733584705e-06,0.5,0.0,-1325.6091933550208,1762.3016682988498,True,tilde_q_mu,asymptotic,default,sidak_approx,observed,8.34**2 * RBF(length_scale=0.321),0.0285139840036164,0.3888270545947703,0.1052948641429799,0.320943702391505,0.0259218036396513,69.52046379126779,1569.0482078873752,373,278,95,416,43,0.04,0.3,0.000625,1.0,1e-08,1e+18,False,False,False,False,12,1.1,15.0,12.381225737725003,4.783280184139193,65.22654796553445,53.83897429692197,study_results/v4p2_followups_20260806/pseudo65/gp_window_ensemble_20260806/runs/window_2p25eq2p5/draw_00/attempt_01/results_single.csv,1,1,1,1,single_attempt_outside_55_75MeV,False,,,,,,,window_2p25eq2p5,0
2021,0.228,0.005998876,0.214502529,0.241497471,57436780.43420136,1.64,0.21816184336,0.23783815664,0.01967631328,0.0,1.0,8000,0.000125,True,2382.566204269864,5.9079928944637055e-06,0.5,0.0,-1031.6715434105413,1740.667560069418,True,tilde_q_mu,asymptotic,default,sidak_approx,observed,8.34**2 * RBF(length_scale=0.321),0.0285677512702127,0.3895602445938106,0.1054934129333165,0.3209426064538912,0.0259706829729207,69.54240722618948,1569.3468934431403,373,279,94,416,43,0.04,0.3,0.000625,1.0,1e-08,1e+18,False,False,False,False,12,1.1,15.0,12.35788087623779,4.762183994170372,64.9388726477778,53.5004568278943,study_results/v4p2_followups_20260806/pseudo65/gp_window_ensemble_20260806/runs/window_2p25eq2p5/draw_00/attempt_01/results_single.csv,1,1,1,1,single_attempt_outside_55_75MeV,False,,,,,,,window_2p25eq2p5,0
2021,0.229,0.006036745875,0.21541732178125,0.24258267821875,55831675.293223605,1.64,0.219099736765,0.238900263235,0.01980052647,0.0,1.0,8000,0.000125,True,2469.330214968922,6.271666417418153e-06,0.5,0.0,-725.4773491247801,1721.8759596081336,True,tilde_q_mu,asymptotic,default,sidak_approx,observed,8.35**2 * RBF(length_scale=0.321),0.0286218501708174,0.3902979568747833,0.1056931863633896,0.3209677305679316,0.0260198637916522,69.66383460447936,1569.4133979285791,373,281,92,416,43,0.04,0.3,0.000625,1.0,1e-08,1e+18,False,False,False,False,12,1.1,15.0,12.335488499786289,4.741271334503118,64.6537000159516,53.1689982010269,study_results/v4p2_followups_20260806/pseudo65/gp_window_ensemble_20260806/runs/window_2p25eq2p5/draw_00/attempt_01/results_single.csv,1,1,1,1,single_attempt_outside_55_75MeV,False,,,,,,,window_2p25eq2p5,0
2021,0.23,0.0060747875,0.216331728125,0.243668271875,54262302.35414737,1.64,0.2200373485,0.2399626515,0.019925303,0.0,1.0,8000,0.000125,True,2471.622488423229,6.430962943834935e-06,0.5,0.0,-668.6626888849017,1708.0005865582525,True,tilde_q_mu,asymptotic,default,sidak_approx,observed,8.43**2 * RBF(length_scale=0.322),0.0286762762966508,0.3910401313179656,0.1058941681527014,0.3216628867114359,0.0260693420878643,70.99501127116075,1567.215851193736,372,282,90,416,44,0.04,0.3,0.000625,1.0,1e-08,1e+18,False,False,False,False,12,1.1,15.0,12.33874202223056,4.720539820800449,64.37099755636976,52.95047550411201,study_results/v4p2_followups_20260806/pseudo65/gp_window_ensemble_20260806/runs/window_2p25eq2p5/draw_00/attempt_01/results_single.csv,1,1,1,1,single_attempt_outside_55_75MeV,False,,,,,,,window_2p25eq2p5,0
2021,0.231,0.006113000875,0.21724574803125,0.24475425196875,52721717.822498925,1.64,0.220974678565,0.241025321435,0.02005064287,0.0,1.0,8000,0.000125,True,2597.3928899788216,6.925578195506187e-06,0.5,0.0,-333.90460901567553,1691.007402866026,True,tilde_q_mu,asymptotic,default,sidak_approx,observed,8.34**2 * RBF(length_scale=0.321),0.0287310253149946,0.3917867088408355,0.1060963423016291,0.3210108477826885,0.0261191139227223,69.60829559210762,1564.8096506504926,372,284,88,416,44,0.04,0.3,0.000625,1.0,1e-08,1e+18,False,False,False,False,12,1.1,15.0,12.290265616684056,4.699987109848828,64.09073331612038,52.51280906821211,study_results/v4p2_followups_20260806/pseudo65/gp_window_ensemble_20260806/runs/window_2p25eq2p5/draw_00/attempt_01/results_single.csv,1,1,1,1,single_attempt_outside_55_75MeV,False,,,,,,,window_2p25eq2p5,0
2021,0.232,0.006151386,0.2181593815,0.2458406185,51251552.38699205,1.64,0.22191172696,0.24208827304,0.02017654608,0.0,1.0,8000,0.000125,True,2606.352208674093,7.118000534048719e-06,0.5,0.0,-259.1439357134766,1672.7949895296765,True,tilde_q_mu,asymptotic,default,sidak_approx,observed,8.35**2 * RBF(length_scale=0.321),0.0287860929675617,0.3925376313758422,0.1062996930854058,0.3210700374048251,0.0261691754250561,69.6566668703365,1565.6133292086124,372,285,87,416,44,0.04,0.3,0.000625,1.0,1e-08,1e+18,False,False,False,False,12,1.1,15.0,12.269016206655516,4.679610898675804,63.81287589103368,52.19474723335929,study_results/v4p2_followups_20260806/pseudo65/gp_window_ensemble_20260806/runs/window_2p25eq2p5/draw_00/attempt_01/results_single.csv,1,1,1,1,single_attempt_outside_55_75MeV,False,,,,,,,window_2p25eq2p5,0
2021,0.233,0.006189942875,0.21907262853125,0.24692737146875,49805482.399550624,1.64,0.222848493685,0.243151506315,0.02030301263,0.0,1.0,8000,0.000125,True,2617.262076023616,7.323759299169734e-06,0.5,0.0,-192.68373023408097,1657.947285915078,True,tilde_q_mu,asymptotic,default,sidak_approx,observed,8.32**2 * RBF(length_scale=0.321),0.0288414750689017,0.3932928418486603,0.1065042050482311,0.3208425949686737,0.0262195227899106,69.20881472745513,1566.6248020042285,372,287,85,416,44,0.04,0.3,0.000625,1.0,1e-08,1e+18,False,False,False,False,12,1.1,15.0,12.236782398348396,4.659408923689259,63.53739441394444,51.832884640098335,study_results/v4p2_followups_20260806/pseudo65/gp_window_ensemble_20260806/runs/window_2p25eq2p5/draw_00/attempt_01/results_single.csv,1,1,1,1,single_attempt_outside_55_75MeV,False,,,,,,,window_2p25eq2p5,0
2021,0.234,0.0062286715,0.219985489125,0.248014510875,48395595.20414742,1.64,0.22378497874,0.24421502126,0.02043004252,0.0,1.0,8000,0.000125,True,2695.595687186007,7.729528129208665e-06,0.499975650495596,6.103515625e-05,-29.68400903585747,1649.3329532939613,True,tilde_q_mu,asymptotic,default,sidak_approx,observed,8.26**2 * RBF(length_scale=0.32),0.0288971675048537,0.394052284157097,0.1067098629975592,0.3201609859628386,0.0262701522771398,68.16131964058928,1562.8471419650937,371,288,83,416,45,0.04,0.3,0.000625,1.0,1e-08,1e+18,False,False,False,False,12,1.1,15.0,12.187252764478323,4.639378959839796,63.26425854326993,51.40116732160919,study_results/v4p2_followups_20260806/pseudo65/gp_window_ensemble_20260806/runs/window_2p25eq2p5/draw_00/attempt_01/results_single.csv,1,1,1,1,single_attempt_outside_55_75MeV,False,,,,,,,window_2p25eq2p5,0
2021,0.235,0.006267571875,0.22089796328125,0.2491020367187499,47012739.219878465,1.64,0.2247211821249999,0.245278817875,0.02055763575,0.0,1.0,8000,0.000125,True,2621.63737920121,7.705647251804108e-06,0.5,0.0,-133.2561619732393,1641.0215140026585,True,tilde_q_mu,asymptotic,default,sidak_approx,observed,8.27**2 * RBF(length_scale=0.32),0.0289531662310341,0.394815903150465,0.1069166519985136,0.3203902396899715,0.026321060210031,68.47340439983287,1560.0846206230458,370,289,81,416,46,0.04,0.3,0.000625,1.0,1e-08,1e+18,False,False,False,False,12,1.1,15.0,12.17239112457447,4.619518819803578,62.993438451866965,51.1187180745289,study_results/v4p2_followups_20260806/pseudo65/gp_window_ensemble_20260806/runs/window_2p25eq2p5/draw_00/attempt_01/results_single.csv,1,1,1,1,single_attempt_outside_55_75MeV,False,,,,,,,window_2p25eq2p5,0
2021,0.236,0.006306644,0.2218100509999999,0.2501899489999999,45679826.44124699,1.64,0.2256571038399999,0.24634289616,0.02068579232,0.0,1.0,8000,0.000125,True,2620.208376737124,7.892585670504105e-06,0.5,0.0,-82.70310666774269,1623.0818560850691,True,tilde_q_mu,asymptotic,default,sidak_approx,observed,8.24**2 * RBF(length_scale=0.32),0.0290094672713634,0.3955836446095018,0.1071245573684485,0.3200156993620029,0.0263722429739667,67.92126192268393,1564.4707250834504,371,291,80,416,45,0.04,0.3,0.000625,1.0,1e-08,1e+18,False,False,False,False,12,1.1,15.0,12.134565106119515,4.599826353186174,62.7249048161751,50.74262941780176,study_results/v4p2_followups_20260806/pseudo65/gp_window_ensemble_20260806/runs/window_2p25eq2p5/draw_00/attempt_01/results_single.csv,1,1,1,1,single_attempt_outside_55_75MeV,False,,,,,,,window_2p25eq2p5,0
2021,0.237,0.006345887875,0.22272175228125,0.25127824771875,44384391.87212218,1.64,0.226592743885,0.2474072561149999,0.0208145122299999,0.0,1.0,8000,0.000125,True,2708.76850559638,8.362058346917745e-06,0.4807964500699591,0.0481547656217283,77.42074773828483,1617.455775497545,True,tilde_q_mu,asymptotic,default,sidak_approx,observed,8.2**2 * RBF(length_scale=0.32),0.0290660667166324,0.3963554552268056,0.1073335646716512,0.3195150039191086,0.0264236970151203,67.26114008332135,1562.7812568347615,370,292,78,416,46,0.04,0.3,0.000625,1.0,1e-08,1e+18,False,False,False,False,12,1.1,15.0,12.091987118088484,4.580299445746575,62.458628805635115,50.349928995414,study_results/v4p2_followups_20260806/pseudo65/gp_window_ensemble_20260806/runs/window_2p25eq2p5/draw_00/attempt_01/results_single.csv,1,1,1,1,single_attempt_outside_55_75MeV,False,,,,,,,window_2p25eq2p5,0
2021,0.238,0.0063853035,0.223633067125,0.252366932875,43150069.97440755,1.64,0.2275281022599999,0.24847189774,0.02094379548,0.0,1.0,8000,0.000125,True,2732.4881558785232,8.640119493049968e-06,0.4654444172522082,0.0867265972676545,138.63578568017394,1608.3620174185296,True,tilde_q_mu,asymptotic,default,sidak_approx,observed,8.2**2 * RBF(length_scale=0.319),0.0291229607231004,0.3971312825877338,0.1075436597141695,0.319457228978903,0.0264754188391822,67.2047059930952,1563.7438797032237,370,294,76,416,46,0.04,0.3,0.000625,1.0,1e-08,1e+18,False,False,False,False,12,1.1,15.0,12.066182254541816,4.560936018640379,62.1945820723688,50.030077502017406,study_results/v4p2_followups_20260806/pseudo65/gp_window_ensemble_20260806/runs/window_2p25eq2p5/draw_00/attempt_01/results_single.csv,1,1,1,1,single_attempt_outside_55_75MeV,False,,,,,,,window_2p25eq2p5,0
2021,0.239,0.006424890875,0.2245439955312499,0.25345600446875,41910564.95451811,1.64,0.2284631789649999,0.249536821035,0.02107364207,0.0,1.0,8000,0.000125,True,2694.203070903768,8.734314642280986e-06,0.4779999378083163,0.0551739582672091,88.25273771897734,1604.6463438438575,True,tilde_q_mu,asymptotic,default,sidak_approx,observed,8.21**2 * RBF(length_scale=0.32),0.0291801455111333,0.3979110751518178,0.1077548285387784,0.3196802783703556,0.0265274050101211,67.48230569043479,1560.250624553736,369,295,74,416,47,0.04,0.3,0.000625,1.0,1e-08,1e+18,False,False,False,False,12,1.1,15.0,12.050944231008868,4.541734027682346,61.9327367411229,49.756530436068395,study_results/v4p2_followups_20260806/pseudo65/gp_window_ensemble_20260806/runs/window_2p25eq2p5/draw_00/attempt_01/results_single.csv,1,1,1,1,single_attempt_outside_55_75MeV,False,,,,,,,window_2p25eq2p5,0
2021,0.24,0.00646465,0.2254545375,0.2545454625,40722504.22475857,1.64,0.229397974,0.250602026,0.0212040519999999,0.0,1.0,8000,0.000125,True,2674.7976696900596,8.887203800457604e-06,0.4759690486295312,0.0602731361801912,95.23401141631976,1590.4956370069503,True,tilde_q_mu,asymptotic,default,sidak_approx,observed,8.19**2 * RBF(length_scale=0.319),0.0292376173638717,0.3986947822346143,0.1079670574200659,0.319490564679495,0.0265796521489742,67.14832299814682,1564.7606703381962,370,297,73,416,46,0.04,0.3,0.000625,1.0,1e-08,1e+18,False,False,False,False,12,1.1,15.0,12.020118355530254,4.522691462627012,61.673065399459254,49.4211696966572,study_results/v4p2_followups_20260806/pseudo65/gp_window_ensemble_20260806/runs/window_2p25eq2p5/draw_00/attempt_01/results_single.csv,1,1,1,1,single_attempt_outside_55_75MeV,False,,,,,,,window_2p25eq2p5,0
2021,0.241,0.006504580875,0.2263646930312499,0.25563530696875,39555789.66735767,1.64,0.230332487365,0.251667512635,0.0213350252699999,0.0,1.0,8000,0.000125,True,2745.7288536370406,9.352989958962192e-06,0.4467621183220079,0.1338461454810817,212.1844376576472,1587.7750829115246,True,tilde_q_mu,asymptotic,default,sidak_approx,observed,8.22**2 * RBF(length_scale=0.32),0.0292953726259335,0.3994823539900027,0.1081803328596386,0.3197049440038459,0.0266321569326668,67.54464346350312,1561.6979827679538,369,298,71,416,47,0.04,0.3,0.000625,1.0,1e-08,1e+18,False,False,False,False,12,1.1,15.0,12.004470565870603,4.503806346467102,61.41554108818776,49.15073701867777,study_results/v4p2_followups_20260806/pseudo65/gp_window_ensemble_20260806/runs/window_2p25eq2p5/draw_00/attempt_01/results_single.csv,1,1,1,1,single_attempt_outside_55_75MeV,False,,,,,,,window_2p25eq2p5,0
2021,0.242,0.0065446835,0.227274462125,0.256725537875,38433549.77614895,1.64,0.23126671906,0.2527332809399999,0.0214665618799999,0.0,1.0,8000,0.000125,True,2872.694212485302,1.0029596404109563e-05,0.3954960756100831,0.2650224709992606,419.4863962885515,1581.0650411813365,True,tilde_q_mu,asymptotic,default,sidak_approx,observed,8.2**2 * RBF(length_scale=0.319),0.0293534077021493,0.4002737413929458,0.1083946415814538,0.3193879919042748,0.026684916092863,67.16463443794413,1563.225313677718,369,300,69,416,47,0.04,0.3,0.000625,1.0,1e-08,1e+18,False,False,False,False,12,1.1,15.0,11.968858766233708,4.4850767347495655,61.16013729203953,48.80113635812562,study_results/v4p2_followups_20260806/pseudo65/gp_window_ensemble_20260806/runs/window_2p25eq2p5/draw_00/attempt_01/results_single.csv,1,1,1,1,single_attempt_outside_55_75MeV,False,,,,,,,window_2p25eq2p5,0
2021,0.243,0.006584957875,0.22818384478125,0.25781615521875,37332878.58161166,1.64,0.232200669085,0.253799330915,0.02159866183,0.0,1.0,8000,0.000125,True,2919.6491312901953,1.0450879345507596e-05,0.3774302832932335,0.312236800219827,493.7662428345178,1578.907687484517,True,tilde_q_mu,asymptotic,default,sidak_approx,observed,8.21**2 * RBF(length_scale=0.32),0.0294117190563266,0.4010688962226361,0.108609970527255,0.3195693546200618,0.0267379264148424,67.41705720992339,1559.549431518259,368,301,67,416,48,0.04,0.3,0.000625,1.0,1e-08,1e+18,False,False,False,False,12,1.1,15.0,11.951912413173025,4.466500714908013,60.90682793056381,48.530204852686595,study_results/v4p2_followups_20260806/pseudo65/gp_window_ensemble_20260806/runs/window_2p25eq2p5/draw_00/attempt_01/results_single.csv,1,1,1,1,single_attempt_outside_55_75MeV,False,,,,,,,window_2p25eq2p5,0
2021,0.244,0.006625404,0.229092841,0.258907159,36240747.78783116,1.64,0.23313433744,0.25486566256,0.0217313251199999,0.0,1.0,8000,0.000125,True,3055.3080732283092,1.1219873309351888e-05,0.3224725007362791,0.460795958657091,719.7010939255309,1563.945251898382,True,tilde_q_mu,asymptotic,default,sidak_approx,observed,8.26**2 * RBF(length_scale=0.32),0.029470303210048,0.4018677710461094,0.1088263068521347,0.320044544952732,0.0267911847364072,68.3006625406053,1564.6334738383794,369,303,66,416,47,0.04,0.3,0.000625,1.0,1e-08,1e+18,False,False,False,False,12,1.1,15.0,11.945889967225469,4.448076405612099,60.65558734925589,48.305664824776265,study_results/v4p2_followups_20260806/pseudo65/gp_window_ensemble_20260806/runs/window_2p25eq2p5/draw_00/attempt_01/results_single.csv,1,1,1,1,single_attempt_outside_55_75MeV,False,,,,,,,window_2p25eq2p5,0
2021,0.245,0.006666021875,0.23000145078125,0.25999854921875,35231160.94273463,1.64,0.234067724125,0.255932275875,0.02186455175,0.0,1.0,8000,0.000125,True,3242.62818715195,1.2198994539252972e-05,0.2653919237040811,0.6268099089475849,977.2896217622002,1560.97556473957,True,tilde_q_mu,asymptotic,default,sidak_approx,observed,8.28**2 * RBF(length_scale=0.32),0.0295291567414944,0.4026703192021974,0.1090436379201891,0.3201434743795471,0.0268446879468131,68.59671357598354,1563.9847856854344,368,304,64,416,48,0.04,0.3,0.000625,1.0,1e-08,1e+18,False,False,False,False,12,1.1,15.0,11.92576628247052,4.429801956132116,60.40639031089249,48.02616618769304,study_results/v4p2_followups_20260806/pseudo65/gp_window_ensemble_20260806/runs/window_2p25eq2p5/draw_00/attempt_01/results_single.csv,1,1,1,1,single_attempt_outside_55_75MeV,False,,,,,,,window_2p25eq2p5,0
2021,0.246,0.0067068115,0.230909674125,0.261090325875,34231611.46534635,1.64,0.23500082914,0.25699917086,0.02199834172,0.0,1.0,8000,0.000125,True,3393.5600425142457,1.308618357526334e-05,0.2242500717661245,0.7579178835161943,1179.2216552489874,1557.0401943955655,True,tilde_q_mu,asymptotic,default,sidak_approx,observed,8.3**2 * RBF(length_scale=0.32),0.0295882762843003,0.4034764947859137,0.1092619513002888,0.3202943695713326,0.0268984329857275,68.92426533257327,1560.5183272925133,367,305,62,416,49,0.04,0.3,0.000625,1.0,1e-08,1e+18,False,False,False,False,12,1.1,15.0,11.907547541571738,4.411675545719503,60.159211987084134,47.75657845331311,study_results/v4p2_followups_20260806/pseudo65/gp_window_ensemble_20260806/runs/window_2p25eq2p5/draw_00/attempt_01/results_single.csv,1,1,1,1,single_attempt_outside_55_75MeV,False,,,,,,,window_2p25eq2p5,0
2021,0.247,0.006747772875,0.23181751103125,0.26218248896875,33240766.184267055,1.64,0.235933652485,0.258066347515,0.02213269503,0.0,1.0,8000,0.000125,True,3621.8118373632874,1.4324445754015276e-05,0.1662191601166751,0.9692142147276042,1490.6845406356783,1540.011466598416,True,tilde_q_mu,asymptotic,default,sidak_approx,observed,8.32**2 * RBF(length_scale=0.32),0.0296476585264336,0.4042862526331858,0.1094812347619452,0.3202436670639395,0.0269524168422123,69.20548700097265,1565.1688749780892,368,307,61,416,48,0.04,0.3,0.000625,1.0,1e-08,1e+18,False,False,False,False,12,1.1,15.0,11.88181634837213,4.393695383001999,59.91402795002726,47.45916511956391,study_results/v4p2_followups_20260806/pseudo65/gp_window_ensemble_20260806/runs/window_2p25eq2p5/draw_00/attempt_01/results_single.csv,1,1,1,1,single_attempt_outside_55_75MeV,False,,,,,,,window_2p25eq2p5,0
2021,0.248,0.006788906,0.2327249615,0.2632750385,32306957.309929177,1.64,0.23686619416,0.25913380584,0.02226761168,0.0,1.0,8000,0.000125,True,3767.3134334665992,1.5268765936937695e-05,0.1374805094467374,1.091709020829789,1673.1994574778046,1534.0580926346854,True,tilde_q_mu,asymptotic,default,sidak_approx,observed,8.35**2 * RBF(length_scale=0.321),0.0297073002091074,0.4050995483060104,0.1097014762712903,0.3205021194899537,0.027006636553734,69.71930683677547,1561.5302494287444,367,308,59,416,49,0.04,0.3,0.000625,1.0,1e-08,1e+18,False,False,False,False,12,1.1,15.0,11.867531851004973,4.375859705393982,59.67081416446339,47.20968584481118,study_results/v4p2_followups_20260806/pseudo65/gp_window_ensemble_20260806/runs/window_2p25eq2p5/draw_00/attempt_01/results_single.csv,1,1,1,1,single_attempt_outside_55_75MeV,False,,,,,,,window_2p25eq2p5,0
2021,0.249,0.006830210875,0.23363202553125,0.26436797446875,31367919.80580777,1.64,0.237798454165,0.260201545835,0.0224030916699999,0.0,1.0,8000,0.000125,True,3841.006206006081,1.596907883285455e-05,0.1211907460122498,1.1690549520194335,1778.9445727917655,1522.4775902576075,True,tilde_q_mu,asymptotic,default,sidak_approx,observed,8.35**2 * RBF(length_scale=0.321),0.029767198125712,0.4059163380778918,0.1099226639871329,0.3206515136804052,0.0270610892051927,69.80504581922423,1559.9882797162468,367,310,57,416,49,0.04,0.3,0.000625,1.0,1e-08,1e+18,False,False,False,False,12,1.1,15.0,11.849172487073243,4.358166778520153,59.429546979820266,46.94606353283421,study_results/v4p2_followups_20260806/pseudo65/gp_window_ensemble_20260806/runs/window_2p25eq2p5/draw_00/attempt_01/results_single.csv,1,1,1,1,single_attempt_outside_55_75MeV,False,,,,,,,window_2p25eq2p5,0
2021,0.25,0.0068716875,0.234538703125,0.265461296875,30463229.35640608,1.64,0.2387304325,0.2612695675,0.022539135,0.0,1.0,8000,0.000125,True,3852.026548086125,1.6424541117284153e-05,0.1168106221387235,1.1910823850853909,1804.4529331131184,1514.590782434253,True,tilde_q_mu,asymptotic,default,sidak_approx,observed,8.31**2 * RBF(length_scale=0.32),0.0298273491207752,0.4067365789196631,0.1101447862571196,0.3203481086896865,0.0271157719279775,69.00841355512995,1558.751406577728,366,311,55,416,50,0.04,0.3,0.000625,1.0,1e-08,1e+18,False,False,False,False,12,1.1,15.0,11.814087739805682,4.3406148956534025,59.19020312254639,46.618550201778895,study_results/v4p2_followups_20260806/pseudo65/gp_window_ensemble_20260806/runs/window_2p25eq2p5/draw_00/attempt_01/results_single.csv,1,1,1,1,single_attempt_outside_55_75MeV,False,,,,,,,window_2p25eq2p5,0
2021,0.05,0.0019941875,0.045513078125,0.054486921875,432274745.5035101,1.64,0.0467295325,0.0532704675,0.0065409349999999,0.0,1.0,8000,0.000125,True,20658.88646190893,3.103823112572035e-05,0.0010764533513126,3.0682857147641216,14547.462533012167,4749.245148954391,True,tilde_q_mu,asymptotic,default,sidak_approx,observed,7.24**2 * RBF(length_scale=0.323),0.0430198208653474,0.586633920891102,0.1588612167593829,0.3232199070843817,0.0391089280594068,52.407336897838405,1680.8418382633984,402,9,393,416,14,0.04,0.3,0.000625,1.0,1e-08,1e+18,False,False,False,False,12,1.1,15.0,8.264606654352887,21.57260581833327,294.1718975227264,162.08100145266266,study_results/v4p2_followups_20260806/pseudo65/gp_window_ensemble_20260806/runs/window_2p25eq2p5/draw_01/attempt_01/results_single.csv,1,1,1,1,single_attempt_outside_55_75MeV,False,,,,,,,window_2p25eq2p5,1
2021,0.051,0.002001485875,0.04649665678125,0.0555033432187499,505722115.71658146,1.64,0.047717563165,0.0542824368349999,0.0065648736699999,0.0,1.0,8000,0.000125,True,16367.141414275022,2.060680372602016e-05,0.0214819166583669,2.0240614124311076,9962.096589242798,4939.862557427936,True,tilde_q_mu,asymptotic,default,sidak_approx,observed,7.21**2 * RBF(length_scale=0.324),0.0423437473933882,0.5774147371825666,0.1563646500091317,0.3237264927311913,0.0384943158121711,52.04742792941165,1674.743452752604,401,10,391,416,15,0.04,0.3,0.000625,1.0,1e-08,1e+18,False,False,False,False,12,1.1,15.0,8.40972195247683,21.15615599504954,288.4930362961301,161.74308136508398,study_results/v4p2_followups_20260806/pseudo65/gp_window_ensemble_20260806/runs/window_2p25eq2p5/draw_01/attempt_01/results_single.csv,1,1,1,1,single_attempt_outside_55_75MeV,False,,,,,,,window_2p25eq2p5,1
2021,0.052,0.002008956,0.047479849,0.056520151,582496150.2912881,1.64,0.04870531216,0.0552946878399999,0.0065893756799999,0.0,1.0,8000,0.000125,True,7790.160968508805,8.35160509518755e-06,0.5,0.0,-593.3294776076176,4958.025764159479,True,tilde_q_mu,asymptotic,default,sidak_approx,observed,7.51**2 * RBF(length_scale=0.318),0.0416967826910809,0.5685924912420126,0.1539755745145915,0.3179254016872123,0.0379061660828008,56.34585270215999,1672.6213231084246,402,12,390,416,14,0.04,0.3,0.000625,1.0,1e-08,1e+18,False,False,False,False,12,1.1,15.0,8.387168488439261,20.75544844739304,283.02884246445046,158.2540392558186,study_results/v4p2_followups_20260806/pseudo65/gp_window_ensemble_20260806/runs/window_2p25eq2p5/draw_01/attempt_01/results_single.csv,1,1,1,1,single_attempt_outside_55_75MeV,False,,,,,,,window_2p25eq2p5,1
2021,0.053,0.002016597875,0.0484626547812499,0.05753734521875,661992830.0519445,1.64,0.049692779485,0.056307220515,0.00661444103,0.0,1.0,8000,0.000125,True,5990.331200454001,5.544234635437383e-06,0.5,0.0,-6561.273362322073,5103.0108372191535,True,tilde_q_mu,asymptotic,default,sidak_approx,observed,7.54**2 * RBF(length_scale=0.317),0.0410773062694674,0.5601450854927381,0.1516880062237032,0.3172926883000947,0.0373430056995158,56.86033263156666,1668.746871559695,402,14,388,416,14,0.04,0.3,0.000625,1.0,1e-08,1e+18,False,False,False,False,12,1.1,15.0,8.49670995562653,20.369607039017364,277.76736871387317,157.34058447329008,study_results/v4p2_followups_20260806/pseudo65/gp_window_ensemble_20260806/runs/window_2p25eq2p5/draw_01/attempt_01/results_single.csv,1,1,1,1,single_attempt_outside_55_75MeV,False,,,,,,,window_2p25eq2p5,1
2021,0.054,0.0020244115,0.049445074125,0.058554925875,743432117.467634,1.64,0.05067996514,0.05732003486,0.00664006972,0.0,1.0,8000,0.000125,True,5647.367508760175,4.5680504714941065e-06,0.5,0.0,-12228.411908726615,5508.491334977124,True,tilde_q_mu,asymptotic,default,sidak_approx,observed,7.37**2 * RBF(length_scale=0.315),0.0404838157112043,0.552052032425514,0.1494963970927404,0.3153912818703411,0.0368034688283676,54.30904549025047,1662.9139217664622,401,15,386,416,15,0.04,0.3,0.000625,1.0,1e-08,1e+18,False,False,False,False,12,1.1,15.0,8.569607482956657,19.99781947059892,272.6975382354398,155.79405761641894,study_results/v4p2_followups_20260806/pseudo65/gp_window_ensemble_20260806/runs/window_2p25eq2p5/draw_01/attempt_01/results_single.csv,1,1,1,1,single_attempt_outside_55_75MeV,False,,,,,,,window_2p25eq2p5,1
2021,0.055,0.002032396875,0.05042710703125,0.05957289296875,825863093.242175,1.64,0.051666869125,0.058333130875,0.0066662617499999,0.0,1.0,8000,0.000125,True,5837.5096255820645,4.17327288655357e-06,0.5,0.0,-11708.992211791863,5614.347237110587,True,tilde_q_mu,asymptotic,default,sidak_approx,observed,7.44**2 * RBF(length_scale=0.316),0.0399149161083646,0.5442943105686093,0.1473955960828078,0.3159509669034899,0.0362862873712406,55.330446007046504,1667.4962902204868,402,17,385,416,14,0.04,0.3,0.000625,1.0,1e-08,1e+18,False,False,False,False,12,1.1,15.0,8.707172593079964,19.639331569216612,267.8090668529538,155.45731780535726,study_results/v4p2_followups_20260806/pseudo65/gp_window_ensemble_20260806/central_repeat/window_2p25eq2p5/draw_01/attempt_02/results_single.csv,2,2,1,2,stable_reproduced,False,attempt_02_55_75MeV,False,1667.4962891970083,1667.4962902204868,study_results/v4p2_followups_20260806/pseudo65/gp_window_ensemble_20260806/runs/window_2p25eq2p5/draw_01/attempt_01/results_single.csv|study_results/v4p2_followups_20260806/pseudo65/gp_window_ensemble_20260806/central_repeat/window_2p25eq2p5/draw_01/attempt_02/results_single.csv,1667.4962892|1667.49629022,window_2p25eq2p5,1
2021,0.056,0.002040554,0.0514087535,0.0605912465,908527012.009006,1.64,0.05265349144,0.05934650856,0.00669301712,0.0,1.0,8000,0.000125,True,6921.868084729092,4.4179151365227866e-06,0.5,0.0,-7364.875420554849,5865.37032010765,True,tilde_q_mu,asymptotic,default,sidak_approx,observed,7.45**2 * RBF(length_scale=0.317),0.0393693106142212,0.5368542356484718,0.1453808142699889,0.3169651757735981,0.0357902823765647,55.52187835988546,1661.4693428286994,401,18,383,416,15,0.04,0.3,0.000625,1.0,1e-08,1e+18,False,False,False,False,12,1.1,15.0,8.856179798713871,19.293442180026243,263.0923933639942,155.3329026203659,study_results/v4p2_followups_20260806/pseudo65/gp_window_ensemble_20260806/runs/window_2p25eq2p5/draw_01/attempt_01/results_single.csv,2,2,1,2,stable_reproduced,False,attempt_01_full,False,1661.4693428286994,1661.4693416934235,study_results/v4p2_followups_20260806/pseudo65/gp_window_ensemble_20260806/runs/window_2p25eq2p5/draw_01/attempt_01/results_single.csv|study_results/v4p2_followups_20260806/pseudo65/gp_window_ensemble_20260806/central_repeat/window_2p25eq2p5/draw_01/attempt_02/results_single.csv,1661.46934283|1661.46934169,window_2p25eq2p5,1
2021,0.057,0.002048882875,0.05239001353125,0.06160998646875,990542658.1092516,1.64,0.053639832085,0.060360167915,0.0067203358299999,0.0,1.0,8000,0.000125,True,9457.898017674626,5.439594297839598e-06,0.5,0.0,-351.5936013427521,5892.414894392746,True,tilde_q_mu,asymptotic,default,sidak_approx,observed,7.73**2 * RBF(length_scale=0.319),0.0388457919743114,0.5297153451042469,0.1434475935717297,0.3187330292862805,0.0353143563402831,59.752225857379386,1658.4105988803929,401,20,381,416,15,0.04,0.3,0.000625,1.0,1e-08,1e+18,False,False,False,False,12,1.1,15.0,9.025593620198634,18.959498587400432,258.53861710091496,155.56429953873305,study_results/v4p2_followups_20260806/pseudo65/gp_window_ensemble_20260806/central_repeat/window_2p25eq2p5/draw_01/attempt_02/results_single.csv,2,2,1,2,stable_reproduced,False,attempt_02_55_75MeV,False,1658.4105987718185,1658.4105988803929,study_results/v4p2_followups_20260806/pseudo65/gp_window_ensemble_20260806/runs/window_2p25eq2p5/draw_01/attempt_01/results_single.csv|study_results/v4p2_followups_20260806/pseudo65/gp_window_ensemble_20260806/central_repeat/window_2p25eq2p5/draw_01/attempt_02/results_single.csv,1658.41059877|1658.41059888,window_2p25eq2p5,1
2021,0.058,0.0020573835,0.053370887125,0.062629112875,1071587875.1020296,1.64,0.05462589106,0.06137410894,0.00674821788,0.0,1.0,8000,0.000125,True,13746.645628222592,7.182255900012848e-06,0.1771944140373783,0.9261099799111204,5445.290513637466,5981.1627150547065,True,tilde_q_mu,asymptotic,default,sidak_approx,observed,7.9**2 * RBF(length_scale=0.318),0.0383432349203511,0.5228622943684247,0.1415917786595051,0.3181028275151598,0.0348574862912283,62.37807824981948,1656.462437653384,401,21,380,416,15,0.04,0.3,0.000625,1.0,1e-08,1e+18,False,False,False,False,12,1.1,15.0,9.125810876248083,18.63689240258374,254.13944185341464,154.61523216996724,study_results/v4p2_followups_20260806/pseudo65/gp_window_ensemble_20260806/central_repeat/window_2p25eq2p5/draw_01/attempt_02/results_single.csv,2,2,1,2,stable_reproduced,False,attempt_02_55_75MeV,False,1656.4624365279562,1656.462437653384,study_results/v4p2_followups_20260806/pseudo65/gp_window_ensemble_20260806/runs/window_2p25eq2p5/draw_01/attempt_01/results_single.csv|study_results/v4p2_followups_20260806/pseudo65/gp_window_ensemble_20260806/central_repeat/window_2p25eq2p5/draw_01/attempt_02/results_single.csv,1656.46243653|1656.46243765,window_2p25eq2p5,1
2021,0.059,0.002066055875,0.0543513742812499,0.0636486257187499,1150525585.6827483,1.64,0.055611668365,0.0623883316349999,0.0067766632699999,0.0,1.0,8000,0.000125,True,15795.267057389465,7.556115755562275e-06,0.1037917267065937,1.260238180317359,7649.662128973469,6070.181076100829,True,tilde_q_mu,asymptotic,default,sidak_approx,observed,7.67**2 * RBF(length_scale=0.316),0.0378605893261601,0.516280763538548,0.139809491685398,0.3160323340406921,0.0344187175692365,58.871389049840325,1655.9240121909604,401,23,378,416,15,0.04,0.3,0.000625,1.0,1e-08,1e+18,False,False,False,False,12,1.1,15.0,9.181990392435829,18.325055863341635,249.88712540920412,152.96407898004796,study_results/v4p2_followups_20260806/pseudo65/gp_window_ensemble_20260806/central_repeat/window_2p25eq2p5/draw_01/attempt_02/results_single.csv,2,2,1,2,stable_reproduced,False,attempt_02_55_75MeV,False,1655.9240114346233,1655.9240121909604,study_results/v4p2_followups_20260806/pseudo65/gp_window_ensemble_20260806/runs/window_2p25eq2p5/draw_01/attempt_01/results_single.csv|study_results/v4p2_followups_20260806/pseudo65/gp_window_ensemble_20260806/central_repeat/window_2p25eq2p5/draw_01/attempt_02/results_single.csv,1655.92401143|1655.92401219,window_2p25eq2p5,1
2021,0.06,0.0020749,0.055331475,0.064668525,1227383710.9281788,1.64,0.056597164,0.063402836,0.006805672,0.0,1.0,8000,0.000125,True,14533.929244837927,6.408720892765869e-06,0.1559361818009808,1.0113010501589434,6164.572440861449,6091.266031803812,True,tilde_q_mu,asymptotic,default,sidak_approx,observed,7.65**2 * RBF(length_scale=0.315),0.0373968740379758,0.5099573732451246,0.1380971094990222,0.3149973306168492,0.0339971582163416,58.55453103272641,1660.4016978884908,402,25,377,416,14,0.04,0.3,0.000625,1.0,1e-08,1e+18,False,False,False,False,12,1.1,15.0,9.265401790713124,18.023458498229218,245.77443406676204,151.81325876757876,study_results/v4p2_followups_20260806/pseudo65/gp_window_ensemble_20260806/runs/window_2p25eq2p5/draw_01/attempt_01/results_single.csv,2,2,1,2,stable_reproduced,False,attempt_01_full,False,1660.4016978884908,1660.401697555331,study_results/v4p2_followups_20260806/pseudo65/gp_window_ensemble_20260806/runs/window_2p25eq2p5/draw_01/attempt_01/results_single.csv|study_results/v4p2_followups_20260806/pseudo65/gp_window_ensemble_20260806/central_repeat/window_2p25eq2p5/draw_01/attempt_02/results_single.csv,1660.40169789|1660.40169756,window_2p25eq2p5,1
2021,0.061,0.002083915875,0.05631118928125,0.06568881071875,1300628888.6465878,1.64,0.057582377965,0.064417622035,0.0068352440699999,0.0,1.0,8000,0.000125,True,13012.838648941884,5.326092882126887e-06,0.2758754034114189,0.5951386325479038,3768.570745940189,6342.958728275649,True,tilde_q_mu,asymptotic,default,sidak_approx,observed,7.54**2 * RBF(length_scale=0.314),0.0369511713028735,0.5038796086755482,0.136451243073103,0.3144212294667663,0.0335919739117032,56.89226174863559,1655.2582184042203,401,26,375,416,15,0.04,0.3,0.000625,1.0,1e-08,1e+18,False,False,False,False,12,1.1,15.0,9.3600105279084,17.731604114236877,241.7946015577755,150.88000107814636,study_results/v4p2_followups_20260806/pseudo65/gp_window_ensemble_20260806/runs/window_2p25eq2p5/draw_01/attempt_01/results_single.csv,2,2,1,2,stable_reproduced,False,attempt_01_full,False,1655.2582184042203,1655.2582169971868,study_results/v4p2_followups_20260806/pseudo65/gp_window_ensemble_20260806/runs/window_2p25eq2p5/draw_01/attempt_01/results_single.csv|study_results/v4p2_followups_20260806/pseudo65/gp_window_ensemble_20260806/central_repeat/window_2p25eq2p5/draw_01/attempt_02/results_single.csv,1655.2582184|1655.258217,window_2p25eq2p5,1
2021,0.062,0.0020931035,0.057290517125,0.066709482875,1370197379.191257,1.64,0.05856731026,0.06543268974,0.0068653794799999,0.0,1.0,8000,0.000125,True,10566.255908894052,4.038929056707533e-06,0.4973273360406222,0.0066994251630919,42.51199131661842,6414.271612319599,True,tilde_q_mu,asymptotic,default,sidak_approx,observed,7.84**2 * RBF(length_scale=0.317),0.0365226217287332,0.4980357508463617,0.1348687188919183,0.3166725683130765,0.0332023833897574,61.50681268363539,1653.6013993978515,401,28,373,416,15,0.04,0.3,0.000625,1.0,1e-08,1e+18,False,False,False,False,12,1.1,15.0,9.537645674279103,17.449028071824063,237.9412918885099,151.29331555418855,study_results/v4p2_followups_20260806/pseudo65/gp_window_ensemble_20260806/runs/window_2p25eq2p5/draw_01/attempt_01/results_single.csv,2,2,1,2,stable_reproduced,False,attempt_01_full,False,1653.6013993978515,1653.6013983012217,study_results/v4p2_followups_20260806/pseudo65/gp_window_ensemble_20260806/runs/window_2p25eq2p5/draw_01/attempt_01/results_single.csv|study_results/v4p2_followups_20260806/pseudo65/gp_window_ensemble_20260806/central_repeat/window_2p25eq2p5/draw_01/attempt_02/results_single.csv,1653.6013994|1653.6013983,window_2p25eq2p5,1
2021,0.063,0.002102462875,0.05826945853125,0.06773054146875,1435518314.3757334,1.64,0.059551960885,0.066448039115,0.0068960782299999,0.0,1.0,8000,0.000125,True,10025.565602085218,3.599809494873289e-06,0.5,0.0,-1158.794038802443,6501.2240961184825,True,tilde_q_mu,asymptotic,default,sidak_approx,observed,7.82**2 * RBF(length_scale=0.316),0.0361104197174945,0.4924148143294715,0.133346562087477,0.3163661001335497,0.0328276542886314,61.07520146330895,1653.3408106187014,401,29,372,416,15,0.04,0.3,0.000625,1.0,1e-08,1e+18,False,False,False,False,12,1.1,15.0,9.63718264338828,17.17529481584524,234.20856567061688,150.47404826758222,study_results/v4p2_followups_20260806/pseudo65/gp_window_ensemble_20260806/runs/window_2p25eq2p5/draw_01/attempt_01/results_single.csv,2,2,1,2,stable_reproduced,False,attempt_01_full,False,1653.3408106187014,1653.3408104936125,study_results/v4p2_followups_20260806/pseudo65/gp_window_ensemble_20260806/runs/window_2p25eq2p5/draw_01/attempt_01/results_single.csv|study_results/v4p2_followups_20260806/pseudo65/gp_window_ensemble_20260806/central_repeat/window_2p25eq2p5/draw_01/attempt_02/results_single.csv,1653.34081062|1653.34081049,window_2p25eq2p5,1
2021,0.064,0.002111994,0.0592480135,0.0687519865,1496380668.9381518,1.64,0.06053632984,0.06746367016,0.00692734032,0.0,1.0,8000,0.000125,True,9153.714005763535,3.103810502780736e-06,0.5,0.0,-3248.0021049249385,6534.12583904548,True,tilde_q_mu,asymptotic,default,sidak_approx,observed,7.97**2 * RBF(length_scale=0.316),0.0357138093206567,0.4870064907362281,0.1318819811349368,0.3164036768815456,0.0324670993824152,63.4723329255339,1653.2534511739466,401,31,370,416,15,0.04,0.3,0.000625,1.0,1e-08,1e+18,False,False,False,False,12,1.1,15.0,9.745363241562496,16.909995634768247,230.59084956502153,149.8127726127752,study_results/v4p2_followups_20260806/pseudo65/gp_window_ensemble_20260806/central_repeat/window_2p25eq2p5/draw_01/attempt_02/results_single.csv,2,2,1,2,stable_reproduced,False,attempt_02_55_75MeV,False,1653.2534506243858,1653.2534511739466,study_results/v4p2_followups_20260806/pseudo65/gp_window_ensemble_20260806/runs/window_2p25eq2p5/draw_01/attempt_01/results_single.csv|study_results/v4p2_followups_20260806/pseudo65/gp_window_ensemble_20260806/central_repeat/window_2p25eq2p5/draw_01/attempt_02/results_single.csv,1653.25345062|1653.25345117,window_2p25eq2p5,1
2021,0.065,0.002121696875,0.06022618203125,0.06977381796875,1552473659.1740165,1.64,0.061520417125,0.068479582875,0.0069591657499999,0.0,1.0,8000,0.000125,True,9720.021954542412,3.127876311651286e-06,0.4999026019832914,0.000244140625,-2157.4295645455773,6603.610846231243,True,tilde_q_mu,asymptotic,default,sidak_approx,observed,8.14**2 * RBF(length_scale=0.319),0.0353320804721528,0.4818010973475384,0.1304723539415717,0.3194728581285535,0.0321200731565025,66.33506820706226,1648.806087679079,400,32,368,416,16,0.04,0.3,0.000625,1.0,1e-08,1e+18,False,False,False,False,12,1.1,15.0,9.946205806317652,16.652746623927047,227.08290850809607,150.5742228745817,study_results/v4p2_followups_20260806/pseudo65/gp_window_ensemble_20260806/central_repeat/window_2p25eq2p5/draw_01/attempt_02/results_single.csv,2,2,1,2,stable_reproduced,False,attempt_02_55_75MeV,False,1648.8060868329887,1648.806087679079,study_results/v4p2_followups_20260806/pseudo65/gp_window_ensemble_20260806/runs/window_2p25eq2p5/draw_01/attempt_01/results_single.csv|study_results/v4p2_followups_20260806/pseudo65/gp_window_ensemble_20260806/central_repeat/window_2p25eq2p5/draw_01/attempt_02/results_single.csv,1648.80608683|1648.80608768,window_2p25eq2p5,1
2021,0.066,0.0021315715,0.061203964125,0.070796035875,1603610944.1033652,1.64,0.06250422274,0.06949577726,0.0069915545199999,0.0,1.0,8000,0.000125,True,11265.559080100104,3.4564455877601493e-06,0.4436208604543898,0.1417952692450617,917.8757947896876,6498.967848642771,True,tilde_q_mu,asymptotic,default,sidak_approx,observed,8.34**2 * RBF(length_scale=0.322),0.0349645655591176,0.4767895303516045,0.1291152151834926,0.3221717606421234,0.0317859686901069,69.47514458762562,1655.8292695379198,401,34,367,416,15,0.04,0.3,0.000625,1.0,1e-08,1e+18,False,False,False,False,12,1.1,15.0,10.135659661125754,16.403186831461046,223.67982042901423,151.1428355286808,study_results/v4p2_followups_20260806/pseudo65/gp_window_ensemble_20260806/central_repeat/window_2p25eq2p5/draw_01/attempt_02/results_single.csv,2,2,1,2,stable_reproduced,False,attempt_02_55_75MeV,False,1655.829268652555,1655.8292695379198,study_results/v4p2_followups_20260806/pseudo65/gp_window_ensemble_20260806/runs/window_2p25eq2p5/draw_01/attempt_01/results_single.csv|study_results/v4p2_followups_20260806/pseudo65/gp_window_ensemble_20260806/central_repeat/window_2p25eq2p5/draw_01/attempt_02/results_single.csv,1655.82926865|1655.82926954,window_2p25eq2p5,1
2021,0.067,0.002141617875,0.06218135978125,0.07181864021875,1649142035.953038,1.64,0.063487746685,0.070512253315,0.00702450663,0.0,1.0,8000,0.000125,True,13134.369669296137,3.86007988855327e-06,0.3042231375664836,0.5122925547865773,3357.9468358743593,6614.292606686016,True,tilde_q_mu,asymptotic,default,sidak_approx,observed,8.15**2 * RBF(length_scale=0.32),0.034610636295701,0.4719632222141046,0.1278082447614374,0.3203129090297141,0.0314642148142736,66.45508766617604,1650.4759055698453,400,35,365,416,16,0.04,0.3,0.000625,1.0,1e-08,1e+18,False,False,False,False,12,1.1,15.0,10.180228901958971,16.16097656810088,220.37695320137564,149.56585522042025,study_results/v4p2_followups_20260806/pseudo65/gp_window_ensemble_20260806/runs/window_2p25eq2p5/draw_01/attempt_01/results_single.csv,2,2,1,2,stable_reproduced,False,attempt_01_full,False,1650.4759055698453,1650.475904497382,study_results/v4p2_followups_20260806/pseudo65/gp_window_ensemble_20260806/runs/window_2p25eq2p5/draw_01/attempt_01/results_single.csv|study_results/v4p2_followups_20260806/pseudo65/gp_window_ensemble_20260806/central_repeat/window_2p25eq2p5/draw_01/attempt_02/results_single.csv,1650.47590557|1650.4759045,window_2p25eq2p5,1
2021,0.068,0.002151836,0.063158369,0.072841631,1689165908.4107392,1.64,0.06447098896,0.07152901104,0.00705802208,0.0,1.0,8000,0.000125,True,15737.446893850678,4.449108318316743e-06,0.1633137080127929,0.9809296880911066,6584.517793401039,6638.81044176188,True,tilde_q_mu,asymptotic,default,sidak_approx,observed,8.06**2 * RBF(length_scale=0.319),0.0342697008691363,0.4673141027609495,0.1265492572619316,0.3194940284164291,0.0311542735173966,64.9176903313332,1651.189433099161,400,37,363,416,16,0.04,0.3,0.000625,1.0,1e-08,1e+18,False,False,False,False,12,1.1,15.0,10.25522319556008,15.92579586415336,217.1699436020912,148.47508286710936,study_results/v4p2_followups_20260806/pseudo65/gp_window_ensemble_20260806/runs/window_2p25eq2p5/draw_01/attempt_01/results_single.csv,2,2,1,2,stable_reproduced,False,attempt_01_full,False,1651.189433099161,1651.1894328515962,study_results/v4p2_followups_20260806/pseudo65/gp_window_ensemble_20260806/runs/window_2p25eq2p5/draw_01/attempt_01/results_single.csv|study_results/v4p2_followups_20260806/pseudo65/gp_window_ensemble_20260806/central_repeat/window_2p25eq2p5/draw_01/attempt_02/results_single.csv,1651.1894331|1651.18943285,window_2p25eq2p5,1
2021,0.069,0.002162225875,0.06413499178125,0.07386500821875,1724382523.147623,1.64,0.065453949565,0.072546050435,0.00709210087,0.0,1.0,8000,0.000125,True,15780.84935839028,4.306927814301591e-06,0.1523839603587392,1.0262623886773137,6747.599146011367,6575.800909489759,True,tilde_q_mu,asymptotic,default,sidak_approx,observed,7.99**2 * RBF(length_scale=0.319),0.0339412013307978,0.4628345636017883,0.1253361923231284,0.3194010035042295,0.0308556375734525,63.82329446122021,1657.248080136342,401,39,362,416,15,0.04,0.3,0.000625,1.0,1e-08,1e+18,False,False,False,False,12,1.1,15.0,10.351463415522952,15.697343058942815,214.05467807649293,147.71861126869064,study_results/v4p2_followups_20260806/pseudo65/gp_window_ensemble_20260806/central_repeat/window_2p25eq2p5/draw_01/attempt_02/results_single.csv,2,2,1,2,stable_reproduced,False,attempt_02_55_75MeV,False,1657.248078529072,1657.248080136342,study_results/v4p2_followups_20260806/pseudo65/gp_window_ensemble_20260806/runs/window_2p25eq2p5/draw_01/attempt_01/results_single.csv|study_results/v4p2_followups_20260806/pseudo65/gp_window_ensemble_20260806/central_repeat/window_2p25eq2p5/draw_01/attempt_02/results_single.csv,1657.24807853|1657.24808014,window_2p25eq2p5,1
2021,0.07,0.0021727875,0.065111228125,0.074888771875,1754342362.4104328,1.64,0.0664366285,0.0735633715,0.0071267429999999,0.0,1.0,8000,0.000125,True,13492.503729318969,3.567796526360538e-06,0.2833504089359929,0.5729171117145081,3823.4251798126697,6673.077615323409,True,tilde_q_mu,asymptotic,default,sidak_approx,observed,8.08**2 * RBF(length_scale=0.32),0.0336246112080568,0.4585174255644109,0.1241671058160028,0.3198848406564586,0.0305678283709607,65.22551444374957,1651.2929171103472,400,40,360,416,16,0.04,0.3,0.000625,1.0,1e-08,1e+18,False,False,False,False,12,1.1,15.0,10.464755192107384,15.475333509630737,211.02727513132825,147.223251540456,study_results/v4p2_followups_20260806/pseudo65/gp_window_ensemble_20260806/runs/window_2p25eq2p5/draw_01/attempt_01/results_single.csv,2,2,1,2,stable_reproduced,False,attempt_01_full,False,1651.2929171103472,1651.2929169055683,study_results/v4p2_followups_20260806/pseudo65/gp_window_ensemble_20260806/runs/window_2p25eq2p5/draw_01/attempt_01/results_single.csv|study_results/v4p2_followups_20260806/pseudo65/gp_window_ensemble_20260806/central_repeat/window_2p25eq2p5/draw_01/attempt_02/results_single.csv,1651.29291711|1651.29291691,window_2p25eq2p5,1
2021,0.071,0.002183520875,0.06608707803125,0.0759129219687499,1779858962.993747,1.64,0.0674190257649999,0.074580974235,0.00716194847,0.0,1.0,8000,0.000125,True,9214.262762198454,2.367753985036456e-06,0.5,0.0,-3275.5889770660274,6572.235978756905,True,tilde_q_mu,asymptotic,default,sidak_approx,observed,8.11**2 * RBF(length_scale=0.321),0.0333194333154327,0.4543559088468107,0.1230401617614922,0.3211985669332192,0.0302903939231207,65.72287623795535,1657.3795931011591,401,42,359,416,15,0.04,0.3,0.000625,1.0,1e-08,1e+18,False,False,False,False,12,1.1,15.0,10.603974571887218,15.259498407787282,208.08406919709927,147.10121190539073,study_results/v4p2_followups_20260806/pseudo65/gp_window_ensemble_20260806/central_repeat/window_2p25eq2p5/draw_01/attempt_02/results_single.csv,2,2,1,2,stable_reproduced,False,attempt_02_55_75MeV,False,1657.37959229358,1657.3795931011591,study_results/v4p2_followups_20260806/pseudo65/gp_window_ensemble_20260806/runs/window_2p25eq2p5/draw_01/attempt_01/results_single.csv|study_results/v4p2_followups_20260806/pseudo65/gp_window_ensemble_20260806/central_repeat/window_2p25eq2p5/draw_01/attempt_02/results_single.csv,1657.37959229|1657.3795931,window_2p25eq2p5,1
2021,0.072,0.002194426,0.0670625414999999,0.0769374585,1800316618.2419674,1.64,0.06840114136,0.0755988586399999,0.0071977172799999,0.0,1.0,8000,0.000125,True,7645.821858929216,1.915414233604594e-06,0.5,0.0,-9409.46682411934,6643.556761285306,True,tilde_q_mu,asymptotic,default,sidak_approx,observed,8.12**2 * RBF(length_scale=0.321),0.0330251977459068,0.4503436056260024,0.1219536249129291,0.3209875510578102,0.0300229070417334,65.92036186773882,1651.5171029117585,400,43,357,416,16,0.04,0.3,0.000625,1.0,1e-08,1e+18,False,False,False,False,12,1.1,15.0,10.691421407381364,15.049583693369856,205.22159581867984,146.27403751952,study_results/v4p2_followups_20260806/pseudo65/gp_window_ensemble_20260806/runs/window_2p25eq2p5/draw_01/attempt_01/results_single.csv,2,2,1,2,stable_reproduced,False,attempt_01_full,False,1651.5171029117585,1651.5171028259697,study_results/v4p2_followups_20260806/pseudo65/gp_window_ensemble_20260806/runs/window_2p25eq2p5/draw_01/attempt_01/results_single.csv|study_results/v4p2_followups_20260806/pseudo65/gp_window_ensemble_20260806/central_repeat/window_2p25eq2p5/draw_01/attempt_02/results_single.csv,1651.51710291|1651.51710283,window_2p25eq2p5,1
2021,0.073,0.002205502875,0.06803761853125,0.07796238146875,1816762964.06598,1.64,0.069382975285,0.076617024715,0.00723404943,0.0,1.0,8000,0.000125,True,7376.05085431192,1.806020585974064e-06,0.5,0.0,-10779.926659103716,6629.504883761689,True,tilde_q_mu,asymptotic,default,sidak_approx,observed,8.06**2 * RBF(length_scale=0.319),0.0327414600253253,0.4464744548907995,0.1209058539407253,0.3189924843992922,0.0297649636593866,64.98385127666624,1651.800836553279,400,45,355,416,16,0.04,0.3,0.000625,1.0,1e-08,1e+18,False,False,False,False,12,1.1,15.0,10.71704598902459,14.845349056879057,202.43657804835075,144.63480778699605,study_results/v4p2_followups_20260806/pseudo65/gp_window_ensemble_20260806/runs/window_2p25eq2p5/draw_01/attempt_01/results_single.csv,2,2,1,2,stable_reproduced,False,attempt_01_full,False,1651.800836553279,1651.8008364253594,study_results/v4p2_followups_20260806/pseudo65/gp_window_ensemble_20260806/runs/window_2p25eq2p5/draw_01/attempt_01/results_single.csv|study_results/v4p2_followups_20260806/pseudo65/gp_window_ensemble_20260806/central_repeat/window_2p25eq2p5/draw_01/attempt_02/results_single.csv,1651.80083655|1651.80083643,window_2p25eq2p5,1
2021,0.074,0.0022167515,0.0690123091249999,0.078987690875,1829474701.9884825,1.64,0.07036452754,0.07763547246,0.0072709449199999,0.0,1.0,8000,0.000125,True,7272.788548965143,1.7444669860070565e-06,0.5,0.0,-10814.738692838167,6559.990208574473,True,tilde_q_mu,asymptotic,default,sidak_approx,observed,8.19**2 * RBF(length_scale=0.322),0.0324677994146582,0.442742719290794,0.1198952951630456,0.3222170381140155,0.0295161812860529,67.01847169021202,1652.9979018491315,400,46,354,416,16,0.04,0.3,0.000625,1.0,1e-08,1e+18,False,False,False,False,12,1.1,15.0,10.916623495135884,14.646567021453794,199.72591392891536,145.35550697225898,study_results/v4p2_followups_20260806/pseudo65/gp_window_ensemble_20260806/runs/window_2p25eq2p5/draw_01/attempt_01/results_single.csv,2,2,1,2,stable_reproduced,False,attempt_01_full,False,1652.9979018491315,1652.997900036377,study_results/v4p2_followups_20260806/pseudo65/gp_window_ensemble_20260806/runs/window_2p25eq2p5/draw_01/attempt_01/results_single.csv|study_results/v4p2_followups_20260806/pseudo65/gp_window_ensemble_20260806/central_repeat/window_2p25eq2p5/draw_01/attempt_02/results_single.csv,1652.99790185|1652.99790004,window_2p25eq2p5,1
2021,0.075,0.002228171875,0.06998661328125,0.08001338671875,1838368958.6354597,1.64,0.071345798125,0.078654201875,0.0073084037499999,0.0,1.0,8000,0.000125,True,7900.526069115248,1.860724135369304e-06,0.5,0.0,-7390.829847560046,6517.865889838393,True,tilde_q_mu,asymptotic,default,sidak_approx,observed,8.2**2 * RBF(length_scale=0.323),0.032203817346461,0.4391429638153776,0.1189204767720596,0.3230746232602347,0.0292761975876918,67.23817867794503,1652.2101545919606,400,48,352,416,16,0.04,0.3,0.000625,1.0,1e-08,1e+18,False,False,False,False,12,1.1,15.0,11.035402473033592,14.45302209752604,197.08666496626415,144.99537799804364,study_results/v4p2_followups_20260806/pseudo65/gp_window_ensemble_20260806/central_repeat/window_2p25eq2p5/draw_01/attempt_02/results_single.csv,2,2,1,2,stable_reproduced,False,attempt_02_55_75MeV,False,1652.210153499071,1652.2101545919606,study_results/v4p2_followups_20260806/pseudo65/gp_window_ensemble_20260806/runs/window_2p25eq2p5/draw_01/attempt_01/results_single.csv|study_results/v4p2_followups_20260806/pseudo65/gp_window_ensemble_20260806/central_repeat/window_2p25eq2p5/draw_01/attempt_02/results_single.csv,1652.2101535|1652.21015459,window_2p25eq2p5,1
2021,0.076,0.002239764,0.070960531,0.081039469,1844398591.748667,1.64,0.0723267870399999,0.07967321296,0.00734642592,0.0,1.0,8000,0.000125,True,9398.971642627395,2.1773682565306714e-06,0.5,0.0,-2472.929042519433,6483.93994144443,True,tilde_q_mu,asymptotic,default,sidak_approx,observed,8.12**2 * RBF(length_scale=0.322),0.0319491359833398,0.4356700361364529,0.1179800035107226,0.32163466150152,0.0290446690757635,65.91717405248693,1650.701794721252,400,50,350,416,16,0.04,0.3,0.000625,1.0,1e-08,1e+18,False,False,False,False,12,1.1,15.0,11.07379328931345,14.264510003437811,194.51604550142468,143.60203195583108,study_results/v4p2_followups_20260806/pseudo65/gp_window_ensemble_20260806/runs/window_2p25eq2p5/draw_01/attempt_01/results_single.csv,1,1,1,1,single_attempt_outside_55_75MeV,False,,,,,,,window_2p25eq2p5,1
2021,0.077,0.002251527875,0.07193406228125,0.08206593771875,1847461207.5520144,1.64,0.073307494285,0.080692505715,0.00738501143,0.0,1.0,8000,0.000125,True,12127.788116505664,2.768442257826274e-06,0.3656852132241959,0.3433031298645003,2226.991666548073,6486.687592849478,True,tilde_q_mu,asymptotic,default,sidak_approx,observed,7.9**2 * RBF(length_scale=0.319),0.0317033968874435,0.4323190484651396,0.1170725517595489,0.3185173308595774,0.0288212698976759,62.40482478792773,1650.258886467932,400,51,349,416,16,0.04,0.3,0.000625,1.0,1e-08,1e+18,False,False,False,False,12,1.1,15.0,11.051467613689754,14.080836946086476,192.0114129011792,141.4671940757462,study_results/v4p2_followups_20260806/pseudo65/gp_window_ensemble_20260806/runs/window_2p25eq2p5/draw_01/attempt_01/results_single.csv,1,1,1,1,single_attempt_outside_55_75MeV,False,,,,,,,window_2p25eq2p5,1
2021,0.078,0.0022634635,0.072907207125,0.083092792875,1847769944.3645077,1.64,0.07428791986,0.08171208014,0.00742416028,0.0,1.0,8000,0.000125,True,14453.967920865602,3.256600665063747e-06,0.2094928908692546,0.8081820633191853,5308.724083431433,6470.088209878251,True,tilde_q_mu,asymptotic,default,sidak_approx,observed,7.8**2 * RBF(length_scale=0.317),0.0314662597911359,0.4290853607882172,0.1161968649970184,0.3171448886698287,0.0286056907192144,60.88574001554643,1649.6334715450305,400,53,347,416,16,0.04,0.3,0.000625,1.0,1e-08,1e+18,False,False,False,False,12,1.1,15.0,11.08677611678162,13.901818956274722,189.57025849465532,140.11486762204416,study_results/v4p2_followups_20260806/pseudo65/gp_window_ensemble_20260806/runs/window_2p25eq2p5/draw_01/attempt_01/results_single.csv,1,1,1,1,single_attempt_outside_55_75MeV,False,,,,,,,window_2p25eq2p5,1
2021,0.079,0.002275570875,0.07387996553125,0.08412003446875,1845689661.7151537,1.64,0.075268063765,0.082731936235,0.0074638724699999,0.0,1.0,8000,0.000125,True,16055.74413300796,3.5757289420625975e-06,0.1347520640220409,1.1042052148291972,7196.146604523519,6515.671498460582,True,tilde_q_mu,asymptotic,default,sidak_approx,observed,7.74**2 * RBF(length_scale=0.316),0.0312374014599871,0.4259645653634614,0.1153517496008941,0.3162102156008614,0.0283976376908974,59.94621199123029,1643.3313795176855,399,54,345,416,17,0.04,0.3,0.000625,1.0,1e-08,1e+18,False,False,False,False,12,1.1,15.0,11.135088736702183,13.727281273973578,187.1901991905488,138.95863190851455,study_results/v4p2_followups_20260806/pseudo65/gp_window_ensemble_20260806/runs/window_2p25eq2p5/draw_01/attempt_01/results_single.csv,1,1,1,1,single_attempt_outside_55_75MeV,False,,,,,,,window_2p25eq2p5,1
2021,0.08,0.00228785,0.0748523375,0.0851476625,1840971776.2432177,1.64,0.076247926,0.083752074,0.0075041479999999,0.0,1.0,8000,0.000125,True,16363.710341298283,3.607983875457244e-06,0.1137861900420801,1.20663593818641,7722.835058201451,6403.332368361417,True,tilde_q_mu,asymptotic,default,sidak_approx,observed,7.87**2 * RBF(length_scale=0.318),0.0310165146400847,0.4229524723647926,0.1145360709609101,0.3180104069923102,0.0281968314909861,61.97103689197734,1648.4689639657374,400,56,344,416,16,0.04,0.3,0.000625,1.0,1e-08,1e+18,False,False,False,False,12,1.1,15.0,11.278231991916192,13.55705777917468,184.8689697160183,138.9996752375856,study_results/v4p2_followups_20260806/pseudo65/gp_window_ensemble_20260806/runs/window_2p25eq2p5/draw_01/attempt_01/results_single.csv,1,1,1,1,single_attempt_outside_55_75MeV,False,,,,,,,window_2p25eq2p5,1
2021,0.081,0.002300300875,0.07582432303125,0.08617567696875,1834117166.8439004,1.64,0.077227506565,0.084772493435,0.0075449868699999,0.0,1.0,8000,0.000125,True,16762.26372078613,3.663873718224245e-06,0.1019169832969371,1.270704015291162,8187.822967618543,6432.033867517116,True,tilde_q_mu,asymptotic,default,sidak_approx,observed,7.79**2 * RBF(length_scale=0.318),0.030803307082474,0.4200450965791913,0.113748749876279,0.3176022300335598,0.0280030064386127,60.615586222189165,1642.308719174803,399,57,342,416,17,0.04,0.3,0.000625,1.0,1e-08,1e+18,False,False,False,False,12,1.1,15.0,11.341718994701395,13.390990464442623,182.6044154242176,138.0698644622129,study_results/v4p2_followups_20260806/pseudo65/gp_window_ensemble_20260806/runs/window_2p25eq2p5/draw_01/attempt_01/results_single.csv,1,1,1,1,single_attempt_outside_55_75MeV,False,,,,,,,window_2p25eq2p5,1
2021,0.082,0.0023129235,0.076795922125,0.087204077875,1825600864.265104,1.64,0.07820680546,0.08579319454,0.00758638908,0.0,1.0,8000,0.000125,True,15096.858243265662,3.2748153253559753e-06,0.1610210956140647,0.990269948105952,6318.437332161454,6374.9989908248735,True,tilde_q_mu,asymptotic,default,sidak_approx,observed,7.94**2 * RBF(length_scale=0.319),0.0305975006382008,0.4172386450663756,0.1129887592139169,0.3193841706829031,0.0278159096710917,63.03673778958373,1641.4466161207304,399,59,340,416,17,0.04,0.3,0.000625,1.0,1e-08,1e+18,False,False,False,False,12,1.1,15.0,11.482068156657489,13.228928945639955,180.39448562236305,138.08678526674277,study_results/v4p2_followups_20260806/pseudo65/gp_window_ensemble_20260806/runs/window_2p25eq2p5/draw_01/attempt_01/results_single.csv,1,1,1,1,single_attempt_outside_55_75MeV,False,,,,,,,window_2p25eq2p5,1
2021,0.083,0.002325717875,0.07776713478125,0.08823286521875,1815668681.2943528,1.64,0.079185822685,0.086814177315,0.00762835463,0.0,1.0,8000,0.000125,True,12131.317882465726,2.614045906325477e-06,0.3396823714637558,0.4133301502279544,2624.2483051046997,6351.513998119328,True,tilde_q_mu,asymptotic,default,sidak_approx,observed,7.88**2 * RBF(length_scale=0.317),0.030398830418065,0.4145295057008868,0.1122551208056255,0.3173225511548405,0.0276353003800591,62.111692203211355,1644.071855431029,399,60,339,416,17,0.04,0.3,0.000625,1.0,1e-08,1e+18,False,False,False,False,12,1.1,15.0,11.48250776328857,13.070730007639057,178.2372273768962,136.44068980414937,study_results/v4p2_followups_20260806/pseudo65/gp_window_ensemble_20260806/runs/window_2p25eq2p5/draw_01/attempt_01/results_single.csv,1,1,1,1,single_attempt_outside_55_75MeV,False,,,,,,,window_2p25eq2p5,1
2021,0.084,0.002338684,0.078737961,0.089262039,1803665927.1918256,1.64,0.08016455824,0.08783544176,0.00767088352,0.0,1.0,8000,0.000125,True,10903.442831253218,2.336943354885264e-06,0.4410823911529442,0.1482255325711868,932.7271902013172,6295.938272013314,True,tilde_q_mu,asymptotic,default,sidak_approx,observed,7.92**2 * RBF(length_scale=0.319),0.0302070440117673,0.4119142365241002,0.111546902564603,0.3185054467959378,0.0274609491016066,62.66000781548943,1644.2701205102846,399,62,337,416,17,0.04,0.3,0.000625,1.0,1e-08,1e+18,False,False,False,False,12,1.1,15.0,11.598486476831305,12.916257182144893,176.13077975652126,136.1900311439843,study_results/v4p2_followups_20260806/pseudo65/gp_window_ensemble_20260806/runs/window_2p25eq2p5/draw_01/attempt_01/results_single.csv,1,1,1,1,single_attempt_outside_55_75MeV,False,,,,,,,window_2p25eq2p5,1
2021,0.085,0.002351821875,0.07970840078125,0.09029159921875,1790440672.4133158,1.64,0.081143012125,0.088856987875,0.0077139757499999,0.0,1.0,8000,0.000125,True,9206.342437125391,1.964392133030291e-06,0.5,0.0,-1840.941676093952,6191.910674017611,True,tilde_q_mu,asymptotic,default,sidak_approx,observed,7.89**2 * RBF(length_scale=0.318),0.0300219007615834,0.4093895558397742,0.1108632158033061,0.3176415317410055,0.0272926370559849,62.182776582768305,1649.806042904387,400,64,336,416,16,0.04,0.3,0.000625,1.0,1e-08,1e+18,False,False,False,False,12,1.1,15.0,11.638359865682183,12.76538035499965,174.07336847726796,135.0619003579961,study_results/v4p2_followups_20260806/pseudo65/gp_window_ensemble_20260806/runs/window_2p25eq2p5/draw_01/attempt_01/results_single.csv,1,1,1,1,single_attempt_outside_55_75MeV,False,,,,,,,window_2p25eq2p5,1
2021,0.086,0.0023651315,0.080678454125,0.091321545875,1775696555.8627672,1.64,0.0821211843399999,0.08987881566,0.00775763132,0.0,1.0,8000,0.000125,True,8490.535940276975,1.8054598008146477e-06,0.5,0.0,-3697.5463610658185,6211.0599575590695,True,tilde_q_mu,asymptotic,default,sidak_approx,observed,7.87**2 * RBF(length_scale=0.317),0.0298431710861948,0.4069523329935665,0.1102032127365311,0.3173094138145499,0.0271301555329044,61.97509859782453,1644.0446175004174,399,65,334,416,17,0.04,0.3,0.000625,1.0,1e-08,1e+18,False,False,False,False,12,1.1,15.0,11.695819931061788,12.61797540060452,172.0633009173344,134.1614256182161,study_results/v4p2_followups_20260806/pseudo65/gp_window_ensemble_20260806/runs/window_2p25eq2p5/draw_01/attempt_01/results_single.csv,1,1,1,1,single_attempt_outside_55_75MeV,False,,,,,,,window_2p25eq2p5,1
2021,0.087,0.002378612875,0.0816481210312499,0.09235187896875,1760136602.064715,1.64,0.083099074885,0.0909009251149999,0.0078018502299999,0.0,1.0,8000,0.000125,True,7865.913422850293,1.6680284634817093e-06,0.5,0.0,-5538.800878267164,6180.1604109229,True,tilde_q_mu,asymptotic,default,sidak_approx,observed,7.79**2 * RBF(length_scale=0.316),0.0296706358506726,0.4045995797818991,0.1095660841549239,0.3155031566880433,0.0269733053187932,60.69840534590576,1643.2137948135794,399,67,332,416,17,0.04,0.3,0.000625,1.0,1e-08,1e+18,False,False,False,False,12,1.1,15.0,11.696866696875333,12.47392384129452,170.098961472198,132.64165850781552,study_results/v4p2_followups_20260806/pseudo65/gp_window_ensemble_20260806/runs/window_2p25eq2p5/draw_01/attempt_01/results_single.csv,1,1,1,1,single_attempt_outside_55_75MeV,False,,,,,,,window_2p25eq2p5,1
2021,0.088,0.002392266,0.0826174014999999,0.0933825985,1743632625.119082,1.64,0.0840766837599999,0.09192331624,0.00784663248,0.0,1.0,8000,0.000125,True,7738.295881107259,1.6376745302472135e-06,0.4998622584051908,0.0003452669830012,-5833.324264528211,6141.6632954755805,True,tilde_q_mu,asymptotic,default,sidak_approx,observed,7.76**2 * RBF(length_scale=0.315),0.0295040857789749,0.4023284424405671,0.1089510572554845,0.3149699194607614,0.0268218961627044,60.150133857651625,1643.2497095269366,399,68,331,416,17,0.04,0.3,0.000625,1.0,1e-08,1e+18,False,False,False,False,12,1.1,15.0,11.743014645576151,12.33311252969984,168.17880722317963,131.66174641982178,study_results/v4p2_followups_20260806/pseudo65/gp_window_ensemble_20260806/runs/window_2p25eq2p5/draw_01/attempt_01/results_single.csv,1,1,1,1,single_attempt_outside_55_75MeV,False,,,,,,,window_2p25eq2p5,1
2021,0.089,0.002406090875,0.08358629553125,0.09441370446875,1725874782.225614,1.64,0.085054010965,0.092945989035,0.00789197807,0.0,1.0,8000,0.000125,True,8196.961726922214,1.7329001513154223e-06,0.5,0.0,-3940.5985712746583,6080.515409736139,True,tilde_q_mu,asymptotic,default,sidak_approx,observed,7.92**2 * RBF(length_scale=0.318),0.0293433209056615,0.4001361941681125,0.1083573936168872,0.3175027634401188,0.0266757462778741,62.79548924372599,1642.2700326622128,399,70,329,416,17,0.04,0.3,0.000625,1.0,1e-08,1e+18,False,False,False,False,12,1.1,15.0,11.902301069022654,12.1954333523091,166.3013638951241,131.9579267512574,study_results/v4p2_followups_20260806/pseudo65/gp_window_ensemble_20260806/runs/window_2p25eq2p5/draw_01/attempt_01/results_single.csv,1,1,1,1,single_attempt_outside_55_75MeV,False,,,,,,,window_2p25eq2p5,1
2021,0.09,0.0024200875,0.084554803125,0.095445196875,1707421799.183081,1.64,0.0860310565,0.0939689435,0.007937887,0.0,1.0,8000,0.000125,True,9204.176368053755,1.945008585243187e-06,0.5,0.0,-1484.3413361963555,6084.917899584963,True,tilde_q_mu,asymptotic,default,sidak_approx,observed,7.98**2 * RBF(length_scale=0.318),0.0291881500637943,0.3980202281426503,0.1077843873084286,0.3180583920360377,0.0265346818761766,63.660638880442285,1637.3812460148415,398,71,327,416,18,0.04,0.3,0.000625,1.0,1e-08,1e+18,False,False,False,False,12,1.1,15.0,11.986516119554318,12.060782952597524,164.46522208087532,131.42433570523286,study_results/v4p2_followups_20260806/pseudo65/gp_window_ensemble_20260806/runs/window_2p25eq2p5/draw_01/attempt_01/results_single.csv,1,1,1,1,single_attempt_outside_55_75MeV,False,,,,,,,window_2p25eq2p5,1
2021,0.091,0.002434255875,0.08552292428125,0.09647707571875,1688209960.037576,1.64,0.087007820365,0.094992179635,0.0079843592699999,0.0,1.0,8000,0.000125,True,11097.028633804352,2.34562606103794e-06,0.3873033199676061,0.2863544738220218,1860.6191547051965,5996.8736919576,True,tilde_q_mu,asymptotic,default,sidak_approx,observed,7.97**2 * RBF(length_scale=0.318),0.0290383904062669,0.3959780509945498,0.1072313631224206,0.317637219820774,0.0263985367329699,63.5845709967608,1644.0785151081543,399,73,326,416,17,0.04,0.3,0.000625,1.0,1e-08,1e+18,False,False,False,False,12,1.1,15.0,12.03237978808373,11.929062472229626,162.66903371222216,130.48637289240352,study_results/v4p2_followups_20260806/pseudo65/gp_window_ensemble_20260806/runs/window_2p25eq2p5/draw_01/attempt_01/results_single.csv,1,1,1,1,single_attempt_outside_55_75MeV,False,,,,,,,window_2p25eq2p5,1
2021,0.092,0.002448596,0.086490659,0.097509341,1668257878.789034,1.64,0.08798430256,0.0960156974399999,0.0080313948799999,0.0,1.0,8000,0.000125,True,12003.151874015464,2.5395935260897845e-06,0.3002874890770745,0.5235738434361357,3148.642369182299,5998.098521355866,True,tilde_q_mu,asymptotic,default,sidak_approx,observed,7.94**2 * RBF(length_scale=0.318),0.0288938669580575,0.3940072767007851,0.1066976749207735,0.318265606793929,0.0262671517800523,62.97934358165133,1641.0757044528118,398,74,324,416,18,0.04,0.3,0.000625,1.0,1e-08,1e+18,False,False,False,False,12,1.1,15.0,12.116487141770149,11.800177308979343,160.9115087588092,129.97881512259642,study_results/v4p2_followups_20260806/pseudo65/gp_window_ensemble_20260806/runs/window_2p25eq2p5/draw_01/attempt_01/results_single.csv,1,1,1,1,single_attempt_outside_55_75MeV,False,,,,,,,window_2p25eq2p5,1
2021,0.093,0.002463107875,0.08745800728125,0.09854199271875,1647188801.3305027,1.64,0.088960503085,0.097039496915,0.0080789938299999,0.0,1.0,8000,0.000125,True,11913.826594700226,2.525485429058833e-06,0.2967568756703559,0.5337510978633837,3133.960367465709,5948.560240851416,True,tilde_q_mu,asymptotic,default,sidak_approx,observed,7.96**2 * RBF(length_scale=0.319),0.0287544121970801,0.3921056208692741,0.106182704087187,0.3190666261450187,0.0261403747246182,63.40855821182211,1641.8756525407323,398,76,322,416,18,0.04,0.3,0.000625,1.0,1e-08,1e+18,False,False,False,False,12,1.1,15.0,12.20589335486957,11.674036890113918,159.19141213791704,129.538226637767,study_results/v4p2_followups_20260806/pseudo65/gp_window_ensemble_20260806/runs/window_2p25eq2p5/draw_01/attempt_01/results_single.csv,1,1,1,1,single_attempt_outside_55_75MeV,False,,,,,,,window_2p25eq2p5,1
2021,0.094,0.0024777915,0.088424969125,0.099575030875,1625450307.8031468,1.64,0.08993642194,0.09806357806,0.00812715612,0.0,1.0,8000,0.000125,True,10630.147473290534,2.2592155103157735e-06,0.4019382361269868,0.248333382531829,1462.660845416924,5890.168934329959,True,tilde_q_mu,asymptotic,default,sidak_approx,observed,8.11**2 * RBF(length_scale=0.32),0.0286198656615447,0.3902708953847011,0.1056858580772325,0.3203527722881105,0.0260180596923134,65.79898650725276,1638.132357380871,398,77,321,416,18,0.04,0.3,0.000625,1.0,1e-08,1e+18,False,False,False,False,12,1.1,15.0,12.31270802191115,11.550554460108833,157.50756081966588,129.28964050773055,study_results/v4p2_followups_20260806/pseudo65/gp_window_ensemble_20260806/runs/window_2p25eq2p5/draw_01/attempt_01/results_single.csv,1,1,1,1,single_attempt_outside_55_75MeV,False,,,,,,,window_2p25eq2p5,1
2021,0.095,0.002492646875,0.08939154453125,0.10060845546875,1603496027.5520115,1.64,0.090912059125,0.099087940875,0.00817588175,0.0,1.0,8000,0.000125,True,9203.591943066447,1.961940279993317e-06,0.5,0.0,-763.1996160607034,5863.161313626745,True,tilde_q_mu,asymptotic,default,sidak_approx,observed,7.97**2 * RBF(length_scale=0.318),0.0284900735818755,0.3885010033892122,0.1052065690591188,0.3180949152102337,0.0259000668926141,63.569925232245595,1638.4621095303078,398,79,319,416,18,0.04,0.3,0.000625,1.0,1e-08,1e+18,False,False,False,False,12,1.1,15.0,12.281625237846162,11.429646881640853,155.85882111328436,127.61330872839088,study_results/v4p2_followups_20260806/pseudo65/gp_window_ensemble_20260806/runs/window_2p25eq2p5/draw_01/attempt_01/results_single.csv,1,1,1,1,single_attempt_outside_55_75MeV,False,,,,,,,window_2p25eq2p5,1
2021,0.096,0.002507674,0.0903577335,0.1016422665,1581239228.7143855,1.64,0.09188741464,0.10011258536,0.00822517072,0.0,1.0,8000,0.000125,True,7848.9944405241185,1.6790558041234876e-06,0.5,0.0,-3718.886341543171,5806.575430815219,True,tilde_q_mu,asymptotic,default,sidak_approx,observed,8.03**2 * RBF(length_scale=0.319),0.0283648885354218,0.3867939345739346,0.1047442926386298,0.3188184014818441,0.0257862623049289,64.47920295096182,1638.7830567106412,398,81,317,416,18,0.04,0.3,0.000625,1.0,1e-08,1e+18,False,False,False,False,12,1.1,15.0,12.36388576644948,11.311234448904392,154.24410612142353,127.13710054889278,study_results/v4p2_followups_20260806/pseudo65/gp_window_ensemble_20260806/runs/window_2p25eq2p5/draw_01/attempt_01/results_single.csv,1,1,1,1,single_attempt_outside_55_75MeV,False,,,,,,,window_2p25eq2p5,1
2021,0.097,0.002522872875,0.09132353603125,0.10267646396875,1558363770.3660083,1.64,0.092862488485,0.101137511515,0.0082750230299999,0.0,1.0,8000,0.000125,True,7259.189408352825,1.5594357029983676e-06,0.5,0.0,-5377.625209881985,5755.245944095614,True,tilde_q_mu,asymptotic,default,sidak_approx,observed,8.06**2 * RBF(length_scale=0.319),0.02824416912233,0.3851477607590459,0.104298506662201,0.3193999159338082,0.0256765173839363,64.89872229704768,1638.7741227987026,398,82,316,416,18,0.04,0.3,0.000625,1.0,1e-08,1e+18,False,False,False,False,12,1.1,15.0,12.439378407822142,11.195240712368449,152.66237335047882,126.60166871618856,study_results/v4p2_followups_20260806/pseudo65/gp_window_ensemble_20260806/runs/window_2p25eq2p5/draw_01/attempt_01/results_single.csv,1,1,1,1,single_attempt_outside_55_75MeV,False,,,,,,,window_2p25eq2p5,1
2021,0.098,0.0025382435,0.092288952125,0.103711047875,1534811175.2125387,1.64,0.09383728066,0.10216271934,0.0083254386799999,0.0,1.0,8000,0.000125,True,7248.2566895884065,1.564849079278074e-06,0.5,0.0,-5149.8879901693845,5702.618417926499,True,tilde_q_mu,asymptotic,default,sidak_approx,observed,8.08**2 * RBF(length_scale=0.32),0.0281277796610786,0.3835606317419815,0.1038687100926096,0.3198804944559268,0.0255707087827987,65.28253512613013,1639.0921062236505,398,84,314,416,18,0.04,0.3,0.000625,1.0,1e-08,1e+18,False,False,False,False,12,1.1,15.0,12.509645202760597,11.081592314164752,151.11262246588296,126.02435284712708,study_results/v4p2_followups_20260806/pseudo65/gp_window_ensemble_20260806/runs/window_2p25eq2p5/draw_01/attempt_01/results_single.csv,1,1,1,1,single_attempt_outside_55_75MeV,False,,,,,,,window_2p25eq2p5,1
2021,0.099,0.002553785875,0.09325398178125,0.10474601821875,1511028905.8514876,1.64,0.094811791165,0.103188208835,0.0083764176699999,0.0,1.0,8000,0.000125,True,7822.504997169664,1.6980786604064087e-06,0.5,0.0,-3289.625415154375,5696.104083417699,True,tilde_q_mu,asymptotic,default,sidak_approx,observed,8.06**2 * RBF(length_scale=0.32),0.0280155899022987,0.3820307713949833,0.1034544219521848,0.3195746430269151,0.0254687180929988,64.96543630540738,1633.6715563370462,397,85,312,416,19,0.04,0.3,0.000625,1.0,1e-08,1e+18,False,False,False,False,12,1.1,15.0,12.547731764904302,10.970218833361969,149.59389318220866,125.13760302120671,study_results/v4p2_followups_20260806/pseudo65/gp_window_ensemble_20260806/runs/window_2p25eq2p5/draw_01/attempt_01/results_single.csv,1,1,1,1,single_attempt_outside_55_75MeV,False,,,,,,,window_2p25eq2p5,1
2021,0.1,0.0025695,0.094218625,0.105781375,1487397833.440122,1.64,0.09578602,0.10421398,0.00842796,0.0,1.0,8000,0.000125,True,8600.988140377729,1.8777645089380645e-06,0.5,0.0,-1133.2655085212623,5608.271330577618,True,tilde_q_mu,asymptotic,default,sidak_approx,observed,8.03**2 * RBF(length_scale=0.319),0.027907474759607,0.3805564739946421,0.1030551803288439,0.3193805842377113,0.0253704315996428,64.44007901916345,1640.1375673404632,398,87,311,416,18,0.04,0.3,0.000625,1.0,1e-08,1e+18,False,False,False,False,12,1.1,15.0,12.588693376513463,10.861052640438642,148.10526327870872,124.2967831242309,study_results/v4p2_followups_20260806/pseudo65/gp_window_ensemble_20260806/runs/window_2p25eq2p5/draw_01/attempt_01/results_single.csv,1,1,1,1,single_attempt_outside_55_75MeV,False,,,,,,,window_2p25eq2p5,1
2021,0.101,0.002585385875,0.09518288178125,0.10681711821875,1463545807.7925766,1.64,0.096759967165,0.105240032835,0.00848006567,0.0,1.0,8000,0.000125,True,9705.753772889744,2.1321683758663583e-06,0.4411777522466037,0.1479838617134879,828.2621365682413,5599.246336898028,True,tilde_q_mu,asymptotic,default,sidak_approx,observed,8.04**2 * RBF(length_scale=0.32),0.0278033140562975,0.3791361007676941,0.1026705414406892,0.3198017881609528,0.0252757400511796,64.64102313471402,1634.5102711661589,397,88,309,416,19,0.04,0.3,0.000625,1.0,1e-08,1e+18,False,False,False,False,12,1.1,15.0,12.652519273952093,10.754028760328694,146.64584673175492,123.69596014790356,study_results/v4p2_followups_20260806/pseudo65/gp_window_ensemble_20260806/runs/window_2p25eq2p5/draw_01/attempt_01/results_single.csv,1,1,1,1,single_attempt_outside_55_75MeV,False,,,,,,,window_2p25eq2p5,1
2021,0.102,0.0026014435,0.096146752125,0.1078532478749999,1439773239.9828668,1.64,0.09773363266,0.1062663673399999,0.0085327346799999,0.0,1.0,8000,0.000125,True,10285.787492925843,2.274380904206015e-06,0.3656102393178113,0.3435024757462616,1799.0204903512963,5549.027178645457,True,tilde_q_mu,asymptotic,default,sidak_approx,observed,8.12**2 * RBF(length_scale=0.321),0.0277029922867878,0.3777680766380165,0.1023000787550902,0.3205454250729885,0.0251845384425344,65.97448329001574,1634.872594415796,397,90,307,416,19,0.04,0.3,0.000625,1.0,1e-08,1e+18,False,False,False,False,12,1.1,15.0,12.727865781793165,10.649084743446428,145.21479195608765,123.21829210320676,study_results/v4p2_followups_20260806/pseudo65/gp_window_ensemble_20260806/runs/window_2p25eq2p5/draw_01/attempt_01/results_single.csv,1,1,1,1,single_attempt_outside_55_75MeV,False,,,,,,,window_2p25eq2p5,1
2021,0.103,0.002617672875,0.0971102360312499,0.10888976396875,1415306075.6792226,1.64,0.098707016485,0.107292983515,0.00858596703,0.0,1.0,8000,0.000125,True,11584.385832773403,2.5805087745390437e-06,0.2551092937959757,0.6584973682185873,3615.314359704147,5516.559497154417,True,tilde_q_mu,asymptotic,default,sidak_approx,observed,7.94**2 * RBF(length_scale=0.318),0.0276063983918545,0.3764508871616523,0.1019433821586847,0.3182443041313295,0.0250967258107768,63.09819817221625,1633.021740466379,397,91,306,416,19,0.04,0.3,0.000625,1.0,1e-08,1e+18,False,False,False,False,12,1.1,15.0,12.680710086678786,10.546160544164444,143.81128014769695,121.57527671647264,study_results/v4p2_followups_20260806/pseudo65/gp_window_ensemble_20260806/runs/window_2p25eq2p5/draw_01/attempt_01/results_single.csv,1,1,1,1,single_attempt_outside_55_75MeV,False,,,,,,,window_2p25eq2p5,1
2021,0.104,0.002634074,0.0980733335,0.1099266664999999,1390650623.4117515,1.64,0.09968011864,0.10831988136,0.00863976272,0.0,1.0,8000,0.000125,True,20372.923896370645,4.574271213280582e-06,0.1888084851555449,0.8822956091122028,7942.581296197823,8812.281550101423,True,tilde_q_mu,asymptotic,default,sidak_approx,observed,1.32**2 * RBF(length_scale=0.155),0.0275134255467139,0.3751830756370089,0.1016000571748166,0.1546873958258114,0.0250122050424672,1.7422626629779394,1359.816474946776,397,93,304,416,19,0.04,0.3,0.000625,1.0,1e-08,1e+18,False,False,False,False,12,1.1,15.0,6.184476561069832,10.445198406238394,142.4345237214326,58.725531562822994,study_results/v4p2_followups_20260806/pseudo65/gp_window_ensemble_20260806/runs/window_2p25eq2p5/draw_01/attempt_01/results_single.csv,1,1,1,1,single_attempt_outside_55_75MeV,False,,,,,,,window_2p25eq2p5,1
2021,0.105,0.002650646875,0.0990360445312499,0.11096395546875,1366191403.4118524,1.64,0.100652939125,0.109347060875,0.00869412175,0.0,1.0,8000,0.000125,True,12278.711146528143,2.779533147044146e-06,0.2006342154470148,0.839358025192442,4601.163862066006,5470.914210440855,True,tilde_q_mu,asymptotic,default,sidak_approx,observed,7.82**2 * RBF(length_scale=0.317),0.0274239709611162,0.3739632403788584,0.1012697242253318,0.3167257793355524,0.0249308826919238,61.17298658876107,1628.054962355658,396,94,302,416,20,0.04,0.3,0.000625,1.0,1e-08,1e+18,False,False,False,False,12,1.1,15.0,12.704154251151024,10.346142754725216,141.08376483716202,119.48999405496154,study_results/v4p2_followups_20260806/pseudo65/gp_window_ensemble_20260806/runs/window_2p25eq2p5/draw_01/attempt_01/results_single.csv,1,1,1,1,single_attempt_outside_55_75MeV,False,,,,,,,window_2p25eq2p5,1
2021,0.106,0.0026673915,0.099998369125,0.112001630875,1341676381.151068,1.64,0.10162547794,0.11037452206,0.0087490441199999,0.0,1.0,8000,0.000125,True,11499.488247934063,2.6256981368693312e-06,0.2435935686117151,0.6947896470284074,3784.8733342282662,5378.372397336903,True,tilde_q_mu,asymptotic,default,sidak_approx,observed,7.98**2 * RBF(length_scale=0.319),0.0273379356906521,0.3727900321452559,0.1009520179337844,0.3188585475200831,0.0248526688096837,63.72770405088662,1631.251475045632,397,96,301,416,19,0.04,0.3,0.000625,1.0,1e-08,1e+18,False,False,False,False,12,1.1,15.0,12.829951984707629,10.248940093965247,139.758274008617,119.53946299974456,study_results/v4p2_followups_20260806/pseudo65/gp_window_ensemble_20260806/runs/window_2p25eq2p5/draw_01/attempt_01/results_single.csv,1,1,1,1,single_attempt_outside_55_75MeV,False,,,,,,,window_2p25eq2p5,1
2021,0.107,0.002684307875,0.10096030728125,0.11303969271875,1317225676.2626095,1.64,0.102597735085,0.111402264915,0.0088045298299999,0.0,1.0,8000,0.000125,True,10939.017270478278,2.520311752961416e-06,0.2768433705010795,0.5922446995792259,3158.1320914980965,5333.551975754888,True,tilde_q_mu,asymptotic,default,sidak_approx,observed,7.97**2 * RBF(length_scale=0.319),0.0272552244585561,0.3716621517075835,0.1006465864674015,0.3185842507346821,0.0247774767805055,63.464218674980465,1631.5295343592188,397,98,299,416,19,0.04,0.3,0.000625,1.0,1e-08,1e+18,False,False,False,False,12,1.1,15.0,12.85781653866135,10.153538911238387,138.45734878961437,118.68394594442044,study_results/v4p2_followups_20260806/pseudo65/gp_window_ensemble_20260806/runs/window_2p25eq2p5/draw_01/attempt_01/results_single.csv,1,1,1,1,single_attempt_outside_55_75MeV,False,,,,,,,window_2p25eq2p5,1
2021,0.108,0.002701396,0.101921859,0.114078141,1292640439.8447058,1.64,0.10356971056,0.11243028944,0.0088605788799999,0.0,1.0,8000,0.000125,True,9985.419858124029,2.32265528128389e-06,0.3580835719925616,0.363586051803686,1885.7984491719976,5324.852504264877,True,tilde_q_mu,asymptotic,default,sidak_approx,observed,7.94**2 * RBF(length_scale=0.318),0.0271757454873275,0.3705783475544666,0.1003530909153006,0.3181332453402898,0.0247052231702977,63.07935615467659,1627.4554594373276,396,99,297,416,20,0.04,0.3,0.000625,1.0,1e-08,1e+18,False,False,False,False,12,1.1,15.0,12.87716541345679,10.059889585728104,137.18031253265593,117.76623839684734,study_results/v4p2_followups_20260806/pseudo65/gp_window_ensemble_20260806/runs/window_2p25eq2p5/draw_01/attempt_01/results_single.csv,1,1,1,1,single_attempt_outside_55_75MeV,False,,,,,,,window_2p25eq2p5,1
2021,0.109,0.002718655875,0.10288302428125,0.11511697571875,1268214292.8765628,1.64,0.104541404365,0.1134585956349999,0.0089171912699999,0.0,1.0,8000,0.000125,True,9289.143848138188,2.182109142792751e-06,0.4284065953496609,0.1804323101823486,1041.5681530163895,5239.601417749402,True,tilde_q_mu,asymptotic,default,sidak_approx,observed,7.95**2 * RBF(length_scale=0.318),0.0270994103395402,0.3695374137210039,0.1000712047006427,0.3184899773750804,0.0246358275814002,63.24354703577084,1633.5913353619972,397,101,296,416,19,0.04,0.3,0.000625,1.0,1e-08,1e+18,False,False,False,False,12,1.1,15.0,12.927918752586836,9.967944302454349,135.92651321528655,117.1497946113097,study_results/v4p2_followups_20260806/pseudo65/gp_window_ensemble_20260806/runs/window_2p25eq2p5/draw_01/attempt_01/results_single.csv,1,1,1,1,single_attempt_outside_55_75MeV,False,,,,,,,window_2p25eq2p5,1
2021,0.11,0.0027360875,0.103843803125,0.116156196875,1243647528.4440663,1.64,0.1055128165,0.1144871835,0.008974367,0.0,1.0,8000,0.000125,True,8408.704195826489,1.9959929398331936e-06,0.5,0.0,-330.8935804001843,5229.630965366071,True,tilde_q_mu,asymptotic,default,sidak_approx,observed,7.93**2 * RBF(length_scale=0.318),0.0270261337672677,0.3685381877354698,0.0998006130245964,0.3179848389228173,0.0245692125156979,62.91695692786656,1627.9732220504698,396,102,294,416,20,0.04,0.3,0.000625,1.0,1e-08,1e+18,False,False,False,False,12,1.1,15.0,12.94241069874126,9.87765697086361,134.69532232995832,116.21881205291034,study_results/v4p2_followups_20260806/pseudo65/gp_window_ensemble_20260806/runs/window_2p25eq2p5/draw_01/attempt_01/results_single.csv,1,1,1,1,single_attempt_outside_55_75MeV,False,,,,,,,window_2p25eq2p5,1
2021,0.111,0.002753690875,0.10480419553125,0.11719580446875,1219296431.1209323,1.64,0.106483946965,0.115516053035,0.0090321060699999,0.0,1.0,8000,0.000125,True,7753.470472846886,1.8603033921111447e-06,0.4999026019832914,0.000244140625,-1408.4404293837088,5181.573561349738,True,tilde_q_mu,asymptotic,default,sidak_approx,observed,7.92**2 * RBF(length_scale=0.318),0.0269558335695793,0.3675795486760824,0.0995410123401082,0.317629294769935,0.0245053032450721,62.657701288717,1627.8229765803248,396,104,292,416,20,0.04,0.3,0.000625,1.0,1e-08,1e+18,False,False,False,False,12,1.1,15.0,12.961655344289932,9.788983147783204,133.4861338334073,115.34675066602566,study_results/v4p2_followups_20260806/pseudo65/gp_window_ensemble_20260806/runs/window_2p25eq2p5/draw_01/attempt_01/results_single.csv,1,1,1,1,single_attempt_outside_55_75MeV,False,,,,,,,window_2p25eq2p5,1
2021,0.112,0.002771466,0.1057642015,0.1182357985,1195083180.8359652,1.64,0.10745479576,0.11654520424,0.00909040848,0.0,1.0,8000,0.000125,True,7051.7700610780485,1.7108105027490318e-06,0.5,0.0,-2997.9145231642415,5143.348530044463,True,tilde_q_mu,asymptotic,default,sidak_approx,observed,7.82**2 * RBF(length_scale=0.316),0.0268884304576102,0.3666604153310482,0.0992921098536402,0.3159839129100803,0.0244440276887365,61.17387857931225,1628.535086858336,396,105,291,416,20,0.04,0.3,0.000625,1.0,1e-08,1e+18,False,False,False,False,12,1.1,15.0,12.926835009914551,9.70187996447014,132.29836315186554,114.01327416972832,study_results/v4p2_followups_20260806/pseudo65/gp_window_ensemble_20260806/runs/window_2p25eq2p5/draw_01/attempt_01/results_single.csv,1,1,1,1,single_attempt_outside_55_75MeV,False,,,,,,,window_2p25eq2p5,1
2021,0.113,0.002789412875,0.10672382103125,0.11927617896875,1171074447.656905,1.64,0.108425362885,0.117574637115,0.00914927423,0.0,1.0,8000,0.000125,True,6845.896328992134,1.6799149372376644e-06,0.5,0.0,-3360.511926263199,5090.2320634588705,True,tilde_q_mu,asymptotic,default,sidak_approx,observed,7.88**2 * RBF(length_scale=0.317),0.0268238479267369,0.3657797444555033,0.0990536230531478,0.3168352927804924,0.0243853162970335,62.14607845435345,1628.814649721072,396,107,289,416,20,0.04,0.3,0.000625,1.0,1e-08,1e+18,False,False,False,False,12,1.1,15.0,12.992871977593952,9.616306057502122,131.1314462386653,113.58493954771482,study_results/v4p2_followups_20260806/pseudo65/gp_window_ensemble_20260806/runs/window_2p25eq2p5/draw_01/attempt_01/results_single.csv,1,1,1,1,single_attempt_outside_55_75MeV,False,,,,,,,window_2p25eq2p5,1
2021,0.114,0.0028075315,0.107683054125,0.120316945875,1146935681.7505815,1.64,0.10939564834,0.11860435166,0.00920870332,0.0,1.0,8000,0.000125,True,6680.141430461484,1.659058362741002e-06,0.5,0.0,-3779.9741139984176,5071.146193475582,True,tilde_q_mu,asymptotic,default,sidak_approx,observed,7.87**2 * RBF(length_scale=0.317),0.0267620121354335,0.3649365291195483,0.0988252792607253,0.3167978620964444,0.0243291019413032,61.87911505208881,1623.692895481212,395,108,287,416,21,0.04,0.3,0.000625,1.0,1e-08,1e+18,False,False,False,False,12,1.1,15.0,13.021354543244383,9.532221503279144,129.9848386810792,112.8385779808506,study_results/v4p2_followups_20260806/pseudo65/gp_window_ensemble_20260806/runs/window_2p25eq2p5/draw_01/attempt_01/results_single.csv,1,1,1,1,single_attempt_outside_55_75MeV,False,,,,,,,window_2p25eq2p5,1
2021,0.115,0.002825821875,0.10864190078125,0.12135809921875,1123372222.1676126,1.64,0.110365652125,0.119634347875,0.00926869575,0.0,1.0,8000,0.000125,True,6547.2492499105865,1.645725034014945e-06,0.5,0.0,-3809.962850200584,4990.9747835943635,True,tilde_q_mu,asymptotic,default,sidak_approx,observed,7.89**2 * RBF(length_scale=0.317),0.026702851790388,0.3641297971416546,0.0986068152083701,0.3171591273323694,0.0242753198094436,62.28879777490578,1628.7493796933222,396,110,286,416,20,0.04,0.3,0.000625,1.0,1e-08,1e+18,False,False,False,False,12,1.1,15.0,13.065085437473307,9.4495877559119,128.85801485334406,112.23606489080964,study_results/v4p2_followups_20260806/pseudo65/gp_window_ensemble_20260806/runs/window_2p25eq2p5/draw_01/attempt_01/results_single.csv,1,1,1,1,single_attempt_outside_55_75MeV,False,,,,,,,window_2p25eq2p5,1
2021,0.116,0.002844284,0.109600361,0.122399639,1099793946.70252,1.64,0.11133537424,0.12066462576,0.0093292515199999,0.0,1.0,8000,0.000125,True,6504.541163200271,1.655645199599237e-06,0.5,0.0,-3894.0075790183632,4979.641967259708,True,tilde_q_mu,asymptotic,default,sidak_approx,observed,7.82**2 * RBF(length_scale=0.316),0.0266462980375249,0.3633586096026131,0.0983979766355584,0.3160783774187541,0.0242239073068408,61.155417941154155,1623.2163515211491,395,111,284,416,21,0.04,0.3,0.000625,1.0,1e-08,1e+18,False,False,False,False,12,1.1,15.0,13.048199591215122,9.368367588301648,127.75046711320428,111.12757285093686,study_results/v4p2_followups_20260806/pseudo65/gp_window_ensemble_20260806/runs/window_2p25eq2p5/draw_01/attempt_01/results_single.csv,1,1,1,1,single_attempt_outside_55_75MeV,False,,,,,,,window_2p25eq2p5,1
2021,0.117,0.002862917875,0.11055843478125,0.12344156521875,1076409135.485572,1.64,0.112304814685,0.121695185315,0.00939037063,0.0,1.0,8000,0.000125,True,6815.61458195848,1.757363932113248e-06,0.5,0.0,-2680.795195695659,4922.165001292801,True,tilde_q_mu,asymptotic,default,sidak_approx,observed,7.94**2 * RBF(length_scale=0.318),0.0265922843585697,0.3626220594350426,0.0981985179072823,0.3178168588223236,0.0241748039623361,63.04667543553313,1624.075725306735,395,113,282,416,21,0.04,0.3,0.000625,1.0,1e-08,1e+18,False,False,False,False,12,1.1,15.0,13.14661576232326,9.288525036216694,126.66170503931852,111.01151786350964,study_results/v4p2_followups_20260806/pseudo65/gp_window_ensemble_20260806/runs/window_2p25eq2p5/draw_01/attempt_01/results_single.csv,1,1,1,1,single_attempt_outside_55_75MeV,False,,,,,,,window_2p25eq2p5,1
2021,0.118,0.0028817235,0.1115161221249999,0.124483877875,1053178929.4199272,1.64,0.11327397346,0.1227260265399999,0.0094520530799999,0.0,1.0,8000,0.000125,True,7283.423890631647,1.903142638249632e-06,0.5,0.0,-1356.79283594825,4874.202471637319,True,tilde_q_mu,asymptotic,default,sidak_approx,observed,7.96**2 * RBF(length_scale=0.318),0.0265407464728296,0.3619192700840412,0.0980082016513522,0.3178278380568131,0.024127951338936,63.2844957957126,1625.2749149302167,395,114,281,416,21,0.04,0.3,0.000625,1.0,1e-08,1e+18,False,False,False,False,12,1.1,15.0,13.172599430102617,9.21002534519002,125.59125470713664,110.29088601207336,study_results/v4p2_followups_20260806/pseudo65/gp_window_ensemble_20260806/runs/window_2p25eq2p5/draw_01/attempt_01/results_single.csv,1,1,1,1,single_attempt_outside_55_75MeV,False,,,,,,,window_2p25eq2p5,1
2021,0.119,0.002900700875,0.1124734230312499,0.12552657696875,1030627124.242168,1.64,0.114242850565,0.1237571494349999,0.0095142988699999,0.0,1.0,8000,0.000125,True,7864.556580224059,2.082311193947728e-06,0.5,0.0,-139.57999446888212,4830.821968490462,True,tilde_q_mu,asymptotic,default,sidak_approx,observed,7.94**2 * RBF(length_scale=0.318),0.0264916222438949,0.3612493942349304,0.0978267984138683,0.3177991668691453,0.0240832929489953,63.008211774693514,1627.7423985181213,395,116,279,416,21,0.04,0.3,0.000625,1.0,1e-08,1e+18,False,False,False,False,12,1.1,15.0,13.195835284742587,9.13283492007596,124.53865800103584,109.55944117097054,study_results/v4p2_followups_20260806/pseudo65/gp_window_ensemble_20260806/runs/window_2p25eq2p5/draw_01/attempt_01/results_single.csv,1,1,1,1,single_attempt_outside_55_75MeV,False,,,,,,,window_2p25eq2p5,1
2021,0.12,0.00291985,0.1134303374999999,0.1265696624999999,1008026180.837055,1.64,0.115211446,0.124788554,0.009577108,0.0,1.0,8000,0.000125,True,8462.245551006556,2.2717078946463533e-06,0.4270858327323797,0.1837983310482559,863.3899275583678,4810.574859720119,True,tilde_q_mu,asymptotic,default,sidak_approx,observed,7.93**2 * RBF(length_scale=0.318),0.0264448515909636,0.3606116126040493,0.0976540863317667,0.3177756297296274,0.0240407741736032,62.82946338416876,1622.5664268559417,394,117,277,416,22,0.04,0.3,0.000625,1.0,1e-08,1e+18,False,False,False,False,12,1.1,15.0,13.218194532127184,9.05692127710794,123.5034719605628,108.8328611845223,study_results/v4p2_followups_20260806/pseudo65/gp_window_ensemble_20260806/runs/window_2p25eq2p5/draw_01/attempt_01/results_single.csv,1,1,1,1,single_attempt_outside_55_75MeV,False,,,,,,,window_2p25eq2p5,1
2021,0.121,0.002939170875,0.1143868655312499,0.12761313446875,985440224.1699862,1.64,0.116179759765,0.125820240235,0.0096404804699999,0.0,1.0,8000,0.000125,True,8995.189961154363,2.4497096074390755e-06,0.3499037075094123,0.3855804490580017,1823.3858061671776,4736.179038194008,True,tilde_q_mu,asymptotic,default,sidak_approx,observed,7.98**2 * RBF(length_scale=0.318),0.0264003764045369,0.3600051327891407,0.0974898508215015,0.3183764692832855,0.0240003421859427,63.62963922717435,1626.8387624345633,395,119,276,416,21,0.04,0.3,0.000625,1.0,1e-08,1e+18,False,False,False,False,12,1.1,15.0,13.265497084027512,8.982252998317762,122.48526815887854,108.32186450652875,study_results/v4p2_followups_20260806/pseudo65/gp_window_ensemble_20260806/runs/window_2p25eq2p5/draw_01/attempt_01/results_single.csv,1,1,1,1,single_attempt_outside_55_75MeV,False,,,,,,,window_2p25eq2p5,1
2021,0.122,0.0029586635,0.115343007125,0.128656992875,963312661.4875358,1.64,0.11714779186,0.12685220814,0.00970441628,0.0,1.0,8000,0.000125,True,9458.05322488692,2.6133319404251778e-06,0.2897987196349691,0.5539728315659991,2569.560895884342,4694.356610460708,True,tilde_q_mu,asymptotic,default,sidak_approx,observed,7.94**2 * RBF(length_scale=0.318),0.0263581404662262,0.3594291881758127,0.0973338842829142,0.3176245610397319,0.0239619458783875,62.97182373224235,1627.7441119818327,395,121,274,416,21,0.04,0.3,0.000625,1.0,1e-08,1e+18,False,False,False,False,12,1.1,15.0,13.25537427768809,8.908799688178892,121.48363211153033,107.35406748342012,study_results/v4p2_followups_20260806/pseudo65/gp_window_ensemble_20260806/runs/window_2p25eq2p5/draw_01/attempt_01/results_single.csv,1,1,1,1,single_attempt_outside_55_75MeV,False,,,,,,,window_2p25eq2p5,1
2021,0.123,0.002978327875,0.11629876228125,0.12970123771875,941612336.1342888,1.64,0.118115542285,0.127884457715,0.00976891543,0.0,1.0,8000,0.000125,True,9297.5619689109,2.6068242517489984e-06,0.3036626127308701,0.5138952545539273,2388.2821801824757,4669.972020224032,True,tilde_q_mu,asymptotic,default,sidak_approx,observed,8**2 * RBF(length_scale=0.319),0.026318089372443,0.3588830368969509,0.0971859858174404,0.3187011891298725,0.02392553579313,64.03978679862381,1623.3882827358784,394,122,272,416,22,0.04,0.3,0.000625,1.0,1e-08,1e+18,False,False,False,False,12,1.1,15.0,13.320545541194686,8.836531932349143,120.49816271385194,107.00675093734348,study_results/v4p2_followups_20260806/pseudo65/gp_window_ensemble_20260806/runs/window_2p25eq2p5/draw_01/attempt_01/results_single.csv,1,1,1,1,single_attempt_outside_55_75MeV,False,,,,,,,window_2p25eq2p5,1
2021,0.124,0.002998164,0.117254131,0.130745869,920037116.668702,1.64,0.1190830110399999,0.12891698896,0.00983397792,0.0,1.0,8000,0.000125,True,8889.973893744449,2.530424444168007e-06,0.3329533916579207,0.4317724794633298,1987.926353330864,4599.202873098974,True,tilde_q_mu,asymptotic,default,sidak_approx,observed,7.99**2 * RBF(length_scale=0.318),0.0262801704617562,0.3583659608421308,0.0970459609598579,0.3183840310141674,0.023891064056142,63.81790437142384,1629.6287910378142,395,124,271,416,21,0.04,0.3,0.000625,1.0,1e-08,1e+18,False,False,False,False,12,1.1,15.0,13.326490200101215,8.765421258395557,119.52847170539395,106.19300045433388,study_results/v4p2_followups_20260806/pseudo65/gp_window_ensemble_20260806/runs/window_2p25eq2p5/draw_01/attempt_01/results_single.csv,1,1,1,1,single_attempt_outside_55_75MeV,False,,,,,,,window_2p25eq2p5,1
2021,0.125,0.003018171875,0.11820911328125,0.13179088671875,898531012.9433209,1.64,0.120050198125,0.129949801875,0.00989960375,0.0,1.0,8000,0.000125,True,8861.4779754968,2.5620228572505168e-06,0.332507746195105,0.4329990053980375,1982.9265971317168,4585.540061251037,True,tilde_q_mu,asymptotic,default,sidak_approx,observed,7.92**2 * RBF(length_scale=0.317),0.0262443327457108,0.3578772647142392,0.0969136214228183,0.31707995077893,0.0238584843142826,62.77192435065665,1625.06651188875,394,125,269,416,22,0.04,0.3,0.000625,1.0,1e-08,1e+18,False,False,False,False,12,1.1,15.0,13.290029098332692,8.695440098390975,118.57418315987692,105.0569563003863,study_results/v4p2_followups_20260806/pseudo65/gp_window_ensemble_20260806/runs/window_2p25eq2p5/draw_01/attempt_01/results_single.csv,1,1,1,1,single_attempt_outside_55_75MeV,False,,,,,,,window_2p25eq2p5,1
2021,0.126,0.0030383515,0.119163709125,0.132836290875,877660484.0400469,1.64,0.12101710354,0.13098289646,0.0099657929199999,0.0,1.0,8000,0.000125,True,8416.620504259774,2.471499788768008e-06,0.3758950985642677,0.3162797274583516,1457.0353468354242,4539.068292993532,True,tilde_q_mu,asymptotic,default,sidak_approx,observed,7.89**2 * RBF(length_scale=0.317),0.0262105268429174,0.3574162751306931,0.0967887848534561,0.3169323615111311,0.0238277516753795,62.29656569412128,1624.128438716751,394,127,267,416,22,0.04,0.3,0.000625,1.0,1e-08,1e+18,False,False,False,False,12,1.1,15.0,13.300976350135766,8.626561753278871,117.63493299925732,104.3106307848618,study_results/v4p2_followups_20260806/pseudo65/gp_window_ensemble_20260806/runs/window_2p25eq2p5/draw_01/attempt_01/results_single.csv,1,1,1,1,single_attempt_outside_55_75MeV,False,,,,,,,window_2p25eq2p5,1
2021,0.127,0.003058702875,0.12011791853125,0.13388208146875,857126402.643784,1.64,0.121983727285,0.132016272715,0.0100325454299999,0.0,1.0,8000,0.000125,True,8482.882622538356,2.530549201050462e-06,0.3575492000702186,0.3650174236058159,1655.7817416980288,4491.604764570244,True,tilde_q_mu,asymptotic,default,sidak_approx,observed,7.89**2 * RBF(length_scale=0.317),0.0261787049162304,0.3569823397667782,0.0966712746014036,0.3169615310087,0.0237988226511185,62.25111018453104,1624.155543549859,394,128,266,416,22,0.04,0.3,0.000625,1.0,1e-08,1e+18,False,False,False,False,12,1.1,15.0,13.31837022592388,8.558760358908806,116.71036853057464,103.62612648628055,study_results/v4p2_followups_20260806/pseudo65/gp_window_ensemble_20260806/runs/window_2p25eq2p5/draw_01/attempt_01/results_single.csv,1,1,1,1,single_attempt_outside_55_75MeV,False,,,,,,,window_2p25eq2p5,1
2021,0.128,0.003079226,0.1210717415,0.1349282585,836870911.2847852,1.64,0.12295006936,0.13304993064,0.01009986128,0.0,1.0,8000,0.000125,True,8379.791100780734,2.5402980342928743e-06,0.3544505441559904,0.3733323687444442,1640.2667439513598,4440.336168004563,True,tilde_q_mu,asymptotic,default,sidak_approx,observed,7.97**2 * RBF(length_scale=0.318),0.0261488206128557,0.3565748265389423,0.0965609194976257,0.3180634267899406,0.0237716551025961,63.456581753643945,1624.2545060466628,394,130,264,416,22,0.04,0.3,0.000625,1.0,1e-08,1e+18,False,False,False,False,12,1.1,15.0,13.379944535507086,8.492010853654708,115.80014800438238,103.29330383347651,study_results/v4p2_followups_20260806/pseudo65/gp_window_ensemble_20260806/runs/window_2p25eq2p5/draw_01/attempt_01/results_single.csv,1,1,1,1,single_attempt_outside_55_75MeV,False,,,,,,,window_2p25eq2p5,1
2021,0.129,0.003099920875,0.12202517803125,0.13597482196875,816661383.882061,1.64,0.123916129765,0.134083870235,0.01016774047,0.0,1.0,8000,0.000125,True,8606.696941245187,2.652923350452161e-06,0.3191741567467008,0.4700093835543285,2008.8403435641535,4416.6792924602805,True,tilde_q_mu,asymptotic,default,sidak_approx,observed,7.96**2 * RBF(length_scale=0.318),0.0261208290072193,0.3561931228257187,0.096457553643445,0.317906870204275,0.0237462081883812,63.38345781561961,1619.213182939584,393,131,262,416,23,0.04,0.3,0.000625,1.0,1e-08,1e+18,False,False,False,False,12,1.1,15.0,13.3876898443021,8.426288947526562,114.90394019354402,102.55322087996036,study_results/v4p2_followups_20260806/pseudo65/gp_window_ensemble_20260806/runs/window_2p25eq2p5/draw_01/attempt_01/results_single.csv,1,1,1,1,single_attempt_outside_55_75MeV,False,,,,,,,window_2p25eq2p5,1
2021,0.13,0.0031207875,0.122978228125,0.137021771875,796778619.4646972,1.64,0.1248819085,0.1351180915,0.010236183,0.0,1.0,8000,0.000125,True,8398.029845234436,2.632790557112584e-06,0.335610995029029,0.4244714942972042,1875.500173935157,4345.600572344783,True,tilde_q_mu,asymptotic,default,sidak_approx,observed,7.97**2 * RBF(length_scale=0.318),0.0260946865464589,0.3558366347244401,0.0963610162092589,0.3180854839130025,0.0237224423149626,63.55052965619207,1624.874941416016,394,133,261,416,22,0.04,0.3,0.000625,1.0,1e-08,1e+18,False,False,False,False,12,1.1,15.0,13.408631358010448,8.36157109269982,114.0214239913612,101.92474941437136,study_results/v4p2_followups_20260806/pseudo65/gp_window_ensemble_20260806/runs/window_2p25eq2p5/draw_01/attempt_01/results_single.csv,1,1,1,1,single_attempt_outside_55_75MeV,False,,,,,,,window_2p25eq2p5,1
2021,0.131,0.003141825875,0.12393089178125,0.13806910821875,777717056.7816086,1.64,0.125847405565,0.136152594435,0.0103051888699999,0.0,1.0,8000,0.000125,True,7785.943388234387,2.481636933968436e-06,0.4031817178906819,0.2451201054980696,1061.6556502015712,4317.405123049614,True,tilde_q_mu,asymptotic,default,sidak_approx,observed,8.03**2 * RBF(length_scale=0.319),0.0260703509983903,0.3555047863416871,0.0962711512423922,0.3190181703067686,0.0237003190894458,64.4331890657536,1618.309455454572,393,134,259,416,23,0.04,0.3,0.000625,1.0,1e-08,1e+18,False,False,False,False,12,1.1,15.0,13.46050106341536,8.297834455383493,113.1522880279567,101.5390995552128,study_results/v4p2_followups_20260806/pseudo65/gp_window_ensemble_20260806/runs/window_2p25eq2p5/draw_01/attempt_01/results_single.csv,1,1,1,1,single_attempt_outside_55_75MeV,False,,,,,,,window_2p25eq2p5,1
2021,0.132,0.003163036,0.124883169,0.139116831,758729637.4451472,1.64,0.12681262096,0.13718737904,0.0103747580799999,0.0,1.0,8000,0.000125,True,6913.907522762385,2.2417258942370496e-06,0.5,0.0,-175.12713320829863,4266.265741686064,True,tilde_q_mu,asymptotic,default,sidak_approx,observed,8.11**2 * RBF(length_scale=0.32),0.0260477814018274,0.3551970191158293,0.0961878074836403,0.320293632413874,0.0236798012743886,65.81775775703481,1617.7926460531316,393,136,257,416,23,0.04,0.3,0.000625,1.0,1e-08,1e+18,False,False,False,False,12,1.1,15.0,13.526027043153196,8.235056888959685,112.2962303039957,101.26145652906702,study_results/v4p2_followups_20260806/pseudo65/gp_window_ensemble_20260806/runs/window_2p25eq2p5/draw_01/attempt_01/results_single.csv,1,1,1,1,single_attempt_outside_55_75MeV,False,,,,,,,window_2p25eq2p5,1
2021,0.133,0.003184417875,0.12583505978125,0.14016494021875,740120080.2932594,1.64,0.127777554685,0.138222445315,0.0104448906299999,0.0,1.0,8000,0.000125,True,6450.963108397541,2.1280932396328053e-06,0.5,0.0,-909.1144908757298,4226.306310332966,True,tilde_q_mu,asymptotic,default,sidak_approx,observed,8.01**2 * RBF(length_scale=0.319),0.0260269380191233,0.3549127911698635,0.0961108381920171,0.3187871710478416,0.0236608527446575,64.2253127419111,1614.69328829998,393,137,256,416,23,0.04,0.3,0.000625,1.0,1e-08,1e+18,False,False,False,False,12,1.1,15.0,13.473190272900084,8.173216908325301,111.45295784079954,100.10846049777356,study_results/v4p2_followups_20260806/pseudo65/gp_window_ensemble_20260806/runs/window_2p25eq2p5/draw_01/attempt_01/results_single.csv,1,1,1,1,single_attempt_outside_55_75MeV,False,,,,,,,window_2p25eq2p5,1
2021,0.134,0.0032059715,0.126786564125,0.141213435875,721731213.3148873,1.64,0.12874220674,0.13925779326,0.01051558652,0.0,1.0,8000,0.000125,True,6061.913368894439,2.035398083419298e-06,0.5,0.0,-1624.6379123345582,4188.096092889634,True,tilde_q_mu,asymptotic,default,sidak_approx,observed,7.94**2 * RBF(length_scale=0.318),0.0260077822908281,0.3546515766931113,0.0960401009773177,0.317784101307829,0.0236434384462074,63.05458013482396,1616.3961128262908,393,139,254,416,23,0.04,0.3,0.000625,1.0,1e-08,1e+18,False,False,False,False,12,1.1,15.0,13.440688926479046,8.112293665376676,110.62218634604557,99.12255966961308,study_results/v4p2_followups_20260806/pseudo65/gp_window_ensemble_20260806/runs/window_2p25eq2p5/draw_01/attempt_01/results_single.csv,1,1,1,1,single_attempt_outside_55_75MeV,False,,,,,,,window_2p25eq2p5,1
2021,0.135,0.003227696875,0.12773768203125,0.14226231796875,703839749.1336825,1.64,0.129706577125,0.140293422875,0.01058684575,0.0,1.0,8000,0.000125,True,5637.416117231829,1.9266039950073765e-06,0.4999311292015692,0.0001726334915006,-2613.59650130478,4161.661289440418,True,tilde_q_mu,asymptotic,default,sidak_approx,observed,7.99**2 * RBF(length_scale=0.318),0.025990276792342,0.3544128653501188,0.0959754576400479,0.3184171267116851,0.0236275243566745,63.84047749686058,1611.2003098247028,392,140,252,416,24,0.04,0.3,0.000625,1.0,1e-08,1e+18,False,False,False,False,12,1.1,15.0,13.47653363530381,8.052266925574306,109.80363989419509,98.65149642086048,study_results/v4p2_followups_20260806/pseudo65/gp_window_ensemble_20260806/runs/window_2p25eq2p5/draw_01/attempt_01/results_single.csv,1,1,1,1,single_attempt_outside_55_75MeV,False,,,,,,,window_2p25eq2p5,1
2021,0.136,0.003249594,0.1286884135,0.1433115865,686424779.2721932,1.64,0.13067066584,0.14132933416,0.01065866832,0.0,1.0,8000,0.000125,True,5365.764382748826,1.866464178562803e-06,0.5,0.0,-3139.1099020857073,4093.596653584345,True,tilde_q_mu,asymptotic,default,sidak_approx,observed,8.07**2 * RBF(length_scale=0.32),0.0259743851924713,0.3541961617155187,0.0959167740183841,0.3195460538245723,0.0236130774477012,65.18723541253334,1616.534207270839,393,142,251,416,23,0.04,0.3,0.000625,1.0,1e-08,1e+18,False,False,False,False,12,1.1,15.0,13.53258822499142,7.993117045535957,108.99705062094486,98.3341469194528,study_results/v4p2_followups_20260806/pseudo65/gp_window_ensemble_20260806/runs/window_2p25eq2p5/draw_01/attempt_01/results_single.csv,1,1,1,1,single_attempt_outside_55_75MeV,False,,,,,,,window_2p25eq2p5,1
2021,0.137,0.003271662875,0.12963875853125,0.14436124146875,669116428.5880822,1.64,0.131634472885,0.142365527115,0.0107310542299999,0.0,1.0,8000,0.000125,True,5385.763430135568,1.907853112508434e-06,0.5,0.0,-2970.9648343326553,4072.82922553782,True,tilde_q_mu,asymptotic,default,sidak_approx,observed,8.05**2 * RBF(length_scale=0.319),0.0259600722137896,0.3540009847334957,0.0958639198417955,0.3192026490948793,0.0236000656488997,64.87295139798678,1612.5235578054817,392,143,249,416,24,0.04,0.3,0.000625,1.0,1e-08,1e+18,False,False,False,False,12,1.1,15.0,13.525498354270944,7.93482495160498,108.20215843097698,97.56587438578288,study_results/v4p2_followups_20260806/pseudo65/gp_window_ensemble_20260806/runs/window_2p25eq2p5/draw_01/attempt_01/results_single.csv,1,1,1,1,single_attempt_outside_55_75MeV,False,,,,,,,window_2p25eq2p5,1
2021,0.138,0.0032939035,0.130588717125,0.145411282875,652262296.7982231,1.64,0.13259799826,0.14340200174,0.0108040034799999,0.0,1.0,8000,0.000125,True,5560.708666515124,2.00608209920785e-06,0.5,0.0,-2273.1822150854823,4034.273091192211,True,tilde_q_mu,asymptotic,default,sidak_approx,observed,8**2 * RBF(length_scale=0.319),0.0259473035947063,0.3538268672005407,0.095816768590974,0.3186379317887209,0.0235884578133693,64.04126232605778,1611.6866918460146,392,145,247,416,24,0.04,0.3,0.000625,1.0,1e-08,1e+18,False,False,False,False,12,1.1,15.0,13.50821381837538,7.877372119342997,107.41871071831358,96.73566083181277,study_results/v4p2_followups_20260806/pseudo65/gp_window_ensemble_20260806/runs/window_2p25eq2p5/draw_01/attempt_01/results_single.csv,1,1,1,1,single_attempt_outside_55_75MeV,False,,,,,,,window_2p25eq2p5,1
2021,0.139,0.003316315875,0.13153828928125,0.14646171071875,635785521.2448627,1.64,0.133561241965,0.144438758035,0.0108775160699999,0.0,1.0,8000,0.000125,True,5665.855317430672,2.08190049544688e-06,0.4999311292015692,0.0001726334915006,-1812.7719250912671,3990.0636772765506,True,tilde_q_mu,asymptotic,default,sidak_approx,observed,8.02**2 * RBF(length_scale=0.319),0.0259360460531648,0.3536733552704296,0.0957751973637809,0.3188129578603924,0.0235782236846953,64.27198769911975,1611.823280331114,392,146,246,416,24,0.04,0.3,0.000625,1.0,1e-08,1e+18,False,False,False,False,12,1.1,15.0,13.52150026752587,7.820740553903008,106.64646209867738,96.13467771986356,study_results/v4p2_followups_20260806/pseudo65/gp_window_ensemble_20260806/runs/window_2p25eq2p5/draw_01/attempt_01/results_single.csv,1,1,1,1,single_attempt_outside_55_75MeV,False,,,,,,,window_2p25eq2p5,1
2021,0.14,0.0033389,0.132487475,0.147512525,619834689.867921,1.64,0.134524204,0.145475796,0.010951592,0.0,1.0,8000,0.000125,True,5845.144192921391,2.1873145258729465e-06,0.5,0.0,-1226.6433145466856,3948.9744606642457,True,tilde_q_mu,asymptotic,default,sidak_approx,observed,8.08**2 * RBF(length_scale=0.32),0.0259262672518869,0.3535400079802764,0.0957390867469023,0.3196808492592243,0.0235693338653517,65.33896838437121,1611.5557410316792,392,148,244,416,24,0.04,0.3,0.000625,1.0,1e-08,1e+18,False,False,False,False,12,1.1,15.0,13.563423178843976,7.764912771238112,105.88517415324698,95.74436169373872,study_results/v4p2_followups_20260806/pseudo65/gp_window_ensemble_20260806/runs/window_2p25eq2p5/draw_01/attempt_01/results_single.csv,1,1,1,1,single_attempt_outside_55_75MeV,False,,,,,,,window_2p25eq2p5,1
2021,0.141,0.003361655875,0.13343627428125,0.1485637257187499,604132627.2786524,1.64,0.1354868843649999,0.146513115635,0.01102623127,0.0,1.0,8000,0.000125,True,5889.810180109334,2.2452764257608925e-06,0.5,0.0,-1072.3957138436497,3930.050017441618,True,tilde_q_mu,asymptotic,default,sidak_approx,observed,8.03**2 * RBF(length_scale=0.319),0.0259179357650831,0.3534263967965889,0.0957083206929198,0.3188432324032015,0.0235617597864392,64.53956507763525,1608.7486611564764,391,149,242,416,25,0.04,0.3,0.000625,1.0,1e-08,1e+18,False,False,False,False,12,1.1,15.0,13.532233385500714,7.709871780103963,105.13461518323584,94.84707663695696,study_results/v4p2_followups_20260806/pseudo65/gp_window_ensemble_20260806/runs/window_2p25eq2p5/draw_01/attempt_01/results_single.csv,1,1,1,1,single_attempt_outside_55_75MeV,False,,,,,,,window_2p25eq2p5,1
2021,0.142,0.0033845835,0.1343846871249999,0.149615312875,588792286.6909375,1.64,0.1364492830599999,0.14755071694,0.01110143388,0.0,1.0,8000,0.000125,True,6024.637075392515,2.339916477832741e-06,0.5,0.0,-608.0198091638492,3871.685983785218,True,tilde_q_mu,asymptotic,default,sidak_approx,observed,8.01**2 * RBF(length_scale=0.319),0.0259110210465671,0.3533321051804605,0.0956827864025644,0.3185980765594362,0.0235554736786973,64.0921041573082,1613.8013921892607,392,151,241,416,24,0.04,0.3,0.000625,1.0,1e-08,1e+18,False,False,False,False,12,1.1,15.0,13.525437055743168,7.6556010648184945,104.39455997479764,94.13213666007536,study_results/v4p2_followups_20260806/pseudo65/gp_window_ensemble_20260806/runs/window_2p25eq2p5/draw_01/attempt_01/results_single.csv,1,1,1,1,single_attempt_outside_55_75MeV,False,,,,,,,window_2p25eq2p5,1
2021,0.143,0.003407682875,0.1353327135312499,0.15066728646875,573696429.0826498,1.64,0.137411400085,0.1485885999149999,0.0111771998299999,0.0,1.0,8000,0.000125,True,6246.2426071465325,2.4724105400799624e-06,0.4996104079912195,0.0009765625,-89.32122161589082,3830.616138017028,True,tilde_q_mu,asymptotic,default,sidak_approx,observed,8.03**2 * RBF(length_scale=0.319),0.025905493399191,0.3532567281707865,0.0956623742118505,0.3190175469935934,0.0235504485447191,64.4379834049214,1614.4504306955714,392,153,239,416,24,0.04,0.3,0.000625,1.0,1e-08,1e+18,False,False,False,False,12,1.1,15.0,13.546134647406925,7.602084568738228,103.66478957370308,93.61714651736584,study_results/v4p2_followups_20260806/pseudo65/gp_window_ensemble_20260806/runs/window_2p25eq2p5/draw_01/attempt_01/results_single.csv,1,1,1,1,single_attempt_outside_55_75MeV,False,,,,,,,window_2p25eq2p5,1
2021,0.144,0.003430954,0.1362803534999999,0.1517196465,559083772.4170778,1.64,0.13837323544,0.14962676456,0.0112535291199999,0.0,1.0,8000,0.000125,True,6330.779134983823,2.5535108373926294e-06,0.4875605871358481,0.0311860383633453,102.77867598789156,3810.292248719904,True,tilde_q_mu,asymptotic,default,sidak_approx,observed,8**2 * RBF(length_scale=0.319),0.0259013239455544,0.3531998719848339,0.0956469774839098,0.3186130273589596,0.0235466581323222,63.92051163485326,1609.2793966735794,391,154,237,416,25,0.04,0.3,0.000625,1.0,1e-08,1e+18,False,False,False,False,12,1.1,15.0,13.531135737754765,7.5493066784207805,102.94509106937429,92.86426671968194,study_results/v4p2_followups_20260806/pseudo65/gp_window_ensemble_20260806/runs/window_2p25eq2p5/draw_01/attempt_01/results_single.csv,1,1,1,1,single_attempt_outside_55_75MeV,False,,,,,,,window_2p25eq2p5,1
2021,0.145,0.003454396875,0.1372276070312499,0.15277239296875,544779001.7566646,1.64,0.139334789125,0.1506652108749999,0.0113304217499999,0.0,1.0,8000,0.000125,True,6452.91027474962,2.6526941932144578e-06,0.4517361737096046,0.1212761028940304,454.5403839112347,3749.152778037888,True,tilde_q_mu,asymptotic,default,sidak_approx,observed,8.01**2 * RBF(length_scale=0.319),0.0258984845999115,0.3531611536351575,0.095636492505252,0.3189572783944543,0.0235440769090105,64.23872340742888,1615.2067923922375,392,156,236,416,24,0.04,0.3,0.000625,1.0,1e-08,1e+18,False,False,False,False,12,1.1,15.0,13.54724076153467,7.49725220843698,102.235257387777,92.33370974331208,study_results/v4p2_followups_20260806/pseudo65/gp_window_ensemble_20260806/runs/window_2p25eq2p5/draw_01/attempt_01/results_single.csv,1,1,1,1,single_attempt_outside_55_75MeV,False,,,,,,,window_2p25eq2p5,1
2021,0.146,0.0034780115,0.138174474125,0.1538255258749999,530723198.11642635,1.64,0.1402960611399999,0.15170393886,0.01140787772,0.0,1.0,8000,0.000125,True,6388.637511585395,2.6773629067339302e-06,0.456484310857212,0.1092948619992542,407.13537291507174,3729.0917412841145,True,tilde_q_mu,asymptotic,default,sidak_approx,observed,7.99**2 * RBF(length_scale=0.319),0.0258969480412312,0.3531402005622441,0.0956308183862839,0.318597009304017,0.0235426800374829,63.892497556043416,1610.0989863583804,391,157,234,416,25,0.04,0.3,0.000625,1.0,1e-08,1e+18,False,False,False,False,12,1.1,15.0,13.53274176078382,7.445906386805,101.53508709279544,91.60320755236634,study_results/v4p2_followups_20260806/pseudo65/gp_window_ensemble_20260806/runs/window_2p25eq2p5/draw_01/attempt_01/results_single.csv,1,1,1,1,single_attempt_outside_55_75MeV,False,,,,,,,window_2p25eq2p5,1
2021,0.147,0.0035017978749999,0.13912095478125,0.1548790452187499,517058895.8195766,1.64,0.141257051485,0.1527429485149999,0.0114858970299999,0.0,1.0,8000,0.000125,True,6288.740744504315,2.68674385375236e-06,0.4621404576655874,0.0950426941854703,349.3668436701241,3690.19889042492,True,tilde_q_mu,asymptotic,default,sidak_approx,observed,7.98**2 * RBF(length_scale=0.318),0.025896687687343,0.353136650281951,0.0956298569658356,0.3183534796162424,0.02354244335213,63.60193498924434,1611.2549096942053,391,159,232,416,25,0.04,0.3,0.000625,1.0,1e-08,1e+18,False,False,False,False,12,1.1,15.0,13.522533530379652,7.3952548410130845,100.84438419563295,90.91143777572898,study_results/v4p2_followups_20260806/pseudo65/gp_window_ensemble_20260806/runs/window_2p25eq2p5/draw_01/attempt_01/results_single.csv,1,1,1,1,single_attempt_outside_55_75MeV,False,,,,,,,window_2p25eq2p5,1
2021,0.148,0.0035257559999999,0.140067049,0.155932951,503681799.08701915,1.64,0.1422177601599999,0.15378223984,0.01156447968,0.0,1.0,8000,0.000125,True,6046.269706122084,2.6338404605381724e-06,0.4939419508734647,0.0151858608789882,66.55680792447455,3650.1994231373496,True,tilde_q_mu,asymptotic,default,sidak_approx,observed,7.94**2 * RBF(length_scale=0.318),0.0258976776701328,0.3531501500472667,0.0956335127195648,0.3178877255996259,0.0235433433364844,63.08027032784353,1611.8527527709234,391,160,231,416,25,0.04,0.3,0.000625,1.0,1e-08,1e+18,False,False,False,False,12,1.1,15.0,13.502233776075654,7.345283584607923,100.16295797192622,90.16157828267924,study_results/v4p2_followups_20260806/pseudo65/gp_window_ensemble_20260806/runs/window_2p25eq2p5/draw_01/attempt_01/results_single.csv,1,1,1,1,single_attempt_outside_55_75MeV,False,,,,,,,window_2p25eq2p5,1
2021,0.149,0.003549885875,0.14101275678125,0.15698724321875,490644352.2917579,1.64,0.143178187165,0.154821812835,0.0116436256699999,0.0,1.0,8000,0.000125,True,5800.167153880106,2.5763648130100028e-06,0.5,0.0,-241.56910995452623,3612.8187768478538,True,tilde_q_mu,asymptotic,default,sidak_approx,observed,7.93**2 * RBF(length_scale=0.318),0.0258998928117245,0.353180356523517,0.0956416926720024,0.3176310428985934,0.0235453571015678,62.86432552979413,1610.7846612518824,391,162,229,416,25,0.04,0.3,0.000625,1.0,1e-08,1e+18,False,False,False,False,12,1.1,15.0,13.490177342752787,7.295979004317872,99.49062278615278,89.47640968840818,study_results/v4p2_followups_20260806/pseudo65/gp_window_ensemble_20260806/runs/window_2p25eq2p5/draw_01/attempt_01/results_single.csv,1,1,1,1,single_attempt_outside_55_75MeV,False,,,,,,,window_2p25eq2p5,1
2021,0.15,0.0035741875,0.141958078125,0.158041921875,477946931.2512179,1.64,0.1441383325,0.1558616675,0.011723335,0.0,1.0,8000,0.000125,True,5681.106726457474,2.5732497165949514e-06,0.5,0.0,-379.85292369542987,3587.999402920462,True,tilde_q_mu,asymptotic,default,sidak_approx,observed,7.96**2 * RBF(length_scale=0.318),0.0259033086016125,0.3532269354765349,0.0956543063121079,0.3180652972255648,0.0235484623651023,63.307798040235966,1605.9402054051775,390,163,227,416,26,0.04,0.3,0.000625,1.0,1e-08,1e+18,False,False,False,False,12,1.1,15.0,13.506839312656016,7.247327847689178,98.82719792303423,88.98953880443172,study_results/v4p2_followups_20260806/pseudo65/gp_window_ensemble_20260806/runs/window_2p25eq2p5/draw_01/attempt_01/results_single.csv,1,1,1,1,single_attempt_outside_55_75MeV,False,,,,,,,window_2p25eq2p5,1
2021,0.151,0.003598660875,0.14290301303125,0.15909698696875,465470649.96646106,1.64,0.145098196165,0.156901803835,0.0118036076699999,0.0,1.0,8000,0.000125,True,5662.260818308986,2.616016886353864e-06,0.5,0.0,-284.5643633016966,3543.9359937917666,True,tilde_q_mu,asymptotic,default,sidak_approx,observed,8.05**2 * RBF(length_scale=0.319),0.0259079011746969,0.3532895614731401,0.0956712655121596,0.3192970776801147,0.0235526374315426,64.72447281587526,1607.1145235915935,390,165,225,416,26,0.04,0.3,0.000625,1.0,1e-08,1e+18,False,False,False,False,12,1.1,15.0,13.556744063511916,7.199317211210392,98.17250742559624,88.72663714946876,study_results/v4p2_followups_20260806/pseudo65/gp_window_ensemble_20260806/runs/window_2p25eq2p5/draw_01/attempt_01/results_single.csv,1,1,1,1,single_attempt_outside_55_75MeV,False,,,,,,,window_2p25eq2p5,1
2021,0.152,0.003623306,0.1438475615,0.1601524385,453362715.5960102,1.64,0.1460577781599999,0.15794222184,0.01188444368,0.0,1.0,8000,0.000125,True,5371.648977291013,2.5312681700764817e-06,0.5,0.0,-719.220087015067,3508.303307560684,True,tilde_q_mu,asymptotic,default,sidak_approx,observed,7.99**2 * RBF(length_scale=0.318),0.0259136472901786,0.3533679175933457,0.0956924844498192,0.3184642713502835,0.0235578611728897,63.76745496470763,1607.44936060949,390,166,224,416,26,0.04,0.3,0.000625,1.0,1e-08,1e+18,False,False,False,False,12,1.1,15.0,13.518386453383588,7.151934528902247,97.5263799395761,87.89328622818043,study_results/v4p2_followups_20260806/pseudo65/gp_window_ensemble_20260806/runs/window_2p25eq2p5/draw_01/attempt_01/results_single.csv,1,1,1,1,single_attempt_outside_55_75MeV,False,,,,,,,window_2p25eq2p5,1
2021,0.153,0.003648122875,0.14479172353125,0.16120827646875,441644549.5313737,1.64,0.147017078485,0.158982921515,0.0119658430299999,0.0,1.0,8000,0.000125,True,5393.558440517995,2.5919761732887436e-06,0.5,0.0,-554.993783904087,3469.863071665907,True,tilde_q_mu,asymptotic,default,sidak_approx,observed,8.02**2 * RBF(length_scale=0.319),0.0259205243112793,0.3534616951538094,0.0957178795332425,0.3189537852222565,0.0235641130102539,64.35310104431993,1606.5618110912262,390,168,222,416,26,0.04,0.3,0.000625,1.0,1e-08,1e+18,False,False,False,False,12,1.1,15.0,13.535573568309712,7.105167561352867,96.88864856390272,87.42956203805403,study_results/v4p2_followups_20260806/pseudo65/gp_window_ensemble_20260806/runs/window_2p25eq2p5/draw_01/attempt_01/results_single.csv,1,1,1,1,single_attempt_outside_55_75MeV,False,,,,,,,window_2p25eq2p5,1
2021,0.154,0.0036731115,0.145735499125,0.162264500875,430164399.9517347,1.64,0.1479760971399999,0.16002390286,0.01204780572,0.0,1.0,8000,0.000125,True,5632.934718316721,2.761210102177383e-06,0.4999311292015692,0.0001726334915006,-68.33204501650444,3447.0494072855154,True,tilde_q_mu,asymptotic,default,sidak_approx,observed,8.05**2 * RBF(length_scale=0.319),0.0259285101857464,0.3535705934419964,0.0957473693290902,0.3192376926627563,0.023571372896133,64.77843839686523,1603.548533683391,389,169,220,416,27,0.04,0.3,0.000625,1.0,1e-08,1e+18,False,False,False,False,12,1.1,15.0,13.543449253867076,7.0590043851776345,96.25915070696774,86.91206152134406,study_results/v4p2_followups_20260806/pseudo65/gp_window_ensemble_20260806/runs/window_2p25eq2p5/draw_01/attempt_01/results_single.csv,1,1,1,1,single_attempt_outside_55_75MeV,False,,,,,,,window_2p25eq2p5,1
2021,0.155,0.003698271875,0.14667888828125,0.16332111171875,419006242.6242384,1.64,0.148934834125,0.161065165875,0.01213033175,0.0,1.0,8000,0.000125,True,5955.112782882556,2.9775408016859603e-06,0.4324626904425812,0.170107772689257,577.5016294155498,3397.465876319499,True,tilde_q_mu,asymptotic,default,sidak_approx,observed,8.02**2 * RBF(length_scale=0.319),0.0259375834271065,0.3536943194605435,0.0957808744933012,0.3188155283293256,0.0235796212973695,64.35601249610127,1608.883731883038,390,171,219,416,26,0.04,0.3,0.000625,1.0,1e-08,1e+18,False,False,False,False,12,1.1,15.0,13.520807832689458,7.01343338288414,95.63772794842008,86.20662274304145,study_results/v4p2_followups_20260806/pseudo65/gp_window_ensemble_20260806/runs/window_2p25eq2p5/draw_01/attempt_01/results_single.csv,1,1,1,1,single_attempt_outside_55_75MeV,False,,,,,,,window_2p25eq2p5,1
2021,0.156,0.003723604,0.147621891,0.164378109,408018948.64312065,1.64,0.14989328944,0.16210671056,0.01221342112,0.0,1.0,8000,0.000125,True,6587.905967765453,3.3609525636826447e-06,0.3204742172301723,0.4663731395527895,1548.3670564397853,3377.3748631739827,True,tilde_q_mu,asymptotic,default,sidak_approx,observed,8.03**2 * RBF(length_scale=0.319),0.0259477230966391,0.353832587681443,0.0958183177045254,0.3188714336336051,0.0235888391787628,64.41458960205482,1604.876966591483,389,172,217,416,27,0.04,0.3,0.000625,1.0,1e-08,1e+18,False,False,False,False,12,1.1,15.0,13.517894255715918,6.968443233125529,95.0242259062572,85.63516250213641,study_results/v4p2_followups_20260806/pseudo65/gp_window_ensemble_20260806/runs/window_2p25eq2p5/draw_01/attempt_01/results_single.csv,1,1,1,1,single_attempt_outside_55_75MeV,False,,,,,,,window_2p25eq2p5,1
2021,0.157,0.003749107875,0.14856450728125,0.16543549271875,397354285.67265946,1.64,0.150851463085,0.163148536915,0.01229707383,0.0,1.0,8000,0.000125,True,7323.023375069553,3.8118235475295536e-06,0.2194762738294768,0.7739632101063619,2585.36865456623,3340.6439153778556,True,tilde_q_mu,asymptotic,default,sidak_approx,observed,8.09**2 * RBF(length_scale=0.32),0.0259589087860322,0.3539851198095312,0.0958596236000764,0.3198021364958834,0.023599007987302,65.50142991573696,1603.5701286834858,389,174,215,416,27,0.04,0.3,0.000625,1.0,1e-08,1e+18,False,False,False,False,12,1.1,15.0,13.551507617098116,6.924022901323501,94.41849410895684,85.30086280749748,study_results/v4p2_followups_20260806/pseudo65/gp_window_ensemble_20260806/runs/window_2p25eq2p5/draw_01/attempt_01/results_single.csv,1,1,1,1,single_attempt_outside_55_75MeV,False,,,,,,,window_2p25eq2p5,1
2021,0.158,0.0037747835,0.149506737125,0.166493262875,387039666.85970527,1.64,0.15180935506,0.16419064494,0.0123812898799999,0.0,1.0,8000,0.000125,True,7869.434501543876,4.178793234667161e-06,0.1580519797488563,1.0024962858478494,3314.865833417385,3306.7670570138575,True,tilde_q_mu,asymptotic,default,sidak_approx,observed,8.07**2 * RBF(length_scale=0.319),0.0259711206006934,0.3541516445549109,0.0959047187143026,0.3194620453120207,0.023610109636994,65.09357985597018,1603.5883807920916,389,175,214,416,27,0.04,0.3,0.000625,1.0,1e-08,1e+18,False,False,False,False,12,1.1,15.0,13.530731124241122,6.880161630645431,93.82038587243768,84.63056101416697,study_results/v4p2_followups_20260806/pseudo65/gp_window_ensemble_20260806/runs/window_2p25eq2p5/draw_01/attempt_01/results_single.csv,1,1,1,1,single_attempt_outside_55_75MeV,False,,,,,,,window_2p25eq2p5,1
2021,0.159,0.003800630875,0.15044858053125,0.16755141946875,376812670.72105056,1.64,0.152766965365,0.165233034635,0.0124660692699999,0.0,1.0,8000,0.000125,True,8342.90802326137,4.5218354623968855e-06,0.1165426782497074,1.192448694656939,3911.1384856011327,3278.088268884414,True,tilde_q_mu,asymptotic,default,sidak_approx,observed,8.01**2 * RBF(length_scale=0.319),0.0259843391436889,0.3543318974139398,0.0959535314192792,0.3186293272079924,0.0236221264942626,64.11221479997309,1603.292871698225,389,177,212,416,27,0.04,0.3,0.000625,1.0,1e-08,1e+18,False,False,False,False,12,1.1,15.0,13.488596265259234,6.836848933320556,93.22975818164392,83.83590453466292,study_results/v4p2_followups_20260806/pseudo65/gp_window_ensemble_20260806/runs/window_2p25eq2p5/draw_01/attempt_01/results_single.csv,1,1,1,1,single_attempt_outside_55_75MeV,False,,,,,,,window_2p25eq2p5,1
2021,0.16,0.00382665,0.1513900375,0.1686099625,367005424.0565123,1.64,0.153724294,0.166275706,0.0125514119999999,0.0,1.0,8000,0.000125,True,8520.481000314037,4.711851220835855e-06,0.1014899597676507,1.2731074391063584,4148.469004856546,3258.2659313423173,True,tilde_q_mu,asymptotic,default,sidak_approx,observed,8.03**2 * RBF(length_scale=0.319),0.0259985455002782,0.3545256204583391,0.0960059918676979,0.3190507930789392,0.0236350413638892,64.55732818451898,1598.5507001570363,388,178,210,416,28,0.04,0.3,0.000625,1.0,1e-08,1e+18,False,False,False,False,12,1.1,15.0,13.499057952418054,6.7940745822790705,92.64647157653278,83.37600592657786,study_results/v4p2_followups_20260806/pseudo65/gp_window_ensemble_20260806/runs/window_2p25eq2p5/draw_01/attempt_01/results_single.csv,1,1,1,1,single_attempt_outside_55_75MeV,False,,,,,,,window_2p25eq2p5,1
2021,0.161,0.003852840875,0.15233110803125,0.16966889196875,357410945.39902496,1.64,0.154681340965,0.167318659035,0.01263731807,0.0,1.0,8000,0.000125,True,8136.037871756363,4.59133687819615e-06,0.1189641881854626,1.180180642335387,3790.4955406142662,3212.8663810984726,True,tilde_q_mu,asymptotic,default,sidak_approx,observed,8.01**2 * RBF(length_scale=0.319),0.0260137212230255,0.3547325621321662,0.0960620319378876,0.318712717316407,0.0236488374754777,64.10769961269443,1603.8215571152166,389,180,209,416,27,0.04,0.3,0.000625,1.0,1e-08,1e+18,False,False,False,False,12,1.1,15.0,13.476887295068549,6.751828603101996,92.07039004229992,82.72148465420518,study_results/v4p2_followups_20260806/pseudo65/gp_window_ensemble_20260806/runs/window_2p25eq2p5/draw_01/attempt_01/results_single.csv,1,1,1,1,single_attempt_outside_55_75MeV,False,,,,,,,window_2p25eq2p5,1
2021,0.162,0.0038792035,0.153271792125,0.170728207875,348034765.9525295,1.64,0.15563810626,0.16836189374,0.01272378748,0.0,1.0,8000,0.000125,True,7698.865549095516,4.434136048788395e-06,0.1498371942270346,1.037131903739536,3314.1857824877984,3194.9475782376276,True,tilde_q_mu,asymptotic,default,sidak_approx,observed,8.01**2 * RBF(length_scale=0.319),0.0260298483174566,0.3549524770562273,0.0961215851808485,0.3187811898547379,0.0236634984704151,64.20810335251197,1599.0679642677171,388,181,207,416,28,0.04,0.3,0.000625,1.0,1e-08,1e+18,False,False,False,False,12,1.1,15.0,13.471431126436697,6.710101266266818,91.50138090363842,82.176970054481,study_results/v4p2_followups_20260806/pseudo65/gp_window_ensemble_20260806/runs/window_2p25eq2p5/draw_01/attempt_01/results_single.csv,1,1,1,1,single_attempt_outside_55_75MeV,False,,,,,,,window_2p25eq2p5,1
2021,0.163,0.003905737875,0.15421208978125,0.17178791021875,338899709.6922806,1.64,0.156594589885,0.169405410115,0.01281082023,0.0,1.0,8000,0.000125,True,7022.918183709986,4.128371105844071e-06,0.208263896583716,0.8124598896689843,2562.576155904797,3163.465873146838,True,tilde_q_mu,asymptotic,default,sidak_approx,observed,8.04**2 * RBF(length_scale=0.319),0.0260469092282431,0.3551851258396787,0.0961845867692335,0.3190700186335663,0.0236790083893119,64.63600945334464,1599.3416995752052,388,183,205,416,28,0.04,0.3,0.000625,1.0,1e-08,1e+18,False,False,False,False,12,1.1,15.0,13.47480491529308,6.668883079677514,90.93931472287518,81.69263500141219,study_results/v4p2_followups_20260806/pseudo65/gp_window_ensemble_20260806/runs/window_2p25eq2p5/draw_01/attempt_01/results_single.csv,1,1,1,1,single_attempt_outside_55_75MeV,False,,,,,,,window_2p25eq2p5,1
2021,0.164,0.003932444,0.155152001,0.172847999,329984866.4340829,1.64,0.15755079184,0.17044920816,0.0128984163199999,0.0,1.0,8000,0.000125,True,6201.567316861319,3.7212042926228017e-06,0.3139646500692735,0.484643431085989,1524.1316149800675,3145.7471634358644,True,tilde_q_mu,asymptotic,default,sidak_approx,observed,8.01**2 * RBF(length_scale=0.319),0.0260648868258862,0.3554302748984483,0.096250973448177,0.3187166547152516,0.0236953516598965,64.20826361617065,1594.4776582174106,387,184,203,416,29,0.04,0.3,0.000625,1.0,1e-08,1e+18,False,False,False,False,12,1.1,15.0,13.450598213938598,6.6281647814657285,90.38406520180536,81.04798306479421,study_results/v4p2_followups_20260806/pseudo65/gp_window_ensemble_20260806/runs/window_2p25eq2p5/draw_01/attempt_01/results_single.csv,1,1,1,1,single_attempt_outside_55_75MeV,False,,,,,,,window_2p25eq2p5,1
2021,0.165,0.003959321875,0.15609152578125,0.17390847421875,321257494.71634173,1.64,0.158506712125,0.171493287875,0.01298657575,0.0,1.0,8000,0.000125,True,5509.496779159132,3.375162157780588e-06,0.4189825414078221,0.20449706821392,635.0290466513829,3101.6515248100877,True,tilde_q_mu,asymptotic,default,sidak_approx,observed,8**2 * RBF(length_scale=0.318),0.0260837643938859,0.3556876962802624,0.0963206834879114,0.3184878097349343,0.0237125130853508,63.98306514999173,1599.8894857711937,388,186,202,416,28,0.04,0.3,0.000625,1.0,1e-08,1e+18,False,False,False,False,12,1.1,15.0,13.43121281951724,6.587937333053001,89.83550908708638,80.4399894198888,study_results/v4p2_followups_20260806/pseudo65/gp_window_ensemble_20260806/runs/window_2p25eq2p5/draw_01/attempt_01/results_single.csv,1,1,1,1,single_attempt_outside_55_75MeV,False,,,,,,,window_2p25eq2p5,1
2021,0.166,0.0039863715,0.157030664125,0.174969335875,312800005.7109213,1.64,0.15946235074,0.17253764926,0.01307529852,0.0,1.0,8000,0.000125,True,4814.441196771097,3.0108628169320357e-06,0.5,0.0,-445.28213403632816,3081.4583720807254,True,tilde_q_mu,asymptotic,default,sidak_approx,observed,8.03**2 * RBF(length_scale=0.319),0.0261035256163684,0.3559571674959338,0.09639365663808,0.3189741874318018,0.0237304778330622,64.5207236623998,1597.0338403714193,387,187,200,416,29,0.04,0.3,0.000625,1.0,1e-08,1e+18,False,False,False,False,12,1.1,15.0,13.44154086047918,6.548191912461868,89.29352607902545,80.01617195783227,study_results/v4p2_followups_20260806/pseudo65/gp_window_ensemble_20260806/runs/window_2p25eq2p5/draw_01/attempt_01/results_single.csv,1,1,1,1,single_attempt_outside_55_75MeV,False,,,,,,,window_2p25eq2p5,1
2021,0.167,0.004013592875,0.15796941603125,0.17603058396875,304614329.32244956,1.64,0.160417707685,0.173582292315,0.0131645846299999,0.0,1.0,8000,0.000125,True,4190.615747811216,2.675044201319906e-06,0.5,0.0,-1742.2520956360502,3046.4153814681836,True,tilde_q_mu,asymptotic,default,sidak_approx,observed,8.13**2 * RBF(length_scale=0.32),0.0261241545661564,0.3562384713566791,0.0964698340836822,0.3203225377467029,0.0237492314237786,66.09924443498507,1600.7407851193927,387,189,198,416,29,0.04,0.3,0.000625,1.0,1e-08,1e+18,False,False,False,False,12,1.1,15.0,13.487701224132424,6.508919907865958,88.7579987436267,79.80942455373054,study_results/v4p2_followups_20260806/pseudo65/gp_window_ensemble_20260806/runs/window_2p25eq2p5/draw_01/attempt_01/results_single.csv,1,1,1,1,single_attempt_outside_55_75MeV,False,,,,,,,window_2p25eq2p5,1
2021,0.168,0.004040986,0.1589077815,0.1770922185,296547392.151297,1.64,0.16137278296,0.17462721704,0.0132544340799999,0.0,1.0,8000,0.000125,True,3855.357438596376,2.512934563612205e-06,0.5,0.0,-2628.42088934492,3012.351481712179,True,tilde_q_mu,asymptotic,default,sidak_approx,observed,8.14**2 * RBF(length_scale=0.32),0.0261456356932645,0.3565313958172433,0.0965491584025916,0.3204898281576495,0.0237687597211495,66.28501812967833,1600.8888051349188,387,190,197,416,29,0.04,0.3,0.000625,1.0,1e-08,1e+18,False,False,False,False,12,1.1,15.0,13.48365804179829,6.470112911369777,88.22881242776968,79.30980908066729,study_results/v4p2_followups_20260806/pseudo65/gp_window_ensemble_20260806/runs/window_2p25eq2p5/draw_01/attempt_01/results_single.csv,1,1,1,1,single_attempt_outside_55_75MeV,False,,,,,,,window_2p25eq2p5,1
2021,0.169,0.004068550875,0.15984576053125,0.17815423946875,288615660.9608933,1.64,0.162327576565,0.175672423435,0.0133448468699999,0.0,1.0,8000,0.000125,True,3575.2020956324204,2.3802025735235066e-06,0.5,0.0,-3542.2567111245567,2979.204421725354,True,tilde_q_mu,asymptotic,default,sidak_approx,observed,8.2**2 * RBF(length_scale=0.321),0.026167953813799,0.356835733824532,0.0966315735245651,0.3212162740445332,0.0237890489216354,67.28829242893467,1601.654279316071,387,192,195,416,29,0.04,0.3,0.000625,1.0,1e-08,1e+18,False,False,False,False,12,1.1,15.0,13.50269508893212,6.431762713007495,87.70585517737493,78.95102799827548,study_results/v4p2_followups_20260806/pseudo65/gp_window_ensemble_20260806/runs/window_2p25eq2p5/draw_01/attempt_01/results_single.csv,1,1,1,1,single_attempt_outside_55_75MeV,False,,,,,,,window_2p25eq2p5,1
2021,0.17,0.0040962875,0.160783353125,0.179216646875,280901072.63455325,1.64,0.1632820885,0.1767179115,0.013435823,0.0,1.0,8000,0.000125,True,3464.828229775346,2.3561303427954393e-06,0.5,0.0,-3929.2699719199904,2960.946968490905,True,tilde_q_mu,asymptotic,default,sidak_approx,observed,8.13**2 * RBF(length_scale=0.32),0.026191094099248,0.3571512831715639,0.0967170246916933,0.3203977566531552,0.0238100855447709,66.15951294191052,1598.180991489959,386,193,193,416,30,0.04,0.3,0.000625,1.0,1e-08,1e+18,False,False,False,False,12,1.1,15.0,13.456388304472917,6.39386129495257,87.18901765844413,78.21661849983802,study_results/v4p2_followups_20260806/pseudo65/gp_window_ensemble_20260806/runs/window_2p25eq2p5/draw_01/attempt_01/results_single.csv,1,1,1,1,single_attempt_outside_55_75MeV,False,,,,,,,window_2p25eq2p5,1
2021,0.171,0.004124195875,0.16172055928125,0.18027944071875,273501986.67337126,1.64,0.164236318765,0.177763681235,0.01352736247,0.0,1.0,8000,0.000125,True,3339.8014916175107,2.318910465930654e-06,0.5,0.0,-4242.118156087535,2917.4064478398054,True,tilde_q_mu,asymptotic,default,sidak_approx,observed,8.11**2 * RBF(length_scale=0.32),0.0262150420661463,0.3574778463565409,0.0968054584202363,0.3201517310355894,0.0238318564237693,65.83726849359626,1603.7668535955042,387,195,192,416,29,0.04,0.3,0.000625,1.0,1e-08,1e+18,False,False,False,False,12,1.1,15.0,13.43377223086477,6.356400825929815,86.67819308086109,77.62767354874711,study_results/v4p2_followups_20260806/pseudo65/gp_window_ensemble_20260806/runs/window_2p25eq2p5/draw_01/attempt_01/results_single.csv,1,1,1,1,single_attempt_outside_55_75MeV,False,,,,,,,window_2p25eq2p5,1
2021,0.172,0.004152276,0.162657379,0.1813426209999999,266350991.61926585,1.64,0.1651902673599999,0.17880973264,0.01361946528,0.0,1.0,8000,0.000125,True,3204.263663759352,2.2712524149200655e-06,0.5,0.0,-4831.824095285069,2896.2289935581193,True,tilde_q_mu,asymptotic,default,sidak_approx,observed,8.16**2 * RBF(length_scale=0.321),0.0262397835660971,0.3578152304467796,0.0968968224637768,0.3207520805497613,0.0238543486964519,66.6141805724241,1599.7221323021276,386,196,190,416,30,0.04,0.3,0.000625,1.0,1e-08,1e+18,False,False,False,False,12,1.1,15.0,13.44627282141931,6.31937365582085,86.17327712482977,77.24729294241553,study_results/v4p2_followups_20260806/pseudo65/gp_window_ensemble_20260806/runs/window_2p25eq2p5/draw_01/attempt_01/results_single.csv,1,1,1,1,single_attempt_outside_55_75MeV,False,,,,,,,window_2p25eq2p5,1
2021,0.173,0.004180527875,0.1635938122812499,0.18240618771875,259386988.21142492,1.64,0.166143934285,0.1798560657149999,0.0137121314299999,0.0,1.0,8000,0.000125,True,3172.2993192711574,2.2956188934583006e-06,0.5,0.0,-4778.512474348366,2866.8734362259256,True,tilde_q_mu,asymptotic,default,sidak_approx,observed,8.15**2 * RBF(length_scale=0.321),0.0262653047761392,0.3581632469473539,0.0969910657776472,0.3205600791251461,0.0238775497964902,66.34306539153344,1600.6779567845342,386,198,188,416,30,0.04,0.3,0.000625,1.0,1e-08,1e+18,False,False,False,False,12,1.1,15.0,13.425166395099088,6.282772310455958,85.67416786985397,76.67933062762944,study_results/v4p2_followups_20260806/pseudo65/gp_window_ensemble_20260806/runs/window_2p25eq2p5/draw_01/attempt_01/results_single.csv,1,1,1,1,single_attempt_outside_55_75MeV,False,,,,,,,window_2p25eq2p5,1
2021,0.174,0.0042089515,0.1645298591249999,0.183470140875,252502277.02987137,1.64,0.1670973195399999,0.18090268046,0.01380536092,0.0,1.0,8000,0.000125,True,3264.202684623213,2.412584273437324e-06,0.4999513009912829,0.0001220703125,-4134.727390822162,2850.259791098198,True,tilde_q_mu,asymptotic,default,sidak_approx,observed,8.06**2 * RBF(length_scale=0.319),0.0262915921894454,0.3585217116742556,0.0970881384845824,0.3194899342632756,0.0239014474449503,64.94537207070049,1596.1419383173347,385,199,186,416,31,0.04,0.3,0.000625,1.0,1e-08,1e+18,False,False,False,False,12,1.1,15.0,13.366970138487318,6.246589486584821,85.18076572615664,75.90725012233466,study_results/v4p2_followups_20260806/pseudo65/gp_window_ensemble_20260806/runs/window_2p25eq2p5/draw_01/attempt_01/results_single.csv,1,1,1,1,single_attempt_outside_55_75MeV,False,,,,,,,window_2p25eq2p5,1
2021,0.175,0.0042375468749999,0.16546551953125,0.1845344804687499,245918579.9416027,1.64,0.168050423125,0.181949576875,0.01389915375,0.0,1.0,8000,0.000125,True,3410.309102898682,2.573263591470004e-06,0.5,0.0,-3183.973390062162,2811.250820596519,True,tilde_q_mu,asymptotic,default,sidak_approx,observed,8**2 * RBF(length_scale=0.319),0.0263186326063351,0.358890444631843,0.0971879918415323,0.3187659528325521,0.0239260296421228,64.06008798630313,1601.7219861884105,386,201,185,416,30,0.04,0.3,0.000625,1.0,1e-08,1e+18,False,False,False,False,12,1.1,15.0,13.322977426699753,6.210818047018103,84.69297336842865,75.22417149251055,study_results/v4p2_followups_20260806/pseudo65/gp_window_ensemble_20260806/runs/window_2p25eq2p5/draw_01/attempt_01/results_single.csv,1,1,1,1,single_attempt_outside_55_75MeV,False,,,,,,,window_2p25eq2p5,1
2021,0.176,0.004266314,0.1664007934999999,0.1855992065,239463041.25493088,1.64,0.16900324504,0.1829967549599999,0.0139935099199999,0.0,1.0,8000,0.000125,True,3590.5248415209226,2.7664746573632102e-06,0.5,0.0,-2370.869316656332,2791.5416829528262,True,tilde_q_mu,asymptotic,default,sidak_approx,observed,8.04**2 * RBF(length_scale=0.319),0.0263464131255956,0.3592692698944855,0.0972905782076107,0.3192966914785177,0.0239512846596323,64.72043238306703,1597.9745271846318,385,202,183,416,31,0.04,0.3,0.000625,1.0,1e-08,1e+18,False,False,False,False,12,1.1,15.0,13.33108833267145,6.175451015934506,84.21069567183416,74.84134817046231,study_results/v4p2_followups_20260806/pseudo65/gp_window_ensemble_20260806/runs/window_2p25eq2p5/draw_01/attempt_01/results_single.csv,1,1,1,1,single_attempt_outside_55_75MeV,False,,,,,,,window_2p25eq2p5,1
2021,0.177,0.004295252875,0.16733568103125,0.18666431896875,233151670.99112496,1.64,0.169955785285,0.184044214715,0.0140884294299999,0.0,1.0,8000,0.000125,True,3993.0592777979577,3.1420557081809853e-06,0.5,0.0,-1087.791556118867,2763.796583949154,True,tilde_q_mu,asymptotic,default,sidak_approx,observed,8.04**2 * RBF(length_scale=0.319),0.026374921136093,0.359658015492178,0.0973958510131203,0.3192075768221751,0.0239772010328118,64.58374675959226,1598.3469849685816,385,204,181,416,31,0.04,0.3,0.000625,1.0,1e-08,1e+18,False,False,False,False,12,1.1,15.0,13.31296244233645,6.140481574345738,83.73383965016914,74.31636416102164,study_results/v4p2_followups_20260806/pseudo65/gp_window_ensemble_20260806/runs/window_2p25eq2p5/draw_01/attempt_01/results_single.csv,1,1,1,1,single_attempt_outside_55_75MeV,False,,,,,,,window_2p25eq2p5,1
2021,0.178,0.0043243635,0.168270182125,0.1877298178749999,227019370.79188985,1.64,0.17090804386,0.1850919561399999,0.0141839122799999,0.0,1.0,8000,0.000125,True,4747.196171316986,3.814821159099484e-06,0.4527494345047053,0.1187178819287749,391.4321312937552,2735.730527437183,True,tilde_q_mu,asymptotic,default,sidak_approx,observed,8**2 * RBF(length_scale=0.319),0.0264041443086661,0.3600565132999933,0.0975037647296154,0.3186935922058131,0.0240037675533328,63.98108866724111,1598.10796788965,385,205,180,416,31,0.04,0.3,0.000625,1.0,1e-08,1e+18,False,False,False,False,12,1.1,15.0,13.276815462311166,6.105903055713559,83.26231439609397,73.6972255467916,study_results/v4p2_followups_20260806/pseudo65/gp_window_ensemble_20260806/runs/window_2p25eq2p5/draw_01/attempt_01/results_single.csv,1,1,1,1,single_attempt_outside_55_75MeV,False,,,,,,,window_2p25eq2p5,1
2021,0.179,0.004353645875,0.1692042967812499,0.18879570321875,220993245.42708975,1.64,0.1718600207649999,0.186139979235,0.01427995847,0.0,1.0,8000,0.000125,True,5554.666314249781,4.559800752291292e-06,0.2772397160449765,0.5910611757221454,1602.1320832311462,2710.0198212068635,True,tilde_q_mu,asymptotic,default,sidak_approx,observed,7.99**2 * RBF(length_scale=0.319),0.0264340705882899,0.3604645989312272,0.0976142748409662,0.3185577208662596,0.0240309732620818,63.82947612779312,1598.6581984998566,385,207,178,416,31,0.04,0.3,0.000625,1.0,1e-08,1e+18,False,False,False,False,12,1.1,15.0,13.25613063574533,6.0717089417131325,82.79603102336088,73.170333557793,study_results/v4p2_followups_20260806/pseudo65/gp_window_ensemble_20260806/runs/window_2p25eq2p5/draw_01/attempt_01/results_single.csv,1,1,1,1,single_attempt_outside_55_75MeV,False,,,,,,,window_2p25eq2p5,1
2021,0.18,0.0043831,0.170138025,0.189861975,215155115.9948604,1.64,0.172811716,0.1871882839999999,0.0143765679999999,0.0,1.0,8000,0.000125,True,6386.540668295815,5.355024001556414e-06,0.1606734045835477,0.9916940197791928,2672.197653899714,2693.705190506822,True,tilde_q_mu,asymptotic,default,sidak_approx,observed,7.99**2 * RBF(length_scale=0.319),0.0264646881865,0.360882111634091,0.0977273378153825,0.3185804040532272,0.0240588074422727,63.84553274992915,1595.0675056511982,384,208,176,416,32,0.04,0.3,0.000625,1.0,1e-08,1e+18,False,False,False,False,12,1.1,15.0,13.241737140032251,6.037892858136936,82.33490261095821,72.68380918829757,study_results/v4p2_followups_20260806/pseudo65/gp_window_ensemble_20260806/runs/window_2p25eq2p5/draw_01/attempt_01/results_single.csv,1,1,1,1,single_attempt_outside_55_75MeV,False,,,,,,,window_2p25eq2p5,1
2021,0.181,0.004412725875,0.1710713667812499,0.19092863321875,209423665.4643851,1.64,0.173763129565,0.1882368704349999,0.0144737408699999,0.0,1.0,8000,0.000125,True,7071.36602565598,6.057855478314812e-06,0.0923076184531959,1.326677953371163,3523.039011026729,2658.110179152795,True,tilde_q_mu,asymptotic,default,sidak_approx,observed,7.96**2 * RBF(length_scale=0.318),0.0264959855740647,0.3613088941917919,0.0978429110783556,0.3181639690910818,0.0240872596127861,63.34862022824129,1600.3777841749002,385,210,175,416,31,0.04,0.3,0.000625,1.0,1e-08,1e+18,False,False,False,False,12,1.1,15.0,13.208807236925876,6.004448570933435,81.87884414909227,72.10145794317708,study_results/v4p2_followups_20260806/pseudo65/gp_window_ensemble_20260806/runs/window_2p25eq2p5/draw_01/attempt_01/results_single.csv,1,1,1,1,single_attempt_outside_55_75MeV,False,,,,,,,window_2p25eq2p5,1
2021,0.182,0.0044425235,0.172004322125,0.191995677875,203890389.41582435,1.64,0.17471426146,0.18928573854,0.01457147708,0.0,1.0,8000,0.000125,True,7249.944070711652,6.344339791527248e-06,0.0786345177581684,1.414316360068841,3741.04244774477,2642.902984735304,True,tilde_q_mu,asymptotic,default,sidak_approx,observed,7.99**2 * RBF(length_scale=0.319),0.0265279514739,0.3617447928259099,0.0979609529864923,0.3185644024064483,0.0241163195217273,63.82628016991388,1595.9506492994628,384,211,173,416,32,0.04,0.3,0.000625,1.0,1e-08,1e+18,False,False,False,False,12,1.1,15.0,13.20949501102112,5.971369982376021,81.42777248694574,71.70798362832484,study_results/v4p2_followups_20260806/pseudo65/gp_window_ensemble_20260806/runs/window_2p25eq2p5/draw_01/attempt_01/results_single.csv,1,1,1,1,single_attempt_outside_55_75MeV,False,,,,,,,window_2p25eq2p5,1
2021,0.183,0.004472492875,0.1729368910312499,0.19306310896875,198621214.40460417,1.64,0.1756651116849999,0.190334888315,0.01466977663,0.0,1.0,8000,0.000125,True,7071.683944483914,6.317802449376122e-06,0.0857012521636641,1.367711163096855,3582.772221493935,2619.4010915989616,True,tilde_q_mu,asymptotic,default,sidak_approx,observed,8.01**2 * RBF(length_scale=0.319),0.0265605748542153,0.3621896571029359,0.098081422802206,0.3187705606223796,0.0241459771401957,64.08700494101579,1596.687568514004,384,213,171,416,32,0.04,0.3,0.000625,1.0,1e-08,1e+18,False,False,False,False,12,1.1,15.0,13.201808266923406,5.938651127357089,80.98160628214212,71.27357595228803,study_results/v4p2_followups_20260806/pseudo65/gp_window_ensemble_20260806/runs/window_2p25eq2p5/draw_01/attempt_01/results_single.csv,1,1,1,1,single_attempt_outside_55_75MeV,False,,,,,,,window_2p25eq2p5,1
2021,0.184,0.004502634,0.1738690735,0.1941309265,193360941.65798712,1.64,0.17661568024,0.19138431976,0.01476863952,0.0,1.0,8000,0.000125,True,6560.588449476707,5.987922098667059e-06,0.1225344442078758,1.1624101842516317,3029.282949736971,2605.0090695892636,True,tilde_q_mu,asymptotic,default,sidak_approx,observed,8.02**2 * RBF(length_scale=0.319),0.026593844921878,0.3626433398437911,0.0982042806692136,0.3189616827622132,0.0241762226562527,64.341529738229,1594.9977875068312,383,214,169,416,33,0.04,0.3,0.000625,1.0,1e-08,1e+18,False,False,False,False,12,1.1,15.0,13.19319760151694,5.906286169801502,80.54026595183866,70.83890957208895,study_results/v4p2_followups_20260806/pseudo65/gp_window_ensemble_20260806/runs/window_2p25eq2p5/draw_01/attempt_01/results_single.csv,1,1,1,1,single_attempt_outside_55_75MeV,False,,,,,,,window_2p25eq2p5,1
2021,0.185,0.004532946875,0.1748008695312499,0.19519913046875,188216407.4390779,1.64,0.177565967125,0.192434032875,0.0148680657499999,0.0,1.0,8000,0.000125,True,6004.61906240166,5.599847172559395e-06,0.1713382462965775,0.9488901346547708,2438.0053696091964,2572.141140500976,True,tilde_q_mu,asymptotic,default,sidak_approx,observed,7.98**2 * RBF(length_scale=0.318),0.0266277511159985,0.3631056970363433,0.0983294875888454,0.3184598171553752,0.0242070464690895,63.72244303669073,1598.1825631293464,384,216,168,416,32,0.04,0.3,0.000625,1.0,1e-08,1e+18,False,False,False,False,12,1.1,15.0,13.155665957101489,5.874269399197075,80.10367362541467,70.25447814350908,study_results/v4p2_followups_20260806/pseudo65/gp_window_ensemble_20260806/runs/window_2p25eq2p5/draw_01/attempt_01/results_single.csv,1,1,1,1,single_attempt_outside_55_75MeV,False,,,,,,,window_2p25eq2p5,1
2021,0.186,0.0045634315,0.175732279125,0.196267720875,183203373.0638776,1.64,0.17851597234,0.19348402766,0.01496805532,0.0,1.0,8000,0.000125,True,5249.128722949683,5.0021963543836655e-06,0.2774286205262194,0.5904973810567443,1511.7531077814824,2560.8551532485876,True,tilde_q_mu,asymptotic,default,sidak_approx,observed,7.91**2 * RBF(length_scale=0.317),0.0266622831017154,0.3635765877506647,0.0984570053970965,0.3173633737594407,0.0242384391833776,62.496968270192376,1592.1406147393232,383,217,166,416,33,0.04,0.3,0.000625,1.0,1e-08,1e+18,False,False,False,False,12,1.1,15.0,13.093391507530884,5.84259522723534,79.67175309866373,69.54489702747608,study_results/v4p2_followups_20260806/pseudo65/gp_window_ensemble_20260806/runs/window_2p25eq2p5/draw_01/attempt_01/results_single.csv,1,1,1,1,single_attempt_outside_55_75MeV,False,,,,,,,window_2p25eq2p5,1
2021,0.187,0.004594087875,0.17666330228125,0.19733669771875,178278504.14348978,1.64,0.179465695885,0.194534304115,0.01506860823,0.0,1.0,8000,0.000125,True,4492.82509770765,4.376216973317175e-06,0.4223432380993773,0.1959025054539699,497.2235681487588,2538.5215060838254,True,tilde_q_mu,asymptotic,default,sidak_approx,observed,7.88**2 * RBF(length_scale=0.317),0.0266974307641825,0.3640558740570343,0.0985867967424219,0.3170591837087174,0.0242703916038022,62.13426675298742,1592.3380567757076,383,219,164,416,33,0.04,0.3,0.000625,1.0,1e-08,1e+18,False,False,False,False,12,1.1,15.0,13.063620434498706,5.811258184560199,79.24442978945724,69.01461015451677,study_results/v4p2_followups_20260806/pseudo65/gp_window_ensemble_20260806/runs/window_2p25eq2p5/draw_01/attempt_01/results_single.csv,1,1,1,1,single_attempt_outside_55_75MeV,False,,,,,,,window_2p25eq2p5,1
2021,0.188,0.004624916,0.177593939,0.198406061,173567784.67781383,1.64,0.18041513776,0.19558486224,0.0151697244799999,0.0,1.0,8000,0.000125,True,3873.124132642909,3.8543785752868255e-06,0.5,0.0,-465.16391364201235,2512.916163579686,True,tilde_q_mu,asymptotic,default,sidak_approx,observed,7.89**2 * RBF(length_scale=0.317),0.0267331842027451,0.3645434209465248,0.0987188250642313,0.3171813598137349,0.0243028947297683,62.26571491767676,1592.9081555016728,383,220,163,416,33,0.04,0.3,0.000625,1.0,1e-08,1e+18,False,False,False,False,12,1.1,15.0,13.051176139327277,5.78025291761951,78.8216306948115,68.58099905246601,study_results/v4p2_followups_20260806/pseudo65/gp_window_ensemble_20260806/runs/window_2p25eq2p5/draw_01/attempt_01/results_single.csv,1,1,1,1,single_attempt_outside_55_75MeV,False,,,,,,,window_2p25eq2p5,1
2021,0.189,0.004655915875,0.17852418928125,0.19947581071875,168874228.16818193,1.64,0.181364297965,0.196635702035,0.0152714040699999,0.0,1.0,8000,0.000125,True,3507.773827512863,3.5688338060681227e-06,0.5,0.0,-1199.2564864415504,2489.0671618281795,True,tilde_q_mu,asymptotic,default,sidak_approx,observed,7.93**2 * RBF(length_scale=0.318),0.0267695337253012,0.3650390962541072,0.0988530545720656,0.3176765145296661,0.0243359397502738,62.81047925798182,1594.1693804365295,383,222,161,416,33,0.04,0.3,0.000625,1.0,1e-08,1e+18,False,False,False,False,12,1.1,15.0,13.053800995134852,5.749574185616315,78.40328434931338,68.23072475072719,study_results/v4p2_followups_20260806/pseudo65/gp_window_ensemble_20260806/runs/window_2p25eq2p5/draw_01/attempt_01/results_single.csv,1,1,1,1,single_attempt_outside_55_75MeV,False,,,,,,,window_2p25eq2p5,1
2021,0.19,0.0046870875,0.179454053125,0.200545946875,164378838.92039412,1.64,0.1823131765,0.1976868235,0.0153736469999999,0.0,1.0,8000,0.000125,True,3332.2051564913377,3.4645923706831197e-06,0.5,0.0,-1613.9385322898393,2472.333957443778,True,tilde_q_mu,asymptotic,default,sidak_approx,observed,7.99**2 * RBF(length_scale=0.319),0.0268064698428396,0.3655427705841774,0.0989894502254296,0.3185736820874594,0.0243695180389451,63.88750243792899,1590.82162477046,382,223,159,416,34,0.04,0.3,0.000625,1.0,1e-08,1e+18,False,False,False,False,12,1.1,15.0,13.072629568559533,5.719216857555929,77.98932078485358,67.96836672826342,study_results/v4p2_followups_20260806/pseudo65/gp_window_ensemble_20260806/runs/window_2p25eq2p5/draw_01/attempt_01/results_single.csv,1,1,1,1,single_attempt_outside_55_75MeV,False,,,,,,,window_2p25eq2p5,1
2021,0.191,0.004718430875,0.18038353053125,0.20161646946875,160024504.07567304,1.64,0.183261773365,0.198738226635,0.01547645327,0.0,1.0,8000,0.000125,True,3147.054023262868,3.3435225996411025e-06,0.5,0.0,-2102.4460928681597,2451.103503349668,True,tilde_q_mu,asymptotic,default,sidak_approx,observed,7.93**2 * RBF(length_scale=0.318),0.026843983264149,0.3660543172383967,0.099127977714251,0.3177082197528083,0.0244036211492264,62.87385451798466,1592.130084514295,382,225,157,416,34,0.04,0.3,0.000625,1.0,1e-08,1e+18,False,False,False,False,12,1.1,15.0,13.018896573178404,5.68917590938515,77.57967149161568,67.33344795536678,study_results/v4p2_followups_20260806/pseudo65/gp_window_ensemble_20260806/runs/window_2p25eq2p5/draw_01/attempt_01/results_single.csv,1,1,1,1,single_attempt_outside_55_75MeV,False,,,,,,,window_2p25eq2p5,1
2021,0.192,0.004749946,0.1813126215,0.2026873785,155718995.1526329,1.64,0.18421008856,0.19978991144,0.0155798228799999,0.0,1.0,8000,0.000125,True,3045.772230654711,3.3080687257463445e-06,0.5,0.0,-2329.972909648347,2425.735132834601,True,tilde_q_mu,asymptotic,default,sidak_approx,observed,7.93**2 * RBF(length_scale=0.318),0.0268820648906906,0.3665736121457819,0.0992686034399486,0.3177417236887646,0.0244382408097187,62.9447331465427,1591.55506478504,382,226,156,416,34,0.04,0.3,0.000625,1.0,1e-08,1e+18,False,False,False,False,12,1.1,15.0,13.001824728824284,5.659446421220509,77.17426938027965,66.89375493716446,study_results/v4p2_followups_20260806/pseudo65/gp_window_ensemble_20260806/runs/window_2p25eq2p5/draw_01/attempt_01/results_single.csv,1,1,1,1,single_attempt_outside_55_75MeV,False,,,,,,,window_2p25eq2p5,1
2021,0.193,0.004781632875,0.18224132603125,0.20375867396875,151601184.85939226,1.64,0.185158122085,0.200841877915,0.0156837558299999,0.0,1.0,8000,0.000125,True,3042.671631500509,3.3768759168231416e-06,0.5,0.0,-2206.099109260888,2401.3360689455208,True,tilde_q_mu,asymptotic,default,sidak_approx,observed,7.95**2 * RBF(length_scale=0.318),0.0269207058116312,0.3671005337949717,0.0994112944970904,0.3179846383408016,0.0244733689196647,63.24217768779739,1591.4271814071249,382,228,154,416,34,0.04,0.3,0.000625,1.0,1e-08,1e+18,False,False,False,False,12,1.1,15.0,12.993088094434572,5.630023574662507,76.77304874539782,66.5012657084849,study_results/v4p2_followups_20260806/pseudo65/gp_window_ensemble_20260806/runs/window_2p25eq2p5/draw_01/attempt_01/results_single.csv,1,1,1,1,single_attempt_outside_55_75MeV,False,,,,,,,window_2p25eq2p5,1
2021,0.194,0.0048134915,0.183169644125,0.204830355875,147523768.56605715,1.64,0.18610587394,0.20189412606,0.01578825212,0.0,1.0,8000,0.000125,True,3051.5631829326535,3.462410534974874e-06,0.5,0.0,-2094.234885449367,2387.2024735441228,True,tilde_q_mu,asymptotic,default,sidak_approx,observed,7.91**2 * RBF(length_scale=0.317),0.0269598972990275,0.3676349631685571,0.0995560186556095,0.3173268546915965,0.0245089975445704,62.578193841234594,1587.5874553983276,381,229,152,416,35,0.04,0.3,0.000625,1.0,1e-08,1e+18,False,False,False,False,12,1.1,15.0,12.947361641965422,5.600902650192177,76.37594522989332,65.92446557589152,study_results/v4p2_followups_20260806/pseudo65/gp_window_ensemble_20260806/runs/window_2p25eq2p5/draw_01/attempt_01/results_single.csv,1,1,1,1,single_attempt_outside_55_75MeV,False,,,,,,,window_2p25eq2p5,1
2021,0.195,0.004845521875,0.18409757578125,0.20590242421875,143578408.5209931,1.64,0.187053344125,0.202946655875,0.0158933117499999,0.0,1.0,8000,0.000125,True,3069.975255963611,3.5606644670757714e-06,0.4999655646006563,8.631674575031098e-05,-1860.8334883249563,2354.106316653796,True,tilde_q_mu,asymptotic,default,sidak_approx,observed,7.89**2 * RBF(length_scale=0.317),0.0269996308031587,0.368176783679438,0.09970274434357,0.3168741187342177,0.0245451189119625,62.18450640471418,1591.6249129088178,382,231,151,416,34,0.04,0.3,0.000625,1.0,1e-08,1e+18,False,False,False,False,12,1.1,15.0,12.909862847711974,5.572079024647637,75.9828957906496,65.39525089528519,study_results/v4p2_followups_20260806/pseudo65/gp_window_ensemble_20260806/runs/window_2p25eq2p5/draw_01/attempt_01/results_single.csv,1,1,1,1,single_attempt_outside_55_75MeV,False,,,,,,,window_2p25eq2p5,1
2021,0.196,0.004877724,0.185025121,0.206974879,139755894.5302579,1.64,0.18800053264,0.20399946736,0.01599893472,0.0,1.0,8000,0.000125,True,3208.3196332944835,3.803394247747614e-06,0.5,0.0,-1357.0276314055036,2336.911537637751,True,tilde_q_mu,asymptotic,default,sidak_approx,observed,7.9**2 * RBF(length_scale=0.317),0.0270398979480013,0.3687258811091098,0.0998514406304547,0.3171054176493921,0.0245817254072739,62.41227707810902,1587.234243530448,381,232,149,416,35,0.04,0.3,0.000625,1.0,1e-08,1e+18,False,False,False,False,12,1.1,15.0,12.90004718527843,5.543548168777362,75.59383866514584,65.01093904644708,study_results/v4p2_followups_20260806/pseudo65/gp_window_ensemble_20260806/runs/window_2p25eq2p5/draw_01/attempt_01/results_single.csv,1,1,1,1,single_attempt_outside_55_75MeV,False,,,,,,,window_2p25eq2p5,1
2021,0.197,0.004910097875,0.18595227978125,0.20804772021875,136004179.86803293,1.64,0.188947439485,0.205052560515,0.01610512103,0.0,1.0,8000,0.000125,True,3351.182458986221,4.061622106042277e-06,0.4999655646006563,8.631674575031098e-05,-882.7407920538028,2310.8453010150956,True,tilde_q_mu,asymptotic,default,sidak_approx,observed,7.92**2 * RBF(length_scale=0.317),0.0270806905268411,0.3692821435478344,0.1000020772109632,0.3174827163081773,0.0246188095698556,62.7699611611968,1586.6872635795212,381,234,147,416,35,0.04,0.3,0.000625,1.0,1e-08,1e+18,False,False,False,False,12,1.1,15.0,12.895941024578107,5.51530564486786,75.20871333910718,64.65914211703515,study_results/v4p2_followups_20260806/pseudo65/gp_window_ensemble_20260806/runs/window_2p25eq2p5/draw_01/attempt_01/results_single.csv,1,1,1,1,single_attempt_outside_55_75MeV,False,,,,,,,window_2p25eq2p5,1
2021,0.198,0.0049426435,0.186879052125,0.209120947875,132354320.73115931,1.64,0.18989406466,0.20610593534,0.01621187068,0.0,1.0,8000,0.000125,True,3543.725882786489,4.391134390851662e-06,0.4999655646006563,8.631674575031098e-05,-2310.072659246102,2749.597745107844,True,tilde_q_mu,asymptotic,default,sidak_approx,observed,1.25**2 * RBF(length_scale=0.199),0.0271220004980165,0.3698454613365898,0.1001546243892919,0.1993674920601245,0.0246563640891059,1.560129610312359,1362.5887178830708,380,235,145,416,36,0.04,0.3,0.000625,1.0,1e-08,1e+18,False,False,False,False,12,1.1,15.0,8.085843125110722,5.487347104442508,74.82746051512511,40.33620714504789,study_results/v4p2_followups_20260806/pseudo65/gp_window_ensemble_20260806/runs/window_2p25eq2p5/draw_01/attempt_01/results_single.csv,1,1,1,1,single_attempt_outside_55_75MeV,False,,,,,,,window_2p25eq2p5,1
2021,0.199,0.004975360875,0.18780543803125,0.21019456196875,128788002.15036236,1.64,0.190840408165,0.207159591835,0.01631918367,0.0,1.0,8000,0.000125,True,3862.568066415197,4.894040794782331e-06,0.4608654618052126,0.0982535975600811,222.1391077823015,2263.365922852027,True,tilde_q_mu,asymptotic,default,sidak_approx,observed,8.03**2 * RBF(length_scale=0.319),0.0271638199807916,0.3704157270107955,0.100309053063895,0.3189907958376168,0.0246943818007197,64.514885765743,1586.2167335780282,380,236,144,416,36,0.04,0.3,0.000625,1.0,1e-08,1e+18,False,False,False,False,12,1.1,15.0,12.917545310987297,5.459668286029939,74.45002208222643,64.11410224341098,study_results/v4p2_followups_20260806/pseudo65/gp_window_ensemble_20260806/runs/window_2p25eq2p5/draw_01/attempt_01/results_single.csv,1,1,1,1,single_attempt_outside_55_75MeV,False,,,,,,,window_2p25eq2p5,1
2021,0.2,0.00500825,0.1887314375,0.2112685625,125353032.55969112,1.64,0.19178647,0.20821353,0.0164270599999999,0.0,1.0,8000,0.000125,True,3993.722781978682,5.17288706747277e-06,0.415095764805909,0.2144559307644431,480.5563412790104,2240.813289197995,True,tilde_q_mu,asymptotic,default,sidak_approx,observed,8.02**2 * RBF(length_scale=0.319),0.027206141251351,0.3709928352456959,0.1004653347126938,0.3188514121030147,0.0247328556830463,64.32204457416174,1587.155606251153,380,238,142,416,36,0.04,0.3,0.000625,1.0,1e-08,1e+18,False,False,False,False,12,1.1,15.0,12.891815493896948,5.432265012998759,74.0763410863467,63.66523478321064,study_results/v4p2_followups_20260806/pseudo65/gp_window_ensemble_20260806/runs/window_2p25eq2p5/draw_01/attempt_01/results_single.csv,1,1,1,1,single_attempt_outside_55_75MeV,False,,,,,,,window_2p25eq2p5,1
2021,0.201,0.005041310875,0.18965705053125,0.21234294946875,122019355.53382406,1.64,0.192732250165,0.209267749835,0.01653549967,0.0,1.0,8000,0.000125,True,4154.757850355749,5.500989992375893e-06,0.366868698715828,0.3401581964713089,756.4554043295518,2224.4121912732894,True,tilde_q_mu,asymptotic,default,sidak_approx,observed,8.03**2 * RBF(length_scale=0.319),0.027248956738914,0.3715766828033728,0.1006234413787278,0.3189838503742664,0.0247717788535581,64.4726823797902,1583.2800810410504,379,239,140,416,37,0.04,0.3,0.000625,1.0,1e-08,1e+18,False,False,False,False,12,1.1,15.0,12.876905298565102,5.405133191456678,73.70636170168197,63.27398930228963,study_results/v4p2_followups_20260806/pseudo65/gp_window_ensemble_20260806/runs/window_2p25eq2p5/draw_01/attempt_01/results_single.csv,1,1,1,1,single_attempt_outside_55_75MeV,False,,,,,,,window_2p25eq2p5,1
2021,0.202,0.0050745435,0.190582277125,0.213417722875,118808713.66471364,1.64,0.19367774866,0.21032225134,0.01664450268,0.0,1.0,8000,0.000125,True,4159.578761514022,5.628201153508853e-06,0.3526683070553817,0.3781265120830726,829.7692093522712,2195.646465433948,True,tilde_q_mu,asymptotic,default,sidak_approx,observed,7.97**2 * RBF(length_scale=0.318),0.0272922590219629,0.3721671684813132,0.100783345656227,0.3181761841834675,0.0248111445654208,63.52318949606499,1587.7662773703687,380,241,139,416,36,0.04,0.3,0.000625,1.0,1e-08,1e+18,False,False,False,False,12,1.1,15.0,12.823922062302094,5.37826880821161,73.34002920288559,62.70045456965095,study_results/v4p2_followups_20260806/pseudo65/gp_window_ensemble_20260806/runs/window_2p25eq2p5/draw_01/attempt_01/results_single.csv,1,1,1,1,single_attempt_outside_55_75MeV,False,,,,,,,window_2p25eq2p5,1
2021,0.203,0.005107947875,0.19150711728125,0.21449288271875,115574322.00533302,1.64,0.194622965485,0.211377034515,0.0167540690299999,0.0,1.0,8000,0.000125,True,4456.315455781237,6.167916078688335e-06,0.2794054771393808,0.5846085545769746,1273.0861544630636,2178.8829516670166,True,tilde_q_mu,asymptotic,default,sidak_approx,observed,8.03**2 * RBF(length_scale=0.319),0.0273360408245852,0.3727641930625258,0.1009450206771031,0.3189263662657842,0.0248509462041683,64.40890911480703,1583.6132032915043,379,242,137,416,37,0.04,0.3,0.000625,1.0,1e-08,1e+18,False,False,False,False,12,1.1,15.0,12.833570345594683,5.351667928793269,72.97728993809002,62.43727893675584,study_results/v4p2_followups_20260806/pseudo65/gp_window_ensemble_20260806/runs/window_2p25eq2p5/draw_01/attempt_01/results_single.csv,1,1,1,1,single_attempt_outside_55_75MeV,False,,,,,,,window_2p25eq2p5,1
2021,0.204,0.005141524,0.192431571,0.2155684289999999,112452833.18684237,1.64,0.19556790064,0.21243209936,0.01686419872,0.0,1.0,8000,0.000125,True,4819.179940397595,6.821698099053898e-06,0.2041915982925989,0.8267422008414731,1781.5281572612594,2156.634443428798,True,tilde_q_mu,asymptotic,default,sidak_approx,observed,8.08**2 * RBF(length_scale=0.32),0.0273802950129184,0.3733676592670698,0.1011084400978236,0.3195621971863249,0.0248911772844713,65.21647598838082,1585.9037153971303,379,244,135,416,37,0.04,0.3,0.000625,1.0,1e-08,1e+18,False,False,False,False,12,1.1,15.0,12.838372148258648,5.325326695531998,72.61809130270905,62.15320538936023,study_results/v4p2_followups_20260806/pseudo65/gp_window_ensemble_20260806/runs/window_2p25eq2p5/draw_01/attempt_01/results_single.csv,1,1,1,1,single_attempt_outside_55_75MeV,False,,,,,,,window_2p25eq2p5,1
2021,0.205,0.005175271875,0.19335563828125,0.2166443617187499,109447447.25856656,1.64,0.196512554125,0.213487445875,0.01697489175,0.0,1.0,8000,0.000125,True,5061.427909694989,7.325436026032807e-06,0.1631541219076578,0.9815770796197342,2101.934819711896,2142.6759062399683,True,tilde_q_mu,asymptotic,default,sidak_approx,observed,8.09**2 * RBF(length_scale=0.32),0.0274250145917023,0.3739774717050326,0.1012735780866781,0.3197371323461362,0.0249318314470021,65.42758788635503,1584.6554185813775,378,245,133,416,38,0.04,0.3,0.000625,1.0,1e-08,1e+18,False,False,False,False,12,1.1,15.0,12.824454273477842,5.2992413256941004,72.26238171401046,61.781707332261895,study_results/v4p2_followups_20260806/pseudo65/gp_window_ensemble_20260806/runs/window_2p25eq2p5/draw_01/attempt_01/results_single.csv,1,1,1,1,single_attempt_outside_55_75MeV,False,,,,,,,window_2p25eq2p5,1
2021,0.206,0.0052091915,0.194279319125,0.217720680875,106491864.68179588,1.64,0.19745692594,0.2145430740599999,0.0170861481199999,0.0,1.0,8000,0.000125,True,5287.970873115806,7.827540518497238e-06,0.1264357426343477,1.143402571622957,2417.221217104321,2114.2490185537936,True,tilde_q_mu,asymptotic,default,sidak_approx,observed,8.11**2 * RBF(length_scale=0.32),0.0274701927009294,0.3745935368308561,0.1014404093114096,0.3200399208250048,0.0249729024553904,65.82159100772854,1587.121354030563,379,247,132,416,37,0.04,0.3,0.000625,1.0,1e-08,1e+18,False,False,False,False,12,1.1,15.0,12.815487562837298,5.273408109671041,71.91011058642329,61.43754185750415,study_results/v4p2_followups_20260806/pseudo65/gp_window_ensemble_20260806/runs/window_2p25eq2p5/draw_01/attempt_01/results_single.csv,1,1,1,1,single_attempt_outside_55_75MeV,False,,,,,,,window_2p25eq2p5,1
2021,0.207,0.005243282875,0.1952026135312499,0.21879738646875,103594993.30477582,1.64,0.198401016085,0.215598983915,0.0171979678299999,0.0,1.0,8000,0.000125,True,39788.82865046406,6.0252068891753466e-05,0.5,0.0,-79679.82673475976,61446.35833231792,True,tilde_q_mu,asymptotic,default,sidak_approx,observed,3.61**2 * RBF(length_scale=0.0397),0.0275158226125923,0.375215762898986,0.1016089089272047,0.0396710778092605,0.0250143841932657,13.007528996116632,1050.1737912807516,378,248,130,416,38,0.04,0.3,0.000625,1.0,1e-08,1e+18,False,False,False,False,12,1.1,15.0,1.585930619069191,5.247823409220947,71.56122830755837,7.566076207410518,study_results/v4p2_followups_20260806/pseudo65/gp_window_ensemble_20260806/runs/window_2p25eq2p5/draw_01/attempt_01/results_single.csv,1,1,1,1,single_attempt_outside_55_75MeV,False,,,,,,,window_2p25eq2p5,1
2021,0.208,0.005277546,0.1961255214999999,0.2198744785,100755569.91566654,1.64,0.19934482456,0.21665517544,0.0173103508799999,0.0,1.0,8000,0.000125,True,5481.837985617212,8.494028602864294e-06,0.098537082187531,1.2899323014258506,2688.5200886419107,2084.573191071566,True,tilde_q_mu,asymptotic,default,sidak_approx,observed,8.13**2 * RBF(length_scale=0.32),0.0275618977275242,0.3758440599207857,0.1017790525650254,0.3202835140883049,0.0250562706613857,66.15986237836373,1583.6139362247702,378,250,128,416,38,0.04,0.3,0.000625,1.0,1e-08,1e+18,False,False,False,False,12,1.1,15.0,12.7825692185667,5.222483655760516,71.21568621491612,60.68796256599278,study_results/v4p2_followups_20260806/pseudo65/gp_window_ensemble_20260806/runs/window_2p25eq2p5/draw_01/attempt_01/results_single.csv,1,1,1,1,single_attempt_outside_55_75MeV,False,,,,,,,window_2p25eq2p5,1
2021,0.209,0.005311980875,0.1970480430312499,0.22095195696875,97975291.24730824,1.64,0.200288351365,0.2177116486349999,0.0174232972699999,0.0,1.0,8000,0.000125,True,5515.469938133666,8.746606622071413e-06,0.0928141983763704,1.3236226565965044,2744.384950641845,2073.5906304536593,True,tilde_q_mu,asymptotic,default,sidak_approx,observed,8.13**2 * RBF(length_scale=0.32),0.0276084115723308,0.3764783396226934,0.101950816320278,0.3202914047613051,0.0250985559748462,66.15923672375094,1579.834582633404,377,251,126,416,39,0.04,0.3,0.000625,1.0,1e-08,1e+18,False,False,False,False,12,1.1,15.0,12.761347907118688,5.197385348705882,70.87343657326201,60.29603876563375,study_results/v4p2_followups_20260806/pseudo65/gp_window_ensemble_20260806/runs/window_2p25eq2p5/draw_01/attempt_01/results_single.csv,1,1,1,1,single_attempt_outside_55_75MeV,False,,,,,,,window_2p25eq2p5,1
2021,0.21,0.0053465875,0.197970178125,0.2220298218749999,95309478.67396852,1.64,0.2012315965,0.2187684034999999,0.0175368069999999,0.0,1.0,8000,0.000125,True,5221.395246878739,8.471320301443731e-06,0.1157650044557493,1.196426900591019,2452.8885468204926,2050.060156555836,True,tilde_q_mu,asymptotic,default,sidak_approx,observed,8.09**2 * RBF(length_scale=0.32),0.0276553577964078,0.3771185154055612,0.1021241767418025,0.3197808391231805,0.0251412343603707,65.46641811608264,1584.7344677696876,378,253,125,416,38,0.04,0.3,0.000625,1.0,1e-08,1e+18,False,False,False,False,12,1.1,15.0,12.719377041695292,5.172525053860584,70.53443255264432,59.81026947060729,study_results/v4p2_followups_20260806/pseudo65/gp_window_ensemble_20260806/runs/window_2p25eq2p5/draw_01/attempt_01/results_single.csv,1,1,1,1,single_attempt_outside_55_75MeV,False,,,,,,,window_2p25eq2p5,1
2021,0.211,0.005381365875,0.19889192678125,0.2231080732187499,92716703.49811862,1.64,0.202174559965,0.2198254400349999,0.0176508800699999,0.0,1.0,8000,0.000125,True,4832.714137632467,8.021777123364737e-06,0.1618995392342758,0.9866809365040988,2014.6690683851896,2042.001656677391,True,tilde_q_mu,asymptotic,default,sidak_approx,observed,8.03**2 * RBF(length_scale=0.319),0.0277027301690448,0.3777645023051568,0.1022991108211761,0.3190224926256639,0.0251843001536771,64.49970619888428,1578.6162031144356,377,254,123,416,39,0.04,0.3,0.000625,1.0,1e-08,1e+18,False,False,False,False,12,1.1,15.0,12.667514708725545,5.147899401849318,70.19862820703615,59.28281035633242,study_results/v4p2_followups_20260806/pseudo65/gp_window_ensemble_20260806/runs/window_2p25eq2p5/draw_01/attempt_01/results_single.csv,1,1,1,1,single_attempt_outside_55_75MeV,False,,,,,,,window_2p25eq2p5,1
2021,0.212,0.005416316,0.199813289,0.2241867109999999,90185144.73372865,1.64,0.2031172417599999,0.22088275824,0.01776551648,0.0,1.0,8000,0.000125,True,4509.587825724217,7.659243980094761e-06,0.2074008079474459,0.8154729957272691,1652.3033112449275,2026.1501764409509,True,tilde_q_mu,asymptotic,default,sidak_approx,observed,8.03**2 * RBF(length_scale=0.319),0.0277505225766093,0.3784162169537641,0.1024755959823144,0.3190132601034616,0.0252277477969176,64.49287350991582,1578.983196020339,377,256,121,416,39,0.04,0.3,0.000625,1.0,1e-08,1e+18,False,False,False,False,12,1.1,15.0,12.64533253905604,5.123505086595644,69.86597845357696,58.89856871413367,study_results/v4p2_followups_20260806/pseudo65/gp_window_ensemble_20260806/runs/window_2p25eq2p5/draw_01/attempt_01/results_single.csv,1,1,1,1,single_attempt_outside_55_75MeV,False,,,,,,,window_2p25eq2p5,1
2021,0.213,0.005451437875,0.20073426478125,0.2252657352187499,87692400.078589,1.64,0.204059641885,0.2219403581149999,0.0178807162299999,0.0,1.0,8000,0.000125,True,4095.866500445017,7.120724035578784e-06,0.2818692811936529,0.577297410924915,1156.2555049285777,2009.071976988503,True,tilde_q_mu,asymptotic,default,sidak_approx,observed,7.99**2 * RBF(length_scale=0.318),0.0277987290198092,0.3790735775428533,0.1026536100713629,0.3184786310578358,0.0252715718361902,63.82437057640611,1578.0445826776725,377,257,120,416,39,0.04,0.3,0.000625,1.0,1e-08,1e+18,False,False,False,False,12,1.1,15.0,12.602248610502244,5.0993388638422745,69.53643905239464,58.421032828487625,study_results/v4p2_followups_20260806/pseudo65/gp_window_ensemble_20260806/runs/window_2p25eq2p5/draw_01/attempt_01/results_single.csv,1,1,1,1,single_attempt_outside_55_75MeV,False,,,,,,,window_2p25eq2p5,1
2021,0.214,0.0054867315,0.201654854125,0.226345145875,85297275.72952412,1.64,0.20500176034,0.2229982396599999,0.0179964793199999,0.0,1.0,8000,0.000125,True,3744.868061789024,6.662044194904265e-06,0.3602490600471416,0.3577931461347324,712.8044017432327,1991.6834412385765,True,tilde_q_mu,asymptotic,default,sidak_approx,observed,8.06**2 * RBF(length_scale=0.319),0.0278473436110351,0.3797365037868427,0.1028331313468833,0.319360531506775,0.0253157669191228,64.94725482406305,1577.0841415085397,377,259,118,416,39,0.04,0.3,0.000625,1.0,1e-08,1e+18,False,False,False,False,12,1.1,15.0,12.615084209261648,5.075397549713366,69.20996658700044,58.20597044101303,study_results/v4p2_followups_20260806/pseudo65/gp_window_ensemble_20260806/runs/window_2p25eq2p5/draw_01/attempt_01/results_single.csv,1,1,1,1,single_attempt_outside_55_75MeV,False,,,,,,,window_2p25eq2p5,1
2021,0.215,0.005522196875,0.20257505703125,0.22742494296875,82936171.06195708,1.64,0.205943597125,0.224056402875,0.01811280575,0.0,1.0,8000,0.000125,True,3220.8843411633025,5.865602263191907e-06,0.5,0.0,-65.24937188110184,1981.6804627236793,True,tilde_q_mu,asymptotic,default,sidak_approx,observed,8.08**2 * RBF(length_scale=0.32),0.0278963605717713,0.380404916887791,0.1030141384702921,0.319590712340737,0.0253603277925194,65.33161164391889,1574.3595206928887,376,260,116,416,40,0.04,0.3,0.000625,1.0,1e-08,1e+18,False,False,False,False,12,1.1,15.0,12.601994538690764,5.051678019315698,68.88651844521407,57.87383528240054,study_results/v4p2_followups_20260806/pseudo65/gp_window_ensemble_20260806/runs/window_2p25eq2p5/draw_01/attempt_01/results_single.csv,1,1,1,1,single_attempt_outside_55_75MeV,False,,,,,,,window_2p25eq2p5,1
2021,0.216,0.0055578339999999,0.2034948735,0.2285051265,80666190.61149085,1.64,0.20688515224,0.22511484776,0.0182296955199999,0.0,1.0,8000,0.000125,True,2841.4132535322133,5.295525022367587e-06,0.5,0.0,-770.4897348982599,1965.483925682958,True,tilde_q_mu,asymptotic,default,sidak_approx,observed,8.08**2 * RBF(length_scale=0.319),0.0279457742300831,0.3810787395011339,0.1031966104965824,0.3194912484523513,0.0254052493000755,65.2452144806986,1575.3970758278213,376,262,114,416,40,0.04,0.3,0.000625,1.0,1e-08,1e+18,False,False,False,False,12,1.1,15.0,12.57579662685698,5.028177205379499,68.56605280062952,57.48484903513695,study_results/v4p2_followups_20260806/pseudo65/gp_window_ensemble_20260806/runs/window_2p25eq2p5/draw_01/attempt_01/results_single.csv,1,1,1,1,single_attempt_outside_55_75MeV,False,,,,,,,window_2p25eq2p5,1
2021,0.217,0.005593642875,0.20441430353125,0.22958569646875,78431109.94118327,1.64,0.207826425685,0.226173574315,0.0183471486299999,0.0,1.0,8000,0.000125,True,2633.0143505055303,5.023715690772196e-06,0.5,0.0,-1241.1488113585149,1946.6402996675313,True,tilde_q_mu,asymptotic,default,sidak_approx,observed,8.05**2 * RBF(length_scale=0.319),0.0279955790181704,0.3817578957023249,0.1033805268652899,0.3192425127886857,0.0254505263801549,64.84344783564981,1576.8738429130617,376,263,113,416,40,0.04,0.3,0.000625,1.0,1e-08,1e+18,False,False,False,False,12,1.1,15.0,12.543650689976085,5.0048920969361115,68.24852859458333,57.072380186353186,study_results/v4p2_followups_20260806/pseudo65/gp_window_ensemble_20260806/runs/window_2p25eq2p5/draw_01/attempt_01/results_single.csv,1,1,1,1,single_attempt_outside_55_75MeV,False,,,,,,,window_2p25eq2p5,1
2021,0.218,0.0056296235,0.205333347125,0.230666652875,76236851.52538474,1.64,0.20876741746,0.22723258254,0.01846516508,0.0,1.0,8000,0.000125,True,2473.243086342087,4.832426752486093e-06,0.4999655646006563,8.631674575031098e-05,-1666.592043409608,1928.9645243781663,True,tilde_q_mu,asymptotic,default,sidak_approx,observed,8.06**2 * RBF(length_scale=0.319),0.0280457694699898,0.3824423109544073,0.103565867391711,0.3192934378191841,0.0254961540636271,64.90393810226819,1577.0652928255352,376,265,111,416,40,0.04,0.3,0.000625,1.0,1e-08,1e+18,False,False,False,False,12,1.1,15.0,12.52320004901008,4.981819738032192,67.93390551862079,56.71665926134921,study_results/v4p2_followups_20260806/pseudo65/gp_window_ensemble_20260806/runs/window_2p25eq2p5/draw_01/attempt_01/results_single.csv,1,1,1,1,single_attempt_outside_55_75MeV,False,,,,,,,window_2p25eq2p5,1
2021,0.219,0.005665775875,0.20625200428125,0.23174799571875,74103158.47642389,1.64,0.209708127565,0.228291872435,0.0185837448699999,0.0,1.0,8000,0.000125,True,2316.7815185255395,4.6357944169072305e-06,0.5,0.0,-2201.6807560294124,1916.41355085198,True,tilde_q_mu,asymptotic,default,sidak_approx,observed,8.1**2 * RBF(length_scale=0.32),0.0280963402189413,0.3831319120764731,0.1037526122583625,0.3197091399305669,0.0255421274717648,65.5523787395039,1574.2710807977326,375,266,109,416,41,0.04,0.3,0.000625,1.0,1e-08,1e+18,False,False,False,False,12,1.1,15.0,12.516934632167354,4.958957226478954,67.62214399744026,56.42813040686452,study_results/v4p2_followups_20260806/pseudo65/gp_window_ensemble_20260806/runs/window_2p25eq2p5/draw_01/attempt_01/results_single.csv,1,1,1,1,single_attempt_outside_55_75MeV,False,,,,,,,window_2p25eq2p5,1
2021,0.22,0.0057021,0.207170275,0.232829725,72056230.15568508,1.64,0.210648556,0.229351444,0.018702888,0.0,1.0,8000,0.000125,True,2274.0267954454534,4.658233797917946e-06,0.5,0.0,-2311.5043672806987,1904.4059732915,True,tilde_q_mu,asymptotic,default,sidak_approx,observed,8.03**2 * RBF(length_scale=0.319),0.0281472859956161,0.3838266272129476,0.1039407420066625,0.3189136265280384,0.0255884418141965,64.43200544942255,1572.53992967837,374,267,107,416,42,0.04,0.3,0.000625,1.0,1e-08,1e+18,False,False,False,False,12,1.1,15.0,12.463190562510324,4.936301712635021,67.31320517229574,55.929153562378495,study_results/v4p2_followups_20260806/pseudo65/gp_window_ensemble_20260806/runs/window_2p25eq2p5/draw_01/attempt_01/results_single.csv,1,1,1,1,single_attempt_outside_55_75MeV,False,,,,,,,window_2p25eq2p5,1
2021,0.221,0.005738595875,0.20808815928125,0.23391184071875,70072537.02592257,1.64,0.211588702765,0.230411297235,0.01882259447,0.0,1.0,8000,0.000125,True,2198.8959115287635,4.610886993944822e-06,0.4999513009912829,0.0001220703125,-2477.232939812886,1877.1364759475384,True,tilde_q_mu,asymptotic,default,sidak_approx,observed,8.05**2 * RBF(length_scale=0.319),0.0281986016256085,0.3845263858037528,0.1041302375288517,0.3192191898285011,0.0256350923869168,64.8593796028729,1577.9919636421416,375,269,106,416,41,0.04,0.3,0.000625,1.0,1e-08,1e+18,False,False,False,False,12,1.1,15.0,12.452429857105493,4.913850398222813,67.00705088485654,55.62670673834497,study_results/v4p2_followups_20260806/pseudo65/gp_window_ensemble_20260806/runs/window_2p25eq2p5/draw_01/attempt_01/results_single.csv,1,1,1,1,single_attempt_outside_55_75MeV,False,,,,,,,window_2p25eq2p5,1
2021,0.222,0.0057752635,0.209005657125,0.234994342875,68109664.16035153,1.64,0.21252856786,0.23147143214,0.01894286428,0.0,1.0,8000,0.000125,True,2144.2630101607892,4.605070280307019e-06,0.5,0.0,-2643.1071073597436,1862.240952577603,True,tilde_q_mu,asymptotic,default,sidak_approx,observed,8.11**2 * RBF(length_scale=0.32),0.0282502820273846,0.3852311185552448,0.1043210800601226,0.3197735474297803,0.0256820745703496,65.77636354164481,1576.353403159468,374,270,104,416,42,0.04,0.3,0.000625,1.0,1e-08,1e+18,False,False,False,False,12,1.1,15.0,12.451235064902573,4.891600535176381,66.7036436614961,55.36951646098576,study_results/v4p2_followups_20260806/pseudo65/gp_window_ensemble_20260806/runs/window_2p25eq2p5/draw_01/attempt_01/results_single.csv,1,1,1,1,single_attempt_outside_55_75MeV,False,,,,,,,window_2p25eq2p5,1
2021,0.223,0.005812102875,0.20992276853125,0.23607723146875,66214738.059975564,1.64,0.213468151285,0.232531848715,0.01906369743,0.0,1.0,8000,0.000125,True,2135.4296169204063,4.696189956911584e-06,0.5,0.0,-2551.879724572967,1843.2135622515632,True,tilde_q_mu,asymptotic,default,sidak_approx,observed,8.09**2 * RBF(length_scale=0.319),0.0283023222102076,0.3859407574119222,0.1045132511709582,0.3194344780946126,0.0257293838274614,65.44560386728394,1574.917738823516,374,272,102,416,42,0.04,0.3,0.000625,1.0,1e-08,1e+18,False,False,False,False,12,1.1,15.0,12.415162377642089,4.869549424520059,66.40294669800079,54.960224373972835,study_results/v4p2_followups_20260806/pseudo65/gp_window_ensemble_20260806/runs/window_2p25eq2p5/draw_01/attempt_01/results_single.csv,1,1,1,1,single_attempt_outside_55_75MeV,False,,,,,,,window_2p25eq2p5,1
2021,0.224,0.005849114,0.2108394935,0.2371605065,64362913.74671155,1.64,0.21440745304,0.23359254696,0.01918509392,0.0,1.0,8000,0.000125,True,2156.6220209322564,4.8574712911487125e-06,0.5,0.0,-2287.1390067087473,1819.9744967752745,True,tilde_q_mu,asymptotic,default,sidak_approx,observed,8.1**2 * RBF(length_scale=0.32),0.0283547172721207,0.3866552355289188,0.1047067327596833,0.3195805650964438,0.0257770157019279,65.58440029388699,1574.6213468885574,374,273,101,416,42,0.04,0.3,0.000625,1.0,1e-08,1e+18,False,False,False,False,12,1.1,15.0,12.397888444182533,4.847694415277375,66.10492384469147,54.63743142917779,study_results/v4p2_followups_20260806/pseudo65/gp_window_ensemble_20260806/runs/window_2p25eq2p5/draw_01/attempt_01/results_single.csv,1,1,1,1,single_attempt_outside_55_75MeV,False,,,,,,,window_2p25eq2p5,1
2021,0.225,0.005886296875,0.21175583203125,0.23824416796875,62544678.25081808,1.64,0.215346473125,0.234653526875,0.01930705375,0.0,1.0,8000,0.000125,True,2231.5502302363475,5.14936537101941e-06,0.5,0.0,-1841.1345810425792,1799.934596002385,True,tilde_q_mu,asymptotic,default,sidak_approx,observed,8.05**2 * RBF(length_scale=0.319),0.0284074623979809,0.3873744872451945,0.1049015070452041,0.3191739839573666,0.0258249658163463,64.8768118206348,1574.9650718373698,374,275,99,416,42,0.04,0.3,0.000625,1.0,1e-08,1e+18,False,False,False,False,12,1.1,15.0,12.359125128264086,4.82603290340855,65.80953959193478,54.22322229667809,study_results/v4p2_followups_20260806/pseudo65/gp_window_ensemble_20260806/runs/window_2p25eq2p5/draw_01/attempt_01/results_single.csv,1,1,1,1,single_attempt_outside_55_75MeV,False,,,,,,,window_2p25eq2p5,1
2021,0.226,0.0059236515,0.212671784125,0.239328215875,60771554.15297639,1.64,0.21628521154,0.23571478846,0.01942957692,0.0,1.0,8000,0.000125,True,2274.172282148672,5.376931476907186e-06,0.5,0.0,-1591.544071370407,1784.3161655156034,True,tilde_q_mu,asymptotic,default,sidak_approx,observed,8.08**2 * RBF(length_scale=0.319),0.0284605528575465,0.3880984480574534,0.1050975565599455,0.3194629398590977,0.0258732298704968,65.32519534148068,1572.0262235472192,373,276,97,416,43,0.04,0.3,0.000625,1.0,1e-08,1e+18,False,False,False,False,12,1.1,15.0,12.347238495468227,4.804562330776309,65.51675905604058,53.93006996767073,study_results/v4p2_followups_20260806/pseudo65/gp_window_ensemble_20260806/runs/window_2p25eq2p5/draw_01/attempt_01/results_single.csv,1,1,1,1,single_attempt_outside_55_75MeV,False,,,,,,,window_2p25eq2p5,1
2021,0.227,0.005961177875,0.21358734978125,0.24041265021875,59077484.03982016,1.64,0.217223668285,0.236776331715,0.01955266343,0.0,1.0,8000,0.000125,True,2305.912194544844,5.583606952647506e-06,0.5,0.0,-1372.3601820178517,1763.2943487806026,True,tilde_q_mu,asymptotic,default,sidak_approx,observed,8.12**2 * RBF(length_scale=0.32),0.0285139840036164,0.3888270545947703,0.1052948641429799,0.3198548385096628,0.0259218036396513,65.8935769485953,1573.0854816817905,373,278,95,416,43,0.04,0.3,0.000625,1.0,1e-08,1e+18,False,False,False,False,12,1.1,15.0,12.339220023270142,4.783280184139193,65.22654796553445,53.65631511367421,study_results/v4p2_followups_20260806/pseudo65/gp_window_ensemble_20260806/runs/window_2p25eq2p5/draw_01/attempt_01/results_single.csv,1,1,1,1,single_attempt_outside_55_75MeV,False,,,,,,,window_2p25eq2p5,1
2021,0.228,0.005998876,0.214502529,0.241497471,57436780.43420136,1.64,0.21816184336,0.23783815664,0.01967631328,0.0,1.0,8000,0.000125,True,2369.1695444382544,5.874773514891858e-06,0.499975650495596,6.103515625e-05,-1073.4666030139513,1741.6869546705925,True,tilde_q_mu,asymptotic,default,sidak_approx,observed,8.12**2 * RBF(length_scale=0.32),0.0285677512702127,0.3895602445938106,0.1054934129333165,0.3198370996425411,0.0259706829729207,65.90898195444802,1573.388576733506,373,279,94,416,43,0.04,0.3,0.000625,1.0,1e-08,1e+18,False,False,False,False,12,1.1,15.0,12.315313385328796,4.762183994170372,64.9388726477778,53.31617116982266,study_results/v4p2_followups_20260806/pseudo65/gp_window_ensemble_20260806/runs/window_2p25eq2p5/draw_01/attempt_01/results_single.csv,1,1,1,1,single_attempt_outside_55_75MeV,False,,,,,,,window_2p25eq2p5,1
2021,0.229,0.006036745875,0.21541732178125,0.24258267821875,55831675.293223605,1.64,0.219099736765,0.238900263235,0.01980052647,0.0,1.0,8000,0.000125,True,2456.336572314709,6.238664839994299e-06,0.5,0.0,-761.7250820351121,1722.9273671659762,True,tilde_q_mu,asymptotic,default,sidak_approx,observed,8.12**2 * RBF(length_scale=0.32),0.0286218501708174,0.3902979568747833,0.1056931863633896,0.3198359504281107,0.0260198637916522,65.98658726710032,1573.4661737688148,373,281,92,416,43,0.04,0.3,0.000625,1.0,1e-08,1e+18,False,False,False,False,12,1.1,15.0,12.291991725595487,4.741271334503118,64.6537000159516,52.98151637501399,study_results/v4p2_followups_20260806/pseudo65/gp_window_ensemble_20260806/runs/window_2p25eq2p5/draw_01/attempt_01/results_single.csv,1,1,1,1,single_attempt_outside_55_75MeV,False,,,,,,,window_2p25eq2p5,1
2021,0.23,0.0060747875,0.216331728125,0.243668271875,54262302.35414737,1.64,0.2200373485,0.2399626515,0.019925303,0.0,1.0,8000,0.000125,True,2459.33125408827,6.398982140572159e-06,0.499975650495596,6.103515625e-05,-701.8804688089205,1708.9599046670887,True,tilde_q_mu,asymptotic,default,sidak_approx,observed,8.2**2 * RBF(length_scale=0.321),0.0286762762966508,0.3910401313179656,0.1058941681527014,0.3205482333549972,0.0260693420878643,67.2083591678727,1571.2811952646312,372,282,90,416,44,0.04,0.3,0.000625,1.0,1e-08,1e+18,False,False,False,False,12,1.1,15.0,12.295984773018752,4.720539820800449,64.37099755636976,52.76698705180999,study_results/v4p2_followups_20260806/pseudo65/gp_window_ensemble_20260806/runs/window_2p25eq2p5/draw_01/attempt_01/results_single.csv,1,1,1,1,single_attempt_outside_55_75MeV,False,,,,,,,window_2p25eq2p5,1
2021,0.231,0.006113000875,0.21724574803125,0.24475425196875,52721717.822498925,1.64,0.220974678565,0.241025321435,0.02005064287,0.0,1.0,8000,0.000125,True,2585.52631438751,6.893937661843533e-06,0.5,0.0,-360.6728449357629,1691.951083084103,True,tilde_q_mu,asymptotic,default,sidak_approx,observed,8.12**2 * RBF(length_scale=0.32),0.0287310253149946,0.3917867088408355,0.1060963423016291,0.3199073024682681,0.0261191139227223,65.9515925996045,1568.8497337083777,372,284,88,416,44,0.04,0.3,0.000625,1.0,1e-08,1e+18,False,False,False,False,12,1.1,15.0,12.24801512849041,4.699987109848828,64.09073331612038,52.33228475012578,study_results/v4p2_followups_20260806/pseudo65/gp_window_ensemble_20260806/runs/window_2p25eq2p5/draw_01/attempt_01/results_single.csv,1,1,1,1,single_attempt_outside_55_75MeV,False,,,,,,,window_2p25eq2p5,1
2021,0.232,0.006151386,0.2181593815,0.2458406185,51251552.38699205,1.64,0.22191172696,0.24208827304,0.02017654608,0.0,1.0,8000,0.000125,True,2596.177540416519,7.090213309493974e-06,0.5,0.0,-281.4193330495187,1673.6691454191302,True,tilde_q_mu,asymptotic,default,sidak_approx,observed,8.12**2 * RBF(length_scale=0.32),0.0287860929675617,0.3925376313758422,0.1062996930854058,0.3199853820756411,0.0261691754250561,66.00692187568848,1569.6481920739038,372,285,87,416,44,0.04,0.3,0.000625,1.0,1e-08,1e+18,False,False,False,False,12,1.1,15.0,12.227568384491985,4.679610898675804,63.81287589103368,52.01842025124761,study_results/v4p2_followups_20260806/pseudo65/gp_window_ensemble_20260806/runs/window_2p25eq2p5/draw_01/attempt_01/results_single.csv,1,1,1,1,single_attempt_outside_55_75MeV,False,,,,,,,window_2p25eq2p5,1
2021,0.233,0.006189942875,0.21907262853125,0.24692737146875,49805482.399550624,1.64,0.222848493685,0.243151506315,0.02030301263,0.0,1.0,8000,0.000125,True,2609.750128330834,7.302738975193057e-06,0.5,0.0,-209.19183464330808,1658.8016439850917,True,tilde_q_mu,asymptotic,default,sidak_approx,observed,8.1**2 * RBF(length_scale=0.32),0.0288414750689017,0.3932928418486603,0.1065042050482311,0.3197618196209051,0.0262195227899106,65.60633835722842,1570.6495806546109,372,287,85,416,44,0.04,0.3,0.000625,1.0,1e-08,1e+18,False,False,False,False,12,1.1,15.0,12.195562145927004,4.659408923689259,63.53739441394444,51.65828281103565,study_results/v4p2_followups_20260806/pseudo65/gp_window_ensemble_20260806/runs/window_2p25eq2p5/draw_01/attempt_01/results_single.csv,1,1,1,1,single_attempt_outside_55_75MeV,False,,,,,,,window_2p25eq2p5,1
2021,0.234,0.0062286715,0.219985489125,0.248014510875,48395595.20414742,1.64,0.22378497874,0.24421502126,0.02043004252,0.0,1.0,8000,0.000125,True,2691.5669132991534,7.71797575834211e-06,0.5,0.0,-38.920367531890555,1650.2420534353691,True,tilde_q_mu,asymptotic,default,sidak_approx,observed,8.04**2 * RBF(length_scale=0.319),0.0288971675048537,0.394052284157097,0.1067098629975592,0.3190494220579918,0.0262701522771398,64.6161549789415,1566.861827358376,371,288,83,416,45,0.04,0.3,0.000625,1.0,1e-08,1e+18,False,False,False,False,12,1.1,15.0,12.144939956652918,4.639378959839796,63.26425854326993,51.22270809401198,study_results/v4p2_followups_20260806/pseudo65/gp_window_ensemble_20260806/runs/window_2p25eq2p5/draw_01/attempt_01/results_single.csv,1,1,1,1,single_attempt_outside_55_75MeV,False,,,,,,,window_2p25eq2p5,1
2021,0.235,0.006267571875,0.22089796328125,0.2491020367187499,47012739.219878465,1.64,0.2247211821249999,0.245278817875,0.02055763575,0.0,1.0,8000,0.000125,True,2620.0762514783837,7.701058707391922e-06,0.5,0.0,-138.3861220094581,1641.8647883566143,True,tilde_q_mu,asymptotic,default,sidak_approx,observed,8.06**2 * RBF(length_scale=0.319),0.0289531662310341,0.394815903150465,0.1069166519985136,0.3192986571861405,0.026321060210031,64.90839891721572,1564.0976506662537,370,289,81,416,46,0.04,0.3,0.000625,1.0,1e-08,1e+18,False,False,False,False,12,1.1,15.0,12.130919295737764,4.619518819803578,62.993438451866965,50.944554534708146,study_results/v4p2_followups_20260806/pseudo65/gp_window_ensemble_20260806/runs/window_2p25eq2p5/draw_01/attempt_01/results_single.csv,1,1,1,1,single_attempt_outside_55_75MeV,False,,,,,,,window_2p25eq2p5,1
2021,0.236,0.006306644,0.2218100509999999,0.2501899489999999,45679826.44124699,1.64,0.2256571038399999,0.24634289616,0.02068579232,0.0,1.0,8000,0.000125,True,2622.9868060062417,7.900954848784214e-06,0.5,0.0,-81.50070217829055,1623.9358138514872,True,tilde_q_mu,asymptotic,default,sidak_approx,observed,8.02**2 * RBF(length_scale=0.319),0.0290094672713634,0.3955836446095018,0.1071245573684485,0.3188957945833403,0.0263722429739667,64.37622240688339,1568.4806092183098,371,291,80,416,45,0.04,0.3,0.000625,1.0,1e-08,1e+18,False,False,False,False,12,1.1,15.0,12.092099822458657,4.599826353186174,62.7249048161751,50.56505402609381,study_results/v4p2_followups_20260806/pseudo65/gp_window_ensemble_20260806/runs/window_2p25eq2p5/draw_01/attempt_01/results_single.csv,1,1,1,1,single_attempt_outside_55_75MeV,False,,,,,,,window_2p25eq2p5,1
2021,0.237,0.006345887875,0.22272175228125,0.25127824771875,44384391.87212218,1.64,0.226592743885,0.2474072561149999,0.0208145122299999,0.0,1.0,8000,0.000125,True,2715.710581646782,8.38348876626228e-06,0.4788241635382563,0.0531049003163788,85.46847907789605,1618.370214224649,True,tilde_q_mu,asymptotic,default,sidak_approx,observed,7.98**2 * RBF(length_scale=0.318),0.0290660667166324,0.3963554552268056,0.1073335646716512,0.3183419245281018,0.0264236970151203,63.727832093465494,1566.794369059815,370,292,78,416,46,0.04,0.3,0.000625,1.0,1e-08,1e+18,False,False,False,False,12,1.1,15.0,12.0475921422327,4.580299445746575,62.458628805635115,50.16507237422657,study_results/v4p2_followups_20260806/pseudo65/gp_window_ensemble_20260806/runs/window_2p25eq2p5/draw_01/attempt_01/results_single.csv,1,1,1,1,single_attempt_outside_55_75MeV,False,,,,,,,window_2p25eq2p5,1
2021,0.238,0.0063853035,0.223633067125,0.252366932875,43150069.97440755,1.64,0.2275281022599999,0.24847189774,0.02094379548,0.0,1.0,8000,0.000125,True,2742.3628431649377,8.67134322513736e-06,0.4621968663563892,0.0949006594586748,151.85066228477075,1609.2602812498983,True,tilde_q_mu,asymptotic,default,sidak_approx,observed,7.98**2 * RBF(length_scale=0.318),0.0291229607231004,0.3971312825877338,0.1075436597141695,0.3182687797624675,0.0264754188391822,63.66703276385892,1567.7611994353365,370,294,76,416,46,0.04,0.3,0.000625,1.0,1e-08,1e+18,False,False,False,False,12,1.1,15.0,12.02129347587303,4.560936018640379,62.1945820723688,49.84395491341446,study_results/v4p2_followups_20260806/pseudo65/gp_window_ensemble_20260806/runs/window_2p25eq2p5/draw_01/attempt_01/results_single.csv,1,1,1,1,single_attempt_outside_55_75MeV,False,,,,,,,window_2p25eq2p5,1
2021,0.239,0.006424890875,0.2245439955312499,0.25345600446875,41910564.95451811,1.64,0.2284631789649999,0.249536821035,0.02107364207,0.0,1.0,8000,0.000125,True,2706.734068753425,8.774938780521588e-06,0.4737833719663615,0.0657627114021921,105.282634173262,1605.483683463052,True,tilde_q_mu,asymptotic,default,sidak_approx,observed,8**2 * RBF(length_scale=0.319),0.0291801455111333,0.3979110751518178,0.1077548285387784,0.3185153048682962,0.0265274050101211,63.94748859470432,1564.2647332534698,369,295,74,416,47,0.04,0.3,0.000625,1.0,1e-08,1e+18,False,False,False,False,12,1.1,15.0,12.00702838241324,4.541734027682346,61.9327367411229,49.575208523412655,study_results/v4p2_followups_20260806/pseudo65/gp_window_ensemble_20260806/runs/window_2p25eq2p5/draw_01/attempt_01/results_single.csv,1,1,1,1,single_attempt_outside_55_75MeV,False,,,,,,,window_2p25eq2p5,1
2021,0.24,0.00646465,0.2254545375,0.2545454625,40722504.22475857,1.64,0.229397974,0.250602026,0.0212040519999999,0.0,1.0,8000,0.000125,True,2689.5157624171943,8.936105701002193e-06,0.4706229524830225,0.0737040137519812,116.53117378776614,1591.2838017575616,True,tilde_q_mu,asymptotic,default,sidak_approx,observed,7.98**2 * RBF(length_scale=0.318),0.0292376173638717,0.3986947822346143,0.1079670574200659,0.318341741660511,0.0265796521489742,63.690645570163376,1568.7667485471147,370,297,73,416,46,0.04,0.3,0.000625,1.0,1e-08,1e+18,False,False,False,False,12,1.1,15.0,11.976896457344944,4.522691462627012,61.673065399459254,49.24346123309244,study_results/v4p2_followups_20260806/pseudo65/gp_window_ensemble_20260806/runs/window_2p25eq2p5/draw_01/attempt_01/results_single.csv,1,1,1,1,single_attempt_outside_55_75MeV,False,,,,,,,window_2p25eq2p5,1
2021,0.241,0.006504580875,0.2263646930312499,0.25563530696875,39555789.66735767,1.64,0.230332487365,0.251667512635,0.0213350252699999,0.0,1.0,8000,0.000125,True,2763.4211874581115,9.413256733068416e-06,0.4404841722386514,0.1497417795324288,237.512209127385,1588.5456953505352,True,tilde_q_mu,asymptotic,default,sidak_approx,observed,8**2 * RBF(length_scale=0.319),0.0292953726259335,0.3994823539900027,0.1081803328596386,0.3185374906189968,0.0266321569326668,63.9895896894601,1565.713588316029,369,298,71,416,47,0.04,0.3,0.000625,1.0,1e-08,1e+18,False,False,False,False,12,1.1,15.0,11.96063433481351,4.503806346467102,61.41554108818776,48.97125529536856,study_results/v4p2_followups_20260806/pseudo65/gp_window_ensemble_20260806/runs/window_2p25eq2p5/draw_01/attempt_01/results_single.csv,1,1,1,1,single_attempt_outside_55_75MeV,False,,,,,,,window_2p25eq2p5,1
2021,0.242,0.0065446835,0.227274462125,0.256725537875,38433549.77614895,1.64,0.23126671906,0.2527332809399999,0.0214665618799999,0.0,1.0,8000,0.000125,True,2894.409734152574,1.0105413007589612e-05,0.3882565637456993,0.283865929135302,449.43936273261176,1581.8554277625185,True,tilde_q_mu,asymptotic,default,sidak_approx,observed,7.98**2 * RBF(length_scale=0.318),0.0293534077021493,0.4002737413929458,0.1083946415814538,0.318190969095705,0.026684916092863,63.6326947685104,1567.2456114401102,369,300,69,416,47,0.04,0.3,0.000625,1.0,1e-08,1e+18,False,False,False,False,12,1.1,15.0,11.924001109405998,4.4850767347495655,61.16013729203953,48.61823632811349,study_results/v4p2_followups_20260806/pseudo65/gp_window_ensemble_20260806/runs/window_2p25eq2p5/draw_01/attempt_01/results_single.csv,1,1,1,1,single_attempt_outside_55_75MeV,False,,,,,,,window_2p25eq2p5,1
2021,0.243,0.006584957875,0.22818384478125,0.25781615521875,37332878.58161166,1.64,0.232200669085,0.253799330915,0.02159866183,0.0,1.0,8000,0.000125,True,2943.932525264659,1.0537801714982315e-05,0.3695094847814432,0.3331527674143824,526.9906180390736,1579.663557940451,True,tilde_q_mu,asymptotic,default,sidak_approx,observed,7.99**2 * RBF(length_scale=0.318),0.0294117190563266,0.4010688962226361,0.108609970527255,0.3183860256117583,0.0267379264148424,63.88458533596584,1563.56880931537,368,301,67,416,48,0.04,0.3,0.000625,1.0,1e-08,1e+18,False,False,False,False,12,1.1,15.0,11.907655839572511,4.466500714908013,60.90682793056381,48.35050301848109,study_results/v4p2_followups_20260806/pseudo65/gp_window_ensemble_20260806/runs/window_2p25eq2p5/draw_01/attempt_01/results_single.csv,1,1,1,1,single_attempt_outside_55_75MeV,False,,,,,,,window_2p25eq2p5,1
2021,0.244,0.006625404,0.229092841,0.258907159,36240747.78783116,1.64,0.23313433744,0.25486566256,0.0217313251199999,0.0,1.0,8000,0.000125,True,3082.4339432483857,1.1319486447450142e-05,0.3144126532859809,0.4833809011341812,755.3192867006732,1564.658501208221,True,tilde_q_mu,asymptotic,default,sidak_approx,observed,8.04**2 * RBF(length_scale=0.319),0.029470303210048,0.4018677710461094,0.1088263068521347,0.318858918692624,0.0267911847364072,64.68195006875845,1568.6668003706363,369,303,66,416,47,0.04,0.3,0.000625,1.0,1e-08,1e+18,False,False,False,False,12,1.1,15.0,11.90163562491948,4.448076405612099,60.65558734925589,48.12671328308795,study_results/v4p2_followups_20260806/pseudo65/gp_window_ensemble_20260806/runs/window_2p25eq2p5/draw_01/attempt_01/results_single.csv,1,1,1,1,single_attempt_outside_55_75MeV,False,,,,,,,window_2p25eq2p5,1
2021,0.245,0.006666021875,0.23000145078125,0.25999854921875,35231160.94273463,1.64,0.234067724125,0.255932275875,0.02186455175,0.0,1.0,8000,0.000125,True,3273.417252411946,1.2314825160988631e-05,0.257424546822111,0.6513058177399118,1015.91838340898,1561.667356994152,True,tilde_q_mu,asymptotic,default,sidak_approx,observed,8.06**2 * RBF(length_scale=0.319),0.0295291567414944,0.4026703192021974,0.1090436379201891,0.318968729400178,0.0268446879468131,64.9908840035938,1568.0251788278802,368,304,64,416,48,0.04,0.3,0.000625,1.0,1e-08,1e+18,False,False,False,False,12,1.1,15.0,11.882005483995355,4.429801956132116,60.40639031089249,47.84993739615924,study_results/v4p2_followups_20260806/pseudo65/gp_window_ensemble_20260806/runs/window_2p25eq2p5/draw_01/attempt_01/results_single.csv,1,1,1,1,single_attempt_outside_55_75MeV,False,,,,,,,window_2p25eq2p5,1
2021,0.246,0.0067068115,0.230909674125,0.261090325875,34231611.46534635,1.64,0.23500082914,0.25699917086,0.02199834172,0.0,1.0,8000,0.000125,True,3427.4016828918943,1.3216683084015762e-05,0.2165173992341239,0.7840090526808088,1220.3201348207908,1557.7153358100345,True,tilde_q_mu,asymptotic,default,sidak_approx,observed,8.08**2 * RBF(length_scale=0.319),0.0295882762843003,0.4034764947859137,0.1092619513002888,0.3191145844191895,0.0268984329857275,65.26899144510296,1564.5606000870944,367,305,62,416,49,0.04,0.3,0.000625,1.0,1e-08,1e+18,False,False,False,False,12,1.1,15.0,11.863686802443585,4.411675545719503,60.159211987084134,47.58066995310506,study_results/v4p2_followups_20260806/pseudo65/gp_window_ensemble_20260806/runs/window_2p25eq2p5/draw_01/attempt_01/results_single.csv,1,1,1,1,single_attempt_outside_55_75MeV,False,,,,,,,window_2p25eq2p5,1
2021,0.247,0.006747772875,0.23181751103125,0.26218248896875,33240766.184267055,1.64,0.235933652485,0.258066347515,0.02213269503,0.0,1.0,8000,0.000125,True,3658.742047168479,1.4470506568545056e-05,0.1594978963440732,0.9965236278505492,1533.3493361125677,1540.7019828291127,True,tilde_q_mu,asymptotic,default,sidak_approx,observed,8.09**2 * RBF(length_scale=0.319),0.0296476585264336,0.4042862526331858,0.1094812347619452,0.3190445839552742,0.0269524168422123,65.52130491915743,1569.225050903035,368,307,61,416,48,0.04,0.3,0.000625,1.0,1e-08,1e+18,False,False,False,False,12,1.1,15.0,11.837327458352169,4.393695383001999,59.91402795002726,47.28146454622247,study_results/v4p2_followups_20260806/pseudo65/gp_window_ensemble_20260806/runs/window_2p25eq2p5/draw_01/attempt_01/results_single.csv,1,1,1,1,single_attempt_outside_55_75MeV,False,,,,,,,window_2p25eq2p5,1
2021,0.248,0.006788906,0.2327249615,0.2632750385,32306957.309929177,1.64,0.23686619416,0.25913380584,0.02226761168,0.0,1.0,8000,0.000125,True,3806.437763979634,1.5427335234553377e-05,0.13133985907626,1.1200798929752227,1717.3604197152315,1534.6999037653316,True,tilde_q_mu,asymptotic,default,sidak_approx,observed,8.12**2 * RBF(length_scale=0.319),0.0297073002091074,0.4050995483060104,0.1097014762712903,0.3193165385133954,0.027006636553734,65.99455200984099,1565.5870296891894,367,308,59,416,49,0.04,0.3,0.000625,1.0,1e-08,1e+18,False,False,False,False,12,1.1,15.0,11.823632234916184,4.375859705393982,59.67081416446339,47.03505078924284,study_results/v4p2_followups_20260806/pseudo65/gp_window_ensemble_20260806/runs/window_2p25eq2p5/draw_01/attempt_01/results_single.csv,1,1,1,1,single_attempt_outside_55_75MeV,False,,,,,,,window_2p25eq2p5,1
2021,0.249,0.006830210875,0.23363202553125,0.26436797446875,31367919.80580777,1.64,0.237798454165,0.260201545835,0.0224030916699999,0.0,1.0,8000,0.000125,True,7672.235766540458,3.1897511019001166e-05,0.2682172333252046,0.618213720873221,2284.355286650309,3706.293144553717,True,tilde_q_mu,asymptotic,default,sidak_approx,observed,1**2 * RBF(length_scale=0.11),0.029767198125712,0.4059163380778918,0.1099226639871329,0.1099226639871329,0.0270610892051927,1.0,900.7931139273218,367,310,57,416,49,0.04,0.3,0.000625,1.0,1e-08,1e+18,False,False,False,False,12,1.1,15.0,4.0620192023179795,4.358166778520153,59.429546979820266,16.093597401139228,study_results/v4p2_followups_20260806/pseudo65/gp_window_ensemble_20260806/runs/window_2p25eq2p5/draw_01/attempt_01/results_single.csv,1,1,1,1,single_attempt_outside_55_75MeV,False,,,,,,,window_2p25eq2p5,1
2021,0.25,0.0068716875,0.234538703125,0.265461296875,30463229.35640608,1.64,0.2387304325,0.2612695675,0.022539135,0.0,1.0,8000,0.000125,True,3892.78647267686,1.6598336144141008e-05,0.1111064888412635,1.220664754645976,1849.8321604159644,1515.1513637276696,True,tilde_q_mu,asymptotic,default,sidak_approx,observed,8.09**2 * RBF(length_scale=0.319),0.0298273491207752,0.4067365789196631,0.1101447862571196,0.3192028247467043,0.0271157719279775,65.38712726283813,1562.7875019906512,366,311,55,416,50,0.04,0.3,0.000625,1.0,1e-08,1e+18,False,False,False,False,12,1.1,15.0,11.771850921100164,4.3406148956534025,59.19020312254639,46.451883143216904,study_results/v4p2_followups_20260806/pseudo65/gp_window_ensemble_20260806/runs/window_2p25eq2p5/draw_01/attempt_01/results_single.csv,1,1,1,1,single_attempt_outside_55_75MeV,False,,,,,,,window_2p25eq2p5,1
2021,0.05,0.0019941875,0.045513078125,0.054486921875,432274745.5035101,1.64,0.0467295325,0.0532704675,0.0065409349999999,0.0,1.0,8000,0.000125,True,21916.750292034092,3.292806523445097e-05,0.0003827257293424,3.364994640523205,15844.41349006258,4717.073920173424,True,tilde_q_mu,asymptotic,default,sidak_approx,observed,7.23**2 * RBF(length_scale=0.325),0.0430198208653474,0.586633920891102,0.1588612167593829,0.3252672825482333,0.0391089280594068,52.22724356909591,1679.299543066733,402,9,393,416,14,0.04,0.3,0.000625,1.0,1e-08,1e+18,False,False,False,False,12,1.1,15.0,8.31695724449797,21.57260581833327,294.1718975227264,163.1076729486236,study_results/v4p2_followups_20260806/pseudo65/gp_window_ensemble_20260806/runs/window_2p25eq2p5/draw_02/attempt_01/results_single.csv,1,1,1,1,single_attempt_outside_55_75MeV,False,,,,,,,window_2p25eq2p5,2
2021,0.051,0.002001485875,0.04649665678125,0.0555033432187499,505722115.71658146,1.64,0.047717563165,0.0542824368349999,0.0065648736699999,0.0,1.0,8000,0.000125,True,16898.86866187949,2.1276266935863605e-05,0.0159025550348764,2.1468514466138924,10528.822658504769,4922.209183128963,True,tilde_q_mu,asymptotic,default,sidak_approx,observed,7.21**2 * RBF(length_scale=0.326),0.0423437473933882,0.5774147371825666,0.1563646500091317,0.3255000766684479,0.0384943158121711,52.04165602548844,1673.1863368666184,401,10,391,416,15,0.04,0.3,0.000625,1.0,1e-08,1e+18,False,False,False,False,12,1.1,15.0,8.45579587014069,21.15615599504954,288.4930362961301,162.629214991811,study_results/v4p2_followups_20260806/pseudo65/gp_window_ensemble_20260806/runs/window_2p25eq2p5/draw_02/attempt_01/results_single.csv,1,1,1,1,single_attempt_outside_55_75MeV,False,,,,,,,window_2p25eq2p5,2
2021,0.052,0.002008956,0.047479849,0.056520151,582496150.2912881,1.64,0.04870531216,0.0552946878399999,0.0065893756799999,0.0,1.0,8000,0.000125,True,7581.3436656114945,8.127738135584233e-06,0.4999513009912829,0.0001220703125,-979.8405752712716,4939.393095137093,True,tilde_q_mu,asymptotic,default,sidak_approx,observed,7.54**2 * RBF(length_scale=0.32),0.0416967826910809,0.5685924912420126,0.1539755745145915,0.319697578869646,0.0379061660828008,56.79849711136643,1670.9003325034748,402,12,390,416,14,0.04,0.3,0.000625,1.0,1e-08,1e+18,False,False,False,False,12,1.1,15.0,8.433920174657345,20.75544844739304,283.02884246445046,159.13617763138964,study_results/v4p2_followups_20260806/pseudo65/gp_window_ensemble_20260806/runs/window_2p25eq2p5/draw_02/attempt_01/results_single.csv,1,1,1,1,single_attempt_outside_55_75MeV,False,,,,,,,window_2p25eq2p5,2
2021,0.053,0.002016597875,0.0484626547812499,0.05753734521875,661992830.0519445,1.64,0.049692779485,0.056307220515,0.00661444103,0.0,1.0,8000,0.000125,True,5677.338702032158,5.254550510751431e-06,0.5,0.0,-8022.274274233182,5081.158309446862,True,tilde_q_mu,asymptotic,default,sidak_approx,observed,7.51**2 * RBF(length_scale=0.319),0.0410773062694674,0.5601450854927381,0.1516880062237032,0.3186948549936923,0.0373430056995158,56.44721172191549,1667.0714616321711,402,14,388,416,14,0.04,0.3,0.000625,1.0,1e-08,1e+18,False,False,False,False,12,1.1,15.0,8.534258263999996,20.369607039017364,277.76736871387317,158.0358974610604,study_results/v4p2_followups_20260806/pseudo65/gp_window_ensemble_20260806/runs/window_2p25eq2p5/draw_02/attempt_01/results_single.csv,1,1,1,1,single_attempt_outside_55_75MeV,False,,,,,,,window_2p25eq2p5,2
2021,0.054,0.0020244115,0.049445074125,0.058554925875,743432117.467634,1.64,0.05067996514,0.05732003486,0.00664006972,0.0,1.0,8000,0.000125,True,5307.069935795442,4.2927900981930025e-06,0.5,0.0,-14762.982212644005,5479.637918243112,True,tilde_q_mu,asymptotic,default,sidak_approx,observed,7.29**2 * RBF(length_scale=0.317),0.0404838157112043,0.552052032425514,0.1494963970927404,0.3167563150603714,0.0368034688283676,53.20828797930888,1661.7250493737604,401,15,386,416,15,0.04,0.3,0.000625,1.0,1e-08,1e+18,False,False,False,False,12,1.1,15.0,8.606697280018889,19.99781947059892,272.6975382354398,156.46834403992042,study_results/v4p2_followups_20260806/pseudo65/gp_window_ensemble_20260806/runs/window_2p25eq2p5/draw_02/attempt_01/results_single.csv,1,1,1,1,single_attempt_outside_55_75MeV,False,,,,,,,window_2p25eq2p5,2
2021,0.055,0.002032396875,0.05042710703125,0.05957289296875,825863093.242175,1.64,0.051666869125,0.058333130875,0.0066662617499999,0.0,1.0,8000,0.000125,True,5412.3535426809285,3.8693260895240555e-06,0.5,0.0,-14880.992034249342,5577.365496843979,True,tilde_q_mu,asymptotic,default,sidak_approx,observed,7.4**2 * RBF(length_scale=0.318),0.0399149161083646,0.5442943105686093,0.1473955960828078,0.3181677500231332,0.0362862873712406,54.73165280536371,1666.1204251744482,402,17,385,416,14,0.04,0.3,0.000625,1.0,1e-08,1e+18,False,False,False,False,12,1.1,15.0,8.768264076398818,19.639331569216612,267.8090668529538,156.54804134804291,study_results/v4p2_followups_20260806/pseudo65/gp_window_ensemble_20260806/central_repeat/window_2p25eq2p5/draw_02/attempt_02/results_single.csv,2,2,1,2,stable_reproduced,False,attempt_02_55_75MeV,False,1666.120424751717,1666.1204251744482,study_results/v4p2_followups_20260806/pseudo65/gp_window_ensemble_20260806/runs/window_2p25eq2p5/draw_02/attempt_01/results_single.csv|study_results/v4p2_followups_20260806/pseudo65/gp_window_ensemble_20260806/central_repeat/window_2p25eq2p5/draw_02/attempt_02/results_single.csv,1666.12042475|1666.12042517,window_2p25eq2p5,2
2021,0.056,0.002040554,0.0514087535,0.0605912465,908527012.009006,1.64,0.05265349144,0.05934650856,0.00669301712,0.0,1.0,8000,0.000125,True,6342.033442121743,4.047832925637147e-06,0.5,0.0,-10318.673672802635,5842.84947216041,True,tilde_q_mu,asymptotic,default,sidak_approx,observed,7.43**2 * RBF(length_scale=0.319),0.0393693106142212,0.5368542356484718,0.1453808142699889,0.3185977660820549,0.0357902823765647,55.21019826818651,1660.0593647702342,401,18,383,416,15,0.04,0.3,0.000625,1.0,1e-08,1e+18,False,False,False,False,12,1.1,15.0,8.901795261908031,19.293442180026243,263.0923933639942,156.1329747127765,study_results/v4p2_followups_20260806/pseudo65/gp_window_ensemble_20260806/central_repeat/window_2p25eq2p5/draw_02/attempt_02/results_single.csv,2,2,1,2,stable_reproduced,False,attempt_02_55_75MeV,False,1660.059364461804,1660.0593647702342,study_results/v4p2_followups_20260806/pseudo65/gp_window_ensemble_20260806/runs/window_2p25eq2p5/draw_02/attempt_01/results_single.csv|study_results/v4p2_followups_20260806/pseudo65/gp_window_ensemble_20260806/central_repeat/window_2p25eq2p5/draw_02/attempt_02/results_single.csv,1660.05936446|1660.05936477,window_2p25eq2p5,2
2021,0.057,0.002048882875,0.05239001353125,0.06160998646875,990652096.3793744,1.64,0.053639832085,0.060360167915,0.0067203358299999,0.0,1.0,8000,0.000125,True,8827.897959828393,5.076696585179458e-06,0.4999311292015692,0.0001726334915006,-1546.79883298188,5886.211345840944,True,tilde_q_mu,asymptotic,default,sidak_approx,observed,7.68**2 * RBF(length_scale=0.319),0.0388457919743114,0.5297153451042469,0.1434475935717297,0.319039775695564,0.0353143563402831,58.90935461898181,1657.0430845672784,401,20,381,416,15,0.04,0.3,0.000625,1.0,1e-08,1e+18,False,False,False,False,12,1.1,15.0,9.034279787555834,18.959498587400432,258.53861710091496,155.71401351849553,study_results/v4p2_followups_20260806/pseudo65/gp_window_ensemble_20260806/central_repeat/window_2p25eq2p5/draw_02/attempt_02/results_single.csv,2,2,1,2,stable_reproduced,False,attempt_02_55_75MeV,False,1657.0430838576651,1657.0430845672784,study_results/v4p2_followups_20260806/pseudo65/gp_window_ensemble_20260806/runs/window_2p25eq2p5/draw_02/attempt_01/results_single.csv|study_results/v4p2_followups_20260806/pseudo65/gp_window_ensemble_20260806/central_repeat/window_2p25eq2p5/draw_02/attempt_02/results_single.csv,1657.04308386|1657.04308457,window_2p25eq2p5,2
2021,0.058,0.0020573835,0.053370887125,0.062629112875,1071736532.8850116,1.64,0.05462589106,0.06137410894,0.00674821788,0.0,1.0,8000,0.000125,True,16519.09407617651,8.629589155747493e-06,0.0772751439061254,1.423641459469775,8550.42707071811,6005.464848077094,True,tilde_q_mu,asymptotic,default,sidak_approx,observed,7.59**2 * RBF(length_scale=0.315),0.0383432349203511,0.5228622943684247,0.1415917786595051,0.3149112064877629,0.0348574862912283,57.66786913723672,1656.682660362236,401,21,380,416,15,0.04,0.3,0.000625,1.0,1e-08,1e+18,False,False,False,False,12,1.1,15.0,9.03424888004642,18.63689240258374,254.13944185341464,153.0639311959889,study_results/v4p2_followups_20260806/pseudo65/gp_window_ensemble_20260806/runs/window_2p25eq2p5/draw_02/attempt_01/results_single.csv,2,2,1,2,stable_reproduced,False,attempt_01_full,False,1656.682660362236,1656.6826598026685,study_results/v4p2_followups_20260806/pseudo65/gp_window_ensemble_20260806/runs/window_2p25eq2p5/draw_02/attempt_01/results_single.csv|study_results/v4p2_followups_20260806/pseudo65/gp_window_ensemble_20260806/central_repeat/window_2p25eq2p5/draw_02/attempt_02/results_single.csv,1656.68266036|1656.6826598,window_2p25eq2p5,2
2021,0.059,0.002066055875,0.0543513742812499,0.0636486257187499,1151080263.2969189,1.64,0.055611668365,0.0623883316349999,0.0067766632699999,0.0,1.0,8000,0.000125,True,21029.550781526697,1.0055236707120618e-05,0.014896313489195,2.1728364751056253,13192.918311627383,6073.087866996012,True,tilde_q_mu,asymptotic,default,sidak_approx,observed,7.56**2 * RBF(length_scale=0.315),0.0378605893261601,0.516280763538548,0.139809491685398,0.3154320489673027,0.0344187175692365,57.179986488174336,1655.1076692947906,401,23,378,416,15,0.04,0.3,0.000625,1.0,1e-08,1e+18,False,False,False,False,12,1.1,15.0,9.164549734683783,18.325055863341635,249.88712540920412,152.673532591321,study_results/v4p2_followups_20260806/pseudo65/gp_window_ensemble_20260806/runs/window_2p25eq2p5/draw_02/attempt_01/results_single.csv,2,2,1,2,stable_reproduced,False,attempt_01_full,False,1655.1076692947906,1655.1076688319692,study_results/v4p2_followups_20260806/pseudo65/gp_window_ensemble_20260806/runs/window_2p25eq2p5/draw_02/attempt_01/results_single.csv|study_results/v4p2_followups_20260806/pseudo65/gp_window_ensemble_20260806/central_repeat/window_2p25eq2p5/draw_02/attempt_02/results_single.csv,1655.10766929|1655.10766883,window_2p25eq2p5,2
2021,0.06,0.0020749,0.055331475,0.064668525,1227442360.8213856,1.64,0.056597164,0.063402836,0.006805672,0.0,1.0,8000,0.000125,True,21518.867769962613,9.488268834649467e-06,0.0122952531266606,2.24777554118228,13675.464747453396,6085.463838701704,True,tilde_q_mu,asymptotic,default,sidak_approx,observed,7.61**2 * RBF(length_scale=0.315),0.0373968740379758,0.5099573732451246,0.1380971094990222,0.3151895529532697,0.0339971582163416,57.88983895438142,1659.9201269365233,402,25,377,416,14,0.04,0.3,0.000625,1.0,1e-08,1e+18,False,False,False,False,12,1.1,15.0,9.271055861420956,18.023458498229218,245.77443406676204,151.9059005028048,study_results/v4p2_followups_20260806/pseudo65/gp_window_ensemble_20260806/runs/window_2p25eq2p5/draw_02/attempt_01/results_single.csv,2,2,1,2,stable_reproduced,False,attempt_01_full,False,1659.9201269365233,1659.9201266272223,study_results/v4p2_followups_20260806/pseudo65/gp_window_ensemble_20260806/runs/window_2p25eq2p5/draw_02/attempt_01/results_single.csv|study_results/v4p2_followups_20260806/pseudo65/gp_window_ensemble_20260806/central_repeat/window_2p25eq2p5/draw_02/attempt_02/results_single.csv,1659.92012694|1659.92012663,window_2p25eq2p5,2
2021,0.061,0.002083915875,0.05631118928125,0.06568881071875,1300445533.4805682,1.64,0.057582377965,0.064417622035,0.0068352440699999,0.0,1.0,8000,0.000125,True,18544.61780061155,7.591293919302251e-06,0.0534841441216588,1.6119708264884416,10221.172864320346,6342.474427656605,True,tilde_q_mu,asymptotic,default,sidak_approx,observed,7.58**2 * RBF(length_scale=0.315),0.0369511713028735,0.5038796086755482,0.136451243073103,0.3145885259528448,0.0335919739117032,57.4823027261595,1653.7502412382648,401,26,375,416,15,0.04,0.3,0.000625,1.0,1e-08,1e+18,False,False,False,False,12,1.1,15.0,9.364990779635145,17.731604114236877,241.7946015577755,150.9602809436081,study_results/v4p2_followups_20260806/pseudo65/gp_window_ensemble_20260806/runs/window_2p25eq2p5/draw_02/attempt_01/results_single.csv,2,2,1,2,stable_reproduced,False,attempt_01_full,False,1653.7502412382648,1653.7502404977631,study_results/v4p2_followups_20260806/pseudo65/gp_window_ensemble_20260806/runs/window_2p25eq2p5/draw_02/attempt_01/results_single.csv|study_results/v4p2_followups_20260806/pseudo65/gp_window_ensemble_20260806/central_repeat/window_2p25eq2p5/draw_02/attempt_02/results_single.csv,1653.75024124|1653.7502405,window_2p25eq2p5,2
2021,0.062,0.0020931035,0.057290517125,0.066709482875,1369815472.516009,1.64,0.05856731026,0.06543268974,0.0068653794799999,0.0,1.0,8000,0.000125,True,12335.74274224206,4.716626306413815e-06,0.3327301184126374,0.4323869010476275,2761.3545984477373,6386.220817304797,True,tilde_q_mu,asymptotic,default,sidak_approx,observed,7.85**2 * RBF(length_scale=0.318),0.0365226217287332,0.4980357508463617,0.1348687188919183,0.3183278224989197,0.0332023833897574,61.54483319870885,1652.1144340582694,401,28,373,416,15,0.04,0.3,0.000625,1.0,1e-08,1e+18,False,False,False,False,12,1.1,15.0,9.587499149146026,17.449028071824063,237.9412918885099,152.08412890185303,study_results/v4p2_followups_20260806/pseudo65/gp_window_ensemble_20260806/runs/window_2p25eq2p5/draw_02/attempt_01/results_single.csv,2,2,1,2,stable_reproduced,False,attempt_01_full,False,1652.1144340582694,1652.114433659585,study_results/v4p2_followups_20260806/pseudo65/gp_window_ensemble_20260806/runs/window_2p25eq2p5/draw_02/attempt_01/results_single.csv|study_results/v4p2_followups_20260806/pseudo65/gp_window_ensemble_20260806/central_repeat/window_2p25eq2p5/draw_02/attempt_02/results_single.csv,1652.11443406|1652.11443366,window_2p25eq2p5,2
2021,0.063,0.002102462875,0.05826945853125,0.06773054146875,1435241859.3893926,1.64,0.059551960885,0.066448039115,0.0068960782299999,0.0,1.0,8000,0.000125,True,8486.816653451104,3.0478886752406647e-06,0.5,0.0,-5044.782681993412,6498.564072034282,True,tilde_q_mu,asymptotic,default,sidak_approx,observed,7.81**2 * RBF(length_scale=0.317),0.0361104197174945,0.4924148143294715,0.133346562087477,0.3165437181255997,0.0328276542886314,61.023427553388814,1653.269429316182,401,29,372,416,15,0.04,0.3,0.000625,1.0,1e-08,1e+18,False,False,False,False,12,1.1,15.0,9.642593264277862,17.17529481584524,234.20856567061688,150.55852918477797,study_results/v4p2_followups_20260806/pseudo65/gp_window_ensemble_20260806/central_repeat/window_2p25eq2p5/draw_02/attempt_02/results_single.csv,2,2,1,2,stable_reproduced,False,attempt_02_55_75MeV,False,1653.269427822736,1653.269429316182,study_results/v4p2_followups_20260806/pseudo65/gp_window_ensemble_20260806/runs/window_2p25eq2p5/draw_02/attempt_01/results_single.csv|study_results/v4p2_followups_20260806/pseudo65/gp_window_ensemble_20260806/central_repeat/window_2p25eq2p5/draw_02/attempt_02/results_single.csv,1653.26942782|1653.26942932,window_2p25eq2p5,2
2021,0.064,0.002111994,0.0592480135,0.0687519865,1495960581.3190005,1.64,0.06053632984,0.06746367016,0.00692734032,0.0,1.0,8000,0.000125,True,7139.691800823666,2.421582464407691e-06,0.5,0.0,-11509.17115314899,6549.609324100574,True,tilde_q_mu,asymptotic,default,sidak_approx,observed,7.88**2 * RBF(length_scale=0.315),0.0357138093206567,0.4870064907362281,0.1318819811349368,0.3149592133254725,0.0324670993824152,62.0298446743661,1652.5226014914615,401,31,370,416,15,0.04,0.3,0.000625,1.0,1e-08,1e+18,False,False,False,False,12,1.1,15.0,9.700873170581428,16.909995634768247,230.59084956502153,149.12883906179303,study_results/v4p2_followups_20260806/pseudo65/gp_window_ensemble_20260806/runs/window_2p25eq2p5/draw_02/attempt_01/results_single.csv,2,2,1,2,stable_reproduced,False,attempt_01_full,False,1652.5226014914615,1652.5226014523862,study_results/v4p2_followups_20260806/pseudo65/gp_window_ensemble_20260806/runs/window_2p25eq2p5/draw_02/attempt_01/results_single.csv|study_results/v4p2_followups_20260806/pseudo65/gp_window_ensemble_20260806/central_repeat/window_2p25eq2p5/draw_02/attempt_02/results_single.csv,1652.52260149|1652.52260145,window_2p25eq2p5,2
2021,0.065,0.002121696875,0.06022618203125,0.06977381796875,1551761325.535175,1.64,0.061520417125,0.068479582875,0.0069591657499999,0.0,1.0,8000,0.000125,True,7371.468968399984,2.3732073421492084e-06,0.4984114906020063,0.0039818130933349,-10552.12983694316,6602.617474219303,True,tilde_q_mu,asymptotic,default,sidak_approx,observed,8.14**2 * RBF(length_scale=0.319),0.0353320804721528,0.4818010973475384,0.1304723539415717,0.3194733160503321,0.0321200731565025,66.34071624296627,1648.806087819885,400,32,368,416,16,0.04,0.3,0.000625,1.0,1e-08,1e+18,False,False,False,False,12,1.1,15.0,9.946220062878536,16.652746623927047,227.08290850809607,150.57443870266908,study_results/v4p2_followups_20260806/pseudo65/gp_window_ensemble_20260806/central_repeat/window_2p25eq2p5/draw_02/attempt_02/results_single.csv,2,2,1,2,stable_reproduced,False,attempt_02_55_75MeV,False,1648.8060867970046,1648.806087819885,study_results/v4p2_followups_20260806/pseudo65/gp_window_ensemble_20260806/runs/window_2p25eq2p5/draw_02/attempt_01/results_single.csv|study_results/v4p2_followups_20260806/pseudo65/gp_window_ensemble_20260806/central_repeat/window_2p25eq2p5/draw_02/attempt_02/results_single.csv,1648.8060868|1648.80608782,window_2p25eq2p5,2
2021,0.066,0.0021315715,0.061203964125,0.070796035875,1602613682.0955906,1.64,0.06250422274,0.06949577726,0.0069915545199999,0.0,1.0,8000,0.000125,True,8422.493605943568,2.5857577219785858e-06,0.4999026019832914,0.000244140625,-5314.678476996086,6504.90490221397,True,tilde_q_mu,asymptotic,default,sidak_approx,observed,8.34**2 * RBF(length_scale=0.322),0.0349645655591176,0.4767895303516045,0.1291152151834926,0.3215683819923141,0.0317859686901069,69.51388796542474,1655.347485857785,401,34,367,416,15,0.04,0.3,0.000625,1.0,1e-08,1e+18,False,False,False,False,12,1.1,15.0,10.11667711396188,16.403186831461046,223.67982042901423,150.85976801262075,study_results/v4p2_followups_20260806/pseudo65/gp_window_ensemble_20260806/central_repeat/window_2p25eq2p5/draw_02/attempt_02/results_single.csv,2,2,1,2,stable_reproduced,False,attempt_02_55_75MeV,False,1655.3474851905696,1655.347485857785,study_results/v4p2_followups_20260806/pseudo65/gp_window_ensemble_20260806/runs/window_2p25eq2p5/draw_02/attempt_01/results_single.csv|study_results/v4p2_followups_20260806/pseudo65/gp_window_ensemble_20260806/central_repeat/window_2p25eq2p5/draw_02/attempt_02/results_single.csv,1655.34748519|1655.34748586,window_2p25eq2p5,2
2021,0.067,0.002141617875,0.06218135978125,0.07181864021875,1648863502.41928,1.64,0.063487746685,0.070512253315,0.00702450663,0.0,1.0,8000,0.000125,True,10801.319512137696,3.174952464535353e-06,0.5,0.0,-154.39238742971244,6632.305343994673,True,tilde_q_mu,asymptotic,default,sidak_approx,observed,8.11**2 * RBF(length_scale=0.319),0.034610636295701,0.4719632222141046,0.1278082447614374,0.3188768690475669,0.0314642148142736,65.79550560238795,1649.9004615246824,400,35,365,416,16,0.04,0.3,0.000625,1.0,1e-08,1e+18,False,False,False,False,12,1.1,15.0,10.134588481861924,16.16097656810088,220.37695320137564,148.89531543883237,study_results/v4p2_followups_20260806/pseudo65/gp_window_ensemble_20260806/runs/window_2p25eq2p5/draw_02/attempt_01/results_single.csv,2,2,1,2,stable_reproduced,False,attempt_01_full,False,1649.9004615246824,1649.900461151143,study_results/v4p2_followups_20260806/pseudo65/gp_window_ensemble_20260806/runs/window_2p25eq2p5/draw_02/attempt_01/results_single.csv|study_results/v4p2_followups_20260806/pseudo65/gp_window_ensemble_20260806/central_repeat/window_2p25eq2p5/draw_02/attempt_02/results_single.csv,1649.90046152|1649.90046115,window_2p25eq2p5,2
2021,0.068,0.002151836,0.063158369,0.072841631,1689127887.6100788,1.64,0.06447098896,0.07152901104,0.00705802208,0.0,1.0,8000,0.000125,True,15637.685563911313,4.421004463792954e-06,0.1604279901834007,0.9927003991582828,6593.891044161815,6644.301565956992,True,tilde_q_mu,asymptotic,default,sidak_approx,observed,8.1**2 * RBF(length_scale=0.319),0.0342697008691363,0.4673141027609495,0.1265492572619316,0.3192647212982774,0.0311542735173966,65.56243098492082,1650.2131465002096,400,37,363,416,16,0.04,0.3,0.000625,1.0,1e-08,1e+18,False,False,False,False,12,1.1,15.0,10.247862821131076,15.92579586415336,217.1699436020912,148.3685193938002,study_results/v4p2_followups_20260806/pseudo65/gp_window_ensemble_20260806/central_repeat/window_2p25eq2p5/draw_02/attempt_02/results_single.csv,2,2,1,2,stable_reproduced,False,attempt_02_55_75MeV,False,1650.2131449167844,1650.2131465002096,study_results/v4p2_followups_20260806/pseudo65/gp_window_ensemble_20260806/runs/window_2p25eq2p5/draw_02/attempt_01/results_single.csv|study_results/v4p2_followups_20260806/pseudo65/gp_window_ensemble_20260806/central_repeat/window_2p25eq2p5/draw_02/attempt_02/results_single.csv,1650.21314492|1650.2131465,window_2p25eq2p5,2
2021,0.069,0.002162225875,0.06413499178125,0.07386500821875,1724459427.2276862,1.64,0.065453949565,0.072546050435,0.00709210087,0.0,1.0,8000,0.000125,True,18597.465463650187,5.075415613575512e-06,0.0636319030941095,1.524981122603599,10000.854821242416,6546.871045205944,True,tilde_q_mu,asymptotic,default,sidak_approx,observed,8.26**2 * RBF(length_scale=0.322),0.0339412013307978,0.4628345636017883,0.1253361923231284,0.322150186948172,0.0308556375734525,68.24786998204314,1655.3822904761134,401,39,362,416,15,0.04,0.3,0.000625,1.0,1e-08,1e+18,False,False,False,False,12,1.1,15.0,10.440561669849997,15.697343058942815,214.05467807649293,148.9900711451675,study_results/v4p2_followups_20260806/pseudo65/gp_window_ensemble_20260806/central_repeat/window_2p25eq2p5/draw_02/attempt_02/results_single.csv,2,2,1,2,stable_reproduced,False,attempt_02_55_75MeV,False,1655.3822901877677,1655.3822904761134,study_results/v4p2_followups_20260806/pseudo65/gp_window_ensemble_20260806/runs/window_2p25eq2p5/draw_02/attempt_01/results_single.csv|study_results/v4p2_followups_20260806/pseudo65/gp_window_ensemble_20260806/central_repeat/window_2p25eq2p5/draw_02/attempt_02/results_single.csv,1655.38229019|1655.38229048,window_2p25eq2p5,2
2021,0.07,0.0021727875,0.065111228125,0.074888771875,1754336425.784403,1.64,0.0664366285,0.0735633715,0.0071267429999999,0.0,1.0,8000,0.000125,True,17516.71318832552,4.631926083201932e-06,0.0935240626491424,1.319361982222631,8701.393906441974,6648.536677782221,True,tilde_q_mu,asymptotic,default,sidak_approx,observed,8.36**2 * RBF(length_scale=0.322),0.0336246112080568,0.4585174255644109,0.1241671058160028,0.322297308321542,0.0305678283709607,69.83228527067348,1649.6742940030556,400,40,360,416,16,0.04,0.3,0.000625,1.0,1e-08,1e+18,False,False,False,False,12,1.1,15.0,10.54367697993629,15.475333509630737,211.02727513132825,148.33356152939115,study_results/v4p2_followups_20260806/pseudo65/gp_window_ensemble_20260806/runs/window_2p25eq2p5/draw_02/attempt_01/results_single.csv,2,2,1,2,stable_reproduced,False,attempt_01_full,False,1649.6742940030556,1649.674293270233,study_results/v4p2_followups_20260806/pseudo65/gp_window_ensemble_20260806/runs/window_2p25eq2p5/draw_02/attempt_01/results_single.csv|study_results/v4p2_followups_20260806/pseudo65/gp_window_ensemble_20260806/central_repeat/window_2p25eq2p5/draw_02/attempt_02/results_single.csv,1649.674294|1649.67429327,window_2p25eq2p5,2
2021,0.071,0.002183520875,0.06608707803125,0.0759129219687499,1779832783.0978563,1.64,0.0674190257649999,0.074580974235,0.00716194847,0.0,1.0,8000,0.000125,True,11856.261853569576,3.0467032363561908e-06,0.3992122540352812,0.2553866146469435,1673.4949867532207,6553.26158954628,True,tilde_q_mu,asymptotic,default,sidak_approx,observed,8.32**2 * RBF(length_scale=0.323),0.0333194333154327,0.4543559088468107,0.1230401617614922,0.323219212110567,0.0302903939231207,69.29448616716111,1656.731816988273,401,42,359,416,15,0.04,0.3,0.000625,1.0,1e-08,1e+18,False,False,False,False,12,1.1,15.0,10.6706836804738,15.259498407787282,208.08406919709927,148.02661875653789,study_results/v4p2_followups_20260806/pseudo65/gp_window_ensemble_20260806/runs/window_2p25eq2p5/draw_02/attempt_01/results_single.csv,2,2,1,2,stable_reproduced,False,attempt_01_full,False,1656.731816988273,1656.7318162756926,study_results/v4p2_followups_20260806/pseudo65/gp_window_ensemble_20260806/runs/window_2p25eq2p5/draw_02/attempt_01/results_single.csv|study_results/v4p2_followups_20260806/pseudo65/gp_window_ensemble_20260806/central_repeat/window_2p25eq2p5/draw_02/attempt_02/results_single.csv,1656.73181699|1656.73181628,window_2p25eq2p5,2
2021,0.072,0.002194426,0.0670625414999999,0.0769374585,1800444169.9261425,1.64,0.06840114136,0.0755988586399999,0.0071977172799999,0.0,1.0,8000,0.000125,True,8615.045478686909,2.1580690741070095e-06,0.5,0.0,-5329.02306968997,6630.809136659752,True,tilde_q_mu,asymptotic,default,sidak_approx,observed,8.22**2 * RBF(length_scale=0.322),0.0330251977459068,0.4503436056260024,0.1219536249129291,0.3223407850574388,0.0300229070417334,67.61831809498625,1650.509356773364,400,43,357,416,16,0.04,0.3,0.000625,1.0,1e-08,1e+18,False,False,False,False,12,1.1,15.0,10.736494790773172,15.049583693369856,205.22159581867984,146.89070629742758,study_results/v4p2_followups_20260806/pseudo65/gp_window_ensemble_20260806/runs/window_2p25eq2p5/draw_02/attempt_01/results_single.csv,2,2,1,2,stable_reproduced,False,attempt_01_full,False,1650.509356773364,1650.5093563868652,study_results/v4p2_followups_20260806/pseudo65/gp_window_ensemble_20260806/runs/window_2p25eq2p5/draw_02/attempt_01/results_single.csv|study_results/v4p2_followups_20260806/pseudo65/gp_window_ensemble_20260806/central_repeat/window_2p25eq2p5/draw_02/attempt_02/results_single.csv,1650.50935677|1650.50935639,window_2p25eq2p5,2
2021,0.073,0.002205502875,0.06803761853125,0.07796238146875,1817045787.9843616,1.64,0.069382975285,0.076617024715,0.00723404943,0.0,1.0,8000,0.000125,True,7815.65041529434,1.913358351363906e-06,0.4999026019832914,0.000244140625,-8305.158377061185,6615.1266401528555,True,tilde_q_mu,asymptotic,default,sidak_approx,observed,8.19**2 * RBF(length_scale=0.321),0.0327414600253253,0.4464744548907995,0.1209058539407253,0.3206325871366854,0.0297649636593866,67.04646766275556,1649.8161154444904,400,45,355,416,16,0.04,0.3,0.000625,1.0,1e-08,1e+18,False,False,False,False,12,1.1,15.0,10.772147777696722,14.845349056879057,202.43657804835075,145.37844895653802,study_results/v4p2_followups_20260806/pseudo65/gp_window_ensemble_20260806/runs/window_2p25eq2p5/draw_02/attempt_01/results_single.csv,2,2,1,2,stable_reproduced,False,attempt_01_full,False,1649.8161154444904,1649.8161148166644,study_results/v4p2_followups_20260806/pseudo65/gp_window_ensemble_20260806/runs/window_2p25eq2p5/draw_02/attempt_01/results_single.csv|study_results/v4p2_followups_20260806/pseudo65/gp_window_ensemble_20260806/central_repeat/window_2p25eq2p5/draw_02/attempt_02/results_single.csv,1649.81611544|1649.81611482,window_2p25eq2p5,2
2021,0.074,0.0022167515,0.0690123091249999,0.078987690875,1829474701.9884825,1.64,0.07036452754,0.07763547246,0.0072709449199999,0.0,1.0,8000,0.000125,True,7557.831684550405,1.8128380566450417e-06,0.5,0.0,-9224.012355164954,6555.648607184443,True,tilde_q_mu,asymptotic,default,sidak_approx,observed,8.36**2 * RBF(length_scale=0.323),0.0324677994146582,0.442742719290794,0.1198952951630456,0.3229554831798715,0.0295161812860529,69.95391219639775,1651.7908728080522,400,46,354,416,16,0.04,0.3,0.000625,1.0,1e-08,1e+18,False,False,False,False,12,1.1,15.0,10.941641808267226,14.646567021453794,199.72591392891536,145.68862733593346,study_results/v4p2_followups_20260806/pseudo65/gp_window_ensemble_20260806/runs/window_2p25eq2p5/draw_02/attempt_01/results_single.csv,2,2,1,2,stable_reproduced,False,attempt_01_full,False,1651.7908728080522,1651.7908725396385,study_results/v4p2_followups_20260806/pseudo65/gp_window_ensemble_20260806/runs/window_2p25eq2p5/draw_02/attempt_01/results_single.csv|study_results/v4p2_followups_20260806/pseudo65/gp_window_ensemble_20260806/central_repeat/window_2p25eq2p5/draw_02/attempt_02/results_single.csv,1651.79087281|1651.79087254,window_2p25eq2p5,2
2021,0.075,0.002228171875,0.06998661328125,0.08001338671875,1838368958.6354597,1.64,0.071345798125,0.078654201875,0.0073084037499999,0.0,1.0,8000,0.000125,True,7697.831281402838,1.8129856581703704e-06,0.5,0.0,-8154.96902586624,6497.534738696446,True,tilde_q_mu,asymptotic,default,sidak_approx,observed,8.38**2 * RBF(length_scale=0.326),0.032203817346461,0.4391429638153776,0.1189204767720596,0.3255205379774799,0.0292761975876918,70.16969343229634,1649.579146746329,400,48,352,416,16,0.04,0.3,0.000625,1.0,1e-08,1e+18,False,False,False,False,12,1.1,15.0,11.118948661363511,14.45302209752604,197.08666496626415,146.09310063994943,study_results/v4p2_followups_20260806/pseudo65/gp_window_ensemble_20260806/runs/window_2p25eq2p5/draw_02/attempt_01/results_single.csv,2,2,1,2,stable_reproduced,False,attempt_01_full,False,1649.579146746329,1649.5791465233708,study_results/v4p2_followups_20260806/pseudo65/gp_window_ensemble_20260806/runs/window_2p25eq2p5/draw_02/attempt_01/results_single.csv|study_results/v4p2_followups_20260806/pseudo65/gp_window_ensemble_20260806/central_repeat/window_2p25eq2p5/draw_02/attempt_02/results_single.csv,1649.57914675|1649.57914652,window_2p25eq2p5,2
2021,0.076,0.002239764,0.070960531,0.081039469,1844398591.748667,1.64,0.0723267870399999,0.07967321296,0.00734642592,0.0,1.0,8000,0.000125,True,8795.030861764048,2.037459175508207e-06,0.5,0.0,-3947.190174350037,6459.51417222667,True,tilde_q_mu,asymptotic,default,sidak_approx,observed,8.32**2 * RBF(length_scale=0.324),0.0319491359833398,0.4356700361364529,0.1179800035107226,0.324485085954407,0.0290446690757635,69.2814105827365,1648.057691127706,400,50,350,416,16,0.04,0.3,0.000625,1.0,1e-08,1e+18,False,False,False,False,12,1.1,15.0,11.171932622402478,14.264510003437811,194.51604550142468,144.8746769545394,study_results/v4p2_followups_20260806/pseudo65/gp_window_ensemble_20260806/runs/window_2p25eq2p5/draw_02/attempt_01/results_single.csv,1,1,1,1,single_attempt_outside_55_75MeV,False,,,,,,,window_2p25eq2p5,2
2021,0.077,0.002251527875,0.07193406228125,0.08206593771875,1847461207.5520144,1.64,0.073307494285,0.080692505715,0.00738501143,0.0,1.0,8000,0.000125,True,10838.55862237234,2.4741464326265304e-06,0.4782376088114938,0.0545773077203829,351.5255494125373,6458.799033271934,True,tilde_q_mu,asymptotic,default,sidak_approx,observed,8.11**2 * RBF(length_scale=0.322),0.0317033968874435,0.4323190484651396,0.1170725517595489,0.3215146122106678,0.0288212698976759,65.7307866872927,1647.408574820014,400,51,349,416,16,0.04,0.3,0.000625,1.0,1e-08,1e+18,False,False,False,False,12,1.1,15.0,11.15546307821063,14.080836946086476,192.0114129011792,142.7984151476107,study_results/v4p2_followups_20260806/pseudo65/gp_window_ensemble_20260806/runs/window_2p25eq2p5/draw_02/attempt_01/results_single.csv,1,1,1,1,single_attempt_outside_55_75MeV,False,,,,,,,window_2p25eq2p5,2
2021,0.078,0.0022634635,0.072907207125,0.083092792875,1847769944.3645077,1.64,0.07428791986,0.08171208014,0.00742416028,0.0,1.0,8000,0.000125,True,12824.659728943174,2.88950381176655e-06,0.3095683392706728,0.4970742695768941,3272.4878697141858,6441.672595739484,True,tilde_q_mu,asymptotic,default,sidak_approx,observed,8.01**2 * RBF(length_scale=0.32),0.0314662597911359,0.4290853607882172,0.1161968649970184,0.3201252654724396,0.0286056907192144,64.19518508652249,1646.6633216629382,400,53,347,416,16,0.04,0.3,0.000625,1.0,1e-08,1e+18,False,False,False,False,12,1.1,15.0,11.190964364912572,13.901818956274722,189.57025849465532,141.43160049739683,study_results/v4p2_followups_20260806/pseudo65/gp_window_ensemble_20260806/runs/window_2p25eq2p5/draw_02/attempt_01/results_single.csv,1,1,1,1,single_attempt_outside_55_75MeV,False,,,,,,,window_2p25eq2p5,2
2021,0.079,0.002275570875,0.07387996553125,0.08412003446875,1845689661.7151537,1.64,0.075268063765,0.082731936235,0.0074638724699999,0.0,1.0,8000,0.000125,True,14343.00652923777,3.1942900396221004e-06,0.2129056590351852,0.7963797956641718,5176.382985130325,6487.7106834316855,True,tilde_q_mu,asymptotic,default,sidak_approx,observed,7.95**2 * RBF(length_scale=0.319),0.0312374014599871,0.4259645653634614,0.1153517496008941,0.3191000307698899,0.0283976376908974,63.173556284063544,1640.2879922787408,399,54,345,416,17,0.04,0.3,0.000625,1.0,1e-08,1e+18,False,False,False,False,12,1.1,15.0,11.23685125654569,13.727281273973578,187.1901991905488,140.22856166582372,study_results/v4p2_followups_20260806/pseudo65/gp_window_ensemble_20260806/runs/window_2p25eq2p5/draw_02/attempt_01/results_single.csv,1,1,1,1,single_attempt_outside_55_75MeV,False,,,,,,,window_2p25eq2p5,2
2021,0.08,0.00228785,0.0748523375,0.0851476625,1840971776.2432177,1.64,0.076247926,0.083752074,0.0075041479999999,0.0,1.0,8000,0.000125,True,14824.03729909786,3.2685061290371375e-06,0.1745934191514141,0.9361677240093288,5962.4382073877405,6380.652500805225,True,tilde_q_mu,asymptotic,default,sidak_approx,observed,8.06**2 * RBF(length_scale=0.321),0.0310165146400847,0.4229524723647926,0.1145360709609101,0.3205852926968955,0.0281968314909861,65.00054978284282,1645.5996622513835,400,56,344,416,16,0.04,0.3,0.000625,1.0,1e-08,1e+18,False,False,False,False,12,1.1,15.0,11.369550256005844,13.55705777917468,184.8689697160183,140.12513613081956,study_results/v4p2_followups_20260806/pseudo65/gp_window_ensemble_20260806/runs/window_2p25eq2p5/draw_02/attempt_01/results_single.csv,1,1,1,1,single_attempt_outside_55_75MeV,False,,,,,,,window_2p25eq2p5,2
2021,0.081,0.002300300875,0.07582432303125,0.08617567696875,1834117166.8439004,1.64,0.077227506565,0.084772493435,0.0075449868699999,0.0,1.0,8000,0.000125,True,15460.25850706732,3.3792831185894383e-06,0.1493403464381619,1.0392667526609038,6702.723356937279,6411.581349328424,True,tilde_q_mu,asymptotic,default,sidak_approx,observed,7.95**2 * RBF(length_scale=0.32),0.030803307082474,0.4200450965791913,0.113748749876279,0.3199690059349888,0.0280030064386127,63.27984569954872,1639.1832062127023,399,57,342,416,17,0.04,0.3,0.000625,1.0,1e-08,1e+18,False,False,False,False,12,1.1,15.0,11.426237630463502,13.390990464442623,182.6044154242176,139.09876286726566,study_results/v4p2_followups_20260806/pseudo65/gp_window_ensemble_20260806/runs/window_2p25eq2p5/draw_02/attempt_01/results_single.csv,1,1,1,1,single_attempt_outside_55_75MeV,False,,,,,,,window_2p25eq2p5,2
2021,0.082,0.0023129235,0.076795922125,0.087204077875,1825600864.265104,1.64,0.07820680546,0.08579319454,0.00758638908,0.0,1.0,8000,0.000125,True,14169.353810185388,3.0736207666707737e-06,0.2061704835849495,0.8197809949775671,5217.438900688426,6357.51157293175,True,tilde_q_mu,asymptotic,default,sidak_approx,observed,8.1**2 * RBF(length_scale=0.322),0.0305975006382008,0.4172386450663756,0.1129887592139169,0.3215318459837913,0.0278159096710917,65.54526293636722,1638.5522243520245,399,59,340,416,17,0.04,0.3,0.000625,1.0,1e-08,1e+18,False,False,False,False,12,1.1,15.0,11.559278477164106,13.228928945639955,180.39448562236305,139.0153396702447,study_results/v4p2_followups_20260806/pseudo65/gp_window_ensemble_20260806/runs/window_2p25eq2p5/draw_02/attempt_01/results_single.csv,1,1,1,1,single_attempt_outside_55_75MeV,False,,,,,,,window_2p25eq2p5,2
2021,0.083,0.002325717875,0.07776713478125,0.08823286521875,1815668681.2943528,1.64,0.079185822685,0.086814177315,0.00762835463,0.0,1.0,8000,0.000125,True,11710.714310439347,2.5234146116637007e-06,0.3828402433390994,0.2980297118678545,1955.2014469346511,6334.013305396017,True,tilde_q_mu,asymptotic,default,sidak_approx,observed,8.04**2 * RBF(length_scale=0.32),0.030398830418065,0.4145295057008868,0.1122551208056255,0.3195336652516375,0.0276353003800591,64.60000050077534,1641.3419126199044,399,60,339,416,17,0.04,0.3,0.000625,1.0,1e-08,1e+18,False,False,False,False,12,1.1,15.0,11.562518259515798,13.070730007639057,178.2372273768962,137.39141307138877,study_results/v4p2_followups_20260806/pseudo65/gp_window_ensemble_20260806/runs/window_2p25eq2p5/draw_02/attempt_01/results_single.csv,1,1,1,1,single_attempt_outside_55_75MeV,False,,,,,,,window_2p25eq2p5,2
2021,0.084,0.002338684,0.078737961,0.089262039,1803665927.1918256,1.64,0.08016455824,0.08783544176,0.00767088352,0.0,1.0,8000,0.000125,True,10720.686504543935,2.297773049700346e-06,0.456977652206638,0.1080509148074872,678.069506541435,6278.920314966606,True,tilde_q_mu,asymptotic,default,sidak_approx,observed,8.06**2 * RBF(length_scale=0.321),0.0302070440117673,0.4119142365241002,0.111546902564603,0.3206741610883536,0.0274609491016066,64.95765428909469,1641.442794693781,399,62,337,416,17,0.04,0.3,0.000625,1.0,1e-08,1e+18,False,False,False,False,12,1.1,15.0,11.67746096108498,12.916257182144893,176.13077975652126,137.11735364348226,study_results/v4p2_followups_20260806/pseudo65/gp_window_ensemble_20260806/runs/window_2p25eq2p5/draw_02/attempt_01/results_single.csv,1,1,1,1,single_attempt_outside_55_75MeV,False,,,,,,,window_2p25eq2p5,2
2021,0.085,0.002351821875,0.07970840078125,0.09029159921875,1790440672.4133158,1.64,0.081143012125,0.088856987875,0.0077139757499999,0.0,1.0,8000,0.000125,True,9251.718037036486,1.9740740965359537e-06,0.5,0.0,-1680.1920081450935,6173.883750716632,True,tilde_q_mu,asymptotic,default,sidak_approx,observed,8.04**2 * RBF(length_scale=0.32),0.0300219007615834,0.4093895558397742,0.1108632158033061,0.3199853729572066,0.0272926370559849,64.60038221972863,1647.0222371404982,400,64,336,416,16,0.04,0.3,0.000625,1.0,1e-08,1e+18,False,False,False,False,12,1.1,15.0,11.724238017045613,12.76538035499965,174.07336847726796,136.0585069637583,study_results/v4p2_followups_20260806/pseudo65/gp_window_ensemble_20260806/runs/window_2p25eq2p5/draw_02/attempt_01/results_single.csv,1,1,1,1,single_attempt_outside_55_75MeV,False,,,,,,,window_2p25eq2p5,2
2021,0.086,0.0023651315,0.080678454125,0.091321545875,1775696555.8627672,1.64,0.0821211843399999,0.08987881566,0.00775763132,0.0,1.0,8000,0.000125,True,8655.172048705334,1.840468648032396e-06,0.5,0.0,-3187.419465195173,6190.735743519019,True,tilde_q_mu,asymptotic,default,sidak_approx,observed,8.03**2 * RBF(length_scale=0.32),0.0298431710861948,0.4069523329935665,0.1102032127365311,0.3198063648580202,0.0271301555329044,64.51609799179039,1641.2705913760965,399,65,334,416,17,0.04,0.3,0.000625,1.0,1e-08,1e+18,False,False,False,False,12,1.1,15.0,11.787855932862144,12.61797540060452,172.0633009173344,135.21716016974963,study_results/v4p2_followups_20260806/pseudo65/gp_window_ensemble_20260806/runs/window_2p25eq2p5/draw_02/attempt_01/results_single.csv,1,1,1,1,single_attempt_outside_55_75MeV,False,,,,,,,window_2p25eq2p5,2
2021,0.087,0.002378612875,0.0816481210312499,0.09235187896875,1760136602.064715,1.64,0.083099074885,0.0909009251149999,0.0078018502299999,0.0,1.0,8000,0.000125,True,8067.897791761495,1.7108608287024529e-06,0.5,0.0,-4722.9896311659795,6156.622018774362,True,tilde_q_mu,asymptotic,default,sidak_approx,observed,7.97**2 * RBF(length_scale=0.318),0.0296706358506726,0.4045995797818991,0.1095660841549239,0.3182675772768717,0.0269733053187932,63.50279588201154,1640.478709740338,399,67,332,416,17,0.04,0.3,0.000625,1.0,1e-08,1e+18,False,False,False,False,12,1.1,15.0,11.79935397294907,12.47392384129452,170.098961472198,133.80385712276603,study_results/v4p2_followups_20260806/pseudo65/gp_window_ensemble_20260806/runs/window_2p25eq2p5/draw_02/attempt_01/results_single.csv,1,1,1,1,single_attempt_outside_55_75MeV,False,,,,,,,window_2p25eq2p5,2
2021,0.088,0.002392266,0.0826174014999999,0.0933825985,1743632625.119082,1.64,0.0840766837599999,0.09192331624,0.00784663248,0.0,1.0,8000,0.000125,True,7963.951186035238,1.6854305156958914e-06,0.5,0.0,-4863.986604167441,6117.474183784832,True,tilde_q_mu,asymptotic,default,sidak_approx,observed,7.94**2 * RBF(length_scale=0.318),0.0295040857789749,0.4023284424405671,0.1089510572554845,0.3177666370270272,0.0268218961627044,62.9643540953087,1640.4910721301917,399,68,331,416,17,0.04,0.3,0.000625,1.0,1e-08,1e+18,False,False,False,False,12,1.1,15.0,11.847284587913585,12.33311252969984,168.17880722317963,132.83081272192442,study_results/v4p2_followups_20260806/pseudo65/gp_window_ensemble_20260806/runs/window_2p25eq2p5/draw_02/attempt_01/results_single.csv,1,1,1,1,single_attempt_outside_55_75MeV,False,,,,,,,window_2p25eq2p5,2
2021,0.089,0.002406090875,0.08358629553125,0.09441370446875,1725874782.225614,1.64,0.085054010965,0.092945989035,0.00789197807,0.0,1.0,8000,0.000125,True,14613.20197139596,3.0893422161851695e-06,0.1271142431136487,1.1401387837491337,6676.422776905417,5855.053961726797,True,tilde_q_mu,asymptotic,default,sidak_approx,observed,0.684**2 * RBF(length_scale=0.295),0.0293433209056615,0.4001361941681125,0.1083573936168872,0.2945733087169696,0.0266757462778741,0.4680503258944022,1084.059380939588,399,70,329,416,17,0.04,0.3,0.000625,1.0,1e-08,1e+18,False,False,False,False,12,1.1,15.0,11.042739185193833,12.1954333523091,166.3013638951241,122.42817250905772,study_results/v4p2_followups_20260806/pseudo65/gp_window_ensemble_20260806/runs/window_2p25eq2p5/draw_02/attempt_01/results_single.csv,1,1,1,1,single_attempt_outside_55_75MeV,False,,,,,,,window_2p25eq2p5,2
2021,0.09,0.0024200875,0.084554803125,0.095445196875,1707421799.183081,1.64,0.0860310565,0.0939689435,0.007937887,0.0,1.0,8000,0.000125,True,9711.787069447377,2.052275887899261e-06,0.5,0.0,-448.4540262391662,6062.42875106521,True,tilde_q_mu,asymptotic,default,sidak_approx,observed,8.17**2 * RBF(length_scale=0.321),0.0291881500637943,0.3980202281426503,0.1077843873084286,0.3207988062441461,0.0265346818761766,66.81115038065825,1634.806583282961,398,71,327,416,18,0.04,0.3,0.000625,1.0,1e-08,1e+18,False,False,False,False,12,1.1,15.0,12.08979281308682,12.060782952597524,164.46522208087532,132.5566973277396,study_results/v4p2_followups_20260806/pseudo65/gp_window_ensemble_20260806/runs/window_2p25eq2p5/draw_02/attempt_01/results_single.csv,1,1,1,1,single_attempt_outside_55_75MeV,False,,,,,,,window_2p25eq2p5,2
2021,0.091,0.002434255875,0.08552292428125,0.09647707571875,1688209960.037576,1.64,0.087007820365,0.094992179635,0.0079843592699999,0.0,1.0,8000,0.000125,True,11721.94668431861,2.477717642818129e-06,0.3258072222032497,0.4515205126186735,2788.9746005369107,5976.101621743825,True,tilde_q_mu,asymptotic,default,sidak_approx,observed,8.17**2 * RBF(length_scale=0.32),0.0290383904062669,0.3959780509945498,0.1072313631224206,0.320316196776447,0.0263985367329699,66.67409120457782,1641.544853043412,399,73,326,416,17,0.04,0.3,0.000625,1.0,1e-08,1e+18,False,False,False,False,12,1.1,15.0,12.133861812741827,11.929062472229626,162.66903371222216,131.5869050850897,study_results/v4p2_followups_20260806/pseudo65/gp_window_ensemble_20260806/runs/window_2p25eq2p5/draw_02/attempt_01/results_single.csv,1,1,1,1,single_attempt_outside_55_75MeV,False,,,,,,,window_2p25eq2p5,2
2021,0.092,0.002448596,0.086490659,0.097509341,1668257878.789034,1.64,0.08798430256,0.0960156974399999,0.0080313948799999,0.0,1.0,8000,0.000125,True,12593.407230585712,2.6644781145728053e-06,0.2523317053854852,0.6671702201803263,3972.881421184863,5979.6074945822065,True,tilde_q_mu,asymptotic,default,sidak_approx,observed,8.1**2 * RBF(length_scale=0.321),0.0288938669580575,0.3940072767007851,0.1066976749207735,0.3206737979142252,0.0262671517800523,65.65987172945067,1638.3613617638184,398,74,324,416,18,0.04,0.3,0.000625,1.0,1e-08,1e+18,False,False,False,False,12,1.1,15.0,12.208167851595904,11.800177308979343,160.9115087588092,130.96231387873917,study_results/v4p2_followups_20260806/pseudo65/gp_window_ensemble_20260806/runs/window_2p25eq2p5/draw_02/attempt_01/results_single.csv,1,1,1,1,single_attempt_outside_55_75MeV,False,,,,,,,window_2p25eq2p5,2
2021,0.093,0.002463107875,0.08745800728125,0.09854199271875,1647188801.3305027,1.64,0.088960503085,0.097039496915,0.0080789938299999,0.0,1.0,8000,0.000125,True,12400.330800526735,2.628614283018924e-06,0.2580777855041216,0.6492828466033437,3813.7918127009207,5932.195413736415,True,tilde_q_mu,asymptotic,default,sidak_approx,observed,8.11**2 * RBF(length_scale=0.321),0.0287544121970801,0.3921056208692741,0.106182704087187,0.3212830383485675,0.0261403747246182,65.84215465312516,1639.1212914939952,398,76,322,416,18,0.04,0.3,0.000625,1.0,1e-08,1e+18,False,False,False,False,12,1.1,15.0,12.290682200741063,11.674036890113918,159.19141213791704,130.4380703782888,study_results/v4p2_followups_20260806/pseudo65/gp_window_ensemble_20260806/runs/window_2p25eq2p5/draw_02/attempt_01/results_single.csv,1,1,1,1,single_attempt_outside_55_75MeV,False,,,,,,,window_2p25eq2p5,2
2021,0.094,0.0024777915,0.088424969125,0.099575030875,1625450307.8031468,1.64,0.08993642194,0.09806357806,0.00812715612,0.0,1.0,8000,0.000125,True,10965.259561497252,2.33043657561832e-06,0.367408373137814,0.3387252114435721,1989.833139879174,5874.193282716128,True,tilde_q_mu,asymptotic,default,sidak_approx,observed,8.27**2 * RBF(length_scale=0.323),0.0286198656615447,0.3902708953847011,0.1056858580772325,0.3226285336595186,0.0260180596923134,68.47180022782577,1635.5700308868154,398,77,321,416,18,0.04,0.3,0.000625,1.0,1e-08,1e+18,False,False,False,False,12,1.1,15.0,12.400176549477042,11.550554460108833,157.50756081966588,130.20810413609,study_results/v4p2_followups_20260806/pseudo65/gp_window_ensemble_20260806/runs/window_2p25eq2p5/draw_02/attempt_01/results_single.csv,1,1,1,1,single_attempt_outside_55_75MeV,False,,,,,,,window_2p25eq2p5,2
2021,0.095,0.002492646875,0.08939154453125,0.10060845546875,1603496027.5520115,1.64,0.090912059125,0.099087940875,0.00817588175,0.0,1.0,8000,0.000125,True,9351.14573265511,1.99339449102858e-06,0.5,0.0,-447.8936353881841,5847.016893573371,True,tilde_q_mu,asymptotic,default,sidak_approx,observed,8.13**2 * RBF(length_scale=0.32),0.0284900735818755,0.3885010033892122,0.1052065690591188,0.3204367102638308,0.0259000668926141,66.14171854599526,1635.8591138469978,398,79,319,416,18,0.04,0.3,0.000625,1.0,1e-08,1e+18,False,False,False,False,12,1.1,15.0,12.372041801761094,11.429646881640853,155.85882111328436,128.55278999911724,study_results/v4p2_followups_20260806/pseudo65/gp_window_ensemble_20260806/runs/window_2p25eq2p5/draw_02/attempt_01/results_single.csv,1,1,1,1,single_attempt_outside_55_75MeV,False,,,,,,,window_2p25eq2p5,2
2021,0.096,0.002507674,0.0903577335,0.1016422665,1581239228.7143855,1.64,0.09188741464,0.10011258536,0.00822517072,0.0,1.0,8000,0.000125,True,7868.649820329896,1.683260480250502e-06,0.5,0.0,-3590.377574624559,5790.493192825254,True,tilde_q_mu,asymptotic,default,sidak_approx,observed,8.19**2 * RBF(length_scale=0.321),0.0283648885354218,0.3867939345739346,0.1047442926386298,0.3212036899251012,0.0257862623049289,67.11115079999334,1636.2194593191252,398,81,317,416,18,0.04,0.3,0.000625,1.0,1e-08,1e+18,False,False,False,False,12,1.1,15.0,12.45638806147194,11.311234448904392,154.24410612142353,128.08829613622072,study_results/v4p2_followups_20260806/pseudo65/gp_window_ensemble_20260806/runs/window_2p25eq2p5/draw_02/attempt_01/results_single.csv,1,1,1,1,single_attempt_outside_55_75MeV,False,,,,,,,window_2p25eq2p5,2
2021,0.097,0.002522872875,0.09132353603125,0.10267646396875,1558363770.3660083,1.64,0.092862488485,0.101137511515,0.0082750230299999,0.0,1.0,8000,0.000125,True,7224.468942219852,1.551976972902387e-06,0.5,0.0,-5414.016185354666,5739.490101249107,True,tilde_q_mu,asymptotic,default,sidak_approx,observed,8.22**2 * RBF(length_scale=0.322),0.02824416912233,0.3851477607590459,0.104298506662201,0.3217663604026423,0.0256765173839363,67.51199139191837,1636.196383635861,398,82,316,416,18,0.04,0.3,0.000625,1.0,1e-08,1e+18,False,False,False,False,12,1.1,15.0,12.531542171055646,11.195240712368449,152.66237335047882,127.53966463833112,study_results/v4p2_followups_20260806/pseudo65/gp_window_ensemble_20260806/runs/window_2p25eq2p5/draw_02/attempt_01/results_single.csv,1,1,1,1,single_attempt_outside_55_75MeV,False,,,,,,,window_2p25eq2p5,2
2021,0.098,0.0025382435,0.092288952125,0.103711047875,1534811175.2125387,1.64,0.09383728066,0.10216271934,0.0083254386799999,0.0,1.0,8000,0.000125,True,7166.232741706581,1.547140669543358e-06,0.5,0.0,-5364.254008497017,5686.776022235375,True,tilde_q_mu,asymptotic,default,sidak_approx,observed,8.24**2 * RBF(length_scale=0.322),0.0281277796610786,0.3835606317419815,0.1038687100926096,0.3222805084059362,0.0255707087827987,67.93025975174537,1636.5075186320232,398,84,314,416,18,0.04,0.3,0.000625,1.0,1e-08,1e+18,False,False,False,False,12,1.1,15.0,12.60350313882312,11.081592314164752,151.11262246588296,126.96989410430328,study_results/v4p2_followups_20260806/pseudo65/gp_window_ensemble_20260806/runs/window_2p25eq2p5/draw_02/attempt_01/results_single.csv,1,1,1,1,single_attempt_outside_55_75MeV,False,,,,,,,window_2p25eq2p5,2
2021,0.099,0.002553785875,0.09325398178125,0.10474601821875,1511028905.8514876,1.64,0.094811791165,0.103188208835,0.0083764176699999,0.0,1.0,8000,0.000125,True,7662.648958549778,1.6633777394078608e-06,0.5,0.0,-3673.797514821613,5679.216228706555,True,tilde_q_mu,asymptotic,default,sidak_approx,observed,8.23**2 * RBF(length_scale=0.322),0.0280155899022987,0.3820307713949833,0.1034544219521848,0.3220672332440873,0.0254687180929988,67.69398363440403,1631.082508529841,397,85,312,416,19,0.04,0.3,0.000625,1.0,1e-08,1e+18,False,False,False,False,12,1.1,15.0,12.645600460457436,10.970218833361969,149.59389318220866,126.11364030043724,study_results/v4p2_followups_20260806/pseudo65/gp_window_ensemble_20260806/runs/window_2p25eq2p5/draw_02/attempt_01/results_single.csv,1,1,1,1,single_attempt_outside_55_75MeV,False,,,,,,,window_2p25eq2p5,2
2021,0.1,0.0025695,0.094218625,0.105781375,1487397833.440122,1.64,0.09578602,0.10421398,0.00842796,0.0,1.0,8000,0.000125,True,8336.405190364701,1.8200008584021184e-06,0.5,0.0,-1631.2053954869464,5592.0576893104035,True,tilde_q_mu,asymptotic,default,sidak_approx,observed,8.19**2 * RBF(length_scale=0.322),0.027907474759607,0.3805564739946421,0.1030551803288439,0.3218326417972819,0.0253704315996428,67.09064633239151,1637.5013682441145,398,87,311,416,18,0.04,0.3,0.000625,1.0,1e-08,1e+18,False,False,False,False,12,1.1,15.0,12.685343587210124,10.861052640438642,148.10526327870872,125.25107678430898,study_results/v4p2_followups_20260806/pseudo65/gp_window_ensemble_20260806/runs/window_2p25eq2p5/draw_02/attempt_01/results_single.csv,1,1,1,1,single_attempt_outside_55_75MeV,False,,,,,,,window_2p25eq2p5,2
2021,0.101,0.002585385875,0.09518288178125,0.10681711821875,1463545807.7925766,1.64,0.096759967165,0.105240032835,0.00848006567,0.0,1.0,8000,0.000125,True,9304.889578545584,2.044106183253854e-06,0.4831065660092358,0.0423582225433127,236.11601817330632,5583.0330711187735,True,tilde_q_mu,asymptotic,default,sidak_approx,observed,8.2**2 * RBF(length_scale=0.322),0.0278033140562975,0.3791361007676941,0.1026705414406892,0.3222307302353506,0.0252757400511796,67.26750296931571,1631.854073670238,397,88,309,416,19,0.04,0.3,0.000625,1.0,1e-08,1e+18,False,False,False,False,12,1.1,15.0,12.748617036845662,10.754028760328694,146.64584673175492,124.63544933514056,study_results/v4p2_followups_20260806/pseudo65/gp_window_ensemble_20260806/runs/window_2p25eq2p5/draw_02/attempt_01/results_single.csv,1,1,1,1,single_attempt_outside_55_75MeV,False,,,,,,,window_2p25eq2p5,2
2021,0.102,0.0026014435,0.096146752125,0.1078532478749999,1439773239.9828668,1.64,0.09773363266,0.1062663673399999,0.0085327346799999,0.0,1.0,8000,0.000125,True,9817.276361723623,2.170784288881506e-06,0.411548741493456,0.2235628376724384,1145.742456388643,5532.549634316978,True,tilde_q_mu,asymptotic,default,sidak_approx,observed,8.3**2 * RBF(length_scale=0.323),0.0277029922867878,0.3777680766380165,0.1023000787550902,0.3230885464034326,0.0251845384425344,68.88578455127808,1632.3058683486852,397,90,307,416,19,0.04,0.3,0.000625,1.0,1e-08,1e+18,False,False,False,False,12,1.1,15.0,12.828845251250067,10.649084743446428,145.21479195608765,124.19587294647478,study_results/v4p2_followups_20260806/pseudo65/gp_window_ensemble_20260806/runs/window_2p25eq2p5/draw_02/attempt_01/results_single.csv,1,1,1,1,single_attempt_outside_55_75MeV,False,,,,,,,window_2p25eq2p5,2
2021,0.103,0.002617672875,0.0971102360312499,0.10888976396875,1415306075.6792226,1.64,0.098707016485,0.107292983515,0.00858596703,0.0,1.0,8000,0.000125,True,11063.304540269764,2.4644340108904065e-06,0.295345489620514,0.537834981285544,2956.574837206369,5500.190623873169,True,tilde_q_mu,asymptotic,default,sidak_approx,observed,8.11**2 * RBF(length_scale=0.321),0.0276063983918545,0.3764508871616523,0.1019433821586847,0.3207353949814062,0.0250967258107768,65.78013470988199,1630.3353264041143,397,91,306,416,19,0.04,0.3,0.000625,1.0,1e-08,1e+18,False,False,False,False,12,1.1,15.0,12.779969682088122,10.546160544164444,143.81128014769695,122.52692001532324,study_results/v4p2_followups_20260806/pseudo65/gp_window_ensemble_20260806/runs/window_2p25eq2p5/draw_02/attempt_01/results_single.csv,1,1,1,1,single_attempt_outside_55_75MeV,False,,,,,,,window_2p25eq2p5,2
2021,0.104,0.002634074,0.0980733335,0.1099266664999999,1390650623.4117515,1.64,0.09968011864,0.10831988136,0.00863976272,0.0,1.0,8000,0.000125,True,11877.181665399232,2.6667478101470845e-06,0.2267973114156133,0.7494357291105177,4100.36267678339,5466.797617766261,True,tilde_q_mu,asymptotic,default,sidak_approx,observed,7.98**2 * RBF(length_scale=0.319),0.0275134255467139,0.3751830756370089,0.1016000571748166,0.3191772627015347,0.0250122050424672,63.67543821253442,1630.6081933804307,397,93,304,416,19,0.04,0.3,0.000625,1.0,1e-08,1e+18,False,False,False,False,12,1.1,15.0,12.760860634223008,10.445198406238394,142.4345237214326,121.17247378074218,study_results/v4p2_followups_20260806/pseudo65/gp_window_ensemble_20260806/runs/window_2p25eq2p5/draw_02/attempt_01/results_single.csv,1,1,1,1,single_attempt_outside_55_75MeV,False,,,,,,,window_2p25eq2p5,2
2021,0.105,0.002650646875,0.0990360445312499,0.11096395546875,1366191403.4118524,1.64,0.100652939125,0.109347060875,0.00869412175,0.0,1.0,8000,0.000125,True,11795.456722895186,2.670138791813033e-06,0.232563596465352,0.7304303164239447,4027.4603339283576,5455.93812318976,True,tilde_q_mu,asymptotic,default,sidak_approx,observed,7.97**2 * RBF(length_scale=0.319),0.0274239709611162,0.3739632403788584,0.1012697242253318,0.3190447815360315,0.0249308826919238,63.51414734953707,1625.2610541974168,396,94,302,416,20,0.04,0.3,0.000625,1.0,1e-08,1e+18,False,False,False,False,12,1.1,15.0,12.797171503252986,10.346142754725216,141.08376483716202,120.3648756630517,study_results/v4p2_followups_20260806/pseudo65/gp_window_ensemble_20260806/runs/window_2p25eq2p5/draw_02/attempt_01/results_single.csv,1,1,1,1,single_attempt_outside_55_75MeV,False,,,,,,,window_2p25eq2p5,2
2021,0.106,0.0026673915,0.099998369125,0.112001630875,1341676381.151068,1.64,0.10162547794,0.11037452206,0.0087490441199999,0.0,1.0,8000,0.000125,True,11078.429899668616,2.5295571524431345e-06,0.2684624728380386,0.6174697230711859,3284.951180594454,5364.5999869913585,True,tilde_q_mu,asymptotic,default,sidak_approx,observed,8.13**2 * RBF(length_scale=0.321),0.0273379356906521,0.3727900321452559,0.1009520179337844,0.3211401343913334,0.0248526688096837,66.17461277521294,1628.5769393212368,397,96,301,416,19,0.04,0.3,0.000625,1.0,1e-08,1e+18,False,False,False,False,12,1.1,15.0,12.921756486216989,10.248940093965247,139.758274008617,120.39482557822254,study_results/v4p2_followups_20260806/pseudo65/gp_window_ensemble_20260806/runs/window_2p25eq2p5/draw_02/attempt_01/results_single.csv,1,1,1,1,single_attempt_outside_55_75MeV,False,,,,,,,window_2p25eq2p5,2
2021,0.107,0.002684307875,0.10096030728125,0.11303969271875,1317225676.2626095,1.64,0.102597735085,0.111402264915,0.0088045298299999,0.0,1.0,8000,0.000125,True,10617.62535032656,2.4462641659033692e-06,0.3020650642191323,0.5184703693696846,2757.491155511152,5320.402129212141,True,tilde_q_mu,asymptotic,default,sidak_approx,observed,8.12**2 * RBF(length_scale=0.321),0.0272552244585561,0.3716621517075835,0.1006465864674015,0.320826066017521,0.0247774767805055,65.86747908157352,1628.8495430220055,397,98,299,416,19,0.04,0.3,0.000625,1.0,1e-08,1e+18,False,False,False,False,12,1.1,15.0,12.948294487755938,10.153538911238387,138.45734878961437,119.51910174145766,study_results/v4p2_followups_20260806/pseudo65/gp_window_ensemble_20260806/runs/window_2p25eq2p5/draw_02/attempt_01/results_single.csv,1,1,1,1,single_attempt_outside_55_75MeV,False,,,,,,,window_2p25eq2p5,2
2021,0.108,0.002701396,0.101921859,0.114078141,1292640439.8447058,1.64,0.10356971056,0.11243028944,0.0088605788799999,0.0,1.0,8000,0.000125,True,9767.107782167115,2.2718748731093825e-06,0.3835420801646688,0.2961910802460186,1592.641138544416,5311.466667568528,True,tilde_q_mu,asymptotic,default,sidak_approx,observed,8.09**2 * RBF(length_scale=0.32),0.0271757454873275,0.3705783475544666,0.1003530909153006,0.32039077930118,0.0247052231702977,65.45678223309977,1624.7745548611038,396,99,297,416,20,0.04,0.3,0.000625,1.0,1e-08,1e+18,False,False,False,False,12,1.1,15.0,12.968544226160832,10.059889585728104,137.18031253265593,118.60193000255424,study_results/v4p2_followups_20260806/pseudo65/gp_window_ensemble_20260806/runs/window_2p25eq2p5/draw_02/attempt_01/results_single.csv,1,1,1,1,single_attempt_outside_55_75MeV,False,,,,,,,window_2p25eq2p5,2
2021,0.109,0.002718655875,0.10288302428125,0.11511697571875,1268214292.8765628,1.64,0.104541404365,0.1134585956349999,0.0089171912699999,0.0,1.0,8000,0.000125,True,9147.052444263994,2.148730506766108e-06,0.4422207428948246,0.1453412017369223,858.4879161926519,5227.202528639114,True,tilde_q_mu,asymptotic,default,sidak_approx,observed,8.09**2 * RBF(length_scale=0.321),0.0270994103395402,0.3695374137210039,0.1000712047006427,0.3206648306790283,0.0246358275814002,65.51482237709764,1630.8883129579608,397,101,296,416,19,0.04,0.3,0.000625,1.0,1e-08,1e+18,False,False,False,False,12,1.1,15.0,13.016198851835048,9.967944302454349,135.92651321528655,117.94976834978362,study_results/v4p2_followups_20260806/pseudo65/gp_window_ensemble_20260806/runs/window_2p25eq2p5/draw_02/attempt_01/results_single.csv,1,1,1,1,single_attempt_outside_55_75MeV,False,,,,,,,window_2p25eq2p5,2
2021,0.11,0.0027360875,0.103843803125,0.116156196875,1243647528.4440663,1.64,0.1055128165,0.1144871835,0.008974367,0.0,1.0,8000,0.000125,True,8351.484832847447,1.9824106515438033e-06,0.5,0.0,-391.0548413741362,5216.443143786372,True,tilde_q_mu,asymptotic,default,sidak_approx,observed,8.08**2 * RBF(length_scale=0.32),0.0270261337672677,0.3685381877354698,0.0998006130245964,0.3202475947153033,0.0245692125156979,65.26032710054733,1625.2852135737894,396,102,294,416,20,0.04,0.3,0.000625,1.0,1e-08,1e+18,False,False,False,False,12,1.1,15.0,13.034507903364332,9.87765697086361,134.69532232995832,117.0458162304032,study_results/v4p2_followups_20260806/pseudo65/gp_window_ensemble_20260806/runs/window_2p25eq2p5/draw_02/attempt_01/results_single.csv,1,1,1,1,single_attempt_outside_55_75MeV,False,,,,,,,window_2p25eq2p5,2
2021,0.111,0.002753690875,0.10480419553125,0.11719580446875,1219296431.1209323,1.64,0.106483946965,0.115516053035,0.0090321060699999,0.0,1.0,8000,0.000125,True,7762.988523221816,1.8625870741682024e-06,0.4998622584051908,0.0003452669830012,-1344.0384187023442,5167.897450159488,True,tilde_q_mu,asymptotic,default,sidak_approx,observed,8.07**2 * RBF(length_scale=0.32),0.0269558335695793,0.3675795486760824,0.0995410123401082,0.3199703923995853,0.0245053032450721,65.06158755198015,1625.1404318321784,396,104,292,416,20,0.04,0.3,0.000625,1.0,1e-08,1e+18,False,False,False,False,12,1.1,15.0,13.05718967031877,9.788983147783204,133.4861338334073,116.19691785469033,study_results/v4p2_followups_20260806/pseudo65/gp_window_ensemble_20260806/runs/window_2p25eq2p5/draw_02/attempt_01/results_single.csv,1,1,1,1,single_attempt_outside_55_75MeV,False,,,,,,,window_2p25eq2p5,2
2021,0.112,0.002771466,0.1057642015,0.1182357985,1195083180.8359652,1.64,0.10745479576,0.11654520424,0.00909040848,0.0,1.0,8000,0.000125,True,7097.252433629359,1.72184485582305e-06,0.5,0.0,-2809.408104171407,5128.626931441991,True,tilde_q_mu,asymptotic,default,sidak_approx,observed,7.98**2 * RBF(length_scale=0.318),0.0268884304576102,0.3666604153310482,0.0992921098536402,0.3184551264015124,0.0244440276887365,63.62341437115042,1625.830373970413,396,105,291,416,20,0.04,0.3,0.000625,1.0,1e-08,1e+18,False,False,False,False,12,1.1,15.0,13.027931830900844,9.70187996447014,132.29836315186554,114.9049370988179,study_results/v4p2_followups_20260806/pseudo65/gp_window_ensemble_20260806/runs/window_2p25eq2p5/draw_02/attempt_01/results_single.csv,1,1,1,1,single_attempt_outside_55_75MeV,False,,,,,,,window_2p25eq2p5,2
2021,0.113,0.002789412875,0.10672382103125,0.11927617896875,1171074447.656905,1.64,0.108425362885,0.117574637115,0.00914927423,0.0,1.0,8000,0.000125,True,6918.629962804344,1.6977630482824157e-06,0.5,0.0,-3079.9851255403587,5075.131696655685,True,tilde_q_mu,asymptotic,default,sidak_approx,observed,8.05**2 * RBF(length_scale=0.319),0.0268238479267369,0.3657797444555033,0.0990536230531478,0.3193869868290087,0.0243853162970335,64.7666376204261,1626.15528846916,396,107,289,416,20,0.04,0.3,0.000625,1.0,1e-08,1e+18,False,False,False,False,12,1.1,15.0,13.097512574313493,9.616306057502122,131.1314462386653,114.49971773325552,study_results/v4p2_followups_20260806/pseudo65/gp_window_ensemble_20260806/runs/window_2p25eq2p5/draw_02/attempt_01/results_single.csv,1,1,1,1,single_attempt_outside_55_75MeV,False,,,,,,,window_2p25eq2p5,2
2021,0.114,0.0028075315,0.107683054125,0.120316945875,1146935681.7505815,1.64,0.10939564834,0.11860435166,0.00920870332,0.0,1.0,8000,0.000125,True,6770.137596194653,1.681409519962523e-06,0.5,0.0,-3427.952242245606,5055.98028478264,True,tilde_q_mu,asymptotic,default,sidak_approx,observed,8.03**2 * RBF(length_scale=0.319),0.0267620121354335,0.3649365291195483,0.0988252792607253,0.3193037938977593,0.0243291019413032,64.41948858356349,1620.9991798193432,395,108,287,416,21,0.04,0.3,0.000625,1.0,1e-08,1e+18,False,False,False,False,12,1.1,15.0,13.124355953134511,9.532221503279144,129.9848386810792,113.73115275741672,study_results/v4p2_followups_20260806/pseudo65/gp_window_ensemble_20260806/runs/window_2p25eq2p5/draw_02/attempt_01/results_single.csv,1,1,1,1,single_attempt_outside_55_75MeV,False,,,,,,,window_2p25eq2p5,2
2021,0.115,0.002825821875,0.10864190078125,0.12135809921875,1123372222.1676126,1.64,0.110365652125,0.119634347875,0.00926869575,0.0,1.0,8000,0.000125,True,6651.27253171768,1.6718724605838455e-06,0.5,0.0,-3410.005236843531,4976.255172461202,True,tilde_q_mu,asymptotic,default,sidak_approx,observed,8.05**2 * RBF(length_scale=0.32),0.026702851790388,0.3641297971416546,0.0986068152083701,0.3196822138906606,0.0242753198094436,64.87421152705966,1626.0720714884928,396,110,286,416,20,0.04,0.3,0.000625,1.0,1e-08,1e+18,False,False,False,False,12,1.1,15.0,13.16902172247787,9.4495877559119,128.85801485334406,113.12893311460428,study_results/v4p2_followups_20260806/pseudo65/gp_window_ensemble_20260806/runs/window_2p25eq2p5/draw_02/attempt_01/results_single.csv,1,1,1,1,single_attempt_outside_55_75MeV,False,,,,,,,window_2p25eq2p5,2
2021,0.116,0.002844284,0.109600361,0.122399639,1099793946.70252,1.64,0.11133537424,0.12066462576,0.0093292515199999,0.0,1.0,8000,0.000125,True,6619.6491403878645,1.684944417650838e-06,0.5,0.0,-3451.669200049789,4964.368465213582,True,tilde_q_mu,asymptotic,default,sidak_approx,observed,7.98**2 * RBF(length_scale=0.319),0.0266462980375249,0.3633586096026131,0.0983979766355584,0.3186319753525852,0.0242239073068408,63.71585519278207,1620.501710292696,395,111,284,416,21,0.04,0.3,0.000625,1.0,1e-08,1e+18,False,False,False,False,12,1.1,15.0,13.153616025545263,9.368367588301648,127.75046711320428,112.0253727660758,study_results/v4p2_followups_20260806/pseudo65/gp_window_ensemble_20260806/runs/window_2p25eq2p5/draw_02/attempt_01/results_single.csv,1,1,1,1,single_attempt_outside_55_75MeV,False,,,,,,,window_2p25eq2p5,2
2021,0.117,0.002862917875,0.11055843478125,0.12344156521875,1076409135.485572,1.64,0.112304814685,0.121695185315,0.00939037063,0.0,1.0,8000,0.000125,True,6969.78963196439,1.7971170121699383e-06,0.5,0.0,-2226.230627713136,4907.664872049653,True,tilde_q_mu,asymptotic,default,sidak_approx,observed,8.11**2 * RBF(length_scale=0.32),0.0265922843585697,0.3626220594350426,0.0981985179072823,0.3203760728035351,0.0241748039623361,65.77254576787678,1621.432636424522,395,113,282,416,21,0.04,0.3,0.000625,1.0,1e-08,1e+18,False,False,False,False,12,1.1,15.0,13.252478626204132,9.288525036216694,126.66170503931852,111.90543591947606,study_results/v4p2_followups_20260806/pseudo65/gp_window_ensemble_20260806/runs/window_2p25eq2p5/draw_02/attempt_01/results_single.csv,1,1,1,1,single_attempt_outside_55_75MeV,False,,,,,,,window_2p25eq2p5,2
2021,0.118,0.0028817235,0.1115161221249999,0.124483877875,1053178929.4199272,1.64,0.11327397346,0.1227260265399999,0.0094520530799999,0.0,1.0,8000,0.000125,True,7480.212867738028,1.954563165009088e-06,0.5,0.0,-904.363895559966,4859.585012422455,True,tilde_q_mu,asymptotic,default,sidak_approx,observed,8.13**2 * RBF(length_scale=0.32),0.0265407464728296,0.3619192700840412,0.0980082016513522,0.3204893670416758,0.024127951338936,66.16377018232639,1622.6659389840916,395,114,281,416,21,0.04,0.3,0.000625,1.0,1e-08,1e+18,False,False,False,False,12,1.1,15.0,13.282908380393298,9.21002534519002,125.59125470713664,111.21447531023564,study_results/v4p2_followups_20260806/pseudo65/gp_window_ensemble_20260806/runs/window_2p25eq2p5/draw_02/attempt_01/results_single.csv,1,1,1,1,single_attempt_outside_55_75MeV,False,,,,,,,window_2p25eq2p5,2
2021,0.119,0.002900700875,0.1124734230312499,0.12552657696875,1030627124.242168,1.64,0.114242850565,0.1237571494349999,0.0095142988699999,0.0,1.0,8000,0.000125,True,8100.282392711797,2.1447246934296855e-06,0.480095431870085,0.0499140716328226,280.4117180543938,4817.451999621056,True,tilde_q_mu,asymptotic,default,sidak_approx,observed,8.1**2 * RBF(length_scale=0.32),0.0264916222438949,0.3612493942349304,0.0978267984138683,0.3202960776847111,0.0240832929489953,65.66876372589184,1625.094888705792,395,116,279,416,21,0.04,0.3,0.000625,1.0,1e-08,1e+18,False,False,False,False,12,1.1,15.0,13.29951341633588,9.13283492007596,124.53865800103584,110.4202368624828,study_results/v4p2_followups_20260806/pseudo65/gp_window_ensemble_20260806/runs/window_2p25eq2p5/draw_02/attempt_01/results_single.csv,1,1,1,1,single_attempt_outside_55_75MeV,False,,,,,,,window_2p25eq2p5,2
2021,0.12,0.00291985,0.1134303374999999,0.1265696624999999,1008026180.837055,1.64,0.115211446,0.124788554,0.009577108,0.0,1.0,8000,0.000125,True,8700.486190727232,2.3356641032929674e-06,0.3968662518395509,0.2614668587640967,1249.7007419808058,4797.822471467256,True,tilde_q_mu,asymptotic,default,sidak_approx,observed,8.08**2 * RBF(length_scale=0.32),0.0264448515909636,0.3606116126040493,0.0976540863317667,0.3201778799487674,0.0240407741736032,65.35285446861177,1619.893385083455,394,117,277,416,22,0.04,0.3,0.000625,1.0,1e-08,1e+18,False,False,False,False,12,1.1,15.0,13.318118527993244,9.05692127710794,123.5034719605628,109.6555918792977,study_results/v4p2_followups_20260806/pseudo65/gp_window_ensemble_20260806/runs/window_2p25eq2p5/draw_02/attempt_01/results_single.csv,1,1,1,1,single_attempt_outside_55_75MeV,False,,,,,,,window_2p25eq2p5,2
2021,0.121,0.002939170875,0.1143868655312499,0.12761313446875,985440224.1699862,1.64,0.116179759765,0.125820240235,0.0096404804699999,0.0,1.0,8000,0.000125,True,9219.39226549799,2.5107678553840788e-06,0.3234284965113195,0.4581328589375504,2163.8232365699237,4724.089787588583,True,tilde_q_mu,asymptotic,default,sidak_approx,observed,8.14**2 * RBF(length_scale=0.321),0.0264003764045369,0.3600051327891407,0.0974898508215015,0.3207877017984523,0.0240003421859427,66.22135136663948,1624.2060468072011,395,119,276,416,21,0.04,0.3,0.000625,1.0,1e-08,1e+18,False,False,False,False,12,1.1,15.0,13.365963673065522,8.982252998317762,122.48526815887854,109.14224297981733,study_results/v4p2_followups_20260806/pseudo65/gp_window_ensemble_20260806/runs/window_2p25eq2p5/draw_02/attempt_01/results_single.csv,1,1,1,1,single_attempt_outside_55_75MeV,False,,,,,,,window_2p25eq2p5,2
2021,0.122,0.0029586635,0.115343007125,0.128656992875,963312661.4875358,1.64,0.11714779186,0.12685220814,0.00970441628,0.0,1.0,8000,0.000125,True,9647.264290908432,2.665612395034464e-06,0.2928762620326419,0.5450014445959421,2847.825428595743,4682.24409488466,True,tilde_q_mu,asymptotic,default,sidak_approx,observed,8.1**2 * RBF(length_scale=0.32),0.0263581404662262,0.3594291881758127,0.0973338842829142,0.3200947765345462,0.0239619458783875,65.5969770131229,1625.1120786080346,395,121,274,416,21,0.04,0.3,0.000625,1.0,1e-08,1e+18,False,False,False,False,12,1.1,15.0,13.3584633801905,8.908799688178892,121.48363211153033,108.1889767236275,study_results/v4p2_followups_20260806/pseudo65/gp_window_ensemble_20260806/runs/window_2p25eq2p5/draw_02/attempt_01/results_single.csv,1,1,1,1,single_attempt_outside_55_75MeV,False,,,,,,,window_2p25eq2p5,2
2021,0.123,0.002978327875,0.11629876228125,0.12970123771875,941612336.1342888,1.64,0.118115542285,0.127884457715,0.00976891543,0.0,1.0,8000,0.000125,True,9453.122300575107,2.6504398196310253e-06,0.2874052728629228,0.5609809178627614,2622.242315081683,4658.351087566734,True,tilde_q_mu,asymptotic,default,sidak_approx,observed,8.16**2 * RBF(length_scale=0.321),0.026318089372443,0.3588830368969509,0.0971859858174404,0.3210698989233625,0.02392553579313,66.58948362515326,1620.7705839245064,394,122,272,416,22,0.04,0.3,0.000625,1.0,1e-08,1e+18,False,False,False,False,12,1.1,15.0,13.41954895804482,8.836531932349143,120.49816271385194,107.80206625953244,study_results/v4p2_followups_20260806/pseudo65/gp_window_ensemble_20260806/runs/window_2p25eq2p5/draw_02/attempt_01/results_single.csv,1,1,1,1,single_attempt_outside_55_75MeV,False,,,,,,,window_2p25eq2p5,2
2021,0.124,0.002998164,0.117254131,0.130745869,920037116.668702,1.64,0.1190830110399999,0.12891698896,0.00983397792,0.0,1.0,8000,0.000125,True,8991.758723367984,2.5593962751321115e-06,0.3195643493461264,0.4689173717508166,2154.0963333627697,4587.773513160459,True,tilde_q_mu,asymptotic,default,sidak_approx,observed,8.15**2 * RBF(length_scale=0.321),0.0262801704617562,0.3583659608421308,0.0970459609598579,0.320796165475162,0.023891064056142,66.40615353992006,1627.0201621549254,395,124,271,416,21,0.04,0.3,0.000625,1.0,1e-08,1e+18,False,False,False,False,12,1.1,15.0,13.427454077445743,8.765421258395557,119.52847170539395,106.99753765143002,study_results/v4p2_followups_20260806/pseudo65/gp_window_ensemble_20260806/runs/window_2p25eq2p5/draw_02/attempt_01/results_single.csv,1,1,1,1,single_attempt_outside_55_75MeV,False,,,,,,,window_2p25eq2p5,2
2021,0.125,0.003018171875,0.11820911328125,0.13179088671875,898531012.9433209,1.64,0.120050198125,0.129949801875,0.00989960375,0.0,1.0,8000,0.000125,True,8901.110243567413,2.57348130435859e-06,0.3257393947535025,0.4517087838054224,2065.8561902021847,4572.935914173873,True,tilde_q_mu,asymptotic,default,sidak_approx,observed,8.1**2 * RBF(length_scale=0.32),0.0262443327457108,0.3578772647142392,0.0969136214228183,0.3196982801788733,0.0238584843142826,65.54470590855861,1622.4743452518685,394,125,269,416,22,0.04,0.3,0.000625,1.0,1e-08,1e+18,False,False,False,False,12,1.1,15.0,13.39977326168576,8.695440098390975,118.57418315987692,105.92447793546326,study_results/v4p2_followups_20260806/pseudo65/gp_window_ensemble_20260806/runs/window_2p25eq2p5/draw_02/attempt_01/results_single.csv,1,1,1,1,single_attempt_outside_55_75MeV,False,,,,,,,window_2p25eq2p5,2
2021,0.126,0.0030383515,0.119163709125,0.132836290875,877660484.0400469,1.64,0.12101710354,0.13098289646,0.0099657929199999,0.0,1.0,8000,0.000125,True,8411.099732282466,2.4698786408537295e-06,0.3735077254973638,0.3225772160493956,1477.2456336959854,4527.079901593416,True,tilde_q_mu,asymptotic,default,sidak_approx,observed,8.05**2 * RBF(length_scale=0.319),0.0262105268429174,0.3574162751306931,0.0967887848534561,0.3194139583094794,0.0238277516753795,64.85141295244416,1621.4827779156017,394,127,267,416,22,0.04,0.3,0.000625,1.0,1e-08,1e+18,False,False,False,False,12,1.1,15.0,13.405123683554235,8.626561753278871,117.63493299925732,105.12738842411068,study_results/v4p2_followups_20260806/pseudo65/gp_window_ensemble_20260806/runs/window_2p25eq2p5/draw_02/attempt_01/results_single.csv,1,1,1,1,single_attempt_outside_55_75MeV,False,,,,,,,window_2p25eq2p5,2
2021,0.127,0.003058702875,0.12011791853125,0.13388208146875,857126402.643784,1.64,0.121983727285,0.132016272715,0.0100325454299999,0.0,1.0,8000,0.000125,True,8434.397089517792,2.5160853646039097e-06,0.3603392053025168,0.3575522596669532,1615.2607781398133,4479.746386668322,True,tilde_q_mu,asymptotic,default,sidak_approx,observed,8.05**2 * RBF(length_scale=0.319),0.0261787049162304,0.3569823397667782,0.0966712746014036,0.3194139210473253,0.0237988226511185,64.7639129067021,1621.4988620703734,394,128,266,416,22,0.04,0.3,0.000625,1.0,1e-08,1e+18,False,False,False,False,12,1.1,15.0,13.421416921744775,8.558760358908806,116.71036853057464,104.42790100928822,study_results/v4p2_followups_20260806/pseudo65/gp_window_ensemble_20260806/runs/window_2p25eq2p5/draw_02/attempt_01/results_single.csv,1,1,1,1,single_attempt_outside_55_75MeV,False,,,,,,,window_2p25eq2p5,2
2021,0.128,0.003079226,0.1210717415,0.1349282585,836870911.2847852,1.64,0.12295006936,0.13304993064,0.01009986128,0.0,1.0,8000,0.000125,True,8292.071721349557,2.513706277474778e-06,0.3617172309492355,0.3538724668433027,1543.8397941440132,4428.45638106157,True,tilde_q_mu,asymptotic,default,sidak_approx,observed,8.13**2 * RBF(length_scale=0.321),0.0261488206128557,0.3565748265389423,0.0965609194976257,0.3205358510243087,0.0237716551025961,66.07547128086219,1621.6348277145737,394,130,264,416,22,0.04,0.3,0.000625,1.0,1e-08,1e+18,False,False,False,False,12,1.1,15.0,13.48395177537732,8.492010853654708,115.80014800438238,104.09624075150988,study_results/v4p2_followups_20260806/pseudo65/gp_window_ensemble_20260806/runs/window_2p25eq2p5/draw_02/attempt_01/results_single.csv,1,1,1,1,single_attempt_outside_55_75MeV,False,,,,,,,window_2p25eq2p5,2
2021,0.129,0.003099920875,0.12202517803125,0.13597482196875,816661383.882061,1.64,0.123916129765,0.134083870235,0.01016774047,0.0,1.0,8000,0.000125,True,8474.635684326895,2.6122168640311445e-06,0.3335663453628554,0.4300865401190523,1847.4866155887407,4404.144344875644,True,tilde_q_mu,asymptotic,default,sidak_approx,observed,8.13**2 * RBF(length_scale=0.32),0.0261208290072193,0.3561931228257187,0.096457553643445,0.3204625110478284,0.0237462081883812,66.09894661426507,1616.6029702378728,393,131,262,416,23,0.04,0.3,0.000625,1.0,1e-08,1e+18,False,False,False,False,12,1.1,15.0,13.495312957149396,8.426288947526562,114.90394019354402,103.37764219476358,study_results/v4p2_followups_20260806/pseudo65/gp_window_ensemble_20260806/runs/window_2p25eq2p5/draw_02/attempt_01/results_single.csv,1,1,1,1,single_attempt_outside_55_75MeV,False,,,,,,,window_2p25eq2p5,2
2021,0.13,0.0031207875,0.122978228125,0.137021771875,796778619.4646972,1.64,0.1248819085,0.1351180915,0.010236183,0.0,1.0,8000,0.000125,True,8236.446556352283,2.5821340382628045e-06,0.3523845532939138,0.3788905976198831,1669.7931199732589,4333.443834339301,True,tilde_q_mu,asymptotic,default,sidak_approx,observed,8.14**2 * RBF(length_scale=0.321),0.0260946865464589,0.3558366347244401,0.0963610162092589,0.3206490387360193,0.0237224423149626,66.28703277079661,1622.267512454202,394,133,261,416,22,0.04,0.3,0.000625,1.0,1e-08,1e+18,False,False,False,False,12,1.1,15.0,13.516695898287562,8.36157109269982,114.0214239913612,102.74619426539591,study_results/v4p2_followups_20260806/pseudo65/gp_window_ensemble_20260806/runs/window_2p25eq2p5/draw_02/attempt_01/results_single.csv,1,1,1,1,single_attempt_outside_55_75MeV,False,,,,,,,window_2p25eq2p5,2
2021,0.131,0.003141825875,0.12393089178125,0.13806910821875,777717056.7816086,1.64,0.125847405565,0.136152594435,0.0103051888699999,0.0,1.0,8000,0.000125,True,7610.616140132748,2.425754357802063e-06,0.4240836604093408,0.1914573134214225,827.7400604968042,4305.6871093413465,True,tilde_q_mu,asymptotic,default,sidak_approx,observed,8.19**2 * RBF(length_scale=0.321),0.0260703509983903,0.3555047863416871,0.0962711512423922,0.3214872398284087,0.0237003190894458,67.10410784636923,1615.7051608896254,393,134,259,416,23,0.04,0.3,0.000625,1.0,1e-08,1e+18,False,False,False,False,12,1.1,15.0,13.564679809377456,8.297834455383493,113.1522880279567,102.32497045317912,study_results/v4p2_followups_20260806/pseudo65/gp_window_ensemble_20260806/runs/window_2p25eq2p5/draw_02/attempt_01/results_single.csv,1,1,1,1,single_attempt_outside_55_75MeV,False,,,,,,,window_2p25eq2p5,2
2021,0.132,0.003163036,0.124883169,0.139116831,758729637.4451472,1.64,0.12681262096,0.13718737904,0.0103747580799999,0.0,1.0,8000,0.000125,True,6751.544210783167,2.1890821411148672e-06,0.5,0.0,-427.8315443048618,4255.3344539495265,True,tilde_q_mu,asymptotic,default,sidak_approx,observed,8.27**2 * RBF(length_scale=0.323),0.0260477814018274,0.3551970191158293,0.0961878074836403,0.322683259935183,0.0236798012743886,68.45943136659233,1615.2099123184162,393,136,257,416,23,0.04,0.3,0.000625,1.0,1e-08,1e+18,False,False,False,False,12,1.1,15.0,13.626941214417526,8.235056888959685,112.2962303039957,102.01694193021608,study_results/v4p2_followups_20260806/pseudo65/gp_window_ensemble_20260806/runs/window_2p25eq2p5/draw_02/attempt_01/results_single.csv,1,1,1,1,single_attempt_outside_55_75MeV,False,,,,,,,window_2p25eq2p5,2
2021,0.133,0.003184417875,0.12583505978125,0.14016494021875,740120080.2932594,1.64,0.127777554685,0.138222445315,0.0104448906299999,0.0,1.0,8000,0.000125,True,6296.221058270361,2.07704574405282e-06,0.5,0.0,-1192.2530091030424,4214.698344787213,True,tilde_q_mu,asymptotic,default,sidak_approx,observed,8.18**2 * RBF(length_scale=0.321),0.0260269380191233,0.3549127911698635,0.0961108381920171,0.3213349713868814,0.0236608527446575,66.99064807433946,1612.0916759751408,393,137,256,416,23,0.04,0.3,0.000625,1.0,1e-08,1e+18,False,False,False,False,12,1.1,15.0,13.580870260875797,8.173216908325301,111.45295784079954,100.90854404178388,study_results/v4p2_followups_20260806/pseudo65/gp_window_ensemble_20260806/runs/window_2p25eq2p5/draw_02/attempt_01/results_single.csv,1,1,1,1,single_attempt_outside_55_75MeV,False,,,,,,,window_2p25eq2p5,2
2021,0.134,0.0032059715,0.126786564125,0.141213435875,721731213.3148873,1.64,0.12874220674,0.13925779326,0.01051558652,0.0,1.0,8000,0.000125,True,5924.227278371149,1.989167464848826e-06,0.5,0.0,-1915.6446346753137,4176.6424777407165,True,tilde_q_mu,asymptotic,default,sidak_approx,observed,8.11**2 * RBF(length_scale=0.32),0.0260077822908281,0.3546515766931113,0.0960401009773177,0.320320461706356,0.0236434384462074,65.73173496132728,1613.756557656338,393,139,254,416,23,0.04,0.3,0.000625,1.0,1e-08,1e+18,False,False,False,False,12,1.1,15.0,13.54796437223528,8.112293665376676,110.62218634604557,99.91369595966648,study_results/v4p2_followups_20260806/pseudo65/gp_window_ensemble_20260806/runs/window_2p25eq2p5/draw_02/attempt_01/results_single.csv,1,1,1,1,single_attempt_outside_55_75MeV,False,,,,,,,window_2p25eq2p5,2
2021,0.135,0.003227696875,0.12773768203125,0.14226231796875,703839749.1336825,1.64,0.129706577125,0.140293422875,0.01058684575,0.0,1.0,8000,0.000125,True,5522.719310037363,1.8874060145212464e-06,0.5,0.0,-2909.6645187582617,4150.285480930727,True,tilde_q_mu,asymptotic,default,sidak_approx,observed,8.16**2 * RBF(length_scale=0.321),0.025990276792342,0.3544128653501188,0.0959754576400479,0.3209990859065037,0.0236275243566745,66.6294959185814,1608.5935816860624,392,140,252,416,24,0.04,0.3,0.000625,1.0,1e-08,1e+18,False,False,False,False,12,1.1,15.0,13.585811236962032,8.052266925574306,109.80363989419509,99.4514349822592,study_results/v4p2_followups_20260806/pseudo65/gp_window_ensemble_20260806/runs/window_2p25eq2p5/draw_02/attempt_01/results_single.csv,1,1,1,1,single_attempt_outside_55_75MeV,False,,,,,,,window_2p25eq2p5,2
2021,0.136,0.003249594,0.1286884135,0.1433115865,686424779.2721932,1.64,0.13067066584,0.14132933416,0.01065866832,0.0,1.0,8000,0.000125,True,5263.083848267484,1.830747079231854e-06,0.5,0.0,-3428.8379444116094,4082.974637690049,True,tilde_q_mu,asymptotic,default,sidak_approx,observed,8.25**2 * RBF(length_scale=0.322),0.0259743851924713,0.3541961617155187,0.0959167740183841,0.3221357107318952,0.0236130774477012,68.09691675634622,1613.9712767670694,393,142,251,416,23,0.04,0.3,0.000625,1.0,1e-08,1e+18,False,False,False,False,12,1.1,15.0,13.64225867828403,7.993117045535957,108.99705062094486,99.13106398272993,study_results/v4p2_followups_20260806/pseudo65/gp_window_ensemble_20260806/runs/window_2p25eq2p5/draw_02/attempt_01/results_single.csv,1,1,1,1,single_attempt_outside_55_75MeV,False,,,,,,,window_2p25eq2p5,2
2021,0.137,0.003271662875,0.12963875853125,0.14436124146875,669116428.5880822,1.64,0.131634472885,0.142365527115,0.0107310542299999,0.0,1.0,8000,0.000125,True,5282.56306905549,1.8712954113296309e-06,0.5,0.0,-3253.165775240564,4062.071961637652,True,tilde_q_mu,asymptotic,default,sidak_approx,observed,8.24**2 * RBF(length_scale=0.322),0.0259600722137896,0.3540009847334957,0.0958639198417955,0.3218427277810425,0.0236000656488997,67.81545228153765,1609.9628018448907,392,143,249,416,24,0.04,0.3,0.000625,1.0,1e-08,1e+18,False,False,False,False,12,1.1,15.0,13.637365784024738,7.93482495160498,108.20215843097698,98.37282754294864,study_results/v4p2_followups_20260806/pseudo65/gp_window_ensemble_20260806/runs/window_2p25eq2p5/draw_02/attempt_01/results_single.csv,1,1,1,1,single_attempt_outside_55_75MeV,False,,,,,,,window_2p25eq2p5,2
2021,0.138,0.0032939035,0.130588717125,0.145411282875,652262296.7982231,1.64,0.13259799826,0.14340200174,0.0108040034799999,0.0,1.0,8000,0.000125,True,5454.890116801292,1.967906983215289e-06,0.5,0.0,-2529.9689343031737,4024.396134838956,True,tilde_q_mu,asymptotic,default,sidak_approx,observed,8.17**2 * RBF(length_scale=0.321),0.0259473035947063,0.3538268672005407,0.095816768590974,0.3211071799841057,0.0235884578133693,66.7078917970551,1609.0786235533446,392,145,247,416,24,0.04,0.3,0.000625,1.0,1e-08,1e+18,False,False,False,False,12,1.1,15.0,13.612894175816352,7.877372119342997,107.41871071831358,97.48530276740216,study_results/v4p2_followups_20260806/pseudo65/gp_window_ensemble_20260806/runs/window_2p25eq2p5/draw_02/attempt_01/results_single.csv,1,1,1,1,single_attempt_outside_55_75MeV,False,,,,,,,window_2p25eq2p5,2
2021,0.139,0.003316315875,0.13153828928125,0.14646171071875,635785521.2448627,1.64,0.133561241965,0.144438758035,0.0108775160699999,0.0,1.0,8000,0.000125,True,5559.309303460869,2.042750501872351e-06,0.5,0.0,-2048.233805703638,3980.418190461751,True,tilde_q_mu,asymptotic,default,sidak_approx,observed,8.18**2 * RBF(length_scale=0.321),0.0259360460531648,0.3536733552704296,0.0957751973637809,0.321300332500867,0.0235782236846953,66.98625748751856,1609.2255544335412,392,146,246,416,24,0.04,0.3,0.000625,1.0,1e-08,1e+18,False,False,False,False,12,1.1,15.0,13.62699484055807,7.820740553903008,106.64646209867738,96.8847192521632,study_results/v4p2_followups_20260806/pseudo65/gp_window_ensemble_20260806/runs/window_2p25eq2p5/draw_02/attempt_01/results_single.csv,1,1,1,1,single_attempt_outside_55_75MeV,False,,,,,,,window_2p25eq2p5,2
2021,0.14,0.0033389,0.132487475,0.147512525,619834689.867921,1.64,0.134524204,0.145475796,0.010951592,0.0,1.0,8000,0.000125,True,5739.68140205471,2.1478492386553702e-06,0.5,0.0,-1439.666180507133,3939.568433820599,True,tilde_q_mu,asymptotic,default,sidak_approx,observed,8.25**2 * RBF(length_scale=0.322),0.0259262672518869,0.3535400079802764,0.0957390867469023,0.3221573935339407,0.0235693338653517,68.10579473439601,1608.9915596390647,392,148,244,416,24,0.04,0.3,0.000625,1.0,1e-08,1e+18,False,False,False,False,12,1.1,15.0,13.668498031144194,7.764912771238112,105.88517415324698,96.48608629606775,study_results/v4p2_followups_20260806/pseudo65/gp_window_ensemble_20260806/runs/window_2p25eq2p5/draw_02/attempt_01/results_single.csv,1,1,1,1,single_attempt_outside_55_75MeV,False,,,,,,,window_2p25eq2p5,2
2021,0.141,0.003361655875,0.13343627428125,0.1485637257187499,604132627.2786524,1.64,0.1354868843649999,0.146513115635,0.01102623127,0.0,1.0,8000,0.000125,True,5794.547589261953,2.208961019500625e-06,0.5,0.0,-1247.525832316432,3919.99751972375,True,tilde_q_mu,asymptotic,default,sidak_approx,observed,8.21**2 * RBF(length_scale=0.321),0.0259179357650831,0.3534263967965889,0.0957083206929198,0.321461410261699,0.0235617597864392,67.4365503160807,1606.1888513489685,391,149,242,416,25,0.04,0.3,0.000625,1.0,1e-08,1e+18,False,False,False,False,12,1.1,15.0,13.643353178004682,7.709871780103963,105.13461518323584,95.6259124119,study_results/v4p2_followups_20260806/pseudo65/gp_window_ensemble_20260806/runs/window_2p25eq2p5/draw_02/attempt_01/results_single.csv,1,1,1,1,single_attempt_outside_55_75MeV,False,,,,,,,window_2p25eq2p5,2
2021,0.142,0.0033845835,0.1343846871249999,0.149615312875,588792286.6909375,1.64,0.1364492830599999,0.14755071694,0.01110143388,0.0,1.0,8000,0.000125,True,5939.740719429741,2.3069434738593348e-06,0.5,0.0,-743.4362105930819,3862.3899115059144,True,tilde_q_mu,asymptotic,default,sidak_approx,observed,8.17**2 * RBF(length_scale=0.321),0.0259110210465671,0.3533321051804605,0.0956827864025644,0.3210666463299725,0.0235554736786973,66.73731672761693,1611.205974114951,392,151,241,416,24,0.04,0.3,0.000625,1.0,1e-08,1e+18,False,False,False,False,12,1.1,15.0,13.630235193288955,7.6556010648184945,104.39455997479764,94.86149369042676,study_results/v4p2_followups_20260806/pseudo65/gp_window_ensemble_20260806/runs/window_2p25eq2p5/draw_02/attempt_01/results_single.csv,1,1,1,1,single_attempt_outside_55_75MeV,False,,,,,,,window_2p25eq2p5,2
2021,0.143,0.003407682875,0.1353327135312499,0.15066728646875,573696429.0826498,1.64,0.137411400085,0.1485885999149999,0.0111771998299999,0.0,1.0,8000,0.000125,True,6171.966838202085,2.443010434198598e-06,0.5,0.0,-191.20285935946728,3821.728460646575,True,tilde_q_mu,asymptotic,default,sidak_approx,observed,8.18**2 * RBF(length_scale=0.321),0.025905493399191,0.3532567281707865,0.0956623742118505,0.3213732720584394,0.0235504485447191,66.985543013855,1611.8444520650123,392,153,239,416,24,0.04,0.3,0.000625,1.0,1e-08,1e+18,False,False,False,False,12,1.1,15.0,13.646163530524491,7.602084568738228,103.66478957370308,94.3084447253442,study_results/v4p2_followups_20260806/pseudo65/gp_window_ensemble_20260806/runs/window_2p25eq2p5/draw_02/attempt_01/results_single.csv,1,1,1,1,single_attempt_outside_55_75MeV,False,,,,,,,window_2p25eq2p5,2
2021,0.144,0.003430954,0.1362803534999999,0.1517196465,559083772.4170778,1.64,0.13837323544,0.14962676456,0.0112535291199999,0.0,1.0,8000,0.000125,True,6277.955661229058,2.532204563737284e-06,0.5,0.0,40.6684464311988,3801.275774529411,True,tilde_q_mu,asymptotic,default,sidak_approx,observed,8.15**2 * RBF(length_scale=0.321),0.0259013239455544,0.3531998719848339,0.0956469774839098,0.320941372692234,0.0235466581323222,66.39924035616997,1606.652973639546,391,154,237,416,25,0.04,0.3,0.000625,1.0,1e-08,1e+18,False,False,False,False,12,1.1,15.0,13.630017936671912,7.5493066784207805,102.94509106937429,93.542895851193,study_results/v4p2_followups_20260806/pseudo65/gp_window_ensemble_20260806/runs/window_2p25eq2p5/draw_02/attempt_01/results_single.csv,1,1,1,1,single_attempt_outside_55_75MeV,False,,,,,,,window_2p25eq2p5,2
2021,0.145,0.003454396875,0.1372276070312499,0.15277239296875,544779001.7566646,1.64,0.139334789125,0.1506652108749999,0.0113304217499999,0.0,1.0,8000,0.000125,True,6420.320063409098,2.639296848342498e-06,0.4546654659411681,0.1138825080733003,425.6796607830673,3740.534537745638,True,tilde_q_mu,asymptotic,default,sidak_approx,observed,8.16**2 * RBF(length_scale=0.321),0.0258984845999115,0.3531611536351575,0.095636492505252,0.3212163047348268,0.0235440769090105,66.64853320494049,1612.5765962799296,392,156,236,416,24,0.04,0.3,0.000625,1.0,1e-08,1e+18,False,False,False,False,12,1.1,15.0,13.64318957911214,7.49725220843698,102.235257387777,92.98766654738442,study_results/v4p2_followups_20260806/pseudo65/gp_window_ensemble_20260806/runs/window_2p25eq2p5/draw_02/attempt_01/results_single.csv,1,1,1,1,single_attempt_outside_55_75MeV,False,,,,,,,window_2p25eq2p5,2
2021,0.146,0.0034780115,0.138174474125,0.1538255258749999,530723198.11642635,1.64,0.1402960611399999,0.15170393886,0.01140787772,0.0,1.0,8000,0.000125,True,6382.233111436958,2.6746789379900144e-06,0.4549243917149991,0.1132292792709525,420.25815961186737,3719.9493782684694,True,tilde_q_mu,asymptotic,default,sidak_approx,observed,8.15**2 * RBF(length_scale=0.321),0.0258969480412312,0.3531402005622441,0.0956308183862839,0.3209244158843062,0.0235426800374829,66.36058468248822,1607.4693914340514,391,157,234,416,25,0.04,0.3,0.000625,1.0,1e-08,1e+18,False,False,False,False,12,1.1,15.0,13.631600793679976,7.445906386805,101.53508709279544,92.2723849200344,study_results/v4p2_followups_20260806/pseudo65/gp_window_ensemble_20260806/runs/window_2p25eq2p5/draw_02/attempt_01/results_single.csv,1,1,1,1,single_attempt_outside_55_75MeV,False,,,,,,,window_2p25eq2p5,2
2021,0.147,0.0035017978749999,0.13912095478125,0.1548790452187499,517058895.8195766,1.64,0.141257051485,0.1527429485149999,0.0114858970299999,0.0,1.0,8000,0.000125,True,6306.944302252181,2.6945209746232183e-06,0.4607584771467694,0.0985230694589175,401.4863284865807,3680.934311533023,True,tilde_q_mu,asymptotic,default,sidak_approx,observed,8.13**2 * RBF(length_scale=0.321),0.025896687687343,0.353136650281951,0.0956298569658356,0.3206888221078419,0.02354244335213,66.05328569761741,1608.6154182520258,391,159,232,416,25,0.04,0.3,0.000625,1.0,1e-08,1e+18,False,False,False,False,12,1.1,15.0,13.621730646697156,7.3952548410130845,100.84438419563295,91.5783359163304,study_results/v4p2_followups_20260806/pseudo65/gp_window_ensemble_20260806/runs/window_2p25eq2p5/draw_02/attempt_01/results_single.csv,1,1,1,1,single_attempt_outside_55_75MeV,False,,,,,,,window_2p25eq2p5,2
2021,0.148,0.0035257559999999,0.140067049,0.155932951,503681799.08701915,1.64,0.1422177601599999,0.15378223984,0.01156447968,0.0,1.0,8000,0.000125,True,6085.098560506487,2.650754857792141e-06,0.4841771975623133,0.0396722881570571,154.15945792423943,3640.827411068706,True,tilde_q_mu,asymptotic,default,sidak_approx,observed,8.09**2 * RBF(length_scale=0.32),0.0258976776701328,0.3531501500472667,0.0956335127195648,0.3202425861617742,0.0235433433364844,65.51887071733262,1609.1990002243117,391,160,231,416,25,0.04,0.3,0.000625,1.0,1e-08,1e+18,False,False,False,False,12,1.1,15.0,13.60225612755277,7.345283584607923,100.16295797192622,90.82948058849628,study_results/v4p2_followups_20260806/pseudo65/gp_window_ensemble_20260806/runs/window_2p25eq2p5/draw_02/attempt_01/results_single.csv,1,1,1,1,single_attempt_outside_55_75MeV,False,,,,,,,window_2p25eq2p5,2
2021,0.149,0.003549885875,0.14101275678125,0.15698724321875,490644352.2917579,1.64,0.143178187165,0.154821812835,0.0116436256699999,0.0,1.0,8000,0.000125,True,5856.476874768447,2.601376916916368e-06,0.5,0.0,-117.6393344105486,3603.114707209461,True,tilde_q_mu,asymptotic,default,sidak_approx,observed,8.09**2 * RBF(length_scale=0.32),0.0258998928117245,0.353180356523517,0.0956416926720024,0.3200622184261484,0.0235453571015678,65.37589609130691,1608.134234884616,391,162,229,416,25,0.04,0.3,0.000625,1.0,1e-08,1e+18,False,False,False,False,12,1.1,15.0,13.593432329163386,7.295979004317872,99.49062278615278,90.1612698819926,study_results/v4p2_followups_20260806/pseudo65/gp_window_ensemble_20260806/runs/window_2p25eq2p5/draw_02/attempt_01/results_single.csv,1,1,1,1,single_attempt_outside_55_75MeV,False,,,,,,,window_2p25eq2p5,2
2021,0.15,0.0035741875,0.141958078125,0.158041921875,477946931.2512179,1.64,0.1441383325,0.1558616675,0.011723335,0.0,1.0,8000,0.000125,True,5748.7880773105135,2.6039058942179244e-06,0.5,0.0,-231.36115601632076,3578.323926263105,True,tilde_q_mu,asymptotic,default,sidak_approx,observed,8.11**2 * RBF(length_scale=0.32),0.0259033086016125,0.3532269354765349,0.0956543063121079,0.3204791371279324,0.0235484623651023,65.83300774964265,1603.2972353416817,390,163,227,416,26,0.04,0.3,0.000625,1.0,1e-08,1e+18,False,False,False,False,12,1.1,15.0,13.609344515116486,7.247327847689178,98.82719792303423,89.66489226654517,study_results/v4p2_followups_20260806/pseudo65/gp_window_ensemble_20260806/runs/window_2p25eq2p5/draw_02/attempt_01/results_single.csv,1,1,1,1,single_attempt_outside_55_75MeV,False,,,,,,,window_2p25eq2p5,2
2021,0.151,0.003598660875,0.14290301303125,0.15909698696875,465470649.96646106,1.64,0.145098196165,0.156901803835,0.0118036076699999,0.0,1.0,8000,0.000125,True,5743.429866801465,2.653517737748593e-06,0.4999311292015692,0.0001726334915006,-118.02570140269124,3534.603530999143,True,tilde_q_mu,asymptotic,default,sidak_approx,observed,8.21**2 * RBF(length_scale=0.322),0.0259079011746969,0.3532895614731401,0.0956712655121596,0.3217092913357715,0.0235526374315426,67.347959825156,1604.510003390899,390,165,225,416,26,0.04,0.3,0.000625,1.0,1e-08,1e+18,False,False,False,False,12,1.1,15.0,13.659162048022909,7.199317211210392,98.17250742559624,89.39694583913008,study_results/v4p2_followups_20260806/pseudo65/gp_window_ensemble_20260806/runs/window_2p25eq2p5/draw_02/attempt_01/results_single.csv,1,1,1,1,single_attempt_outside_55_75MeV,False,,,,,,,window_2p25eq2p5,2
2021,0.152,0.003623306,0.1438475615,0.1601524385,453362715.5960102,1.64,0.1460577781599999,0.15794222184,0.01188444368,0.0,1.0,8000,0.000125,True,5453.582967762521,2.5698777112070846e-06,0.5,0.0,-531.3019289641861,3498.940605459416,True,tilde_q_mu,asymptotic,default,sidak_approx,observed,8.15**2 * RBF(length_scale=0.321),0.0259136472901786,0.3533679175933457,0.0956924844498192,0.3209084528114044,0.0235578611728897,66.36518797622652,1604.8213424212925,390,166,224,416,26,0.04,0.3,0.000625,1.0,1e-08,1e+18,False,False,False,False,12,1.1,15.0,13.6221387186331,7.151934528902247,97.5263799395761,88.56785841753481,study_results/v4p2_followups_20260806/pseudo65/gp_window_ensemble_20260806/runs/window_2p25eq2p5/draw_02/attempt_01/results_single.csv,1,1,1,1,single_attempt_outside_55_75MeV,False,,,,,,,window_2p25eq2p5,2
2021,0.153,0.003648122875,0.14479172353125,0.16120827646875,441644549.5313737,1.64,0.147017078485,0.158982921515,0.0119658430299999,0.0,1.0,8000,0.000125,True,5486.856458695691,2.6368122945245826e-06,0.5,0.0,-353.92901261650945,3460.7159145542087,True,tilde_q_mu,asymptotic,default,sidak_approx,observed,8.19**2 * RBF(length_scale=0.321),0.0259205243112793,0.3534616951538094,0.0957178795332425,0.3214341415439051,0.0235641130102539,67.0578682224726,1603.9539317504757,390,168,222,416,26,0.04,0.3,0.000625,1.0,1e-08,1e+18,False,False,False,False,12,1.1,15.0,13.64083347436131,7.105167561352867,96.88864856390272,88.10946137440754,study_results/v4p2_followups_20260806/pseudo65/gp_window_ensemble_20260806/runs/window_2p25eq2p5/draw_02/attempt_01/results_single.csv,1,1,1,1,single_attempt_outside_55_75MeV,False,,,,,,,window_2p25eq2p5,2
2021,0.154,0.0036731115,0.145735499125,0.162264500875,430164399.9517347,1.64,0.1479760971399999,0.16002390286,0.01204780572,0.0,1.0,8000,0.000125,True,5749.6191773083265,2.818407695092326e-06,0.4829517754469958,0.0427465763840423,146.47093263883107,3437.640558748871,True,tilde_q_mu,asymptotic,default,sidak_approx,observed,8.23**2 * RBF(length_scale=0.322),0.0259285101857464,0.3535705934419964,0.0957473693290902,0.3218486947601639,0.023571372896133,67.67647412091877,1600.9714171311132,389,169,220,416,27,0.04,0.3,0.000625,1.0,1e-08,1e+18,False,False,False,False,12,1.1,15.0,13.654219301454583,7.0590043851776345,96.25915070696774,87.62290356831365,study_results/v4p2_followups_20260806/pseudo65/gp_window_ensemble_20260806/runs/window_2p25eq2p5/draw_02/attempt_01/results_single.csv,1,1,1,1,single_attempt_outside_55_75MeV,False,,,,,,,window_2p25eq2p5,2
2021,0.155,0.003698271875,0.14667888828125,0.16332111171875,419006242.6242384,1.64,0.148934834125,0.161065165875,0.01213033175,0.0,1.0,8000,0.000125,True,6076.413142366377,3.038190663878398e-06,0.4076757127064243,0.2335280054766203,790.7480040018335,3388.291579065733,True,tilde_q_mu,asymptotic,default,sidak_approx,observed,8.2**2 * RBF(length_scale=0.321),0.0259375834271065,0.3536943194605435,0.0957808744933012,0.3214802891903788,0.0235796212973695,67.26808702299334,1606.302751344929,390,171,219,416,26,0.04,0.3,0.000625,1.0,1e-08,1e+18,False,False,False,False,12,1.1,15.0,13.63381901414344,7.01343338288414,95.63772794842008,86.92716491817647,study_results/v4p2_followups_20260806/pseudo65/gp_window_ensemble_20260806/runs/window_2p25eq2p5/draw_02/attempt_01/results_single.csv,1,1,1,1,single_attempt_outside_55_75MeV,False,,,,,,,window_2p25eq2p5,2
2021,0.156,0.003723604,0.147621891,0.164378109,408018948.64312065,1.64,0.14989328944,0.16210671056,0.01221342112,0.0,1.0,8000,0.000125,True,6725.962348815772,3.431384799676019e-06,0.2986753878731417,0.5282140543867261,1756.3213994711534,3368.412873360671,True,tilde_q_mu,asymptotic,default,sidak_approx,observed,8.21**2 * RBF(length_scale=0.322),0.0259477230966391,0.353832587681443,0.0958183177045254,0.3215306112234546,0.0235888391787628,67.34044222610584,1602.2978884070355,389,172,217,416,27,0.04,0.3,0.000625,1.0,1e-08,1e+18,False,False,False,False,12,1.1,15.0,13.630624584228377,6.968443233125529,95.0242259062572,86.34930331567337,study_results/v4p2_followups_20260806/pseudo65/gp_window_ensemble_20260806/runs/window_2p25eq2p5/draw_02/attempt_01/results_single.csv,1,1,1,1,single_attempt_outside_55_75MeV,False,,,,,,,window_2p25eq2p5,2
2021,0.157,0.003749107875,0.14856450728125,0.16543549271875,397354285.67265946,1.64,0.150851463085,0.163148536915,0.01229707383,0.0,1.0,8000,0.000125,True,7469.237022649682,3.887931542311262e-06,0.2017503289393962,0.8353855592607425,2783.5076273699538,3332.2994638530727,True,tilde_q_mu,asymptotic,default,sidak_approx,observed,8.27**2 * RBF(length_scale=0.322),0.0259589087860322,0.3539851198095312,0.0958596236000764,0.3224069313915238,0.023599007987302,68.43758756121532,1601.014248560531,389,174,215,416,27,0.04,0.3,0.000625,1.0,1e-08,1e+18,False,False,False,False,12,1.1,15.0,13.661884921815416,6.924022901323501,94.41849410895684,85.99564006717833,study_results/v4p2_followups_20260806/pseudo65/gp_window_ensemble_20260806/runs/window_2p25eq2p5/draw_02/attempt_01/results_single.csv,1,1,1,1,single_attempt_outside_55_75MeV,False,,,,,,,window_2p25eq2p5,2
2021,0.158,0.0037747835,0.149506737125,0.166493262875,387039666.85970527,1.64,0.15180935506,0.16419064494,0.0123812898799999,0.0,1.0,8000,0.000125,True,8013.081514303072,4.255072053047377e-06,0.1444204682911121,1.0606677160388744,3498.5950162398303,3298.645740059251,True,tilde_q_mu,asymptotic,default,sidak_approx,observed,8.25**2 * RBF(length_scale=0.322),0.0259711206006934,0.3541516445549109,0.0959047187143026,0.3220710295925866,0.023610109636994,68.00199499428408,1601.022690105185,389,175,214,416,27,0.04,0.3,0.000625,1.0,1e-08,1e+18,False,False,False,False,12,1.1,15.0,13.641233969025793,6.880161630645431,93.82038587243768,85.32172231668031,study_results/v4p2_followups_20260806/pseudo65/gp_window_ensemble_20260806/runs/window_2p25eq2p5/draw_02/attempt_01/results_single.csv,1,1,1,1,single_attempt_outside_55_75MeV,False,,,,,,,window_2p25eq2p5,2
2021,0.159,0.003800630875,0.15044858053125,0.16755141946875,376812670.72105056,1.64,0.152766965365,0.165233034635,0.0124660692699999,0.0,1.0,8000,0.000125,True,8471.776000683305,4.591681586631883e-06,0.1065208647409365,1.245244935905944,4073.789834051903,3270.118303693752,True,tilde_q_mu,asymptotic,default,sidak_approx,observed,8.18**2 * RBF(length_scale=0.321),0.0259843391436889,0.3543318974139398,0.0959535314192792,0.3212321919297865,0.0236221264942626,66.9450127198912,1600.7024993668283,389,177,212,416,27,0.04,0.3,0.000625,1.0,1e-08,1e+18,False,False,False,False,12,1.1,15.0,13.59878383547762,6.836848933320556,93.22975818164392,84.52075523640178,study_results/v4p2_followups_20260806/pseudo65/gp_window_ensemble_20260806/runs/window_2p25eq2p5/draw_02/attempt_01/results_single.csv,1,1,1,1,single_attempt_outside_55_75MeV,False,,,,,,,window_2p25eq2p5,2
2021,0.16,0.00382665,0.1513900375,0.1686099625,367005424.0565123,1.64,0.153724294,0.166275706,0.0125514119999999,0.0,1.0,8000,0.000125,True,8641.560199055713,4.778808376234449e-06,0.0931509060775708,1.3215987130952025,4296.368392446111,3250.5757668566507,True,tilde_q_mu,asymptotic,default,sidak_approx,observed,8.21**2 * RBF(length_scale=0.322),0.0259985455002782,0.3545256204583391,0.0960059918676979,0.3215878504498712,0.0236350413638892,67.35097842569496,1595.964615807053,388,178,210,416,28,0.04,0.3,0.000625,1.0,1e-08,1e+18,False,False,False,False,12,1.1,15.0,13.60640100005106,6.7940745822790705,92.64647157653278,84.03900290067584,study_results/v4p2_followups_20260806/pseudo65/gp_window_ensemble_20260806/runs/window_2p25eq2p5/draw_02/attempt_01/results_single.csv,1,1,1,1,single_attempt_outside_55_75MeV,False,,,,,,,window_2p25eq2p5,2
2021,0.161,0.003852840875,0.15233110803125,0.16966889196875,357410945.39902496,1.64,0.154681340965,0.167318659035,0.01263731807,0.0,1.0,8000,0.000125,True,8236.185060766275,4.647852038203588e-06,0.1108153731769259,1.2222033261996244,3916.732263977995,3205.67834106108,True,tilde_q_mu,asymptotic,default,sidak_approx,observed,8.17**2 * RBF(length_scale=0.321),0.0260137212230255,0.3547325621321662,0.0960620319378876,0.3211520002780245,0.0236488374754777,66.73671539287203,1601.21233875017,389,180,209,416,27,0.04,0.3,0.000625,1.0,1e-08,1e+18,False,False,False,False,12,1.1,15.0,13.580033293857996,6.751828603101996,92.07039004229992,83.35459747686166,study_results/v4p2_followups_20260806/pseudo65/gp_window_ensemble_20260806/runs/window_2p25eq2p5/draw_02/attempt_01/results_single.csv,1,1,1,1,single_attempt_outside_55_75MeV,False,,,,,,,window_2p25eq2p5,2
2021,0.162,0.0038792035,0.153271792125,0.170728207875,348034765.9525295,1.64,0.15563810626,0.16836189374,0.01272378748,0.0,1.0,8000,0.000125,True,7781.240535880671,4.4815796488997695e-06,0.1414612518425351,1.0737773057576478,3423.5425217279326,3187.658370539275,True,tilde_q_mu,asymptotic,default,sidak_approx,observed,8.18**2 * RBF(length_scale=0.321),0.0260298483174566,0.3549524770562273,0.0961215851808485,0.3212329996146115,0.0236634984704151,66.86138273158316,1596.464208318111,388,181,207,416,28,0.04,0.3,0.000625,1.0,1e-08,1e+18,False,False,False,False,12,1.1,15.0,13.575042592126731,6.710101266266818,91.50138090363842,82.80900953368689,study_results/v4p2_followups_20260806/pseudo65/gp_window_ensemble_20260806/runs/window_2p25eq2p5/draw_02/attempt_01/results_single.csv,1,1,1,1,single_attempt_outside_55_75MeV,False,,,,,,,window_2p25eq2p5,2
2021,0.163,0.003905737875,0.15421208978125,0.17178791021875,338899709.6922806,1.64,0.156594589885,0.169405410115,0.01281082023,0.0,1.0,8000,0.000125,True,7084.589111759749,4.164623909987766e-06,0.1995405077057624,0.8432636360363129,2653.7612911348806,3155.93244745442,True,tilde_q_mu,asymptotic,default,sidak_approx,observed,8.21**2 * RBF(length_scale=0.322),0.0260469092282431,0.3551851258396787,0.0961845867692335,0.3216059167776937,0.0236790083893119,67.41675720770061,1596.7631012420586,388,183,205,416,28,0.04,0.3,0.000625,1.0,1e-08,1e+18,False,False,False,False,12,1.1,15.0,13.581899693183864,6.668883079677514,90.93931472287518,82.34191004886462,study_results/v4p2_followups_20260806/pseudo65/gp_window_ensemble_20260806/runs/window_2p25eq2p5/draw_02/attempt_01/results_single.csv,1,1,1,1,single_attempt_outside_55_75MeV,False,,,,,,,window_2p25eq2p5,2
2021,0.164,0.003932444,0.155152001,0.172847999,329984866.4340829,1.64,0.15755079184,0.17044920816,0.0128984163199999,0.0,1.0,8000,0.000125,True,6241.179905859863,3.7449735317024935e-06,0.3069197638434993,0.5046004016466391,1594.5801919023845,3138.0778423108136,True,tilde_q_mu,asymptotic,default,sidak_approx,observed,8.18**2 * RBF(length_scale=0.321),0.0260648868258862,0.3554302748984483,0.096250973448177,0.3212373133063262,0.0236953516598965,66.93995109261152,1591.8855202228722,387,184,203,416,29,0.04,0.3,0.000625,1.0,1e-08,1e+18,False,False,False,False,12,1.1,15.0,13.556975980652256,6.6281647814657285,90.38406520180536,81.68897339830554,study_results/v4p2_followups_20260806/pseudo65/gp_window_ensemble_20260806/runs/window_2p25eq2p5/draw_02/attempt_01/results_single.csv,1,1,1,1,single_attempt_outside_55_75MeV,False,,,,,,,window_2p25eq2p5,2
2021,0.165,0.003959321875,0.15609152578125,0.17390847421875,321257494.71634173,1.64,0.158506712125,0.171493287875,0.01298657575,0.0,1.0,8000,0.000125,True,5528.514792325508,3.3868127460154585e-06,0.412799515149122,0.2203494250689736,682.550192086925,3093.8798983928336,True,tilde_q_mu,asymptotic,default,sidak_approx,observed,8.17**2 * RBF(length_scale=0.321),0.0260837643938859,0.3556876962802624,0.0963206834879114,0.3210574720536385,0.0237125130853508,66.75403969547341,1597.298268276693,388,186,202,416,28,0.04,0.3,0.000625,1.0,1e-08,1e+18,False,False,False,False,12,1.1,15.0,13.539580174316578,6.587937333053001,89.83550908708638,81.08900518567677,study_results/v4p2_followups_20260806/pseudo65/gp_window_ensemble_20260806/runs/window_2p25eq2p5/draw_02/attempt_01/results_single.csv,1,1,1,1,single_attempt_outside_55_75MeV,False,,,,,,,window_2p25eq2p5,2
2021,0.166,0.0039863715,0.157030664125,0.174969335875,312800005.7109213,1.64,0.15946235074,0.17253764926,0.01307529852,0.0,1.0,8000,0.000125,True,4819.061951232116,3.013752551633166e-06,0.5,0.0,-412.6464705224713,3073.6409704997177,True,tilde_q_mu,asymptotic,default,sidak_approx,observed,8.2**2 * RBF(length_scale=0.321),0.0261035256163684,0.3559571674959338,0.09639365663808,0.3214845508361157,0.0237304778330622,67.25733656446309,1594.4486901036437,387,187,200,416,29,0.04,0.3,0.000625,1.0,1e-08,1e+18,False,False,False,False,12,1.1,15.0,13.547327327231926,6.548191912461868,89.29352607902545,80.64590839968521,study_results/v4p2_followups_20260806/pseudo65/gp_window_ensemble_20260806/runs/window_2p25eq2p5/draw_02/attempt_01/results_single.csv,1,1,1,1,single_attempt_outside_55_75MeV,False,,,,,,,window_2p25eq2p5,2
2021,0.167,0.004013592875,0.15796941603125,0.17603058396875,304614329.32244956,1.64,0.160417707685,0.173582292315,0.0131645846299999,0.0,1.0,8000,0.000125,True,4188.522400400502,2.6737079306643814e-06,0.5,0.0,-1716.3521443171492,3039.1879886520046,True,tilde_q_mu,asymptotic,default,sidak_approx,observed,8.29**2 * RBF(length_scale=0.323),0.0261241545661564,0.3562384713566791,0.0964698340836822,0.3226156018349601,0.0237492314237786,68.68372408475406,1598.1662868644978,387,189,198,416,29,0.04,0.3,0.000625,1.0,1e-08,1e+18,False,False,False,False,12,1.1,15.0,13.584254415574287,6.508919907865958,88.7579987436267,80.3807490900432,study_results/v4p2_followups_20260806/pseudo65/gp_window_ensemble_20260806/runs/window_2p25eq2p5/draw_02/attempt_01/results_single.csv,1,1,1,1,single_attempt_outside_55_75MeV,False,,,,,,,window_2p25eq2p5,2
2021,0.168,0.004040986,0.1589077815,0.1770922185,296547392.151297,1.64,0.16137278296,0.17462721704,0.0132544340799999,0.0,1.0,8000,0.000125,True,3847.6071800886866,2.50788291981754e-06,0.5,0.0,-2617.774183786207,3005.2973861103173,True,tilde_q_mu,asymptotic,default,sidak_approx,observed,8.29**2 * RBF(length_scale=0.323),0.0261456356932645,0.3565313958172433,0.0965491584025916,0.3227127936980627,0.0237687597211495,68.79388648882207,1598.308514602764,387,190,197,416,29,0.04,0.3,0.000625,1.0,1e-08,1e+18,False,False,False,False,12,1.1,15.0,13.577182717317442,6.470112911369777,88.22881242776968,79.85991381758379,study_results/v4p2_followups_20260806/pseudo65/gp_window_ensemble_20260806/runs/window_2p25eq2p5/draw_02/attempt_01/results_single.csv,1,1,1,1,single_attempt_outside_55_75MeV,False,,,,,,,window_2p25eq2p5,2
2021,0.169,0.004068550875,0.15984576053125,0.17815423946875,288615660.9608933,1.64,0.162327576565,0.175672423435,0.0133448468699999,0.0,1.0,8000,0.000125,True,3564.51877840167,2.3730901198813853e-06,0.4999513009912829,0.0001220703125,-3544.605153526198,2972.2826513852965,True,tilde_q_mu,asymptotic,default,sidak_approx,observed,8.35**2 * RBF(length_scale=0.323),0.026167953813799,0.356835733824532,0.0966315735245651,0.323385793393279,0.0237890489216354,69.77446489123247,1599.0899310390894,387,192,195,416,29,0.04,0.3,0.000625,1.0,1e-08,1e+18,False,False,False,False,12,1.1,15.0,13.593893327074912,6.431762713007495,87.70585517737493,79.48426929607437,study_results/v4p2_followups_20260806/pseudo65/gp_window_ensemble_20260806/runs/window_2p25eq2p5/draw_02/attempt_01/results_single.csv,1,1,1,1,single_attempt_outside_55_75MeV,False,,,,,,,window_2p25eq2p5,2
2021,0.17,0.0040962875,0.160783353125,0.179216646875,280901072.63455325,1.64,0.1632820885,0.1767179115,0.013435823,0.0,1.0,8000,0.000125,True,3449.1711246841105,2.345483298284321e-06,0.5,0.0,-3954.884444901244,2953.749357793875,True,tilde_q_mu,asymptotic,default,sidak_approx,observed,8.29**2 * RBF(length_scale=0.323),0.026191094099248,0.3571512831715639,0.0967170246916933,0.3226090545949152,0.0238100855447709,68.64660208101587,1595.5942802430586,386,193,193,416,30,0.04,0.3,0.000625,1.0,1e-08,1e+18,False,False,False,False,12,1.1,15.0,13.549260626901242,6.39386129495257,87.18901765844413,78.75644827051694,study_results/v4p2_followups_20260806/pseudo65/gp_window_ensemble_20260806/runs/window_2p25eq2p5/draw_02/attempt_01/results_single.csv,1,1,1,1,single_attempt_outside_55_75MeV,False,,,,,,,window_2p25eq2p5,2
2021,0.171,0.004124195875,0.16172055928125,0.18027944071875,273501986.67337126,1.64,0.164236318765,0.177763681235,0.01352736247,0.0,1.0,8000,0.000125,True,3321.356399474661,2.3061035618908588e-06,0.4999311292015692,0.0001726334915006,-4285.860626049323,2910.2739873168366,True,tilde_q_mu,asymptotic,default,sidak_approx,observed,8.27**2 * RBF(length_scale=0.322),0.0262150420661463,0.3574778463565409,0.0968054584202363,0.3223863002890498,0.0238318564237693,68.32952495992014,1601.1745800067158,387,195,192,416,29,0.04,0.3,0.000625,1.0,1e-08,1e+18,False,False,False,False,12,1.1,15.0,13.527536191746629,6.356400825929815,86.67819308086109,78.16949292910337,study_results/v4p2_followups_20260806/pseudo65/gp_window_ensemble_20260806/runs/window_2p25eq2p5/draw_02/attempt_01/results_single.csv,1,1,1,1,single_attempt_outside_55_75MeV,False,,,,,,,window_2p25eq2p5,2
2021,0.172,0.004152276,0.162657379,0.1813426209999999,266350991.61926585,1.64,0.1651902673599999,0.17880973264,0.01361946528,0.0,1.0,8000,0.000125,True,3186.1517733097626,2.2584143094334102e-06,0.5,0.0,-4884.24645231035,2889.5150416638858,True,tilde_q_mu,asymptotic,default,sidak_approx,observed,8.31**2 * RBF(length_scale=0.323),0.0262397835660971,0.3578152304467796,0.0968968224637768,0.3228558278444204,0.0238543486964519,68.99093415734076,1597.1292637425022,386,196,190,416,30,0.04,0.3,0.000625,1.0,1e-08,1e+18,False,False,False,False,12,1.1,15.0,13.534464174762444,6.31937365582085,86.17327712482977,77.75394213785897,study_results/v4p2_followups_20260806/pseudo65/gp_window_ensemble_20260806/runs/window_2p25eq2p5/draw_02/attempt_01/results_single.csv,1,1,1,1,single_attempt_outside_55_75MeV,False,,,,,,,window_2p25eq2p5,2
2021,0.173,0.004180527875,0.1635938122812499,0.18240618771875,259386988.21142492,1.64,0.166143934285,0.1798560657149999,0.0137121314299999,0.0,1.0,8000,0.000125,True,3151.8589316030457,2.280827306852498e-06,0.5,0.0,-4846.450787420295,2860.348728945138,True,tilde_q_mu,asymptotic,default,sidak_approx,observed,8.29**2 * RBF(length_scale=0.323),0.0262653047761392,0.3581632469473539,0.0969910657776472,0.3226324416783041,0.0238775497964902,68.65952641637895,1598.072669394979,386,198,188,416,30,0.04,0.3,0.000625,1.0,1e-08,1e+18,False,False,False,False,12,1.1,15.0,13.511957651774118,6.282772310455958,85.67416786985397,77.17504854056358,study_results/v4p2_followups_20260806/pseudo65/gp_window_ensemble_20260806/runs/window_2p25eq2p5/draw_02/attempt_01/results_single.csv,1,1,1,1,single_attempt_outside_55_75MeV,False,,,,,,,window_2p25eq2p5,2
2021,0.174,0.0042089515,0.1645298591249999,0.183470140875,252502277.02987137,1.64,0.1670973195399999,0.18090268046,0.01380536092,0.0,1.0,8000,0.000125,True,3237.6115176211883,2.3929306435865676e-06,0.5,0.0,-4223.846287657658,2843.433388165096,True,tilde_q_mu,asymptotic,default,sidak_approx,observed,8.2**2 * RBF(length_scale=0.322),0.0262915921894454,0.3585217116742556,0.0970881384845824,0.3216476683176241,0.0239014474449503,67.28175375419063,1593.5114132409053,385,199,186,416,31,0.04,0.3,0.000625,1.0,1e-08,1e+18,False,False,False,False,12,1.1,15.0,13.457246430721003,6.246589486584821,85.18076572615664,76.41990370229357,study_results/v4p2_followups_20260806/pseudo65/gp_window_ensemble_20260806/runs/window_2p25eq2p5/draw_02/attempt_01/results_single.csv,1,1,1,1,single_attempt_outside_55_75MeV,False,,,,,,,window_2p25eq2p5,2
2021,0.175,0.0042375468749999,0.16546551953125,0.1845344804687499,245918579.9416027,1.64,0.168050423125,0.181949576875,0.01389915375,0.0,1.0,8000,0.000125,True,3374.701785203852,2.546395934771046e-06,0.5,0.0,-3288.863632873009,2804.5028894028205,True,tilde_q_mu,asymptotic,default,sidak_approx,observed,8.15**2 * RBF(length_scale=0.321),0.0263186326063351,0.358890444631843,0.0971879918415323,0.3209654190594726,0.0239260296421228,66.35619386441724,1599.072955611297,386,201,185,416,30,0.04,0.3,0.000625,1.0,1e-08,1e+18,False,False,False,False,12,1.1,15.0,13.4149051831984,6.210818047018103,84.69297336842865,75.74321382804118,study_results/v4p2_followups_20260806/pseudo65/gp_window_ensemble_20260806/runs/window_2p25eq2p5/draw_02/attempt_01/results_single.csv,1,1,1,1,single_attempt_outside_55_75MeV,False,,,,,,,window_2p25eq2p5,2
2021,0.176,0.004266314,0.1664007934999999,0.1855992065,239463041.25493088,1.64,0.16900324504,0.1829967549599999,0.0139935099199999,0.0,1.0,8000,0.000125,True,3546.8821612204865,2.7328482728206603e-06,0.5,0.0,-2489.0923312230066,2784.8542141845273,True,tilde_q_mu,asymptotic,default,sidak_approx,observed,8.2**2 * RBF(length_scale=0.322),0.0263464131255956,0.3592692698944855,0.0972905782076107,0.3215509654670331,0.0239512846596323,67.16283892760863,1595.3497259923702,385,202,183,416,31,0.04,0.3,0.000625,1.0,1e-08,1e+18,False,False,False,False,12,1.1,15.0,13.42520745907951,6.175451015934506,84.21069567183416,75.3697373111855,study_results/v4p2_followups_20260806/pseudo65/gp_window_ensemble_20260806/runs/window_2p25eq2p5/draw_02/attempt_01/results_single.csv,1,1,1,1,single_attempt_outside_55_75MeV,False,,,,,,,window_2p25eq2p5,2
2021,0.177,0.004295252875,0.16733568103125,0.18666431896875,233151670.99112496,1.64,0.169955785285,0.184044214715,0.0140884294299999,0.0,1.0,8000,0.000125,True,3929.799849643802,3.092278173338668e-06,0.4999513009912829,0.0001220703125,-1216.821413304412,2757.407475877056,True,tilde_q_mu,asymptotic,default,sidak_approx,observed,8.19**2 * RBF(length_scale=0.321),0.026374921136093,0.359658015492178,0.0973958510131203,0.3214478164267014,0.0239772010328118,67.01648062911771,1595.7161795562656,385,204,181,416,31,0.04,0.3,0.000625,1.0,1e-08,1e+18,False,False,False,False,12,1.1,15.0,13.40639451564061,6.140481574345738,83.73383965016914,74.8379259106372,study_results/v4p2_followups_20260806/pseudo65/gp_window_ensemble_20260806/runs/window_2p25eq2p5/draw_02/attempt_01/results_single.csv,1,1,1,1,single_attempt_outside_55_75MeV,False,,,,,,,window_2p25eq2p5,2
2021,0.178,0.0043243635,0.168270182125,0.1877298178749999,227019370.79188985,1.64,0.17090804386,0.1850919561399999,0.0141839122799999,0.0,1.0,8000,0.000125,True,4648.315939144657,3.735361539506173e-06,0.4635247309910678,0.0915576984331308,253.3329333723844,2729.5082899875106,True,tilde_q_mu,asymptotic,default,sidak_approx,observed,8.15**2 * RBF(length_scale=0.321),0.0264041443086661,0.3600565132999933,0.0975037647296154,0.3209498802401062,0.0240037675533328,66.37205962013627,1595.4627573024814,385,205,180,416,31,0.04,0.3,0.000625,1.0,1e-08,1e+18,False,False,False,False,12,1.1,15.0,13.370812707921877,6.105903055713559,83.26231439609397,74.21898742788532,study_results/v4p2_followups_20260806/pseudo65/gp_window_ensemble_20260806/runs/window_2p25eq2p5/draw_02/attempt_01/results_single.csv,1,1,1,1,single_attempt_outside_55_75MeV,False,,,,,,,window_2p25eq2p5,2
2021,0.179,0.004353645875,0.1692042967812499,0.18879570321875,220993245.42708975,1.64,0.1718600207649999,0.186139979235,0.01427995847,0.0,1.0,8000,0.000125,True,5436.162242486792,4.4625212894029e-06,0.2950170900330003,0.5387864995749021,1457.1526308616037,2703.917805670086,True,tilde_q_mu,asymptotic,default,sidak_approx,observed,8.14**2 * RBF(length_scale=0.321),0.0264340705882899,0.3604645989312272,0.0976142748409662,0.3208659948417988,0.0240309732620818,66.27140697496604,1596.01614973579,385,207,178,416,31,0.04,0.3,0.000625,1.0,1e-08,1e+18,False,False,False,False,12,1.1,15.0,13.352184755167178,6.0717089417131325,82.79603102336088,73.7005268812312,study_results/v4p2_followups_20260806/pseudo65/gp_window_ensemble_20260806/runs/window_2p25eq2p5/draw_02/attempt_01/results_single.csv,1,1,1,1,single_attempt_outside_55_75MeV,False,,,,,,,window_2p25eq2p5,2
2021,0.18,0.0043831,0.170138025,0.189861975,215155115.9948604,1.64,0.172811716,0.1871882839999999,0.0143765679999999,0.0,1.0,8000,0.000125,True,6255.042858520355,5.2447649483266494e-06,0.1737855027903583,0.9393111694689988,2525.603328183367,2687.9064137611035,True,tilde_q_mu,asymptotic,default,sidak_approx,observed,8.14**2 * RBF(length_scale=0.321),0.0264646881865,0.360882111634091,0.0977273378153825,0.3208415599488856,0.0240588074422727,66.23470141722893,1592.4196741863843,384,208,176,416,32,0.04,0.3,0.000625,1.0,1e-08,1e+18,False,False,False,False,12,1.1,15.0,13.335721677756489,6.037892858136936,82.33490261095821,73.19968970566164,study_results/v4p2_followups_20260806/pseudo65/gp_window_ensemble_20260806/runs/window_2p25eq2p5/draw_02/attempt_01/results_single.csv,1,1,1,1,single_attempt_outside_55_75MeV,False,,,,,,,window_2p25eq2p5,2
2021,0.181,0.004412725875,0.1710713667812499,0.19092863321875,209423665.4643851,1.64,0.173763129565,0.1882368704349999,0.0144737408699999,0.0,1.0,8000,0.000125,True,6936.772640195359,5.942552823283329e-06,0.1012814328789618,1.2742837715048203,3381.472217487973,2652.692007487639,True,tilde_q_mu,asymptotic,default,sidak_approx,observed,8.1**2 * RBF(length_scale=0.32),0.0264959855740647,0.3613088941917919,0.0978429110783556,0.3203857174280733,0.0240872596127861,65.65722852697752,1597.7121182775704,385,210,175,416,31,0.04,0.3,0.000625,1.0,1e-08,1e+18,False,False,False,False,12,1.1,15.0,13.301044725652584,6.004448570933435,81.87884414909227,72.60494454078757,study_results/v4p2_followups_20260806/pseudo65/gp_window_ensemble_20260806/runs/window_2p25eq2p5/draw_02/attempt_01/results_single.csv,1,1,1,1,single_attempt_outside_55_75MeV,False,,,,,,,window_2p25eq2p5,2
2021,0.182,0.0044425235,0.172004322125,0.191995677875,203890389.41582435,1.64,0.17471426146,0.18928573854,0.01457147708,0.0,1.0,8000,0.000125,True,7115.384852649223,6.226588620877671e-06,0.0862509774475344,1.3642084963383363,3601.367739548275,2637.5253364975097,True,tilde_q_mu,asymptotic,default,sidak_approx,observed,8.14**2 * RBF(length_scale=0.321),0.0265279514739,0.3617447928259099,0.0979609529864923,0.3208348166990337,0.0241163195217273,66.2236489512562,1593.305436194592,384,211,173,416,32,0.04,0.3,0.000625,1.0,1e-08,1e+18,False,False,False,False,12,1.1,15.0,13.30363932232616,5.971369982376021,81.42777248694574,72.21904773245065,study_results/v4p2_followups_20260806/pseudo65/gp_window_ensemble_20260806/runs/window_2p25eq2p5/draw_02/attempt_01/results_single.csv,1,1,1,1,single_attempt_outside_55_75MeV,False,,,,,,,window_2p25eq2p5,2
2021,0.183,0.004472492875,0.1729368910312499,0.19306310896875,198621214.40460417,1.64,0.1756651116849999,0.190334888315,0.01466977663,0.0,1.0,8000,0.000125,True,6947.470936534844,6.206831250433169e-06,0.0937071504737894,1.3182669487096408,3449.940151048814,2614.044975220394,True,tilde_q_mu,asymptotic,default,sidak_approx,observed,8.16**2 * RBF(length_scale=0.321),0.0265605748542153,0.3621896571029359,0.098081422802206,0.3210994216555018,0.0241459771401957,66.56839876560667,1594.0589319756386,384,213,171,416,32,0.04,0.3,0.000625,1.0,1e-08,1e+18,False,False,False,False,12,1.1,15.0,13.298257502321938,5.938651127357089,80.98160628214212,71.79428355277187,study_results/v4p2_followups_20260806/pseudo65/gp_window_ensemble_20260806/runs/window_2p25eq2p5/draw_02/attempt_01/results_single.csv,1,1,1,1,single_attempt_outside_55_75MeV,False,,,,,,,window_2p25eq2p5,2
2021,0.184,0.004502634,0.1738690735,0.1941309265,193360941.65798712,1.64,0.17661568024,0.19138431976,0.01476863952,0.0,1.0,8000,0.000125,True,6444.286714597056,5.8817722107778515e-06,0.1320083976857,1.1169474483894586,2904.8916091742694,2599.5289368070753,True,tilde_q_mu,asymptotic,default,sidak_approx,observed,8.18**2 * RBF(length_scale=0.321),0.026593844921878,0.3626433398437911,0.0982042806692136,0.3213707011121016,0.0241762226562527,66.9389101662832,1592.3872340367948,383,214,169,416,33,0.04,0.3,0.000625,1.0,1e-08,1e+18,False,False,False,False,12,1.1,15.0,13.29284171814098,5.906286169801502,80.54026595183866,71.37393381565137,study_results/v4p2_followups_20260806/pseudo65/gp_window_ensemble_20260806/runs/window_2p25eq2p5/draw_02/attempt_01/results_single.csv,1,1,1,1,single_attempt_outside_55_75MeV,False,,,,,,,window_2p25eq2p5,2
2021,0.185,0.004532946875,0.1748008695312499,0.19519913046875,188216407.4390779,1.64,0.177565967125,0.192434032875,0.0148680657499999,0.0,1.0,8000,0.000125,True,5908.707181562291,5.510400719894939e-06,0.1814700931242866,0.9097768868862672,2332.0285362665395,2566.942051604048,True,tilde_q_mu,asymptotic,default,sidak_approx,observed,8.14**2 * RBF(length_scale=0.321),0.0266277511159985,0.3631056970363433,0.0983294875888454,0.3207915956810535,0.0242070464690895,66.17949184306981,1595.5466357145942,384,216,168,416,32,0.04,0.3,0.000625,1.0,1e-08,1e+18,False,False,False,False,12,1.1,15.0,13.251992393647797,5.874269399197075,80.10367362541467,70.76888490581605,study_results/v4p2_followups_20260806/pseudo65/gp_window_ensemble_20260806/runs/window_2p25eq2p5/draw_02/attempt_01/results_single.csv,1,1,1,1,single_attempt_outside_55_75MeV,False,,,,,,,window_2p25eq2p5,2
2021,0.186,0.0045634315,0.175732279125,0.196267720875,183203373.0638776,1.64,0.17851597234,0.19348402766,0.01496805532,0.0,1.0,8000,0.000125,True,5175.978228209075,4.932487045005707e-06,0.2883765485596497,0.5581336894538987,1425.9286399094826,2555.5165872808425,True,tilde_q_mu,asymptotic,default,sidak_approx,observed,8.05**2 * RBF(length_scale=0.32),0.0266622831017154,0.3635765877506647,0.0984570053970965,0.319703873332764,0.0242384391833776,64.86316760728334,1589.4715890286675,383,217,166,416,33,0.04,0.3,0.000625,1.0,1e-08,1e+18,False,False,False,False,12,1.1,15.0,13.189952988062537,5.84259522723534,79.67175309866373,70.05777852319335,study_results/v4p2_followups_20260806/pseudo65/gp_window_ensemble_20260806/runs/window_2p25eq2p5/draw_02/attempt_01/results_single.csv,1,1,1,1,single_attempt_outside_55_75MeV,False,,,,,,,window_2p25eq2p5,2
2021,0.187,0.004594087875,0.17666330228125,0.19733669771875,178278504.14348978,1.64,0.179465695885,0.194534304115,0.01506860823,0.0,1.0,8000,0.000125,True,4440.610941003966,4.325357998430596e-06,0.4324418719502623,0.1701607176559363,431.0029244545884,2533.263899439346,True,tilde_q_mu,asymptotic,default,sidak_approx,observed,8.03**2 * RBF(length_scale=0.319),0.0266974307641825,0.3640558740570343,0.0985867967424219,0.3193416027371522,0.0242703916038022,64.42573125605287,1589.6512542285204,383,219,164,416,33,0.04,0.3,0.000625,1.0,1e-08,1e+18,False,False,False,False,12,1.1,15.0,13.157661728339107,5.811258184560199,79.24442978945724,69.51142673498647,study_results/v4p2_followups_20260806/pseudo65/gp_window_ensemble_20260806/runs/window_2p25eq2p5/draw_02/attempt_01/results_single.csv,1,1,1,1,single_attempt_outside_55_75MeV,False,,,,,,,window_2p25eq2p5,2
2021,0.188,0.004624916,0.177593939,0.198406061,173567784.67781383,1.64,0.18041513776,0.19558486224,0.0151697244799999,0.0,1.0,8000,0.000125,True,3839.512483249083,3.8209296031220185e-06,0.5,0.0,-514.8675642151306,2507.7254586587665,True,tilde_q_mu,asymptotic,default,sidak_approx,observed,8.03**2 * RBF(length_scale=0.319),0.0267331842027451,0.3645434209465248,0.0987188250642313,0.3194074992813659,0.0243028947297683,64.48362570544025,1590.217640441315,383,220,163,416,33,0.04,0.3,0.000625,1.0,1e-08,1e+18,False,False,False,False,12,1.1,15.0,13.142775905214595,5.78025291761951,78.8216306948115,69.06233524703279,study_results/v4p2_followups_20260806/pseudo65/gp_window_ensemble_20260806/runs/window_2p25eq2p5/draw_02/attempt_01/results_single.csv,1,1,1,1,single_attempt_outside_55_75MeV,False,,,,,,,window_2p25eq2p5,2
2021,0.189,0.004655915875,0.17852418928125,0.19947581071875,168874228.16818193,1.64,0.181364297965,0.196635702035,0.0152714040699999,0.0,1.0,8000,0.000125,True,3485.9902239928174,3.5466710143708462e-06,0.5,0.0,-1234.2114179991722,2483.8573798273474,True,tilde_q_mu,asymptotic,default,sidak_approx,observed,8.06**2 * RBF(length_scale=0.32),0.0267695337253012,0.3650390962541072,0.0988530545720656,0.3198608131408054,0.0243359397502738,65.02279531381839,1591.4901005570669,383,222,161,416,33,0.04,0.3,0.000625,1.0,1e-08,1e+18,False,False,False,False,12,1.1,15.0,13.14355707743756,5.749574185616315,78.40328434931338,68.69986952691782,study_results/v4p2_followups_20260806/pseudo65/gp_window_ensemble_20260806/runs/window_2p25eq2p5/draw_02/attempt_01/results_single.csv,1,1,1,1,single_attempt_outside_55_75MeV,False,,,,,,,window_2p25eq2p5,2
2021,0.19,0.0046870875,0.179454053125,0.200545946875,164378838.92039412,1.64,0.1823131765,0.1976868235,0.0153736469999999,0.0,1.0,8000,0.000125,True,3315.811271936788,3.4475471634746422e-06,0.5,0.0,-1638.0636346524675,2467.0425933376127,True,tilde_q_mu,asymptotic,default,sidak_approx,observed,8.13**2 * RBF(length_scale=0.321),0.0268064698428396,0.3655427705841774,0.0989894502254296,0.3207188763146553,0.0243695180389451,66.14827491491057,1588.1665648388184,382,223,159,416,34,0.04,0.3,0.000625,1.0,1e-08,1e+18,False,False,False,False,12,1.1,15.0,13.160657334384348,5.719216857555929,77.98932078485358,68.42604843938912,study_results/v4p2_followups_20260806/pseudo65/gp_window_ensemble_20260806/runs/window_2p25eq2p5/draw_02/attempt_01/results_single.csv,1,1,1,1,single_attempt_outside_55_75MeV,False,,,,,,,window_2p25eq2p5,2
2021,0.191,0.004718430875,0.18038353053125,0.20161646946875,160024504.07567304,1.64,0.183261773365,0.198738226635,0.01547645327,0.0,1.0,8000,0.000125,True,3137.7240331932844,3.333610144239483e-06,0.5,0.0,-2104.817932737075,2445.439421712013,True,tilde_q_mu,asymptotic,default,sidak_approx,observed,8.07**2 * RBF(length_scale=0.32),0.026843983264149,0.3660543172383967,0.099127977714251,0.3199206342796071,0.0244036211492264,65.12500404880174,1589.4574164736896,382,225,157,416,34,0.04,0.3,0.000625,1.0,1e-08,1e+18,False,False,False,False,12,1.1,15.0,13.109555845147511,5.68917590938515,77.57967149161568,67.80233572450229,study_results/v4p2_followups_20260806/pseudo65/gp_window_ensemble_20260806/runs/window_2p25eq2p5/draw_02/attempt_01/results_single.csv,1,1,1,1,single_attempt_outside_55_75MeV,False,,,,,,,window_2p25eq2p5,2
2021,0.192,0.004749946,0.1813126215,0.2026873785,155718995.1526329,1.64,0.18421008856,0.19978991144,0.0155798228799999,0.0,1.0,8000,0.000125,True,3040.2752345004683,3.3020983380461813e-06,0.5,0.0,-2316.3205424695902,2419.691516700294,True,tilde_q_mu,asymptotic,default,sidak_approx,observed,8.08**2 * RBF(length_scale=0.32),0.0268820648906906,0.3665736121457819,0.0992686034399486,0.320047480026531,0.0244382408097187,65.29487032754898,1588.8953276775178,382,226,156,416,34,0.04,0.3,0.000625,1.0,1e-08,1e+18,False,False,False,False,12,1.1,15.0,13.09617506916668,5.659446421220509,77.17426938027965,67.37918284261147,study_results/v4p2_followups_20260806/pseudo65/gp_window_ensemble_20260806/runs/window_2p25eq2p5/draw_02/attempt_01/results_single.csv,1,1,1,1,single_attempt_outside_55_75MeV,False,,,,,,,window_2p25eq2p5,2
2021,0.193,0.004781632875,0.18224132603125,0.20375867396875,151601184.85939226,1.64,0.185158122085,0.200841877915,0.0156837558299999,0.0,1.0,8000,0.000125,True,3040.441182631038,3.3744004774779805e-06,0.4999513009912829,0.0001220703125,-2178.528226081468,2394.971330776814,True,tilde_q_mu,asymptotic,default,sidak_approx,observed,8.11**2 * RBF(length_scale=0.32),0.0269207058116312,0.3671005337949717,0.0994112944970904,0.3203584207195741,0.0244733689196647,65.71033969865604,1588.7846340846995,382,228,154,416,34,0.04,0.3,0.000625,1.0,1e-08,1e+18,False,False,False,False,12,1.1,15.0,13.090082602487984,5.630023574662507,76.77304874539782,66.99770331480627,study_results/v4p2_followups_20260806/pseudo65/gp_window_ensemble_20260806/runs/window_2p25eq2p5/draw_02/attempt_01/results_single.csv,1,1,1,1,single_attempt_outside_55_75MeV,False,,,,,,,window_2p25eq2p5,2
2021,0.194,0.0048134915,0.183169644125,0.204830355875,147523768.56605715,1.64,0.18610587394,0.20189412606,0.01578825212,0.0,1.0,8000,0.000125,True,3053.927082819974,3.465092698634228e-06,0.5,0.0,-2048.9613789828177,2380.3311442852446,True,tilde_q_mu,asymptotic,default,sidak_approx,observed,8.07**2 * RBF(length_scale=0.32),0.0269598972990275,0.3676349631685571,0.0995560186556095,0.3197910424327353,0.0245089975445704,65.08212884670414,1584.934299236375,381,229,152,416,35,0.04,0.3,0.000625,1.0,1e-08,1e+18,False,False,False,False,12,1.1,15.0,13.047903809659454,5.600902650192177,76.37594522989332,66.43639911543113,study_results/v4p2_followups_20260806/pseudo65/gp_window_ensemble_20260806/runs/window_2p25eq2p5/draw_02/attempt_01/results_single.csv,1,1,1,1,single_attempt_outside_55_75MeV,False,,,,,,,window_2p25eq2p5,2
2021,0.195,0.004845521875,0.18409757578125,0.20590242421875,143578408.5209931,1.64,0.187053344125,0.202946655875,0.0158933117499999,0.0,1.0,8000,0.000125,True,3077.089825932524,3.568916193677679e-06,0.5,0.0,-1800.229335954776,2346.829372449556,True,tilde_q_mu,asymptotic,default,sidak_approx,observed,8.05**2 * RBF(length_scale=0.319),0.0269996308031587,0.368176783679438,0.09970274434357,0.3194774509870487,0.0245451189119625,64.80773045007123,1588.9763033617492,382,231,151,416,34,0.04,0.3,0.000625,1.0,1e-08,1e+18,False,False,False,False,12,1.1,15.0,13.015925982389325,5.572079024647637,75.9828957906496,65.93251650257976,study_results/v4p2_followups_20260806/pseudo65/gp_window_ensemble_20260806/runs/window_2p25eq2p5/draw_02/attempt_01/results_single.csv,1,1,1,1,single_attempt_outside_55_75MeV,False,,,,,,,window_2p25eq2p5,2
2021,0.196,0.004877724,0.185025121,0.206974879,139755894.5302579,1.64,0.18800053264,0.20399946736,0.01599893472,0.0,1.0,8000,0.000125,True,3221.2091423529,3.8186744848226e-06,0.5,0.0,-1289.0772674674492,2329.531830481352,True,tilde_q_mu,asymptotic,default,sidak_approx,observed,8.06**2 * RBF(length_scale=0.32),0.0270398979480013,0.3687258811091098,0.0998514406304547,0.3196975069693497,0.0245817254072739,65.04085168506259,1584.5883036624527,381,232,149,416,35,0.04,0.3,0.000625,1.0,1e-08,1e+18,False,False,False,False,12,1.1,15.0,13.005495003810752,5.543548168777362,75.59383866514584,65.54235273856202,study_results/v4p2_followups_20260806/pseudo65/gp_window_ensemble_20260806/runs/window_2p25eq2p5/draw_02/attempt_01/results_single.csv,1,1,1,1,single_attempt_outside_55_75MeV,False,,,,,,,window_2p25eq2p5,2
2021,0.197,0.004910097875,0.18595227978125,0.20804772021875,136004179.86803293,1.64,0.188947439485,0.205052560515,0.01610512103,0.0,1.0,8000,0.000125,True,3370.74045088649,4.0853263278279095e-06,0.5,0.0,-810.4097424687732,2303.689727990243,True,tilde_q_mu,asymptotic,default,sidak_approx,observed,8.08**2 * RBF(length_scale=0.32),0.0270806905268411,0.3692821435478344,0.1000020772109632,0.3200093152138329,0.0246188095698556,65.36361781808155,1584.0439170520413,381,234,147,416,35,0.04,0.3,0.000625,1.0,1e-08,1e+18,False,False,False,False,12,1.1,15.0,12.998569825474693,5.51530564486786,75.20871333910718,65.17371412149964,study_results/v4p2_followups_20260806/pseudo65/gp_window_ensemble_20260806/runs/window_2p25eq2p5/draw_02/attempt_01/results_single.csv,1,1,1,1,single_attempt_outside_55_75MeV,False,,,,,,,window_2p25eq2p5,2
2021,0.198,0.0049426435,0.186879052125,0.209120947875,132354320.73115931,1.64,0.18989406466,0.20610593534,0.01621187068,0.0,1.0,8000,0.000125,True,3596.529400389858,4.456564773949966e-06,0.4999513009912829,0.0001220703125,-281.1365531283834,2284.6231067735425,True,tilde_q_mu,asymptotic,default,sidak_approx,observed,8.14**2 * RBF(length_scale=0.321),0.0271220004980165,0.3698454613365898,0.1001546243892919,0.3207556785264931,0.0246563640891059,66.27413061900415,1580.6725756939318,380,235,145,416,36,0.04,0.3,0.000625,1.0,1e-08,1e+18,False,False,False,False,12,1.1,15.0,13.00904210236796,5.487347104442508,74.82746051512511,64.8955722836359,study_results/v4p2_followups_20260806/pseudo65/gp_window_ensemble_20260806/runs/window_2p25eq2p5/draw_02/attempt_01/results_single.csv,1,1,1,1,single_attempt_outside_55_75MeV,False,,,,,,,window_2p25eq2p5,2
2021,0.199,0.004975360875,0.18780543803125,0.21019456196875,128788002.15036236,1.64,0.190840408165,0.207159591835,0.01631918367,0.0,1.0,8000,0.000125,True,3902.3600409670103,4.9444589475276e-06,0.4467162109023558,0.1339622546027953,302.03672225209027,2256.38333532951,True,tilde_q_mu,asymptotic,default,sidak_approx,observed,8.21**2 * RBF(length_scale=0.322),0.0271638199807916,0.3704157270107955,0.100309053063895,0.3215754313597856,0.0246943818007197,67.3508577089687,1583.625456651428,380,236,144,416,36,0.04,0.3,0.000625,1.0,1e-08,1e+18,False,False,False,False,12,1.1,15.0,13.02221023206232,5.459668286029939,74.45002208222643,64.63358928909564,study_results/v4p2_followups_20260806/pseudo65/gp_window_ensemble_20260806/runs/window_2p25eq2p5/draw_02/attempt_01/results_single.csv,1,1,1,1,single_attempt_outside_55_75MeV,False,,,,,,,window_2p25eq2p5,2
2021,0.2,0.00500825,0.1887314375,0.2112685625,125353032.55969112,1.64,0.19178647,0.20821353,0.0164270599999999,0.0,1.0,8000,0.000125,True,4038.844882499324,5.231331667406867e-06,0.4003277917727584,0.2524987456318886,564.0760254285439,2234.176149010379,True,tilde_q_mu,asymptotic,default,sidak_approx,observed,8.19**2 * RBF(length_scale=0.321),0.027206141251351,0.3709928352456959,0.1004653347126938,0.321358776500923,0.0247328556830463,67.03570869158807,1584.5508824227654,380,238,142,416,36,0.04,0.3,0.000625,1.0,1e-08,1e+18,False,False,False,False,12,1.1,15.0,12.99319337076003,5.432265012998759,74.0763410863467,64.16588159555192,study_results/v4p2_followups_20260806/pseudo65/gp_window_ensemble_20260806/runs/window_2p25eq2p5/draw_02/attempt_01/results_single.csv,1,1,1,1,single_attempt_outside_55_75MeV,False,,,,,,,window_2p25eq2p5,2
2021,0.201,0.005041310875,0.18965705053125,0.21234294946875,122019355.53382406,1.64,0.192732250165,0.209267749835,0.01653549967,0.0,1.0,8000,0.000125,True,4205.390490786582,5.5680287123999095e-06,0.3518287077733529,0.3803880073205019,843.4719994676194,2217.9990635356467,True,tilde_q_mu,asymptotic,default,sidak_approx,observed,8.2**2 * RBF(length_scale=0.321),0.027248956738914,0.3715766828033728,0.1006234413787278,0.3214703456295633,0.0247717788535581,67.19066932265133,1580.6761562454026,379,239,140,416,37,0.04,0.3,0.000625,1.0,1e-08,1e+18,False,False,False,False,12,1.1,15.0,12.977281426981078,5.405133191456678,73.70636170168197,63.76721325077246,study_results/v4p2_followups_20260806/pseudo65/gp_window_ensemble_20260806/runs/window_2p25eq2p5/draw_02/attempt_01/results_single.csv,1,1,1,1,single_attempt_outside_55_75MeV,False,,,,,,,window_2p25eq2p5,2
2021,0.202,0.0050745435,0.190582277125,0.213417722875,118808713.66471364,1.64,0.19367774866,0.21032225134,0.01664450268,0.0,1.0,8000,0.000125,True,4214.364504918503,5.70233009826592e-06,0.3368675400342149,0.421027391686574,921.2700296140883,2189.308408275955,True,tilde_q_mu,asymptotic,default,sidak_approx,observed,8.14**2 * RBF(length_scale=0.321),0.0272922590219629,0.3721671684813132,0.100783345656227,0.3207241000143525,0.0248111445654208,66.20751499868908,1585.1436552307591,380,241,139,416,36,0.04,0.3,0.000625,1.0,1e-08,1e+18,False,False,False,False,12,1.1,15.0,12.92661445620463,5.37826880821161,73.34002920288559,63.20255211416603,study_results/v4p2_followups_20260806/pseudo65/gp_window_ensemble_20260806/runs/window_2p25eq2p5/draw_02/attempt_01/results_single.csv,1,1,1,1,single_attempt_outside_55_75MeV,False,,,,,,,window_2p25eq2p5,2
2021,0.203,0.005107947875,0.19150711728125,0.21449288271875,115574322.00533302,1.64,0.194622965485,0.211377034515,0.0167540690299999,0.0,1.0,8000,0.000125,True,4517.041567149154,6.251966133586599e-06,0.2672293129155233,0.6212143091238497,1365.680744134844,2172.824042921165,True,tilde_q_mu,asymptotic,default,sidak_approx,observed,8.2**2 * RBF(length_scale=0.321),0.0273360408245852,0.3727641930625258,0.1009450206771031,0.3214906923228156,0.0248509462041683,67.20257918551432,1581.015647690565,379,242,137,416,37,0.04,0.3,0.000625,1.0,1e-08,1e+18,False,False,False,False,12,1.1,15.0,12.936758611987583,5.351667928793269,72.97728993809002,62.93930560574007,study_results/v4p2_followups_20260806/pseudo65/gp_window_ensemble_20260806/runs/window_2p25eq2p5/draw_02/attempt_01/results_single.csv,1,1,1,1,single_attempt_outside_55_75MeV,False,,,,,,,window_2p25eq2p5,2
2021,0.204,0.005141524,0.192431571,0.2155684289999999,112452833.18684237,1.64,0.19556790064,0.21243209936,0.01686419872,0.0,1.0,8000,0.000125,True,4886.39191866902,6.916838730878907e-06,0.1914295063598256,0.8726405834748585,1875.316251118869,2150.784572009655,True,tilde_q_mu,asymptotic,default,sidak_approx,observed,8.26**2 * RBF(length_scale=0.322),0.0273802950129184,0.3733676592670698,0.1011084400978236,0.3222072452694565,0.0248911772844713,68.17861937245897,1583.3347595893792,379,244,135,416,37,0.04,0.3,0.000625,1.0,1e-08,1e+18,False,False,False,False,12,1.1,15.0,12.944636631167686,5.325326695531998,72.61809130270905,62.66765365083514,study_results/v4p2_followups_20260806/pseudo65/gp_window_ensemble_20260806/runs/window_2p25eq2p5/draw_02/attempt_01/results_single.csv,1,1,1,1,single_attempt_outside_55_75MeV,False,,,,,,,window_2p25eq2p5,2
2021,0.205,0.005175271875,0.19335563828125,0.2166443617187499,109447447.25856656,1.64,0.196512554125,0.213487445875,0.01697489175,0.0,1.0,8000,0.000125,True,5130.852999288744,7.425915389069176e-06,0.1521588483438977,1.0272182707069846,2194.037510780154,2137.2107924960223,True,tilde_q_mu,asymptotic,default,sidak_approx,observed,8.27**2 * RBF(length_scale=0.322),0.0274250145917023,0.3739774717050326,0.1012735780866781,0.3223218308717988,0.0249318314470021,68.33984046482976,1582.0860893973752,378,245,133,416,38,0.04,0.3,0.000625,1.0,1e-08,1e+18,False,False,False,False,12,1.1,15.0,12.92812489756163,5.2992413256941004,72.26238171401046,62.28113974626673,study_results/v4p2_followups_20260806/pseudo65/gp_window_ensemble_20260806/runs/window_2p25eq2p5/draw_02/attempt_01/results_single.csv,1,1,1,1,single_attempt_outside_55_75MeV,False,,,,,,,window_2p25eq2p5,2
2021,0.206,0.0052091915,0.194279319125,0.217720680875,106491864.68179588,1.64,0.19745692594,0.2145430740599999,0.0170861481199999,0.0,1.0,8000,0.000125,True,5358.7802549446715,7.932356395637008e-06,0.1172465473889562,1.1888642380152814,2507.0274599650047,2109.1574105740247,True,tilde_q_mu,asymptotic,default,sidak_approx,observed,8.29**2 * RBF(length_scale=0.323),0.0274701927009294,0.3745935368308561,0.1014404093114096,0.3226306268276547,0.0249729024553904,68.76885969762603,1584.5620638684336,379,247,132,416,37,0.04,0.3,0.000625,1.0,1e-08,1e+18,False,False,False,False,12,1.1,15.0,12.91922824765668,5.273408109671041,71.91011058642329,61.93487546534903,study_results/v4p2_followups_20260806/pseudo65/gp_window_ensemble_20260806/runs/window_2p25eq2p5/draw_02/attempt_01/results_single.csv,1,1,1,1,single_attempt_outside_55_75MeV,False,,,,,,,window_2p25eq2p5,2
2021,0.207,0.005243282875,0.1952026135312499,0.21879738646875,103594993.30477582,1.64,0.198401016085,0.215598983915,0.0171979678299999,0.0,1.0,8000,0.000125,True,5473.85321566175,8.289034692393526e-06,0.1025895023310434,1.2669336799719055,2657.0670663638343,2098.1454584861804,True,tilde_q_mu,asymptotic,default,sidak_approx,observed,8.27**2 * RBF(length_scale=0.322),0.0275158226125923,0.375215762898986,0.1016089089272047,0.322344762815365,0.0250143841932657,68.35904422941762,1580.348746171782,378,248,130,416,38,0.04,0.3,0.000625,1.0,1e-08,1e+18,False,False,False,False,12,1.1,15.0,12.88637610763751,5.247823409220947,71.56122830755837,61.47766017971421,study_results/v4p2_followups_20260806/pseudo65/gp_window_ensemble_20260806/runs/window_2p25eq2p5/draw_02/attempt_01/results_single.csv,1,1,1,1,single_attempt_outside_55_75MeV,False,,,,,,,window_2p25eq2p5,2
2021,0.208,0.005277546,0.1961255214999999,0.2198744785,100755569.91566654,1.64,0.19934482456,0.21665517544,0.0173103508799999,0.0,1.0,8000,0.000125,True,5549.87206884273,8.599446429951376e-06,0.0913128622850487,1.3327138555677789,2771.719824374541,2080.1238629888035,True,tilde_q_mu,asymptotic,default,sidak_approx,observed,8.31**2 * RBF(length_scale=0.323),0.0275618977275242,0.3758440599207857,0.1017790525650254,0.3227553753068335,0.0250562706613857,68.9921364130077,1581.0506611351495,378,250,128,416,38,0.04,0.3,0.000625,1.0,1e-08,1e+18,False,False,False,False,12,1.1,15.0,12.881221617877586,5.222483655760516,71.21568621491612,61.156335786904286,study_results/v4p2_followups_20260806/pseudo65/gp_window_ensemble_20260806/runs/window_2p25eq2p5/draw_02/attempt_01/results_single.csv,1,1,1,1,single_attempt_outside_55_75MeV,False,,,,,,,window_2p25eq2p5,2
2021,0.209,0.005311980875,0.1970480430312499,0.22095195696875,97975291.24730824,1.64,0.200288351365,0.2177116486349999,0.0174232972699999,0.0,1.0,8000,0.000125,True,5581.823454070914,8.851832125682958e-06,0.086041602950662,1.3655405860842051,2825.184610298787,2069.1483955328736,True,tilde_q_mu,asymptotic,default,sidak_approx,observed,8.31**2 * RBF(length_scale=0.323),0.0276084115723308,0.3764783396226934,0.101950816320278,0.3228287447155394,0.0250985559748462,69.0692466485148,1577.2787007262843,377,251,126,416,39,0.04,0.3,0.000625,1.0,1e-08,1e+18,False,False,False,False,12,1.1,15.0,12.862442964411118,5.197385348705882,70.87343657326201,60.77370237435944,study_results/v4p2_followups_20260806/pseudo65/gp_window_ensemble_20260806/runs/window_2p25eq2p5/draw_02/attempt_01/results_single.csv,1,1,1,1,single_attempt_outside_55_75MeV,False,,,,,,,window_2p25eq2p5,2
2021,0.21,0.0053465875,0.197970178125,0.2220298218749999,95309478.67396852,1.64,0.2012315965,0.2187684034999999,0.0175368069999999,0.0,1.0,8000,0.000125,True,5280.114610607889,8.566588043977482e-06,0.1084380184961633,1.2348776650939164,2526.5586015708013,2045.9002786414687,True,tilde_q_mu,asymptotic,default,sidak_approx,observed,8.26**2 * RBF(length_scale=0.322),0.0276553577964078,0.3771185154055612,0.1021241767418025,0.3222348293477229,0.0251412343603707,68.215302929647,1582.154050706156,378,253,125,416,38,0.04,0.3,0.000625,1.0,1e-08,1e+18,False,False,False,False,12,1.1,15.0,12.81698522550072,5.172525053860584,70.53443255264432,60.26925199442129,study_results/v4p2_followups_20260806/pseudo65/gp_window_ensemble_20260806/runs/window_2p25eq2p5/draw_02/attempt_01/results_single.csv,1,1,1,1,single_attempt_outside_55_75MeV,False,,,,,,,window_2p25eq2p5,2
2021,0.211,0.005381365875,0.19889192678125,0.2231080732187499,92716703.49811862,1.64,0.202174559965,0.2198254400349999,0.0176508800699999,0.0,1.0,8000,0.000125,True,4882.477437482503,8.104378760654153e-06,0.1535941827444026,1.021139469597105,2080.9501367914495,2037.994737264611,True,tilde_q_mu,asymptotic,default,sidak_approx,observed,8.19**2 * RBF(length_scale=0.321),0.0277027301690448,0.3777645023051568,0.1022991108211761,0.3213726887514434,0.0251843001536771,67.0527468644671,1576.0010451269125,377,254,123,416,39,0.04,0.3,0.000625,1.0,1e-08,1e+18,False,False,False,False,12,1.1,15.0,12.760834598952329,5.147899401849318,70.19862820703615,59.71953890822252,study_results/v4p2_followups_20260806/pseudo65/gp_window_ensemble_20260806/runs/window_2p25eq2p5/draw_02/attempt_01/results_single.csv,1,1,1,1,single_attempt_outside_55_75MeV,False,,,,,,,window_2p25eq2p5,2
2021,0.212,0.005416316,0.199813289,0.2241867109999999,90185144.73372865,1.64,0.2031172417599999,0.22088275824,0.01776551648,0.0,1.0,8000,0.000125,True,4552.340536784479,7.731856701584103e-06,0.1984860256683379,0.8470413904967571,1712.8728211054165,2022.1652113449863,True,tilde_q_mu,asymptotic,default,sidak_approx,observed,8.19**2 * RBF(length_scale=0.321),0.0277505225766093,0.3784162169537641,0.1024755959823144,0.3213631782014469,0.0252277477969176,67.05106371849939,1576.3683245565792,377,256,121,416,39,0.04,0.3,0.000625,1.0,1e-08,1e+18,False,False,False,False,12,1.1,15.0,12.738480691515072,5.123505086595644,69.86597845357696,59.33242783497988,study_results/v4p2_followups_20260806/pseudo65/gp_window_ensemble_20260806/runs/window_2p25eq2p5/draw_02/attempt_01/results_single.csv,1,1,1,1,single_attempt_outside_55_75MeV,False,,,,,,,window_2p25eq2p5,2
2021,0.213,0.005451437875,0.20073426478125,0.2252657352187499,87692400.078589,1.64,0.204059641885,0.2219403581149999,0.0178807162299999,0.0,1.0,8000,0.000125,True,4129.4411938854755,7.179094132978854e-06,0.2726938003412832,0.604686077372531,1209.183710970425,2005.1093644281768,True,tilde_q_mu,asymptotic,default,sidak_approx,observed,8.14**2 * RBF(length_scale=0.321),0.0277987290198092,0.3790735775428533,0.1026536100713629,0.3207974301309347,0.0252715718361902,66.29410407286788,1575.409694455955,377,257,120,416,39,0.04,0.3,0.000625,1.0,1e-08,1e+18,False,False,False,False,12,1.1,15.0,12.694003847894251,5.0993388638422745,69.53643905239464,58.846388326664126,study_results/v4p2_followups_20260806/pseudo65/gp_window_ensemble_20260806/runs/window_2p25eq2p5/draw_02/attempt_01/results_single.csv,1,1,1,1,single_attempt_outside_55_75MeV,False,,,,,,,window_2p25eq2p5,2
2021,0.214,0.0054867315,0.201654854125,0.226345145875,85297275.72952412,1.64,0.20500176034,0.2229982396599999,0.0179964793199999,0.0,1.0,8000,0.000125,True,3773.3201688716863,6.71265991532361e-06,0.3506093544523202,0.3836758570385791,762.7205502522902,1987.5650778531992,True,tilde_q_mu,asymptotic,default,sidak_approx,observed,8.22**2 * RBF(length_scale=0.322),0.0278473436110351,0.3797365037868427,0.1028331313468833,0.3217373169753815,0.0253157669191228,67.56443765815438,1574.4848224107811,377,259,118,416,39,0.04,0.3,0.000625,1.0,1e-08,1e+18,False,False,False,False,12,1.1,15.0,12.70896978958792,5.075397549713366,69.20996658700044,58.63915829950519,study_results/v4p2_followups_20260806/pseudo65/gp_window_ensemble_20260806/runs/window_2p25eq2p5/draw_02/attempt_01/results_single.csv,1,1,1,1,single_attempt_outside_55_75MeV,False,,,,,,,window_2p25eq2p5,2
2021,0.215,0.005522196875,0.20257505703125,0.22742494296875,82936171.06195708,1.64,0.205943597125,0.224056402875,0.01811280575,0.0,1.0,8000,0.000125,True,3241.3087658801605,5.902797498771315e-06,0.4999655646006563,8.631674575031098e-05,-19.87216611806831,1977.5781490930176,True,tilde_q_mu,asymptotic,default,sidak_approx,observed,8.24**2 * RBF(length_scale=0.322),0.0278963605717713,0.380404916887791,0.1030141384702921,0.3218648904001513,0.0253603277925194,67.8688538691954,1571.7562015312126,376,260,116,416,40,0.04,0.3,0.000625,1.0,1e-08,1e+18,False,False,False,False,12,1.1,15.0,12.691669170581171,5.051678019315698,68.88651844521407,58.28566016131963,study_results/v4p2_followups_20260806/pseudo65/gp_window_ensemble_20260806/runs/window_2p25eq2p5/draw_02/attempt_01/results_single.csv,1,1,1,1,single_attempt_outside_55_75MeV,False,,,,,,,window_2p25eq2p5,2
2021,0.216,0.0055578339999999,0.2034948735,0.2285051265,80666190.61149085,1.64,0.20688515224,0.22511484776,0.0182296955199999,0.0,1.0,8000,0.000125,True,2851.2180296845295,5.313798125510453e-06,0.5,0.0,-731.5239182001194,1961.3204358386868,True,tilde_q_mu,asymptotic,default,sidak_approx,observed,8.23**2 * RBF(length_scale=0.322),0.0279457742300831,0.3810787395011339,0.1031966104965824,0.3217087281225373,0.0254052493000755,67.70680351820599,1572.7845458091745,376,262,114,416,40,0.04,0.3,0.000625,1.0,1e-08,1e+18,False,False,False,False,12,1.1,15.0,12.663080937433673,5.028177205379499,68.56605280062952,57.88383174498148,study_results/v4p2_followups_20260806/pseudo65/gp_window_ensemble_20260806/runs/window_2p25eq2p5/draw_02/attempt_01/results_single.csv,1,1,1,1,single_attempt_outside_55_75MeV,False,,,,,,,window_2p25eq2p5,2
2021,0.217,0.005593642875,0.20441430353125,0.22958569646875,78431109.94118327,1.64,0.207826425685,0.226173574315,0.0183471486299999,0.0,1.0,8000,0.000125,True,2636.9074077066844,5.0311435320001626e-06,0.5,0.0,-1209.225453825038,1942.1637524572152,True,tilde_q_mu,asymptotic,default,sidak_approx,observed,8.21**2 * RBF(length_scale=0.322),0.0279955790181704,0.3817578957023249,0.1033805268652899,0.3215421028932066,0.0254505263801549,67.36326974831829,1574.2630028612305,376,263,113,416,40,0.04,0.3,0.000625,1.0,1e-08,1e+18,False,False,False,False,12,1.1,15.0,12.634005996195372,5.0048920969361115,68.24852859458333,57.483487966365146,study_results/v4p2_followups_20260806/pseudo65/gp_window_ensemble_20260806/runs/window_2p25eq2p5/draw_02/attempt_01/results_single.csv,1,1,1,1,single_attempt_outside_55_75MeV,False,,,,,,,window_2p25eq2p5,2
2021,0.218,0.0056296235,0.205333347125,0.230666652875,76236851.52538474,1.64,0.20876741746,0.22723258254,0.01846516508,0.0,1.0,8000,0.000125,True,2473.105405924839,4.832157741107763e-06,0.4999655646006563,8.631674575031098e-05,-1641.4306528987508,1924.1637947836175,True,tilde_q_mu,asymptotic,default,sidak_approx,observed,8.22**2 * RBF(length_scale=0.322),0.0280457694699898,0.3824423109544073,0.103565867391711,0.3216547745322523,0.0254961540636271,67.49699600014067,1574.4633198785248,376,265,111,416,40,0.04,0.3,0.000625,1.0,1e-08,1e+18,False,False,False,False,12,1.1,15.0,12.615815457089878,4.981819738032192,67.93390551862079,57.13610768681997,study_results/v4p2_followups_20260806/pseudo65/gp_window_ensemble_20260806/runs/window_2p25eq2p5/draw_02/attempt_01/results_single.csv,1,1,1,1,single_attempt_outside_55_75MeV,False,,,,,,,window_2p25eq2p5,2
2021,0.219,0.005665775875,0.20625200428125,0.23174799571875,74103158.47642389,1.64,0.209708127565,0.228291872435,0.0185837448699999,0.0,1.0,8000,0.000125,True,2314.5230198160857,4.631275244242843e-06,0.5,0.0,-2180.5598357843883,1911.5485073453349,True,tilde_q_mu,asymptotic,default,sidak_approx,observed,8.25**2 * RBF(length_scale=0.322),0.0280963402189413,0.3831319120764731,0.1037526122583625,0.3219880316018155,0.0255421274717648,68.10760838143791,1571.673012179759,375,266,109,416,41,0.04,0.3,0.000625,1.0,1e-08,1e+18,False,False,False,False,12,1.1,15.0,12.606155534919786,4.958957226478954,67.62214399744026,56.83035098909829,study_results/v4p2_followups_20260806/pseudo65/gp_window_ensemble_20260806/runs/window_2p25eq2p5/draw_02/attempt_01/results_single.csv,1,1,1,1,single_attempt_outside_55_75MeV,False,,,,,,,window_2p25eq2p5,2
2021,0.22,0.0057021,0.207170275,0.232829725,72056230.15568508,1.64,0.210648556,0.229351444,0.018702888,0.0,1.0,8000,0.000125,True,2268.6062560772125,4.647130085446897e-06,0.5,0.0,-2301.1017159137828,1899.1114844748688,True,tilde_q_mu,asymptotic,default,sidak_approx,observed,8.18**2 * RBF(length_scale=0.321),0.0281472859956161,0.3838266272129476,0.1039407420066625,0.321266416723829,0.0255884418141965,66.97444472327824,1569.9251729258788,374,267,107,416,42,0.04,0.3,0.000625,1.0,1e-08,1e+18,False,False,False,False,12,1.1,15.0,12.55513794300636,4.936301712635021,67.31320517229574,56.34177175493748,study_results/v4p2_followups_20260806/pseudo65/gp_window_ensemble_20260806/runs/window_2p25eq2p5/draw_02/attempt_01/results_single.csv,1,1,1,1,single_attempt_outside_55_75MeV,False,,,,,,,window_2p25eq2p5,2
2021,0.221,0.005738595875,0.20808815928125,0.23391184071875,70072537.02592257,1.64,0.211588702765,0.230411297235,0.01882259447,0.0,1.0,8000,0.000125,True,2192.3194634973647,4.597096773800545e-06,0.4999655646006563,8.631674575031098e-05,-2472.583911043373,1871.913055531096,True,tilde_q_mu,asymptotic,default,sidak_approx,observed,8.21**2 * RBF(length_scale=0.322),0.0281986016256085,0.3845263858037528,0.1041302375288517,0.3215087981808663,0.0256350923869168,67.37589755554488,1575.3792416600184,375,269,106,416,41,0.04,0.3,0.000625,1.0,1e-08,1e+18,False,False,False,False,12,1.1,15.0,12.541745250153722,4.913850398222813,67.00705088485654,56.02569081079722,study_results/v4p2_followups_20260806/pseudo65/gp_window_ensemble_20260806/runs/window_2p25eq2p5/draw_02/attempt_01/results_single.csv,1,1,1,1,single_attempt_outside_55_75MeV,False,,,,,,,window_2p25eq2p5,2
2021,0.222,0.0057752635,0.209005657125,0.234994342875,68109664.16035153,1.64,0.21252856786,0.23147143214,0.01894286428,0.0,1.0,8000,0.000125,True,2137.0081106306125,4.589489485388337e-06,0.5,0.0,-2642.741644736428,1857.103322905382,True,tilde_q_mu,asymptotic,default,sidak_approx,observed,8.26**2 * RBF(length_scale=0.322),0.0282502820273846,0.3852311185552448,0.1043210800601226,0.3219593593379776,0.0256820745703496,68.23991993403858,1573.7464692284177,374,270,104,416,42,0.04,0.3,0.000625,1.0,1e-08,1e+18,False,False,False,False,12,1.1,15.0,12.53634547536454,4.891600535176381,66.7036436614961,55.74799476040835,study_results/v4p2_followups_20260806/pseudo65/gp_window_ensemble_20260806/runs/window_2p25eq2p5/draw_02/attempt_01/results_single.csv,1,1,1,1,single_attempt_outside_55_75MeV,False,,,,,,,window_2p25eq2p5,2
2021,0.223,0.005812102875,0.20992276853125,0.23607723146875,66214738.059975564,1.64,0.213468151285,0.232531848715,0.01906369743,0.0,1.0,8000,0.000125,True,2126.94258303024,4.677525458206894e-06,0.4999655646006563,8.631674575031098e-05,-2559.3589835872367,1838.3193214647129,True,tilde_q_mu,asymptotic,default,sidak_approx,observed,8.23**2 * RBF(length_scale=0.321),0.0283023222102076,0.3859407574119222,0.1045132511709582,0.3214742822443097,0.0257293838274614,67.72314587944713,1572.2829016695753,374,272,102,416,42,0.04,0.3,0.000625,1.0,1e-08,1e+18,False,False,False,False,12,1.1,15.0,12.49444154590262,4.869549424520059,66.40294669800079,55.31118239959056,study_results/v4p2_followups_20260806/pseudo65/gp_window_ensemble_20260806/runs/window_2p25eq2p5/draw_02/attempt_01/results_single.csv,1,1,1,1,single_attempt_outside_55_75MeV,False,,,,,,,window_2p25eq2p5,2
2021,0.224,0.005849114,0.2108394935,0.2371605065,64362913.74671155,1.64,0.21440745304,0.23359254696,0.01918509392,0.0,1.0,8000,0.000125,True,2146.0243028202035,4.833601502664066e-06,0.4999655646006563,8.631674575031098e-05,-2302.3215359120804,1814.9341386777312,True,tilde_q_mu,asymptotic,default,sidak_approx,observed,8.24**2 * RBF(length_scale=0.322),0.0283547172721207,0.3866552355289188,0.1047067327596833,0.3216815333558296,0.0257770157019279,67.93290088494247,1571.998351504971,374,273,101,416,42,0.04,0.3,0.000625,1.0,1e-08,1e+18,False,False,False,False,12,1.1,15.0,12.479393932780605,4.847694415277375,66.10492384469147,54.99662570362444,study_results/v4p2_followups_20260806/pseudo65/gp_window_ensemble_20260806/runs/window_2p25eq2p5/draw_02/attempt_01/results_single.csv,1,1,1,1,single_attempt_outside_55_75MeV,False,,,,,,,window_2p25eq2p5,2
2021,0.225,0.005886296875,0.21175583203125,0.23824416796875,62544678.25081808,1.64,0.215346473125,0.234653526875,0.01930705375,0.0,1.0,8000,0.000125,True,2216.9738039902663,5.115729854539533e-06,0.5,0.0,-1867.4473046971343,1794.600437187568,True,tilde_q_mu,asymptotic,default,sidak_approx,observed,8.2**2 * RBF(length_scale=0.321),0.0284074623979809,0.3873744872451945,0.1049015070452041,0.3213927812848184,0.0258249658163463,67.3103117853551,1572.3416669358764,374,275,99,416,42,0.04,0.3,0.000625,1.0,1e-08,1e+18,False,False,False,False,12,1.1,15.0,12.4450418858401,4.82603290340855,65.80953959193478,54.600165113965375,study_results/v4p2_followups_20260806/pseudo65/gp_window_ensemble_20260806/runs/window_2p25eq2p5/draw_02/attempt_01/results_single.csv,1,1,1,1,single_attempt_outside_55_75MeV,False,,,,,,,window_2p25eq2p5,2
2021,0.226,0.0059236515,0.212671784125,0.239328215875,60771554.15297639,1.64,0.21628521154,0.23571478846,0.01942957692,0.0,1.0,8000,0.000125,True,2257.2399882231502,5.33689766552929e-06,0.5,0.0,-1624.0891182207397,1779.086261426658,True,tilde_q_mu,asymptotic,default,sidak_approx,observed,8.23**2 * RBF(length_scale=0.322),0.0284605528575465,0.3880984480574534,0.1050975565599455,0.3216546695484185,0.0258732298704968,67.76937300208694,1569.4085142888262,373,276,97,416,43,0.04,0.3,0.000625,1.0,1e-08,1e+18,False,False,False,False,12,1.1,15.0,12.431948819625322,4.804562330776309,65.51675905604058,54.30006636082802,study_results/v4p2_followups_20260806/pseudo65/gp_window_ensemble_20260806/runs/window_2p25eq2p5/draw_02/attempt_01/results_single.csv,1,1,1,1,single_attempt_outside_55_75MeV,False,,,,,,,window_2p25eq2p5,2
2021,0.227,0.005961177875,0.21358734978125,0.24041265021875,59077484.03982016,1.64,0.217223668285,0.236776331715,0.01955266343,0.0,1.0,8000,0.000125,True,2286.373637099634,5.536295686653132e-06,0.5,0.0,-1411.03171726804,1758.143986156643,True,tilde_q_mu,asymptotic,default,sidak_approx,observed,8.27**2 * RBF(length_scale=0.322),0.0285139840036164,0.3888270545947703,0.1052948641429799,0.3220734034447349,0.0259218036396513,68.3991946463548,1570.4827431496633,373,278,95,416,43,0.04,0.3,0.000625,1.0,1e-08,1e+18,False,False,False,False,12,1.1,15.0,12.424806850711366,4.783280184139193,65.22654796553445,54.028484000695066,study_results/v4p2_followups_20260806/pseudo65/gp_window_ensemble_20260806/runs/window_2p25eq2p5/draw_02/attempt_01/results_single.csv,1,1,1,1,single_attempt_outside_55_75MeV,False,,,,,,,window_2p25eq2p5,2
2021,0.228,0.005998876,0.214502529,0.241497471,57436780.43420136,1.64,0.21816184336,0.23783815664,0.01967631328,0.0,1.0,8000,0.000125,True,2346.480170430721,5.818511212431551e-06,0.5,0.0,-1117.497731171536,1736.7904103652604,True,tilde_q_mu,asymptotic,default,sidak_approx,observed,8.27**2 * RBF(length_scale=0.322),0.0285677512702127,0.3895602445938106,0.1054934129333165,0.3220229914499867,0.0259706829729207,68.38586977205799,1570.781644310981,373,279,94,416,43,0.04,0.3,0.000625,1.0,1e-08,1e+18,False,False,False,False,12,1.1,15.0,12.399481052760756,4.762183994170372,64.9388726477778,53.68055473225097,study_results/v4p2_followups_20260806/pseudo65/gp_window_ensemble_20260806/runs/window_2p25eq2p5/draw_02/attempt_01/results_single.csv,1,1,1,1,single_attempt_outside_55_75MeV,False,,,,,,,window_2p25eq2p5,2
2021,0.229,0.006036745875,0.21541732178125,0.24258267821875,55831675.293223605,1.64,0.219099736765,0.238900263235,0.01980052647,0.0,1.0,8000,0.000125,True,2429.883965717583,6.171479850541417e-06,0.5,0.0,-810.1186335875299,1718.3879947934067,True,tilde_q_mu,asymptotic,default,sidak_approx,observed,8.27**2 * RBF(length_scale=0.322),0.0286218501708174,0.3902979568747833,0.1056931863633896,0.3219497590522183,0.0260198637916522,68.39884155391661,1570.8509745211968,373,281,92,416,43,0.04,0.3,0.000625,1.0,1e-08,1e+18,False,False,False,False,12,1.1,15.0,12.373229991907465,4.741271334503118,64.6537000159516,53.331673341677366,study_results/v4p2_followups_20260806/pseudo65/gp_window_ensemble_20260806/runs/window_2p25eq2p5/draw_02/attempt_01/results_single.csv,1,1,1,1,single_attempt_outside_55_75MeV,False,,,,,,,window_2p25eq2p5,2
2021,0.23,0.0060747875,0.216331728125,0.243668271875,54262302.35414737,1.64,0.2200373485,0.2399626515,0.019925303,0.0,1.0,8000,0.000125,True,2431.661797888748,6.326988440754068e-06,0.5,0.0,-752.8881200251304,1704.678829974281,True,tilde_q_mu,asymptotic,default,sidak_approx,observed,8.35**2 * RBF(length_scale=0.323),0.0286762762966508,0.3910401313179656,0.1058941681527014,0.3226515000572932,0.0260693420878643,69.70339712121317,1568.6870080595677,372,282,90,416,44,0.04,0.3,0.000625,1.0,1e-08,1e+18,False,False,False,False,12,1.1,15.0,12.37666447315108,4.720539820800449,64.37099755636976,53.11321590381444,study_results/v4p2_followups_20260806/pseudo65/gp_window_ensemble_20260806/runs/window_2p25eq2p5/draw_02/attempt_01/results_single.csv,1,1,1,1,single_attempt_outside_55_75MeV,False,,,,,,,window_2p25eq2p5,2
2021,0.231,0.006113000875,0.21724574803125,0.24475425196875,52721717.822498925,1.64,0.220974678565,0.241025321435,0.02005064287,0.0,1.0,8000,0.000125,True,2550.1614040296995,6.799642165384359e-06,0.5,0.0,-418.6205567951813,1687.6455554364834,True,tilde_q_mu,asymptotic,default,sidak_approx,observed,8.28**2 * RBF(length_scale=0.322),0.0287310253149946,0.3917867088408355,0.1060963423016291,0.3221269532096454,0.0261191139227223,68.48824209551518,1566.2471186708826,372,284,88,416,44,0.04,0.3,0.000625,1.0,1e-08,1e+18,False,False,False,False,12,1.1,15.0,12.332996983079523,4.699987109848828,64.09073331612038,52.69538804207113,study_results/v4p2_followups_20260806/pseudo65/gp_window_ensemble_20260806/runs/window_2p25eq2p5/draw_02/attempt_01/results_single.csv,1,1,1,1,single_attempt_outside_55_75MeV,False,,,,,,,window_2p25eq2p5,2
2021,0.232,0.006151386,0.2181593815,0.2458406185,51251552.38699205,1.64,0.22191172696,0.24208827304,0.02017654608,0.0,1.0,8000,0.000125,True,2558.460343299116,6.98720688222332e-06,0.5,0.0,-341.96959107713116,1669.552704717139,True,tilde_q_mu,asymptotic,default,sidak_approx,observed,8.28**2 * RBF(length_scale=0.322),0.0287860929675617,0.3925376313758422,0.1062996930854058,0.3222551472823139,0.0261691754250561,68.60303604335014,1567.0530670496282,372,285,87,416,44,0.04,0.3,0.000625,1.0,1e-08,1e+18,False,False,False,False,12,1.1,15.0,12.314302688107055,4.679610898675804,63.81287589103368,52.387404608053195,study_results/v4p2_followups_20260806/pseudo65/gp_window_ensemble_20260806/runs/window_2p25eq2p5/draw_02/attempt_01/results_single.csv,1,1,1,1,single_attempt_outside_55_75MeV,False,,,,,,,window_2p25eq2p5,2
2021,0.233,0.006189942875,0.21907262853125,0.24692737146875,49805482.399550624,1.64,0.222848493685,0.243151506315,0.02030301263,0.0,1.0,8000,0.000125,True,2569.3987589516905,7.189825668026768e-06,0.5,0.0,-272.116422669873,1654.8522752021902,True,tilde_q_mu,asymptotic,default,sidak_approx,observed,8.26**2 * RBF(length_scale=0.322),0.0288414750689017,0.3932928418486603,0.1065042050482311,0.3220899809196332,0.0262195227899106,68.2352497219375,1568.0532101123713,372,287,85,416,44,0.04,0.3,0.000625,1.0,1e-08,1e+18,False,False,False,False,12,1.1,15.0,12.284357099114478,4.659408923689259,63.53739441394444,52.034402808545,study_results/v4p2_followups_20260806/pseudo65/gp_window_ensemble_20260806/runs/window_2p25eq2p5/draw_02/attempt_01/results_single.csv,1,1,1,1,single_attempt_outside_55_75MeV,False,,,,,,,window_2p25eq2p5,2
2021,0.234,0.0062286715,0.219985489125,0.248014510875,48395595.20414742,1.64,0.22378497874,0.24421502126,0.02043004252,0.0,1.0,8000,0.000125,True,2647.962870579472,7.59294266218783e-06,0.5,0.0,-102.87033938236831,1646.4792257059676,True,tilde_q_mu,asymptotic,default,sidak_approx,observed,8.2**2 * RBF(length_scale=0.321),0.0288971675048537,0.394052284157097,0.1067098629975592,0.3213805211814738,0.0262701522771398,67.16129469872783,1564.243698378089,371,288,83,416,45,0.04,0.3,0.000625,1.0,1e-08,1e+18,False,False,False,False,12,1.1,15.0,12.233675609910268,4.639378959839796,63.26425854326993,51.59696111465724,study_results/v4p2_followups_20260806/pseudo65/gp_window_ensemble_20260806/runs/window_2p25eq2p5/draw_02/attempt_01/results_single.csv,1,1,1,1,single_attempt_outside_55_75MeV,False,,,,,,,window_2p25eq2p5,2
2021,0.235,0.006267571875,0.22089796328125,0.2491020367187499,47012739.219878465,1.64,0.2247211821249999,0.245278817875,0.02055763575,0.0,1.0,8000,0.000125,True,2578.8126459382465,7.579774661340226e-06,0.5,0.0,-202.47858006814204,1638.2849372313676,True,tilde_q_mu,asymptotic,default,sidak_approx,observed,8.22**2 * RBF(length_scale=0.322),0.0289531662310341,0.394815903150465,0.1069166519985136,0.3216819732784827,0.026321060210031,67.54772148489747,1561.49197091314,370,289,81,416,46,0.04,0.3,0.000625,1.0,1e-08,1e+18,False,False,False,False,12,1.1,15.0,12.22146717159551,4.619518819803578,62.993438451866965,51.32481600436096,study_results/v4p2_followups_20260806/pseudo65/gp_window_ensemble_20260806/runs/window_2p25eq2p5/draw_02/attempt_01/results_single.csv,1,1,1,1,single_attempt_outside_55_75MeV,False,,,,,,,window_2p25eq2p5,2
2021,0.236,0.006306644,0.2218100509999999,0.2501899489999999,45679826.44124699,1.64,0.2256571038399999,0.24634289616,0.02068579232,0.0,1.0,8000,0.000125,True,2582.7118629665206,7.779638757614582e-06,0.5,0.0,-143.0226462834693,1620.656648936684,True,tilde_q_mu,asymptotic,default,sidak_approx,observed,8.18**2 * RBF(length_scale=0.321),0.0290094672713634,0.3955836446095018,0.1071245573684485,0.3212497111799333,0.0263722429739667,66.92973997549107,1565.8600280076507,371,291,80,416,45,0.04,0.3,0.000625,1.0,1e-08,1e+18,False,False,False,False,12,1.1,15.0,12.181357175309405,4.599826353186174,62.7249048161751,50.938297956874266,study_results/v4p2_followups_20260806/pseudo65/gp_window_ensemble_20260806/runs/window_2p25eq2p5/draw_02/attempt_01/results_single.csv,1,1,1,1,single_attempt_outside_55_75MeV,False,,,,,,,window_2p25eq2p5,2
2021,0.237,0.006345887875,0.22272175228125,0.25127824771875,44384391.87212218,1.64,0.226592743885,0.2474072561149999,0.0208145122299999,0.0,1.0,8000,0.000125,True,2674.438363453135,8.256080057866207e-06,0.493212752964255,0.0170139261383721,27.05021086099095,1615.3591195091728,True,tilde_q_mu,asymptotic,default,sidak_approx,observed,8.13**2 * RBF(length_scale=0.321),0.0290660667166324,0.3963554552268056,0.1073335646716512,0.3206127958286803,0.0264236970151203,66.14388024855154,1564.1481629050386,370,292,78,416,46,0.04,0.3,0.000625,1.0,1e-08,1e+18,False,False,False,False,12,1.1,15.0,12.133532852924285,4.580299445746575,62.458628805635115,50.52292163745177,study_results/v4p2_followups_20260806/pseudo65/gp_window_ensemble_20260806/runs/window_2p25eq2p5/draw_02/attempt_01/results_single.csv,1,1,1,1,single_attempt_outside_55_75MeV,False,,,,,,,window_2p25eq2p5,2
2021,0.238,0.0063853035,0.223633067125,0.252366932875,43150069.97440755,1.64,0.2275281022599999,0.24847189774,0.02094379548,0.0,1.0,8000,0.000125,True,2702.9411042352804,8.546691802863746e-06,0.4757893136852695,0.0607244901236011,96.74676056510096,1606.474380599696,True,tilde_q_mu,asymptotic,default,sidak_approx,observed,8.13**2 * RBF(length_scale=0.32),0.0291229607231004,0.3971312825877338,0.1075436597141695,0.3204913856085073,0.0264754188391822,66.02371545894016,1565.1084291663092,370,294,76,416,46,0.04,0.3,0.000625,1.0,1e-08,1e+18,False,False,False,False,12,1.1,15.0,12.105243265658808,4.560936018640379,62.1945820723688,50.19203638613377,study_results/v4p2_followups_20260806/pseudo65/gp_window_ensemble_20260806/runs/window_2p25eq2p5/draw_02/attempt_01/results_single.csv,1,1,1,1,single_attempt_outside_55_75MeV,False,,,,,,,window_2p25eq2p5,2
2021,0.239,0.006424890875,0.2245439955312499,0.25345600446875,41910564.95451811,1.64,0.2284631789649999,0.249536821035,0.02107364207,0.0,1.0,8000,0.000125,True,2668.6652401500182,8.651523760074119e-06,0.4869207893376659,0.0327905945091647,52.30454691899816,1602.740070061532,True,tilde_q_mu,asymptotic,default,sidak_approx,observed,8.15**2 * RBF(length_scale=0.321),0.0291801455111333,0.3979110751518178,0.1077548285387784,0.3207801322244857,0.0265274050101211,66.35436039081411,1561.6245028426551,369,295,74,416,47,0.04,0.3,0.000625,1.0,1e-08,1e+18,False,False,False,False,12,1.1,15.0,12.09240527304108,4.541734027682346,61.9327367411229,49.92771682281464,study_results/v4p2_followups_20260806/pseudo65/gp_window_ensemble_20260806/runs/window_2p25eq2p5/draw_02/attempt_01/results_single.csv,1,1,1,1,single_attempt_outside_55_75MeV,False,,,,,,,window_2p25eq2p5,2
2021,0.24,0.00646465,0.2254545375,0.2545454625,40722504.22475857,1.64,0.229397974,0.250602026,0.0212040519999999,0.0,1.0,8000,0.000125,True,2654.459300125476,8.819628133954792e-06,0.482809986197909,0.0431023169031962,67.64830053777916,1588.5723863954822,True,tilde_q_mu,asymptotic,default,sidak_approx,observed,8.13**2 * RBF(length_scale=0.321),0.0292376173638717,0.3986947822346143,0.1079670574200659,0.3206476941049297,0.0265796521489742,66.1155881897634,1566.1258174011127,370,297,73,416,46,0.04,0.3,0.000625,1.0,1e-08,1e+18,False,False,False,False,12,1.1,15.0,12.063652763691405,4.522691462627012,61.673065399459254,49.600163056767144,study_results/v4p2_followups_20260806/pseudo65/gp_window_ensemble_20260806/runs/window_2p25eq2p5/draw_02/attempt_01/results_single.csv,1,1,1,1,single_attempt_outside_55_75MeV,False,,,,,,,window_2p25eq2p5,2
2021,0.241,0.006504580875,0.2263646930312499,0.25563530696875,39555789.66735767,1.64,0.230332487365,0.251667512635,0.0213350252699999,0.0,1.0,8000,0.000125,True,2729.818316965008,9.298792659204024e-06,0.4516630656226117,0.1214607123730288,192.31454442254577,1585.889227329003,True,tilde_q_mu,asymptotic,default,sidak_approx,observed,8.15**2 * RBF(length_scale=0.321),0.0292953726259335,0.3994823539900027,0.1081803328596386,0.3207848979729034,0.0266321569326668,66.39065906433751,1563.0727320385463,369,298,71,416,47,0.04,0.3,0.000625,1.0,1e-08,1e+18,False,False,False,False,12,1.1,15.0,12.04502131704663,4.503806346467102,61.41554108818776,49.31676677367831,study_results/v4p2_followups_20260806/pseudo65/gp_window_ensemble_20260806/runs/window_2p25eq2p5/draw_02/attempt_01/results_single.csv,1,1,1,1,single_attempt_outside_55_75MeV,False,,,,,,,window_2p25eq2p5,2
2021,0.242,0.0065446835,0.227274462125,0.256725537875,38433549.77614895,1.64,0.23126671906,0.2527332809399999,0.0214665618799999,0.0,1.0,8000,0.000125,True,2863.0616292849463,9.995965632895318e-06,0.3977284115760723,0.2592312471896487,409.7663728172415,1579.2314830397804,True,tilde_q_mu,asymptotic,default,sidak_approx,observed,8.12**2 * RBF(length_scale=0.32),0.0293534077021493,0.4002737413929458,0.1083946415814538,0.3203544287510639,0.026684916092863,65.94029308045648,1564.5866406570658,369,300,69,416,47,0.04,0.3,0.000625,1.0,1e-08,1e+18,False,False,False,False,12,1.1,15.0,12.005075363034155,4.4850767347495655,61.16013729203953,48.94880382696335,study_results/v4p2_followups_20260806/pseudo65/gp_window_ensemble_20260806/runs/window_2p25eq2p5/draw_02/attempt_01/results_single.csv,1,1,1,1,single_attempt_outside_55_75MeV,False,,,,,,,window_2p25eq2p5,2
2021,0.243,0.006584957875,0.22818384478125,0.25781615521875,37332878.58161166,1.64,0.232200669085,0.253799330915,0.02159866183,0.0,1.0,8000,0.000125,True,2914.4199768735893,1.043216159572688e-05,0.3779387224577524,0.3108989471228149,491.0250037102841,1576.8428387566732,True,tilde_q_mu,asymptotic,default,sidak_approx,observed,8.14**2 * RBF(length_scale=0.321),0.0294117190563266,0.4010688962226361,0.108609970527255,0.3205812972763215,0.0267379264148424,66.21440359910369,1560.9183495222233,368,301,67,416,48,0.04,0.3,0.000625,1.0,1e-08,1e+18,False,False,False,False,12,1.1,15.0,11.989759127258449,4.466500714908013,60.90682793056381,48.68387973952248,study_results/v4p2_followups_20260806/pseudo65/gp_window_ensemble_20260806/runs/window_2p25eq2p5/draw_02/attempt_01/results_single.csv,1,1,1,1,single_attempt_outside_55_75MeV,False,,,,,,,window_2p25eq2p5,2
2021,0.244,0.006625404,0.229092841,0.258907159,36240747.78783116,1.64,0.23313433744,0.25486566256,0.0217313251199999,0.0,1.0,8000,0.000125,True,3054.352946125736,1.1216365838148213e-05,0.3214657025763703,0.4636041156264384,723.112296468084,1561.81906416496,True,tilde_q_mu,asymptotic,default,sidak_approx,observed,8.19**2 * RBF(length_scale=0.321),0.029470303210048,0.4018677710461094,0.1088263068521347,0.3209811701886854,0.0267911847364072,67.00853477513323,1566.0239230241386,369,303,66,416,47,0.04,0.3,0.000625,1.0,1e-08,1e+18,False,False,False,False,12,1.1,15.0,11.980850169440068,4.448076405612099,60.65558734925589,48.44703359805461,study_results/v4p2_followups_20260806/pseudo65/gp_window_ensemble_20260806/runs/window_2p25eq2p5/draw_02/attempt_01/results_single.csv,1,1,1,1,single_attempt_outside_55_75MeV,False,,,,,,,window_2p25eq2p5,2
2021,0.245,0.006666021875,0.23000145078125,0.25999854921875,35231160.94273463,1.64,0.234067724125,0.255932275875,0.02186455175,0.0,1.0,8000,0.000125,True,3246.812455999519,1.2214736051963098e-05,0.2629182184789988,0.634374515646012,987.618710237487,1558.6467973058402,True,tilde_q_mu,asymptotic,default,sidak_approx,observed,8.2**2 * RBF(length_scale=0.321),0.0295291567414944,0.4026703192021974,0.1090436379201891,0.3210503386081011,0.0268446879468131,67.30054191834806,1565.381333679965,368,304,64,416,48,0.04,0.3,0.000625,1.0,1e-08,1e+18,False,False,False,False,12,1.1,15.0,11.959548169984007,4.429801956132116,60.40639031089249,48.162208979864936,study_results/v4p2_followups_20260806/pseudo65/gp_window_ensemble_20260806/runs/window_2p25eq2p5/draw_02/attempt_01/results_single.csv,1,1,1,1,single_attempt_outside_55_75MeV,False,,,,,,,window_2p25eq2p5,2
2021,0.246,0.0067068115,0.230909674125,0.261090325875,34231611.46534635,1.64,0.23500082914,0.25699917086,0.02199834172,0.0,1.0,8000,0.000125,True,3402.710718905173,1.3121470244598586e-05,0.2206655096988718,0.7699475275892091,1195.9254709975075,1554.421718601163,True,tilde_q_mu,asymptotic,default,sidak_approx,observed,8.22**2 * RBF(length_scale=0.321),0.0295882762843003,0.4034764947859137,0.1092619513002888,0.321192449575038,0.0268984329857275,67.59710879335209,1561.9210696974137,367,305,62,416,49,0.04,0.3,0.000625,1.0,1e-08,1e+18,False,False,False,False,12,1.1,15.0,11.940935360266677,4.411675545719503,60.159211987084134,47.89048411082346,study_results/v4p2_followups_20260806/pseudo65/gp_window_ensemble_20260806/runs/window_2p25eq2p5/draw_02/attempt_01/results_single.csv,1,1,1,1,single_attempt_outside_55_75MeV,False,,,,,,,window_2p25eq2p5,2
2021,0.247,0.006747772875,0.23181751103125,0.26218248896875,33240766.184267055,1.64,0.235933652485,0.258066347515,0.02213269503,0.0,1.0,8000,0.000125,True,3636.809019729353,1.4383760355356403e-05,0.1621416144826674,0.9856941338411976,1513.4405132389556,1537.367524188868,True,tilde_q_mu,asymptotic,default,sidak_approx,observed,8.23**2 * RBF(length_scale=0.321),0.0296476585264336,0.4042862526331858,0.1094812347619452,0.321023863809519,0.0269524168422123,67.76675633280239,1566.5724688402015,368,307,61,416,48,0.04,0.3,0.000625,1.0,1e-08,1e+18,False,False,False,False,12,1.1,15.0,11.910763538902277,4.393695383001999,59.91402795002726,47.57478797173045,study_results/v4p2_followups_20260806/pseudo65/gp_window_ensemble_20260806/runs/window_2p25eq2p5/draw_02/attempt_01/results_single.csv,1,1,1,1,single_attempt_outside_55_75MeV,False,,,,,,,window_2p25eq2p5,2
2021,0.248,0.006788906,0.2327249615,0.2632750385,32306957.309929177,1.64,0.23686619416,0.25913380584,0.02226761168,0.0,1.0,8000,0.000125,True,3786.6277364168823,1.5347046010043164e-05,0.1330815459859765,1.111941992661699,1700.8619628122071,1531.0473223413128,True,tilde_q_mu,asymptotic,default,sidak_approx,observed,8.26**2 * RBF(length_scale=0.321),0.0297073002091074,0.4050995483060104,0.1097014762712903,0.3213128079596087,0.027006636553734,68.30759047386258,1562.9445468954405,367,308,59,416,49,0.04,0.3,0.000625,1.0,1e-08,1e+18,False,False,False,False,12,1.1,15.0,11.897549971478508,4.375859705393982,59.67081416446339,47.32909955736738,study_results/v4p2_followups_20260806/pseudo65/gp_window_ensemble_20260806/runs/window_2p25eq2p5/draw_02/attempt_01/results_single.csv,1,1,1,1,single_attempt_outside_55_75MeV,False,,,,,,,window_2p25eq2p5,2
2021,0.249,0.006830210875,0.23363202553125,0.26436797446875,31367919.80580777,1.64,0.237798454165,0.260201545835,0.0224030916699999,0.0,1.0,8000,0.000125,True,3864.2985886586785,1.6065917493047997e-05,0.1163964819045671,1.1931951241220922,1811.4961755541835,1518.987958451361,True,tilde_q_mu,asymptotic,default,sidak_approx,observed,8.28**2 * RBF(length_scale=0.322),0.029767198125712,0.4059163380778918,0.1099226639871329,0.3215492752574415,0.0270610892051927,68.4834121806514,1561.4073221155054,367,310,57,416,49,0.04,0.3,0.000625,1.0,1e-08,1e+18,False,False,False,False,12,1.1,15.0,11.882347854488392,4.358166778520153,59.429546979820266,47.077503336592294,study_results/v4p2_followups_20260806/pseudo65/gp_window_ensemble_20260806/runs/window_2p25eq2p5/draw_02/attempt_01/results_single.csv,1,1,1,1,single_attempt_outside_55_75MeV,False,,,,,,,window_2p25eq2p5,2
2021,0.25,0.0068716875,0.234538703125,0.265461296875,30463229.35640608,1.64,0.2387304325,0.2612695675,0.022539135,0.0,1.0,8000,0.000125,True,3879.7223454280174,1.6542632401583298e-05,0.1112739455375434,1.2197810390697887,1842.8397487401205,1510.597140285112,True,tilde_q_mu,asymptotic,default,sidak_approx,observed,8.23**2 * RBF(length_scale=0.321),0.0298273491207752,0.4067365789196631,0.1101447862571196,0.3213256396489104,0.0271157719279775,67.77204092519399,1560.1561040628828,366,311,55,416,50,0.04,0.3,0.000625,1.0,1e-08,1e+18,False,False,False,False,12,1.1,15.0,11.85013801201701,4.3406148956534025,59.19020312254639,46.760805064099664,study_results/v4p2_followups_20260806/pseudo65/gp_window_ensemble_20260806/runs/window_2p25eq2p5/draw_02/attempt_01/results_single.csv,1,1,1,1,single_attempt_outside_55_75MeV,False,,,,,,,window_2p25eq2p5,2
2021,0.05,0.0019941875,0.045513078125,0.054486921875,432274745.5035101,1.64,0.0467295325,0.0532704675,0.0065409349999999,0.0,1.0,8000,0.000125,True,22923.068133135435,3.443997275161699e-05,0.0001595825074624,3.599226578856512,16873.47511373446,4696.880541431412,True,tilde_q_mu,asymptotic,default,sidak_approx,observed,7.39**2 * RBF(length_scale=0.327),0.0430198208653474,0.586633920891102,0.1588612167593829,0.3272249282667682,0.0391089280594068,54.656184723084365,1682.4721279539506,402,9,393,416,14,0.04,0.3,0.000625,1.0,1e-08,1e+18,False,False,False,False,12,1.1,15.0,8.367013480137086,21.57260581833327,294.1718975227264,164.0893488033438,study_results/v4p2_followups_20260806/pseudo65/gp_window_ensemble_20260806/runs/window_2p25eq2p5/draw_03/attempt_01/results_single.csv,1,1,1,1,single_attempt_outside_55_75MeV,False,,,,,,,window_2p25eq2p5,3
2021,0.051,0.002001485875,0.04649665678125,0.0555033432187499,505722115.71658146,1.64,0.047717563165,0.0542824368349999,0.0065648736699999,0.0,1.0,8000,0.000125,True,19113.28112104338,2.406428970413057e-05,0.0043456922778592,2.6239605730346796,12797.095963850295,4896.521921548616,True,tilde_q_mu,asymptotic,default,sidak_approx,observed,7.42**2 * RBF(length_scale=0.328),0.0423437473933882,0.5774147371825666,0.1563646500091317,0.3284061437242186,0.0384943158121711,54.995180373009454,1676.5013519072556,401,10,391,416,15,0.04,0.3,0.000625,1.0,1e-08,1e+18,False,False,False,False,12,1.1,15.0,8.531289277269954,21.15615599504954,288.4930362961301,164.08116980801506,study_results/v4p2_followups_20260806/pseudo65/gp_window_ensemble_20260806/runs/window_2p25eq2p5/draw_03/attempt_01/results_single.csv,1,1,1,1,single_attempt_outside_55_75MeV,False,,,,,,,window_2p25eq2p5,3
2021,0.052,0.002008956,0.047479849,0.056520151,582496150.2912881,1.64,0.04870531216,0.0552946878399999,0.0065893756799999,0.0,1.0,8000,0.000125,True,9096.62547698636,9.7522277125879e-06,0.3778425605268144,0.3111519347287481,1526.984770716211,4924.450941278799,True,tilde_q_mu,asymptotic,default,sidak_approx,observed,7.81**2 * RBF(length_scale=0.322),0.0416967826910809,0.5685924912420126,0.1539755745145915,0.3215776483353193,0.0379061660828008,61.064071979060536,1672.9713467833192,402,12,390,416,14,0.04,0.3,0.000625,1.0,1e-08,1e+18,False,False,False,False,12,1.1,15.0,8.483518159891899,20.75544844739304,283.02884246445046,160.07202165468996,study_results/v4p2_followups_20260806/pseudo65/gp_window_ensemble_20260806/runs/window_2p25eq2p5/draw_03/attempt_01/results_single.csv,1,1,1,1,single_attempt_outside_55_75MeV,False,,,,,,,window_2p25eq2p5,3
2021,0.053,0.002016597875,0.0484626547812499,0.05753734521875,661992830.0519445,1.64,0.049692779485,0.056307220515,0.00661444103,0.0,1.0,8000,0.000125,True,6212.084434770637,5.749474032238243e-06,0.5,0.0,-5399.313968294593,5072.219980371054,True,tilde_q_mu,asymptotic,default,sidak_approx,observed,7.82**2 * RBF(length_scale=0.32),0.0410773062694674,0.5601450854927381,0.1516880062237032,0.3201593959158289,0.0373430056995158,61.11362804000236,1668.9259974258682,402,14,388,416,14,0.04,0.3,0.000625,1.0,1e-08,1e+18,False,False,False,False,12,1.1,15.0,8.573476877893082,20.369607039017364,277.76736871387317,158.7621408734396,study_results/v4p2_followups_20260806/pseudo65/gp_window_ensemble_20260806/runs/window_2p25eq2p5/draw_03/attempt_01/results_single.csv,1,1,1,1,single_attempt_outside_55_75MeV,False,,,,,,,window_2p25eq2p5,3
2021,0.054,0.0020244115,0.049445074125,0.058554925875,743432117.467634,1.64,0.05067996514,0.05732003486,0.00664006972,0.0,1.0,8000,0.000125,True,5571.3296506861825,4.506544863281518e-06,0.5,0.0,-12394.181890897704,5465.977691123726,True,tilde_q_mu,asymptotic,default,sidak_approx,observed,7.57**2 * RBF(length_scale=0.318),0.0404838157112043,0.552052032425514,0.1494963970927404,0.3183739080981895,0.0368034688283676,57.23056002343074,1663.2084330885407,401,15,386,416,15,0.04,0.3,0.000625,1.0,1e-08,1e+18,False,False,False,False,12,1.1,15.0,8.650649469562808,19.99781947059892,272.6975382354398,157.2673876324994,study_results/v4p2_followups_20260806/pseudo65/gp_window_ensemble_20260806/runs/window_2p25eq2p5/draw_03/attempt_01/results_single.csv,1,1,1,1,single_attempt_outside_55_75MeV,False,,,,,,,window_2p25eq2p5,3
2021,0.055,0.002032396875,0.05042710703125,0.05957289296875,825863093.242175,1.64,0.051666869125,0.058333130875,0.0066662617499999,0.0,1.0,8000,0.000125,True,5532.8931523693645,3.955500625779033e-06,0.5,0.0,-13740.524605252704,5573.946153633839,True,tilde_q_mu,asymptotic,default,sidak_approx,observed,7.62**2 * RBF(length_scale=0.319),0.0399149161083646,0.5442943105686093,0.1473955960828078,0.3191373085701615,0.0362862873712406,57.99817455110079,1667.7750972717752,402,17,385,416,14,0.04,0.3,0.000625,1.0,1e-08,1e+18,False,False,False,False,12,1.1,15.0,8.794983771833868,19.639331569216612,267.8090668529538,157.0250931281133,study_results/v4p2_followups_20260806/pseudo65/gp_window_ensemble_20260806/runs/window_2p25eq2p5/draw_03/attempt_01/results_single.csv,2,2,1,2,stable_reproduced,False,attempt_01_full,False,1667.7750972717752,1667.7750965052448,study_results/v4p2_followups_20260806/pseudo65/gp_window_ensemble_20260806/runs/window_2p25eq2p5/draw_03/attempt_01/results_single.csv|study_results/v4p2_followups_20260806/pseudo65/gp_window_ensemble_20260806/central_repeat/window_2p25eq2p5/draw_03/attempt_02/results_single.csv,1667.77509727|1667.77509651,window_2p25eq2p5,3
2021,0.056,0.002040554,0.0514087535,0.0605912465,908527012.009006,1.64,0.05265349144,0.05934650856,0.00669301712,0.0,1.0,8000,0.000125,True,6062.011679428129,3.869107707413298e-06,0.5,0.0,-11907.919207156969,5808.694749840088,True,tilde_q_mu,asymptotic,default,sidak_approx,observed,7.65**2 * RBF(length_scale=0.322),0.0393693106142212,0.5368542356484718,0.1453808142699889,0.3220386319849981,0.0357902823765647,58.50001362460705,1663.0221102959874,401,18,383,416,15,0.04,0.3,0.000625,1.0,1e-08,1e+18,False,False,False,False,12,1.1,15.0,8.997934930959547,19.293442180026243,263.0923933639942,157.8192157546422,study_results/v4p2_followups_20260806/pseudo65/gp_window_ensemble_20260806/central_repeat/window_2p25eq2p5/draw_03/attempt_02/results_single.csv,2,2,1,2,stable_reproduced,False,attempt_02_55_75MeV,False,1663.0221085703345,1663.0221102959874,study_results/v4p2_followups_20260806/pseudo65/gp_window_ensemble_20260806/runs/window_2p25eq2p5/draw_03/attempt_01/results_single.csv|study_results/v4p2_followups_20260806/pseudo65/gp_window_ensemble_20260806/central_repeat/window_2p25eq2p5/draw_03/attempt_02/results_single.csv,1663.02210857|1663.0221103,window_2p25eq2p5,3
2021,0.057,0.002048882875,0.05239001353125,0.06160998646875,990658877.0938792,1.64,0.053639832085,0.060360167915,0.0067203358299999,0.0,1.0,8000,0.000125,True,7046.060397132952,4.051979993632474e-06,0.5,0.0,-6680.210828259833,5837.4693704162455,True,tilde_q_mu,asymptotic,default,sidak_approx,observed,8.14**2 * RBF(length_scale=0.325),0.0388457919743114,0.5297153451042469,0.1434475935717297,0.3253357988591855,0.0353143563402831,66.25808545741728,1659.9784368063777,401,20,381,416,15,0.04,0.3,0.000625,1.0,1e-08,1e+18,False,False,False,False,12,1.1,15.0,9.212564876570456,18.959498587400432,258.53861710091496,158.7869188760658,study_results/v4p2_followups_20260806/pseudo65/gp_window_ensemble_20260806/central_repeat/window_2p25eq2p5/draw_03/attempt_02/results_single.csv,3,3,2,2,resolved_reproduced_max_lml,False,attempt_02_55_75MeV,False,1164.6511179944607,1659.9784368063777,study_results/v4p2_followups_20260806/pseudo65/gp_window_ensemble_20260806/runs/window_2p25eq2p5/draw_03/attempt_01/results_single.csv|study_results/v4p2_followups_20260806/pseudo65/gp_window_ensemble_20260806/central_repeat/window_2p25eq2p5/draw_03/attempt_02/results_single.csv|study_results/v4p2_followups_20260806/pseudo65/gp_window_ensemble_20260806/central_repairs/window_2p25eq2p5/draw_03/m057/attempt_03/results_single.csv,1164.65111799|1659.97843681|1659.97843327,window_2p25eq2p5,3
2021,0.058,0.0020573835,0.053370887125,0.062629112875,1071471075.6314114,1.64,0.05462589106,0.06137410894,0.00674821788,0.0,1.0,8000,0.000125,True,10244.723889139808,5.353178619599767e-06,0.4507893565064983,0.1236672882174135,731.5112359073111,5960.693886977652,True,tilde_q_mu,asymptotic,default,sidak_approx,observed,8.06**2 * RBF(length_scale=0.32),0.0383432349203511,0.5228622943684247,0.1415917786595051,0.3203123872700786,0.0348574862912283,64.90743761892743,1658.97143002833,401,21,380,416,15,0.04,0.3,0.000625,1.0,1e-08,1e+18,False,False,False,False,12,1.1,15.0,9.18919926106902,18.63689240258374,254.13944185341464,155.68919808585937,study_results/v4p2_followups_20260806/pseudo65/gp_window_ensemble_20260806/central_repeat/window_2p25eq2p5/draw_03/attempt_02/results_single.csv,2,2,1,2,stable_reproduced,False,attempt_02_55_75MeV,False,1658.9714273602297,1658.97143002833,study_results/v4p2_followups_20260806/pseudo65/gp_window_ensemble_20260806/runs/window_2p25eq2p5/draw_03/attempt_01/results_single.csv|study_results/v4p2_followups_20260806/pseudo65/gp_window_ensemble_20260806/central_repeat/window_2p25eq2p5/draw_03/attempt_02/results_single.csv,1658.97142736|1658.97143003,window_2p25eq2p5,3
2021,0.059,0.002066055875,0.0543513742812499,0.0636486257187499,1150974145.3693802,1.64,0.055611668365,0.0623883316349999,0.0067766632699999,0.0,1.0,8000,0.000125,True,12850.09042513049,6.144810951487698e-06,0.2437080364904322,0.6944244371287136,4192.1141159095805,6039.242939277748,True,tilde_q_mu,asymptotic,default,sidak_approx,observed,7.92**2 * RBF(length_scale=0.319),0.0378605893261601,0.516280763538548,0.139809491685398,0.319010594200215,0.0344187175692365,62.72951313433008,1658.224365915269,401,23,378,416,15,0.04,0.3,0.000625,1.0,1e-08,1e+18,False,False,False,False,12,1.1,15.0,9.268520640215453,18.325055863341635,249.88712540920412,154.40559863862106,study_results/v4p2_followups_20260806/pseudo65/gp_window_ensemble_20260806/runs/window_2p25eq2p5/draw_03/attempt_01/results_single.csv,2,2,1,2,stable_reproduced,False,attempt_01_full,False,1658.224365915269,1658.2243657330052,study_results/v4p2_followups_20260806/pseudo65/gp_window_ensemble_20260806/runs/window_2p25eq2p5/draw_03/attempt_01/results_single.csv|study_results/v4p2_followups_20260806/pseudo65/gp_window_ensemble_20260806/central_repeat/window_2p25eq2p5/draw_03/attempt_02/results_single.csv,1658.22436592|1658.22436573,window_2p25eq2p5,3
2021,0.06,0.0020749,0.055331475,0.064668525,1227564252.941958,1.64,0.056597164,0.063402836,0.006805672,0.0,1.0,8000,0.000125,True,15369.98501879597,6.776382039522254e-06,0.1183701507104045,1.183173731441625,7168.9182555855905,6064.834590495169,True,tilde_q_mu,asymptotic,default,sidak_approx,observed,7.74**2 * RBF(length_scale=0.317),0.0373968740379758,0.5099573732451246,0.1380971094990222,0.3168607144708466,0.0339971582163416,59.83265851025166,1663.513664551734,402,25,377,416,14,0.04,0.3,0.000625,1.0,1e-08,1e+18,False,False,False,False,12,1.1,15.0,9.320211779305104,18.023458498229218,245.77443406676204,152.71131836273872,study_results/v4p2_followups_20260806/pseudo65/gp_window_ensemble_20260806/runs/window_2p25eq2p5/draw_03/attempt_01/results_single.csv,2,2,1,2,stable_reproduced,False,attempt_01_full,False,1663.513664551734,1663.5136639264936,study_results/v4p2_followups_20260806/pseudo65/gp_window_ensemble_20260806/runs/window_2p25eq2p5/draw_03/attempt_01/results_single.csv|study_results/v4p2_followups_20260806/pseudo65/gp_window_ensemble_20260806/central_repeat/window_2p25eq2p5/draw_03/attempt_02/results_single.csv,1663.51366455|1663.51366393,window_2p25eq2p5,3
2021,0.061,0.002083915875,0.05631118928125,0.06568881071875,1300973651.974496,1.64,0.057582377965,0.064417622035,0.0068352440699999,0.0,1.0,8000,0.000125,True,17630.054965031457,7.21398528736147e-06,0.0728964480175951,1.4545535582145994,9217.83407661229,6313.351624472107,True,tilde_q_mu,asymptotic,default,sidak_approx,observed,7.64**2 * RBF(length_scale=0.316),0.0369511713028735,0.5038796086755482,0.136451243073103,0.3163903832976846,0.0335919739117032,58.337148316577355,1658.8759922870793,401,26,375,416,15,0.04,0.3,0.000625,1.0,1e-08,1e+18,False,False,False,False,12,1.1,15.0,9.418630299288736,17.731604114236877,241.7946015577755,151.82493069576745,study_results/v4p2_followups_20260806/pseudo65/gp_window_ensemble_20260806/runs/window_2p25eq2p5/draw_03/attempt_01/results_single.csv,2,2,1,2,stable_reproduced,False,attempt_01_full,False,1658.8759922870793,1658.8759915573958,study_results/v4p2_followups_20260806/pseudo65/gp_window_ensemble_20260806/runs/window_2p25eq2p5/draw_03/attempt_01/results_single.csv|study_results/v4p2_followups_20260806/pseudo65/gp_window_ensemble_20260806/central_repeat/window_2p25eq2p5/draw_03/attempt_02/results_single.csv,1658.87599229|1658.87599156,window_2p25eq2p5,3
2021,0.062,0.0020931035,0.057290517125,0.066709482875,1370529860.4637182,1.64,0.05856731026,0.06543268974,0.0068653794799999,0.0,1.0,8000,0.000125,True,17897.11315814631,6.8394741803925535e-06,0.0678426048032515,1.492053160686807,9490.22725622365,6370.800252874521,True,tilde_q_mu,asymptotic,default,sidak_approx,observed,7.94**2 * RBF(length_scale=0.32),0.0365226217287332,0.4980357508463617,0.1348687188919183,0.3196218428933638,0.0332023833897574,63.081948269648905,1656.4873087146173,401,28,373,416,15,0.04,0.3,0.000625,1.0,1e-08,1e+18,False,False,False,False,12,1.1,15.0,9.626472869172504,17.449028071824063,237.9412918885099,152.70235938803975,study_results/v4p2_followups_20260806/pseudo65/gp_window_ensemble_20260806/central_repeat/window_2p25eq2p5/draw_03/attempt_02/results_single.csv,2,2,1,2,stable_reproduced,False,attempt_02_55_75MeV,False,1656.4873081397457,1656.4873087146173,study_results/v4p2_followups_20260806/pseudo65/gp_window_ensemble_20260806/runs/window_2p25eq2p5/draw_03/attempt_01/results_single.csv|study_results/v4p2_followups_20260806/pseudo65/gp_window_ensemble_20260806/central_repeat/window_2p25eq2p5/draw_03/attempt_02/results_single.csv,1656.48730814|1656.48730871,window_2p25eq2p5,3
2021,0.063,0.002102462875,0.05826945853125,0.06773054146875,1435758579.3253784,1.64,0.059551960885,0.066448039115,0.0068960782299999,0.0,1.0,8000,0.000125,True,18124.798374924212,6.506855114612662e-06,0.0683141548688533,1.4884649849163472,9602.91824356156,6451.717046274588,True,tilde_q_mu,asymptotic,default,sidak_approx,observed,7.95**2 * RBF(length_scale=0.32),0.0361104197174945,0.4924148143294715,0.133346562087477,0.3202122781507799,0.0328276542886314,63.246307279089535,1656.3898353546058,401,29,372,416,15,0.04,0.3,0.000625,1.0,1e-08,1e+18,False,False,False,False,12,1.1,15.0,9.7543453862213,17.17529481584524,234.20856567061688,152.30341613084602,study_results/v4p2_followups_20260806/pseudo65/gp_window_ensemble_20260806/central_repeat/window_2p25eq2p5/draw_03/attempt_02/results_single.csv,2,2,1,2,stable_reproduced,False,attempt_02_55_75MeV,False,1656.389835340957,1656.3898353546058,study_results/v4p2_followups_20260806/pseudo65/gp_window_ensemble_20260806/runs/window_2p25eq2p5/draw_03/attempt_01/results_single.csv|study_results/v4p2_followups_20260806/pseudo65/gp_window_ensemble_20260806/central_repeat/window_2p25eq2p5/draw_03/attempt_02/results_single.csv,1656.38983534|1656.38983535,window_2p25eq2p5,3
2021,0.064,0.002111994,0.0592480135,0.0687519865,1496577704.0621195,1.64,0.06053632984,0.06746367016,0.00692734032,0.0,1.0,8000,0.000125,True,14036.245743775122,4.7587363093687145e-06,0.2325539231701626,0.7304619773509979,4752.444363688793,6507.358157151344,True,tilde_q_mu,asymptotic,default,sidak_approx,observed,8.11**2 * RBF(length_scale=0.319),0.0357138093206567,0.4870064907362281,0.1318819811349368,0.3189671173409126,0.0324670993824152,65.79061398308296,1654.8072290946295,401,31,370,416,15,0.04,0.3,0.000625,1.0,1e-08,1e+18,False,False,False,False,12,1.1,15.0,9.824318260893708,16.909995634768247,230.59084956502153,151.02652627844233,study_results/v4p2_followups_20260806/pseudo65/gp_window_ensemble_20260806/runs/window_2p25eq2p5/draw_03/attempt_01/results_single.csv,2,2,1,2,stable_reproduced,False,attempt_01_full,False,1654.8072290946295,1654.8072284257337,study_results/v4p2_followups_20260806/pseudo65/gp_window_ensemble_20260806/runs/window_2p25eq2p5/draw_03/attempt_01/results_single.csv|study_results/v4p2_followups_20260806/pseudo65/gp_window_ensemble_20260806/central_repeat/window_2p25eq2p5/draw_03/attempt_02/results_single.csv,1654.80722909|1654.80722843,window_2p25eq2p5,3
2021,0.065,0.002121696875,0.06022618203125,0.06977381796875,1552317809.273761,1.64,0.061520417125,0.068479582875,0.0069591657499999,0.0,1.0,8000,0.000125,True,10865.927229629457,3.4969765300657254e-06,0.4982990219018516,0.004263732714007,31.62405992525765,6603.7347930463375,True,tilde_q_mu,asymptotic,default,sidak_approx,observed,8.14**2 * RBF(length_scale=0.319),0.0353320804721528,0.4818010973475384,0.1304723539415717,0.3194732957345534,0.0321200731565025,66.34066602837684,1648.8060872880076,400,32,368,416,16,0.04,0.3,0.000625,1.0,1e-08,1e+18,False,False,False,False,12,1.1,15.0,9.946219430383756,16.652746623927047,227.08290850809607,150.57442912741877,study_results/v4p2_followups_20260806/pseudo65/gp_window_ensemble_20260806/runs/window_2p25eq2p5/draw_03/attempt_01/results_single.csv,2,2,1,2,stable_reproduced,False,attempt_01_full,False,1648.8060872880076,1648.8060871107934,study_results/v4p2_followups_20260806/pseudo65/gp_window_ensemble_20260806/runs/window_2p25eq2p5/draw_03/attempt_01/results_single.csv|study_results/v4p2_followups_20260806/pseudo65/gp_window_ensemble_20260806/central_repeat/window_2p25eq2p5/draw_03/attempt_02/results_single.csv,1648.80608729|1648.80608711,window_2p25eq2p5,3
2021,0.066,0.0021315715,0.061203964125,0.070796035875,1602773934.2928257,1.64,0.06250422274,0.06949577726,0.0069915545199999,0.0,1.0,8000,0.000125,True,9282.244909655918,2.8494217732825303e-06,0.4999026019832914,0.000244140625,-2792.0102243442184,6497.406336877453,True,tilde_q_mu,asymptotic,default,sidak_approx,observed,8.33**2 * RBF(length_scale=0.322),0.0349645655591176,0.4767895303516045,0.1291152151834926,0.3222147268162819,0.0317859686901069,69.41121055061363,1655.8003199760426,401,34,367,416,15,0.04,0.3,0.000625,1.0,1e-08,1e+18,False,False,False,False,12,1.1,15.0,10.13701139511182,16.403186831461046,223.67982042901423,151.16299256969884,study_results/v4p2_followups_20260806/pseudo65/gp_window_ensemble_20260806/runs/window_2p25eq2p5/draw_03/attempt_01/results_single.csv,2,2,1,2,stable_reproduced,False,attempt_01_full,False,1655.8003199760426,1655.8003195086046,study_results/v4p2_followups_20260806/pseudo65/gp_window_ensemble_20260806/runs/window_2p25eq2p5/draw_03/attempt_01/results_single.csv|study_results/v4p2_followups_20260806/pseudo65/gp_window_ensemble_20260806/central_repeat/window_2p25eq2p5/draw_03/attempt_02/results_single.csv,1655.80031998|1655.80031951,window_2p25eq2p5,3
2021,0.067,0.002141617875,0.06218135978125,0.07181864021875,1648488388.1648405,1.64,0.063487746685,0.070512253315,0.00702450663,0.0,1.0,8000,0.000125,True,8455.925810875358,2.4861102892632936e-06,0.5,0.0,-5756.6082616889735,6613.2412436495115,True,tilde_q_mu,asymptotic,default,sidak_approx,observed,8.15**2 * RBF(length_scale=0.32),0.034610636295701,0.4719632222141046,0.1278082447614374,0.3202752862229306,0.0314642148142736,66.363651752684,1650.426679774105,400,35,365,416,16,0.04,0.3,0.000625,1.0,1e-08,1e+18,False,False,False,False,12,1.1,15.0,10.179033168742505,16.16097656810088,220.37695320137564,149.54828775088114,study_results/v4p2_followups_20260806/pseudo65/gp_window_ensemble_20260806/runs/window_2p25eq2p5/draw_03/attempt_01/results_single.csv,2,2,1,2,stable_reproduced,False,attempt_01_full,False,1650.426679774105,1650.4266793274658,study_results/v4p2_followups_20260806/pseudo65/gp_window_ensemble_20260806/runs/window_2p25eq2p5/draw_03/attempt_01/results_single.csv|study_results/v4p2_followups_20260806/pseudo65/gp_window_ensemble_20260806/central_repeat/window_2p25eq2p5/draw_03/attempt_02/results_single.csv,1650.42667977|1650.42667933,window_2p25eq2p5,3
2021,0.068,0.002151836,0.063158369,0.072841631,1688472837.6534653,1.64,0.06447098896,0.07152901104,0.00705802208,0.0,1.0,8000,0.000125,True,8590.615154838259,2.42963589190151e-06,0.5,0.0,-5575.985780141612,6659.901693382617,True,tilde_q_mu,asymptotic,default,sidak_approx,observed,7.98**2 * RBF(length_scale=0.318),0.0342697008691363,0.4673141027609495,0.1265492572619316,0.3178414119447107,0.0311542735173966,63.66594096243725,1649.0982512912503,400,37,363,416,16,0.04,0.3,0.000625,1.0,1e-08,1e+18,False,False,False,False,12,1.1,15.0,10.202176974764866,15.92579586415336,217.1699436020912,147.70707988188263,study_results/v4p2_followups_20260806/pseudo65/gp_window_ensemble_20260806/runs/window_2p25eq2p5/draw_03/attempt_01/results_single.csv,2,2,1,2,stable_reproduced,False,attempt_01_full,False,1649.0982512912503,1649.0982504679937,study_results/v4p2_followups_20260806/pseudo65/gp_window_ensemble_20260806/runs/window_2p25eq2p5/draw_03/attempt_01/results_single.csv|study_results/v4p2_followups_20260806/pseudo65/gp_window_ensemble_20260806/central_repeat/window_2p25eq2p5/draw_03/attempt_02/results_single.csv,1649.09825129|1649.09825047,window_2p25eq2p5,3
2021,0.069,0.002162225875,0.06413499178125,0.07386500821875,1723612043.369374,1.64,0.065453949565,0.072546050435,0.00709210087,0.0,1.0,8000,0.000125,True,8840.02394063766,2.4137081259519803e-06,0.5,0.0,-4490.230643896828,6602.37824610857,True,tilde_q_mu,asymptotic,default,sidak_approx,observed,7.86**2 * RBF(length_scale=0.317),0.0339412013307978,0.4628345636017883,0.1253361923231284,0.317229942740467,0.0308556375734525,61.85567206674109,1655.8329607254575,401,39,362,416,15,0.04,0.3,0.000625,1.0,1e-08,1e+18,False,False,False,False,12,1.1,15.0,10.281101532428032,15.697343058942815,214.05467807649293,146.71452525304136,study_results/v4p2_followups_20260806/pseudo65/gp_window_ensemble_20260806/runs/window_2p25eq2p5/draw_03/attempt_01/results_single.csv,2,2,1,2,stable_reproduced,False,attempt_01_full,False,1655.8329607254575,1655.8329601623384,study_results/v4p2_followups_20260806/pseudo65/gp_window_ensemble_20260806/runs/window_2p25eq2p5/draw_03/attempt_01/results_single.csv|study_results/v4p2_followups_20260806/pseudo65/gp_window_ensemble_20260806/central_repeat/window_2p25eq2p5/draw_03/attempt_02/results_single.csv,1655.83296073|1655.83296016,window_2p25eq2p5,3
2021,0.07,0.0021727875,0.065111228125,0.074888771875,1753675695.9665887,1.64,0.0664366285,0.0735633715,0.0071267429999999,0.0,1.0,8000,0.000125,True,9687.956040621222,2.5627412441403434e-06,0.5,0.0,-2516.0295329577702,6682.5938672384045,True,tilde_q_mu,asymptotic,default,sidak_approx,observed,8.08**2 * RBF(length_scale=0.319),0.0336246112080568,0.4585174255644109,0.1241671058160028,0.3191594571523706,0.0305678283709607,65.2197963552649,1648.1370227595323,400,40,360,416,16,0.04,0.3,0.000625,1.0,1e-08,1e+18,False,False,False,False,12,1.1,15.0,10.441024899746244,15.475333509630737,211.02727513132825,146.88940227811997,study_results/v4p2_followups_20260806/pseudo65/gp_window_ensemble_20260806/central_repeat/window_2p25eq2p5/draw_03/attempt_02/results_single.csv,2,2,1,2,stable_reproduced,False,attempt_02_55_75MeV,False,1648.1370220681476,1648.1370227595323,study_results/v4p2_followups_20260806/pseudo65/gp_window_ensemble_20260806/runs/window_2p25eq2p5/draw_03/attempt_01/results_single.csv|study_results/v4p2_followups_20260806/pseudo65/gp_window_ensemble_20260806/central_repeat/window_2p25eq2p5/draw_03/attempt_02/results_single.csv,1648.13702207|1648.13702276,window_2p25eq2p5,3
2021,0.071,0.002183520875,0.06608707803125,0.0759129219687499,1779190400.2865036,1.64,0.0674190257649999,0.074580974235,0.00716194847,0.0,1.0,8000,0.000125,True,8913.373781073235,2.2912963625861245e-06,0.5,0.0,-4133.004552653049,6577.573504319753,True,tilde_q_mu,asymptotic,default,sidak_approx,observed,8.14**2 * RBF(length_scale=0.321),0.0333194333154327,0.4543559088468107,0.1230401617614922,0.3207858255210344,0.0302903939231207,66.24504660808698,1654.850631919708,401,42,359,416,15,0.04,0.3,0.000625,1.0,1e-08,1e+18,False,False,False,False,12,1.1,15.0,10.59034842317379,15.259498407787282,208.08406919709927,146.91218627393908,study_results/v4p2_followups_20260806/pseudo65/gp_window_ensemble_20260806/central_repeat/window_2p25eq2p5/draw_03/attempt_02/results_single.csv,2,2,1,2,stable_reproduced,False,attempt_02_55_75MeV,False,1654.850630526684,1654.850631919708,study_results/v4p2_followups_20260806/pseudo65/gp_window_ensemble_20260806/runs/window_2p25eq2p5/draw_03/attempt_01/results_single.csv|study_results/v4p2_followups_20260806/pseudo65/gp_window_ensemble_20260806/central_repeat/window_2p25eq2p5/draw_03/attempt_02/results_single.csv,1654.85063053|1654.85063192,window_2p25eq2p5,3
2021,0.072,0.002194426,0.0670625414999999,0.0769374585,1799928840.8359177,1.64,0.06840114136,0.0755988586399999,0.0071977172799999,0.0,1.0,8000,0.000125,True,8594.804560375462,2.1536151384970314e-06,0.5,0.0,-5476.585715128804,6648.980401401718,True,tilde_q_mu,asymptotic,default,sidak_approx,observed,8.19**2 * RBF(length_scale=0.321),0.0330251977459068,0.4503436056260024,0.1219536249129291,0.3206441823861872,0.0300229070417334,67.14921131237428,1648.6429712224756,400,43,357,416,16,0.04,0.3,0.000625,1.0,1e-08,1e+18,False,False,False,False,12,1.1,15.0,10.679984517837468,15.049583693369856,205.22159581867984,146.11756440462662,study_results/v4p2_followups_20260806/pseudo65/gp_window_ensemble_20260806/runs/window_2p25eq2p5/draw_03/attempt_01/results_single.csv,2,2,1,2,stable_reproduced,False,attempt_01_full,False,1648.6429712224756,1648.6429706379915,study_results/v4p2_followups_20260806/pseudo65/gp_window_ensemble_20260806/runs/window_2p25eq2p5/draw_03/attempt_01/results_single.csv|study_results/v4p2_followups_20260806/pseudo65/gp_window_ensemble_20260806/central_repeat/window_2p25eq2p5/draw_03/attempt_02/results_single.csv,1648.64297122|1648.64297064,window_2p25eq2p5,3
2021,0.073,0.002205502875,0.06803761853125,0.07796238146875,1816803362.3830423,1.64,0.069382975285,0.076617024715,0.00723404943,0.0,1.0,8000,0.000125,True,8989.403377290138,2.20099981334829e-06,0.5,0.0,-4275.844114615852,6641.770392926215,True,tilde_q_mu,asymptotic,default,sidak_approx,observed,8.12**2 * RBF(length_scale=0.318),0.0327414600253253,0.4464744548907995,0.1209058539407253,0.3179339291403989,0.0297649636593866,65.90867989820572,1648.7481994875925,400,45,355,416,16,0.04,0.3,0.000625,1.0,1e-08,1e+18,False,False,False,False,12,1.1,15.0,10.681482187536142,14.845349056879057,202.43657804835075,144.15484683528192,study_results/v4p2_followups_20260806/pseudo65/gp_window_ensemble_20260806/runs/window_2p25eq2p5/draw_03/attempt_01/results_single.csv,2,2,1,2,stable_reproduced,False,attempt_01_full,False,1648.7481994875925,1648.748198746449,study_results/v4p2_followups_20260806/pseudo65/gp_window_ensemble_20260806/runs/window_2p25eq2p5/draw_03/attempt_01/results_single.csv|study_results/v4p2_followups_20260806/pseudo65/gp_window_ensemble_20260806/central_repeat/window_2p25eq2p5/draw_03/attempt_02/results_single.csv,1648.74819949|1648.74819875,window_2p25eq2p5,3
2021,0.074,0.0022167515,0.0690123091249999,0.078987690875,1829474701.9884825,1.64,0.07036452754,0.07763547246,0.0072709449199999,0.0,1.0,8000,0.000125,True,9119.447075054208,2.1874105435575106e-06,0.5,0.0,-3511.4121031926943,6581.246472329501,True,tilde_q_mu,asymptotic,default,sidak_approx,observed,8.28**2 * RBF(length_scale=0.32),0.0324677994146582,0.442742719290794,0.1198952951630456,0.3202519808325508,0.0295161812860529,68.59603729898976,1650.451111325537,400,46,354,416,16,0.04,0.3,0.000625,1.0,1e-08,1e+18,False,False,False,False,12,1.1,15.0,10.850047901822489,14.646567021453794,199.72591392891536,144.4690488909338,study_results/v4p2_followups_20260806/pseudo65/gp_window_ensemble_20260806/central_repeat/window_2p25eq2p5/draw_03/attempt_02/results_single.csv,2,2,1,2,stable_reproduced,False,attempt_02_55_75MeV,False,1650.451110591829,1650.451111325537,study_results/v4p2_followups_20260806/pseudo65/gp_window_ensemble_20260806/runs/window_2p25eq2p5/draw_03/attempt_01/results_single.csv|study_results/v4p2_followups_20260806/pseudo65/gp_window_ensemble_20260806/central_repeat/window_2p25eq2p5/draw_03/attempt_02/results_single.csv,1650.45111059|1650.45111133,window_2p25eq2p5,3
2021,0.075,0.002228171875,0.06998661328125,0.08001338671875,1838368958.6354597,1.64,0.071345798125,0.078654201875,0.0073084037499999,0.0,1.0,8000,0.000125,True,10197.919080965496,2.401803879702995e-06,0.5,0.0,-989.2846842996393,6544.033167894511,True,tilde_q_mu,asymptotic,default,sidak_approx,observed,8.27**2 * RBF(length_scale=0.321),0.032203817346461,0.4391429638153776,0.1189204767720596,0.3205564530010935,0.0292761975876918,68.42518066553527,1650.6249544310233,400,48,352,416,16,0.04,0.3,0.000625,1.0,1e-08,1e+18,False,False,False,False,12,1.1,15.0,10.949388220274216,14.45302209752604,197.08666496626415,143.8652271836496,study_results/v4p2_followups_20260806/pseudo65/gp_window_ensemble_20260806/central_repeat/window_2p25eq2p5/draw_03/attempt_02/results_single.csv,2,2,1,2,stable_reproduced,False,attempt_02_55_75MeV,False,1650.624952942312,1650.6249544310233,study_results/v4p2_followups_20260806/pseudo65/gp_window_ensemble_20260806/runs/window_2p25eq2p5/draw_03/attempt_01/results_single.csv|study_results/v4p2_followups_20260806/pseudo65/gp_window_ensemble_20260806/central_repeat/window_2p25eq2p5/draw_03/attempt_02/results_single.csv,1650.62495294|1650.62495443,window_2p25eq2p5,3
2021,0.076,0.002239764,0.070960531,0.081039469,1844398591.748667,1.64,0.0723267870399999,0.07967321296,0.00734642592,0.0,1.0,8000,0.000125,True,11988.765327841378,2.777320546584842e-06,0.3727472318863214,0.3245859479656039,1994.6249520084684,6499.799617008744,True,tilde_q_mu,asymptotic,default,sidak_approx,observed,8.21**2 * RBF(length_scale=0.32),0.0319491359833398,0.4356700361364529,0.1179800035107226,0.3202831915521718,0.0290446690757635,67.39021561700844,1649.3947329544328,400,50,350,416,16,0.04,0.3,0.000625,1.0,1e-08,1e+18,False,False,False,False,12,1.1,15.0,11.02726254916892,14.264510003437811,194.51604550142468,142.99863358468653,study_results/v4p2_followups_20260806/pseudo65/gp_window_ensemble_20260806/runs/window_2p25eq2p5/draw_03/attempt_01/results_single.csv,1,1,1,1,single_attempt_outside_55_75MeV,False,,,,,,,window_2p25eq2p5,3
2021,0.077,0.002251527875,0.07193406228125,0.08206593771875,1847461207.5520144,1.64,0.073307494285,0.080692505715,0.00738501143,0.0,1.0,8000,0.000125,True,14254.846684911125,3.2539915409334573e-06,0.2186637929053156,0.776713897254041,5045.396239851269,6496.589544398912,True,tilde_q_mu,asymptotic,default,sidak_approx,observed,8.01**2 * RBF(length_scale=0.318),0.0317033968874435,0.4323190484651396,0.1170725517595489,0.3178859809850508,0.0288212698976759,64.18035617208771,1650.0177825393905,400,51,349,416,16,0.04,0.3,0.000625,1.0,1e-08,1e+18,False,False,False,False,12,1.1,15.0,11.029561921235256,14.080836946086476,192.0114129011792,141.18678454516171,study_results/v4p2_followups_20260806/pseudo65/gp_window_ensemble_20260806/runs/window_2p25eq2p5/draw_03/attempt_01/results_single.csv,1,1,1,1,single_attempt_outside_55_75MeV,False,,,,,,,window_2p25eq2p5,3
2021,0.078,0.0022634635,0.072907207125,0.083092792875,1847769944.3645077,1.64,0.07428791986,0.08171208014,0.00742416028,0.0,1.0,8000,0.000125,True,15403.64963280411,3.4705719504319114e-06,0.1578226145760224,1.0034470157178037,6500.903662726033,6469.034344064831,True,tilde_q_mu,asymptotic,default,sidak_approx,observed,7.98**2 * RBF(length_scale=0.318),0.0314662597911359,0.4290853607882172,0.1161968649970184,0.3176508102870634,0.0286056907192144,63.66742799345315,1649.5710669814696,400,53,347,416,16,0.04,0.3,0.000625,1.0,1e-08,1e+18,False,False,False,False,12,1.1,15.0,11.10446216471525,13.901818956274722,189.57025849465532,140.33838420061264,study_results/v4p2_followups_20260806/pseudo65/gp_window_ensemble_20260806/runs/window_2p25eq2p5/draw_03/attempt_01/results_single.csv,1,1,1,1,single_attempt_outside_55_75MeV,False,,,,,,,window_2p25eq2p5,3
2021,0.079,0.002275570875,0.07387996553125,0.08412003446875,1845689661.7151537,1.64,0.075268063765,0.082731936235,0.0074638724699999,0.0,1.0,8000,0.000125,True,16032.501261938703,3.570552588597416e-06,0.1370725209138528,1.0935667429397646,7180.355268501425,6511.335950408616,True,tilde_q_mu,asymptotic,default,sidak_approx,observed,7.94**2 * RBF(length_scale=0.317),0.0312374014599871,0.4259645653634614,0.1153517496008941,0.3170786930451821,0.0283976376908974,63.09882211408254,1643.48796634037,399,54,345,416,17,0.04,0.3,0.000625,1.0,1e-08,1e+18,False,False,False,False,12,1.1,15.0,11.165671472272445,13.727281273973578,187.1901991905488,139.34028446606044,study_results/v4p2_followups_20260806/pseudo65/gp_window_ensemble_20260806/runs/window_2p25eq2p5/draw_03/attempt_01/results_single.csv,1,1,1,1,single_attempt_outside_55_75MeV,False,,,,,,,window_2p25eq2p5,3
2021,0.08,0.00228785,0.0748523375,0.0851476625,1840971776.2432177,1.64,0.076247926,0.083752074,0.0075041479999999,0.0,1.0,8000,0.000125,True,15544.542595648203,3.4273681131419554e-06,0.1446192253535763,1.0597937282459466,6788.90403442345,6397.595228556446,True,tilde_q_mu,asymptotic,default,sidak_approx,observed,8.12**2 * RBF(length_scale=0.319),0.0310165146400847,0.4229524723647926,0.1145360709609101,0.3191686960035115,0.0281968314909861,65.91078802339808,1648.1693914092568,400,56,344,416,16,0.04,0.3,0.000625,1.0,1e-08,1e+18,False,False,False,False,12,1.1,15.0,11.319310685867022,13.55705777917468,184.8689697160183,139.5059536261169,study_results/v4p2_followups_20260806/pseudo65/gp_window_ensemble_20260806/runs/window_2p25eq2p5/draw_03/attempt_01/results_single.csv,1,1,1,1,single_attempt_outside_55_75MeV,False,,,,,,,window_2p25eq2p5,3
2021,0.081,0.002300300875,0.07582432303125,0.08617567696875,1834117166.8439004,1.64,0.077227506565,0.084772493435,0.0075449868699999,0.0,1.0,8000,0.000125,True,15432.442709579023,3.373203177892501e-06,0.1544110502933121,1.017696732474786,6558.291624721844,6424.677982566341,True,tilde_q_mu,asymptotic,default,sidak_approx,observed,8.05**2 * RBF(length_scale=0.319),0.030803307082474,0.4200450965791913,0.113748749876279,0.3189812607423733,0.0280030064386127,64.76293698753588,1641.9855678301776,399,57,342,416,17,0.04,0.3,0.000625,1.0,1e-08,1e+18,False,False,False,False,12,1.1,15.0,11.390964803783952,13.390990464442623,182.6044154242176,138.66936460752044,study_results/v4p2_followups_20260806/pseudo65/gp_window_ensemble_20260806/runs/window_2p25eq2p5/draw_03/attempt_01/results_single.csv,1,1,1,1,single_attempt_outside_55_75MeV,False,,,,,,,window_2p25eq2p5,3
2021,0.082,0.0023129235,0.076795922125,0.087204077875,1825600864.265104,1.64,0.07820680546,0.08579319454,0.00758638908,0.0,1.0,8000,0.000125,True,13424.79507622388,2.912110847632324e-06,0.2537618963854738,0.6626983093859532,4241.027508242866,6371.966105548654,True,tilde_q_mu,asymptotic,default,sidak_approx,observed,8.2**2 * RBF(length_scale=0.32),0.0305975006382008,0.4172386450663756,0.1129887592139169,0.3203759803616489,0.0278159096710917,67.26156624125743,1640.9740882738067,399,59,340,416,17,0.04,0.3,0.000625,1.0,1e-08,1e+18,False,False,False,False,12,1.1,15.0,11.517724358107426,13.228928945639955,180.39448562236305,138.51559740806337,study_results/v4p2_followups_20260806/pseudo65/gp_window_ensemble_20260806/runs/window_2p25eq2p5/draw_03/attempt_01/results_single.csv,1,1,1,1,single_attempt_outside_55_75MeV,False,,,,,,,window_2p25eq2p5,3
2021,0.083,0.002325717875,0.07776713478125,0.08823286521875,1815668681.2943528,1.64,0.079185822685,0.086814177315,0.00762835463,0.0,1.0,8000,0.000125,True,10577.312651536842,2.279190200484195e-06,0.4869397380130701,0.032743071718685,236.3201497490003,6354.1616804448695,True,tilde_q_mu,asymptotic,default,sidak_approx,observed,8.09**2 * RBF(length_scale=0.318),0.030398830418065,0.4145295057008868,0.1122551208056255,0.3176005282111393,0.0276353003800591,65.43016189502028,1644.0582080032348,399,60,339,416,17,0.04,0.3,0.000625,1.0,1e-08,1e+18,False,False,False,False,12,1.1,15.0,11.492566530607034,13.070730007639057,178.2372273768962,136.5602129239942,study_results/v4p2_followups_20260806/pseudo65/gp_window_ensemble_20260806/runs/window_2p25eq2p5/draw_03/attempt_01/results_single.csv,1,1,1,1,single_attempt_outside_55_75MeV,False,,,,,,,window_2p25eq2p5,3
2021,0.084,0.002338684,0.078737961,0.089262039,1803665927.1918256,1.64,0.08016455824,0.08783544176,0.00767088352,0.0,1.0,8000,0.000125,True,9565.06032702461,2.0500867951767513e-06,0.5,0.0,-1444.1262708462773,6297.732804983564,True,tilde_q_mu,asymptotic,default,sidak_approx,observed,8.13**2 * RBF(length_scale=0.319),0.0302070440117673,0.4119142365241002,0.111546902564603,0.3188676297608135,0.0274609491016066,66.0362990449351,1643.9931030109094,399,62,337,416,17,0.04,0.3,0.000625,1.0,1e-08,1e+18,False,False,False,False,12,1.1,15.0,11.611675495300243,12.916257182144893,176.13077975652126,136.34489728446147,study_results/v4p2_followups_20260806/pseudo65/gp_window_ensemble_20260806/runs/window_2p25eq2p5/draw_03/attempt_01/results_single.csv,1,1,1,1,single_attempt_outside_55_75MeV,False,,,,,,,window_2p25eq2p5,3
2021,0.085,0.002351821875,0.07970840078125,0.09029159921875,1790440672.4133158,1.64,0.081143012125,0.088856987875,0.0077139757499999,0.0,1.0,8000,0.000125,True,8340.451060557087,1.779633612498802e-06,0.5,0.0,-4007.1036651524632,6194.048365149112,True,tilde_q_mu,asymptotic,default,sidak_approx,observed,8.08**2 * RBF(length_scale=0.318),0.0300219007615834,0.4093895558397742,0.1108632158033061,0.317906188045232,0.0272926370559849,65.23476952837798,1649.7061175879346,400,64,336,416,16,0.04,0.3,0.000625,1.0,1e-08,1e+18,False,False,False,False,12,1.1,15.0,11.648056851124943,12.76538035499965,174.07336847726796,135.17443281933586,study_results/v4p2_followups_20260806/pseudo65/gp_window_ensemble_20260806/runs/window_2p25eq2p5/draw_03/attempt_01/results_single.csv,1,1,1,1,single_attempt_outside_55_75MeV,False,,,,,,,window_2p25eq2p5,3
2021,0.086,0.0023651315,0.080678454125,0.091321545875,1775696555.8627672,1.64,0.0821211843399999,0.08987881566,0.00775763132,0.0,1.0,8000,0.000125,True,7892.799116366071,1.6783547729779056e-06,0.5,0.0,-5612.925967634697,6213.643719202255,True,tilde_q_mu,asymptotic,default,sidak_approx,observed,8.05**2 * RBF(length_scale=0.317),0.0298431710861948,0.4069523329935665,0.1102032127365311,0.3174961907841657,0.0271301555329044,64.79260785863322,1643.9980048122236,399,65,334,416,17,0.04,0.3,0.000625,1.0,1e-08,1e+18,False,False,False,False,12,1.1,15.0,11.70270440945666,12.61797540060452,172.0633009173344,134.24039669006382,study_results/v4p2_followups_20260806/pseudo65/gp_window_ensemble_20260806/runs/window_2p25eq2p5/draw_03/attempt_01/results_single.csv,1,1,1,1,single_attempt_outside_55_75MeV,False,,,,,,,window_2p25eq2p5,3
2021,0.087,0.002378612875,0.0816481210312499,0.09235187896875,1760136602.064715,1.64,0.083099074885,0.0909009251149999,0.0078018502299999,0.0,1.0,8000,0.000125,True,7496.693263285457,1.5897324408409925e-06,0.5,0.0,-6991.310342619739,6181.731462503077,True,tilde_q_mu,asymptotic,default,sidak_approx,observed,7.96**2 * RBF(length_scale=0.316),0.0296706358506726,0.4045995797818991,0.1095660841549239,0.315788693412505,0.0269733053187932,63.380756883912106,1643.4656801151125,399,67,332,416,17,0.04,0.3,0.000625,1.0,1e-08,1e+18,False,False,False,False,12,1.1,15.0,11.70745259730863,12.47392384129452,170.098961472198,132.76170188581233,study_results/v4p2_followups_20260806/pseudo65/gp_window_ensemble_20260806/runs/window_2p25eq2p5/draw_03/attempt_01/results_single.csv,1,1,1,1,single_attempt_outside_55_75MeV,False,,,,,,,window_2p25eq2p5,3
2021,0.088,0.002392266,0.0826174014999999,0.0933825985,1743632625.119082,1.64,0.0840766837599999,0.09192331624,0.00784663248,0.0,1.0,8000,0.000125,True,7481.376296917533,1.5833020087239072e-06,0.5,0.0,-6813.692649108384,6141.358390894385,True,tilde_q_mu,asymptotic,default,sidak_approx,observed,7.93**2 * RBF(length_scale=0.315),0.0295040857789749,0.4023284424405671,0.1089510572554845,0.3154535457783085,0.0268218961627044,62.935014834392554,1643.547570973776,399,68,331,416,17,0.04,0.3,0.000625,1.0,1e-08,1e+18,False,False,False,False,12,1.1,15.0,11.761045671966434,12.33311252969984,168.17880722317963,131.8639088539103,study_results/v4p2_followups_20260806/pseudo65/gp_window_ensemble_20260806/runs/window_2p25eq2p5/draw_03/attempt_01/results_single.csv,1,1,1,1,single_attempt_outside_55_75MeV,False,,,,,,,window_2p25eq2p5,3
2021,0.089,0.002406090875,0.08358629553125,0.09441370446875,1725874782.225614,1.64,0.085054010965,0.092945989035,0.00789197807,0.0,1.0,8000,0.000125,True,8019.786077592991,1.6954438693709048e-06,0.5,0.0,-4480.523687821988,6078.516080340431,True,tilde_q_mu,asymptotic,default,sidak_approx,observed,8.13**2 * RBF(length_scale=0.318),0.0293433209056615,0.4001361941681125,0.1083573936168872,0.3182161713634734,0.0266757462778741,66.16060444594925,1642.2590455899665,399,70,329,416,17,0.04,0.3,0.000625,1.0,1e-08,1e+18,False,False,False,False,12,1.1,15.0,11.929044760311486,12.1954333523091,166.3013638951241,132.2544275737189,study_results/v4p2_followups_20260806/pseudo65/gp_window_ensemble_20260806/runs/window_2p25eq2p5/draw_03/attempt_01/results_single.csv,1,1,1,1,single_attempt_outside_55_75MeV,False,,,,,,,window_2p25eq2p5,3
2021,0.09,0.0024200875,0.084554803125,0.095445196875,1707421799.183081,1.64,0.0860310565,0.0939689435,0.007937887,0.0,1.0,8000,0.000125,True,9143.601158472937,1.9322079501862e-06,0.5,0.0,-1609.9000092642243,6083.034577730636,True,tilde_q_mu,asymptotic,default,sidak_approx,observed,8.2**2 * RBF(length_scale=0.319),0.0291881500637943,0.3980202281426503,0.1077843873084286,0.3187657052571568,0.0265346818761766,67.16869019760763,1637.3313586722006,398,71,327,416,18,0.04,0.3,0.000625,1.0,1e-08,1e+18,False,False,False,False,12,1.1,15.0,12.013172298227188,12.060782952597524,164.46522208087532,131.71660332825024,study_results/v4p2_followups_20260806/pseudo65/gp_window_ensemble_20260806/runs/window_2p25eq2p5/draw_03/attempt_01/results_single.csv,1,1,1,1,single_attempt_outside_55_75MeV,False,,,,,,,window_2p25eq2p5,3
2021,0.091,0.002434255875,0.08552292428125,0.09647707571875,1688209960.037576,1.64,0.087007820365,0.094992179635,0.0079843592699999,0.0,1.0,8000,0.000125,True,11251.15373310278,2.3782041377019197e-06,0.3526021556609245,0.3783046232720982,2143.031142453413,5995.3918103074,True,tilde_q_mu,asymptotic,default,sidak_approx,observed,8.19**2 * RBF(length_scale=0.318),0.0290383904062669,0.3959780509945498,0.1072313631224206,0.3182982624781936,0.0263985367329699,67.10201881061658,1644.1034249169622,399,73,326,416,17,0.04,0.3,0.000625,1.0,1e-08,1e+18,False,False,False,False,12,1.1,15.0,12.057420670618482,11.929062472229626,162.66903371222216,130.7579313034188,study_results/v4p2_followups_20260806/pseudo65/gp_window_ensemble_20260806/runs/window_2p25eq2p5/draw_03/attempt_01/results_single.csv,1,1,1,1,single_attempt_outside_55_75MeV,False,,,,,,,window_2p25eq2p5,3
2021,0.092,0.002448596,0.086490659,0.097509341,1668257878.789034,1.64,0.08798430256,0.0960156974399999,0.0080313948799999,0.0,1.0,8000,0.000125,True,12439.247808418497,2.631861492319684e-06,0.2663350796666832,0.6239351738488315,3739.9983271525334,5992.592969799098,True,tilde_q_mu,asymptotic,default,sidak_approx,observed,8.19**2 * RBF(length_scale=0.319),0.0288938669580575,0.3940072767007851,0.1066976749207735,0.3194477177497553,0.0262671517800523,67.05500403538336,1640.9163254581326,398,74,324,416,18,0.04,0.3,0.000625,1.0,1e-08,1e+18,False,False,False,False,12,1.1,15.0,12.161490534818798,11.800177308979343,160.9115087588092,130.461586047578,study_results/v4p2_followups_20260806/pseudo65/gp_window_ensemble_20260806/runs/window_2p25eq2p5/draw_03/attempt_01/results_single.csv,1,1,1,1,single_attempt_outside_55_75MeV,False,,,,,,,window_2p25eq2p5,3
2021,0.093,0.002463107875,0.08745800728125,0.09854199271875,1647188801.3305027,1.64,0.088960503085,0.097039496915,0.0080789938299999,0.0,1.0,8000,0.000125,True,12535.390346483568,2.657244120179808e-06,0.2505953250305307,0.6726175241698235,3967.363162569204,5942.372562003269,True,tilde_q_mu,asymptotic,default,sidak_approx,observed,8.23**2 * RBF(length_scale=0.32),0.0287544121970801,0.3921056208692741,0.106182704087187,0.3203721781103841,0.0261403747246182,67.70748652937829,1641.5961749677135,398,76,322,416,18,0.04,0.3,0.000625,1.0,1e-08,1e+18,False,False,False,False,12,1.1,15.0,12.25583724355208,11.674036890113918,159.19141213791704,130.06826918223553,study_results/v4p2_followups_20260806/pseudo65/gp_window_ensemble_20260806/runs/window_2p25eq2p5/draw_03/attempt_01/results_single.csv,1,1,1,1,single_attempt_outside_55_75MeV,False,,,,,,,window_2p25eq2p5,3
2021,0.094,0.0024777915,0.088424969125,0.099575030875,1625450307.8031468,1.64,0.08993642194,0.09806357806,0.00812715612,0.0,1.0,8000,0.000125,True,11334.979805512356,2.409012880590136e-06,0.3366008325040752,0.4217579997264449,2483.188021122003,5887.250292363778,True,tilde_q_mu,asymptotic,default,sidak_approx,observed,8.37**2 * RBF(length_scale=0.321),0.0286198656615447,0.3902708953847011,0.1056858580772325,0.321254638174835,0.0260180596923134,70.00081826157573,1637.8611797926033,398,77,321,416,18,0.04,0.3,0.000625,1.0,1e-08,1e+18,False,False,False,False,12,1.1,15.0,12.347371094307398,11.550554460108833,157.50756081966588,129.6536202399738,study_results/v4p2_followups_20260806/pseudo65/gp_window_ensemble_20260806/runs/window_2p25eq2p5/draw_03/attempt_01/results_single.csv,1,1,1,1,single_attempt_outside_55_75MeV,False,,,,,,,window_2p25eq2p5,3
2021,0.095,0.002492646875,0.08939154453125,0.10060845546875,1603496027.5520115,1.64,0.090912059125,0.099087940875,0.00817588175,0.0,1.0,8000,0.000125,True,9909.290508920189,2.112374854933921e-06,0.4707762775372232,0.073318644988863,431.3277774059462,5862.27077454576,True,tilde_q_mu,asymptotic,default,sidak_approx,observed,8.19**2 * RBF(length_scale=0.319),0.0284900735818755,0.3885010033892122,0.1052065690591188,0.3186621598513184,0.0259000668926141,67.10819180916987,1638.4111628688588,398,79,319,416,18,0.04,0.3,0.000625,1.0,1e-08,1e+18,False,False,False,False,12,1.1,15.0,12.303526518774763,11.429646881640853,155.85882111328436,127.84087591681774,study_results/v4p2_followups_20260806/pseudo65/gp_window_ensemble_20260806/runs/window_2p25eq2p5/draw_03/attempt_01/results_single.csv,1,1,1,1,single_attempt_outside_55_75MeV,False,,,,,,,window_2p25eq2p5,3
2021,0.096,0.002507674,0.0903577335,0.1016422665,1581239228.7143855,1.64,0.09188741464,0.10011258536,0.00822517072,0.0,1.0,8000,0.000125,True,8311.566651452684,1.778009187448088e-06,0.5,0.0,-2483.3172072178254,5806.754220963843,True,tilde_q_mu,asymptotic,default,sidak_approx,observed,8.24**2 * RBF(length_scale=0.319),0.0283648885354218,0.3867939345739346,0.1047442926386298,0.319229519987168,0.0257862623049289,67.90675523011308,1638.696559988437,398,81,317,416,18,0.04,0.3,0.000625,1.0,1e-08,1e+18,False,False,False,False,12,1.1,15.0,12.379829081555108,11.311234448904392,154.24410612142353,127.3010447080314,study_results/v4p2_followups_20260806/pseudo65/gp_window_ensemble_20260806/runs/window_2p25eq2p5/draw_03/attempt_01/results_single.csv,1,1,1,1,single_attempt_outside_55_75MeV,False,,,,,,,window_2p25eq2p5,3
2021,0.097,0.002522872875,0.09132353603125,0.10267646396875,1558363770.3660083,1.64,0.092862488485,0.101137511515,0.0082750230299999,0.0,1.0,8000,0.000125,True,7607.0138463596,1.6341561458041415e-06,0.5,0.0,-4189.243300603123,5754.777532116481,True,tilde_q_mu,asymptotic,default,sidak_approx,observed,8.27**2 * RBF(length_scale=0.32),0.02824416912233,0.3851477607590459,0.104298506662201,0.3199089951527351,0.0256765173839363,68.45622938349204,1638.6168804352092,398,82,316,416,18,0.04,0.3,0.000625,1.0,1e-08,1e+18,False,False,False,False,12,1.1,15.0,12.459205053753704,11.195240712368449,152.66237335047882,126.80345423775468,study_results/v4p2_followups_20260806/pseudo65/gp_window_ensemble_20260806/runs/window_2p25eq2p5/draw_03/attempt_01/results_single.csv,1,1,1,1,single_attempt_outside_55_75MeV,False,,,,,,,window_2p25eq2p5,3
2021,0.098,0.0025382435,0.092288952125,0.103711047875,1534811175.2125387,1.64,0.09383728066,0.10216271934,0.0083254386799999,0.0,1.0,8000,0.000125,True,7566.623340999622,1.6335822633620903e-06,0.4999026019832914,0.000244140625,-4067.1228102059663,5701.518914915959,True,tilde_q_mu,asymptotic,default,sidak_approx,observed,8.3**2 * RBF(length_scale=0.32),0.0281277796610786,0.3835606317419815,0.1038687100926096,0.3204832383388115,0.0255707087827987,68.92027902691056,1638.8748158570006,398,84,314,416,18,0.04,0.3,0.000625,1.0,1e-08,1e+18,False,False,False,False,12,1.1,15.0,12.533216856092713,11.081592314164752,151.11262246588296,126.26181780385193,study_results/v4p2_followups_20260806/pseudo65/gp_window_ensemble_20260806/runs/window_2p25eq2p5/draw_03/attempt_01/results_single.csv,1,1,1,1,single_attempt_outside_55_75MeV,False,,,,,,,window_2p25eq2p5,3
2021,0.099,0.002553785875,0.09325398178125,0.10474601821875,1511028905.8514876,1.64,0.094811791165,0.103188208835,0.0083764176699999,0.0,1.0,8000,0.000125,True,8186.069128586296,1.7769997340869172e-06,0.5,0.0,-2334.577203958461,5695.002884317805,True,tilde_q_mu,asymptotic,default,sidak_approx,observed,8.28**2 * RBF(length_scale=0.32),0.0280155899022987,0.3820307713949833,0.1034544219521848,0.3201667378411358,0.0254687180929988,68.50085410354794,1633.476219303073,397,85,312,416,19,0.04,0.3,0.000625,1.0,1e-08,1e+18,False,False,False,False,12,1.1,15.0,12.570979688575164,10.970218833361969,149.59389318220866,125.36945284856183,study_results/v4p2_followups_20260806/pseudo65/gp_window_ensemble_20260806/runs/window_2p25eq2p5/draw_03/attempt_01/results_single.csv,1,1,1,1,single_attempt_outside_55_75MeV,False,,,,,,,window_2p25eq2p5,3
2021,0.1,0.0025695,0.094218625,0.105781375,1487397833.440122,1.64,0.09578602,0.10421398,0.00842796,0.0,1.0,8000,0.000125,True,8969.622001028572,1.958244515307725e-06,0.4998622584051908,0.0003452669830012,-402.9425585705683,5605.327796831999,True,tilde_q_mu,asymptotic,default,sidak_approx,observed,8.26**2 * RBF(length_scale=0.32),0.027907474759607,0.3805564739946421,0.1030551803288439,0.3202500328645138,0.0253704315996428,68.21013013218565,1639.9045594743548,398,87,311,416,18,0.04,0.3,0.000625,1.0,1e-08,1e+18,False,False,False,False,12,1.1,15.0,12.622963531650075,10.861052640438642,148.10526327870872,124.63515581417155,study_results/v4p2_followups_20260806/pseudo65/gp_window_ensemble_20260806/runs/window_2p25eq2p5/draw_03/attempt_01/results_single.csv,1,1,1,1,single_attempt_outside_55_75MeV,False,,,,,,,window_2p25eq2p5,3
2021,0.101,0.002585385875,0.09518288178125,0.10681711821875,1463545807.7925766,1.64,0.096759967165,0.105240032835,0.00848006567,0.0,1.0,8000,0.000125,True,10056.160819951456,2.2091460987622944e-06,0.4038155786771889,0.2434831234216117,1362.0596238338248,5595.186097951152,True,tilde_q_mu,asymptotic,default,sidak_approx,observed,8.28**2 * RBF(length_scale=0.321),0.0278033140562975,0.3791361007676941,0.1026705414406892,0.3208418644065569,0.0252757400511796,68.62303019873332,1634.198594044281,397,88,309,416,19,0.04,0.3,0.000625,1.0,1e-08,1e+18,False,False,False,False,12,1.1,15.0,12.693668464579074,10.754028760328694,146.64584673175492,124.09825067469158,study_results/v4p2_followups_20260806/pseudo65/gp_window_ensemble_20260806/runs/window_2p25eq2p5/draw_03/attempt_01/results_single.csv,1,1,1,1,single_attempt_outside_55_75MeV,False,,,,,,,window_2p25eq2p5,3
2021,0.102,0.0026014435,0.096146752125,0.1078532478749999,1439773239.9828668,1.64,0.09773363266,0.1062663673399999,0.0085327346799999,0.0,1.0,8000,0.000125,True,10522.35307550294,2.3266900000312752e-06,0.3450335769199969,0.3987639342836051,2137.600567500185,5545.690115464603,True,tilde_q_mu,asymptotic,default,sidak_approx,observed,8.37**2 * RBF(length_scale=0.322),0.0277029922867878,0.3777680766380165,0.1023000787550902,0.3215165313372252,0.0251845384425344,70.05216995689385,1634.5726191672866,397,90,307,416,19,0.04,0.3,0.000625,1.0,1e-08,1e+18,False,False,False,False,12,1.1,15.0,12.766425403064469,10.649084743446428,145.21479195608765,123.59158726192793,study_results/v4p2_followups_20260806/pseudo65/gp_window_ensemble_20260806/runs/window_2p25eq2p5/draw_03/attempt_01/results_single.csv,1,1,1,1,single_attempt_outside_55_75MeV,False,,,,,,,window_2p25eq2p5,3
2021,0.103,0.002617672875,0.0971102360312499,0.10888976396875,1415306075.6792226,1.64,0.098707016485,0.107292983515,0.00858596703,0.0,1.0,8000,0.000125,True,11645.067616561511,2.5940260967156656e-06,0.2498651230934878,0.6749142504019754,3704.431783656926,5511.676158108162,True,tilde_q_mu,asymptotic,default,sidak_approx,observed,8.19**2 * RBF(length_scale=0.319),0.0276063983918545,0.3764508871616523,0.1019433821586847,0.319418843940692,0.0250967258107768,67.05026329408602,1632.841791445273,397,91,306,416,19,0.04,0.3,0.000625,1.0,1e-08,1e+18,False,False,False,False,12,1.1,15.0,12.727510606324987,10.546160544164444,143.81128014769695,122.02397289259912,study_results/v4p2_followups_20260806/pseudo65/gp_window_ensemble_20260806/runs/window_2p25eq2p5/draw_03/attempt_01/results_single.csv,1,1,1,1,single_attempt_outside_55_75MeV,False,,,,,,,window_2p25eq2p5,3
2021,0.104,0.002634074,0.0980733335,0.1099266664999999,1390650623.4117515,1.64,0.09968011864,0.10831988136,0.00863976272,0.0,1.0,8000,0.000125,True,12279.7335660702,2.7571315754061617e-06,0.2013049748143054,0.8369690777958477,4585.628635705806,5475.911992865609,True,tilde_q_mu,asymptotic,default,sidak_approx,observed,8.08**2 * RBF(length_scale=0.318),0.0275134255467139,0.3751830756370089,0.1016000571748166,0.3182054834724062,0.0250122050424672,65.24699454495452,1633.2603965588532,397,93,304,416,19,0.04,0.3,0.000625,1.0,1e-08,1e+18,False,False,False,False,12,1.1,15.0,12.722008432768618,10.445198406238394,142.4345237214326,120.8035474600965,study_results/v4p2_followups_20260806/pseudo65/gp_window_ensemble_20260806/runs/window_2p25eq2p5/draw_03/attempt_01/results_single.csv,1,1,1,1,single_attempt_outside_55_75MeV,False,,,,,,,window_2p25eq2p5,3
2021,0.105,0.002650646875,0.0990360445312499,0.11096395546875,1366191403.4118524,1.64,0.100652939125,0.109347060875,0.00869412175,0.0,1.0,8000,0.000125,True,12023.506977497927,2.7217625521813523e-06,0.2163056361912319,0.7847310523339973,4296.8462774884365,5464.582399431208,True,tilde_q_mu,asymptotic,default,sidak_approx,observed,8.07**2 * RBF(length_scale=0.318),0.0274239709611162,0.3739632403788584,0.1012697242253318,0.3181350678532172,0.0249308826919238,65.14846896744879,1627.922834008602,396,94,302,416,20,0.04,0.3,0.000625,1.0,1e-08,1e+18,False,False,False,False,12,1.1,15.0,12.760682073895197,10.346142754725216,141.08376483716202,120.02167125834794,study_results/v4p2_followups_20260806/pseudo65/gp_window_ensemble_20260806/runs/window_2p25eq2p5/draw_03/attempt_01/results_single.csv,1,1,1,1,single_attempt_outside_55_75MeV,False,,,,,,,window_2p25eq2p5,3
2021,0.106,0.0026673915,0.099998369125,0.112001630875,1341676381.151068,1.64,0.10162547794,0.11037452206,0.0087490441199999,0.0,1.0,8000,0.000125,True,11170.008836574005,2.5504675302638306e-06,0.264756635102247,0.6287491880680856,3379.309023710572,5373.449119734245,True,tilde_q_mu,asymptotic,default,sidak_approx,observed,8.24**2 * RBF(length_scale=0.32),0.0273379356906521,0.3727900321452559,0.1009520179337844,0.3201486166150079,0.0248526688096837,67.96494926951242,1631.0350000916096,397,96,301,416,19,0.04,0.3,0.000625,1.0,1e-08,1e+18,False,False,False,False,12,1.1,15.0,12.881860659176509,10.248940093965247,139.758274008617,120.02310744973428,study_results/v4p2_followups_20260806/pseudo65/gp_window_ensemble_20260806/runs/window_2p25eq2p5/draw_03/attempt_01/results_single.csv,1,1,1,1,single_attempt_outside_55_75MeV,False,,,,,,,window_2p25eq2p5,3
2021,0.107,0.002684307875,0.10096030728125,0.11303969271875,1317225676.2626095,1.64,0.102597735085,0.111402264915,0.0088045298299999,0.0,1.0,8000,0.000125,True,10540.240322987896,2.428434923195139e-06,0.310646969168646,0.4940173330779697,2632.9170401892966,5329.184111087324,True,tilde_q_mu,asymptotic,default,sidak_approx,observed,8.22**2 * RBF(length_scale=0.32),0.0272552244585561,0.3716621517075835,0.1006465864674015,0.3198087617998188,0.0247774767805055,67.61178054339244,1631.3373617861416,397,98,299,416,19,0.04,0.3,0.000625,1.0,1e-08,1e+18,False,False,False,False,12,1.1,15.0,12.90723686809942,10.153538911238387,138.45734878961437,119.14011979710742,study_results/v4p2_followups_20260806/pseudo65/gp_window_ensemble_20260806/runs/window_2p25eq2p5/draw_03/attempt_01/results_single.csv,1,1,1,1,single_attempt_outside_55_75MeV,False,,,,,,,window_2p25eq2p5,3
2021,0.108,0.002701396,0.101921859,0.114078141,1292640439.8447058,1.64,0.10356971056,0.11243028944,0.0088605788799999,0.0,1.0,8000,0.000125,True,9552.770181202592,2.2220189463750712e-06,0.4244825393414084,0.1904390772925404,1264.4669686769553,5321.167309458609,True,tilde_q_mu,asymptotic,default,sidak_approx,observed,8.19**2 * RBF(length_scale=0.319),0.0271757454873275,0.3705783475544666,0.1003530909153006,0.3192368310692615,0.0247052231702977,67.04122120735911,1627.3042737031392,396,99,297,416,20,0.04,0.3,0.000625,1.0,1e-08,1e+18,False,False,False,False,12,1.1,15.0,12.92183555148244,10.059889585728104,137.18031253265593,118.17476262986304,study_results/v4p2_followups_20260806/pseudo65/gp_window_ensemble_20260806/runs/window_2p25eq2p5/draw_03/attempt_01/results_single.csv,1,1,1,1,single_attempt_outside_55_75MeV,False,,,,,,,window_2p25eq2p5,3
2021,0.109,0.002718655875,0.10288302428125,0.11511697571875,1268214292.8765628,1.64,0.104541404365,0.1134585956349999,0.0089171912699999,0.0,1.0,8000,0.000125,True,8861.473785150254,2.0816453358153445e-06,0.4700597866503844,0.0751195749110746,391.5891299173344,5235.637297447403,True,tilde_q_mu,asymptotic,default,sidak_approx,observed,8.2**2 * RBF(length_scale=0.32),0.0270994103395402,0.3695374137210039,0.1000712047006427,0.3196700902755556,0.0246358275814002,67.30325786506533,1633.3922581503975,397,101,296,416,19,0.04,0.3,0.000625,1.0,1e-08,1e+18,False,False,False,False,12,1.1,15.0,12.975821056521053,9.967944302454349,135.92651321528655,117.58387415456016,study_results/v4p2_followups_20260806/pseudo65/gp_window_ensemble_20260806/runs/window_2p25eq2p5/draw_03/attempt_01/results_single.csv,1,1,1,1,single_attempt_outside_55_75MeV,False,,,,,,,window_2p25eq2p5,3
2021,0.11,0.0027360875,0.103843803125,0.116156196875,1243647528.4440663,1.64,0.1055128165,0.1144871835,0.008974367,0.0,1.0,8000,0.000125,True,8027.050432347607,1.9053989315741431e-06,0.5,0.0,-1020.969152101667,5226.57201673093,True,tilde_q_mu,asymptotic,default,sidak_approx,observed,8.17**2 * RBF(length_scale=0.319),0.0270261337672677,0.3685381877354698,0.0998006130245964,0.3189921085991149,0.0245692125156979,66.74188633942364,1627.8320308050977,396,102,294,416,20,0.04,0.3,0.000625,1.0,1e-08,1e+18,False,False,False,False,12,1.1,15.0,12.983407929550102,9.87765697086361,134.69532232995832,116.58695440080584,study_results/v4p2_followups_20260806/pseudo65/gp_window_ensemble_20260806/runs/window_2p25eq2p5/draw_03/attempt_01/results_single.csv,1,1,1,1,single_attempt_outside_55_75MeV,False,,,,,,,window_2p25eq2p5,3
2021,0.111,0.002753690875,0.10480419553125,0.11719580446875,1219296431.1209323,1.64,0.106483946965,0.115516053035,0.0090321060699999,0.0,1.0,8000,0.000125,True,7465.874405462647,1.7912999772421025e-06,0.5,0.0,-2090.851106301073,5179.0409893520655,True,tilde_q_mu,asymptotic,default,sidak_approx,observed,8.14**2 * RBF(length_scale=0.319),0.0269558335695793,0.3675795486760824,0.0995410123401082,0.3185364321449107,0.0245053032450721,66.31254920958288,1627.7158514037646,396,104,292,416,20,0.04,0.3,0.000625,1.0,1e-08,1e+18,False,False,False,False,12,1.1,15.0,12.99867334671592,9.788983147783204,133.4861338334073,115.67617666776438,study_results/v4p2_followups_20260806/pseudo65/gp_window_ensemble_20260806/runs/window_2p25eq2p5/draw_03/attempt_01/results_single.csv,1,1,1,1,single_attempt_outside_55_75MeV,False,,,,,,,window_2p25eq2p5,3
2021,0.112,0.002771466,0.1057642015,0.1182357985,1195083180.8359652,1.64,0.10745479576,0.11654520424,0.00909040848,0.0,1.0,8000,0.000125,True,6839.131520984987,1.6592228524811478e-06,0.5,0.0,-3639.009366755935,5141.206499373243,True,tilde_q_mu,asymptotic,default,sidak_approx,observed,8.03**2 * RBF(length_scale=0.317),0.0268884304576102,0.3666604153310482,0.0992921098536402,0.3167975570686173,0.0244440276887365,64.52496057240343,1628.53594070606,396,105,291,416,20,0.04,0.3,0.000625,1.0,1e-08,1e+18,False,False,False,False,12,1.1,15.0,12.960121020260218,9.70187996447014,132.29836315186554,114.30685314870082,study_results/v4p2_followups_20260806/pseudo65/gp_window_ensemble_20260806/runs/window_2p25eq2p5/draw_03/attempt_01/results_single.csv,1,1,1,1,single_attempt_outside_55_75MeV,False,,,,,,,window_2p25eq2p5,3
2021,0.113,0.002789412875,0.10672382103125,0.11927617896875,1171074447.656905,1.64,0.108425362885,0.117574637115,0.00914927423,0.0,1.0,8000,0.000125,True,6657.881820135684,1.6337780449058678e-06,0.5,0.0,-3941.628591200931,5088.494270620017,True,tilde_q_mu,asymptotic,default,sidak_approx,observed,8.1**2 * RBF(length_scale=0.318),0.0268238479267369,0.3657797444555033,0.0990536230531478,0.3175905927657041,0.0243853162970335,65.54227865338018,1628.790198012713,396,107,289,416,20,0.04,0.3,0.000625,1.0,1e-08,1e+18,False,False,False,False,12,1.1,15.0,13.023845534631786,9.616306057502122,131.1314462386653,113.85571336968329,study_results/v4p2_followups_20260806/pseudo65/gp_window_ensemble_20260806/runs/window_2p25eq2p5/draw_03/attempt_01/results_single.csv,1,1,1,1,single_attempt_outside_55_75MeV,False,,,,,,,window_2p25eq2p5,3
2021,0.114,0.0028075315,0.107683054125,0.120316945875,1146935681.7505815,1.64,0.10939564834,0.11860435166,0.00920870332,0.0,1.0,8000,0.000125,True,6529.520064999999,1.6216505266079454e-06,0.5,0.0,-4267.660819385522,5068.380782772524,True,tilde_q_mu,asymptotic,default,sidak_approx,observed,8.09**2 * RBF(length_scale=0.318),0.0267620121354335,0.3649365291195483,0.0988252792607253,0.3177105667803857,0.0243291019413032,65.39986427128943,1623.6325119491748,395,108,287,416,21,0.04,0.3,0.000625,1.0,1e-08,1e+18,False,False,False,False,12,1.1,15.0,13.058869478491204,9.532221503279144,129.9848386810792,113.1636695012632,study_results/v4p2_followups_20260806/pseudo65/gp_window_ensemble_20260806/runs/window_2p25eq2p5/draw_03/attempt_01/results_single.csv,1,1,1,1,single_attempt_outside_55_75MeV,False,,,,,,,window_2p25eq2p5,3
2021,0.115,0.002825821875,0.10864190078125,0.12135809921875,1123372222.1676126,1.64,0.110365652125,0.119634347875,0.00926869575,0.0,1.0,8000,0.000125,True,6428.56276238707,1.6158918451044388e-06,0.5,0.0,-4192.767546583603,4988.002096124808,True,tilde_q_mu,asymptotic,default,sidak_approx,observed,8.12**2 * RBF(length_scale=0.318),0.026702851790388,0.3641297971416546,0.0986068152083701,0.3181224671206347,0.0242753198094436,65.89980431614303,1628.675324701172,396,110,286,416,20,0.04,0.3,0.000625,1.0,1e-08,1e+18,False,False,False,False,12,1.1,15.0,13.10476935495935,9.4495877559119,128.85801485334406,112.57697094606668,study_results/v4p2_followups_20260806/pseudo65/gp_window_ensemble_20260806/runs/window_2p25eq2p5/draw_03/attempt_01/results_single.csv,1,1,1,1,single_attempt_outside_55_75MeV,False,,,,,,,window_2p25eq2p5,3
2021,0.116,0.002844284,0.109600361,0.122399639,1099793946.70252,1.64,0.11133537424,0.12066462576,0.0093292515199999,0.0,1.0,8000,0.000125,True,6420.810567622717,1.6343326803685408e-06,0.5,0.0,-4157.16396491458,4976.062751651391,True,tilde_q_mu,asymptotic,default,sidak_approx,observed,8.04**2 * RBF(length_scale=0.317),0.0266462980375249,0.3633586096026131,0.0983979766355584,0.3171125554858405,0.0242239073068408,64.7034592033612,1623.188317154365,395,111,284,416,21,0.04,0.3,0.000625,1.0,1e-08,1e+18,False,False,False,False,12,1.1,15.0,13.090892045986624,9.368367588301648,127.75046711320428,111.49117158688811,study_results/v4p2_followups_20260806/pseudo65/gp_window_ensemble_20260806/runs/window_2p25eq2p5/draw_03/attempt_01/results_single.csv,1,1,1,1,single_attempt_outside_55_75MeV,False,,,,,,,window_2p25eq2p5,3
2021,0.117,0.002862917875,0.11055843478125,0.12344156521875,1076409135.485572,1.64,0.112304814685,0.121695185315,0.00939037063,0.0,1.0,8000,0.000125,True,6746.764156721737,1.7396112771520951e-06,0.5,0.0,-2858.8835336713464,4918.997051771019,True,tilde_q_mu,asymptotic,default,sidak_approx,observed,8.18**2 * RBF(length_scale=0.319),0.0265922843585697,0.3626220594350426,0.0981985179072823,0.3188301649769099,0.0241748039623361,66.8371555546264,1623.9771870311315,395,113,282,416,21,0.04,0.3,0.000625,1.0,1e-08,1e+18,False,False,False,False,12,1.1,15.0,13.188531558462293,9.288525036216694,126.66170503931852,111.36545961064633,study_results/v4p2_followups_20260806/pseudo65/gp_window_ensemble_20260806/runs/window_2p25eq2p5/draw_03/attempt_01/results_single.csv,1,1,1,1,single_attempt_outside_55_75MeV,False,,,,,,,window_2p25eq2p5,3
2021,0.118,0.0028817235,0.1115161221249999,0.124483877875,1053178929.4199272,1.64,0.11327397346,0.1227260265399999,0.0094520530799999,0.0,1.0,8000,0.000125,True,7241.426874273176,1.8921689102734423e-06,0.4999026019832914,0.000244140625,-1437.811086210972,4871.652441347647,True,tilde_q_mu,asymptotic,default,sidak_approx,observed,8.19**2 * RBF(length_scale=0.319),0.0265407464728296,0.3619192700840412,0.0980082016513522,0.3187435137976158,0.024127951338936,67.00154442593997,1625.205654404249,395,114,281,416,21,0.04,0.3,0.000625,1.0,1e-08,1e+18,False,False,False,False,12,1.1,15.0,13.210550258498271,9.21002534519002,125.59125470713664,110.6086388224324,study_results/v4p2_followups_20260806/pseudo65/gp_window_ensemble_20260806/runs/window_2p25eq2p5/draw_03/attempt_01/results_single.csv,1,1,1,1,single_attempt_outside_55_75MeV,False,,,,,,,window_2p25eq2p5,3
2021,0.119,0.002900700875,0.1124734230312499,0.12552657696875,1030627124.242168,1.64,0.114242850565,0.1237571494349999,0.0095142988699999,0.0,1.0,8000,0.000125,True,7877.64363473815,2.0857762742523215e-06,0.5,0.0,-108.61952832062325,4827.256784635454,True,tilde_q_mu,asymptotic,default,sidak_approx,observed,8.18**2 * RBF(length_scale=0.319),0.0264916222438949,0.3612493942349304,0.0978267984138683,0.3189100764621799,0.0240832929489953,66.92266508231411,1627.6421398503971,395,116,279,416,21,0.04,0.3,0.000625,1.0,1e-08,1e+18,False,False,False,False,12,1.1,15.0,13.241963096059228,9.13283492007596,124.53865800103584,109.94242088549716,study_results/v4p2_followups_20260806/pseudo65/gp_window_ensemble_20260806/runs/window_2p25eq2p5/draw_03/attempt_01/results_single.csv,1,1,1,1,single_attempt_outside_55_75MeV,False,,,,,,,window_2p25eq2p5,3
2021,0.12,0.00291985,0.1134303374999999,0.1265696624999999,1008026180.837055,1.64,0.115211446,0.124788554,0.009577108,0.0,1.0,8000,0.000125,True,8538.161559228374,2.292087709220161e-06,0.4166076093847419,0.2105797453578293,988.3096066434912,4806.481601752767,True,tilde_q_mu,asymptotic,default,sidak_approx,observed,8.17**2 * RBF(length_scale=0.319),0.0264448515909636,0.3606116126040493,0.0976540863317667,0.318985334524099,0.0240407741736032,66.81495639012853,1622.4428452631942,394,117,277,416,22,0.04,0.3,0.000625,1.0,1e-08,1e+18,False,False,False,False,12,1.1,15.0,13.268513410618205,9.05692127710794,123.5034719605628,109.24716493110914,study_results/v4p2_followups_20260806/pseudo65/gp_window_ensemble_20260806/runs/window_2p25eq2p5/draw_03/attempt_01/results_single.csv,1,1,1,1,single_attempt_outside_55_75MeV,False,,,,,,,window_2p25eq2p5,3
2021,0.121,0.002939170875,0.1143868655312499,0.12761313446875,985440224.1699862,1.64,0.116179759765,0.125820240235,0.0096404804699999,0.0,1.0,8000,0.000125,True,9129.512870925922,2.4862905050062833e-06,0.3344644002463121,0.4276186294371056,2019.6079418586223,4732.684845256501,True,tilde_q_mu,asymptotic,default,sidak_approx,observed,8.23**2 * RBF(length_scale=0.32),0.0264003764045369,0.3600051327891407,0.0974898508215015,0.3195226243807242,0.0240003421859427,67.68714814723253,1626.7089924091492,395,119,276,416,21,0.04,0.3,0.000625,1.0,1e-08,1e+18,False,False,False,False,12,1.1,15.0,13.31325286553091,8.982252998317762,122.48526815887854,108.71182315343412,study_results/v4p2_followups_20260806/pseudo65/gp_window_ensemble_20260806/runs/window_2p25eq2p5/draw_03/attempt_01/results_single.csv,1,1,1,1,single_attempt_outside_55_75MeV,False,,,,,,,window_2p25eq2p5,3
2021,0.122,0.0029586635,0.115343007125,0.128656992875,963312661.4875358,1.64,0.11714779186,0.12685220814,0.00970441628,0.0,1.0,8000,0.000125,True,9659.506953776236,2.6689951357684766e-06,0.2960635718990169,0.5357560743200276,2848.653998452457,4691.544990644556,True,tilde_q_mu,asymptotic,default,sidak_approx,observed,8.17**2 * RBF(length_scale=0.319),0.0263581404662262,0.3594291881758127,0.0973338842829142,0.3186330237028875,0.0239619458783875,66.78155968782896,1627.670905539503,395,121,274,416,21,0.04,0.3,0.000625,1.0,1e-08,1e+18,False,False,False,False,12,1.1,15.0,13.297460286406816,8.908799688178892,121.48363211153033,107.69491823010203,study_results/v4p2_followups_20260806/pseudo65/gp_window_ensemble_20260806/runs/window_2p25eq2p5/draw_03/attempt_01/results_single.csv,1,1,1,1,single_attempt_outside_55_75MeV,False,,,,,,,window_2p25eq2p5,3
2021,0.123,0.002978327875,0.11629876228125,0.12970123771875,941612336.1342888,1.64,0.118115542285,0.127884457715,0.00976891543,0.0,1.0,8000,0.000125,True,9537.097083504445,2.6739844328756076e-06,0.2804276507317618,0.5815715638632516,2716.1494079809445,4666.979102230569,True,tilde_q_mu,asymptotic,default,sidak_approx,observed,8.25**2 * RBF(length_scale=0.32),0.026318089372443,0.3588830368969509,0.0971859858174404,0.3197613478924496,0.02392553579313,68.0443730349942,1623.2535504576565,394,122,272,416,22,0.04,0.3,0.000625,1.0,1e-08,1e+18,False,False,False,False,12,1.1,15.0,13.364856304880137,8.836531932349143,120.49816271385194,107.36270864484644,study_results/v4p2_followups_20260806/pseudo65/gp_window_ensemble_20260806/runs/window_2p25eq2p5/draw_03/attempt_01/results_single.csv,1,1,1,1,single_attempt_outside_55_75MeV,False,,,,,,,window_2p25eq2p5,3
2021,0.124,0.002998164,0.117254131,0.130745869,920037116.668702,1.64,0.1190830110399999,0.12891698896,0.00983397792,0.0,1.0,8000,0.000125,True,9158.303569856977,2.6068012681774226e-06,0.3037673665565691,0.5135956334148303,2361.7049279440703,4596.788560983579,True,tilde_q_mu,asymptotic,default,sidak_approx,observed,8.23**2 * RBF(length_scale=0.319),0.0262801704617562,0.3583659608421308,0.0970459609598579,0.3193402052701802,0.023891064056142,67.68135839671909,1629.525909236368,395,124,271,416,21,0.04,0.3,0.000625,1.0,1e-08,1e+18,False,False,False,False,12,1.1,15.0,13.366512455023216,8.765421258395557,119.52847170539395,106.51192038533588,study_results/v4p2_followups_20260806/pseudo65/gp_window_ensemble_20260806/runs/window_2p25eq2p5/draw_03/attempt_01/results_single.csv,1,1,1,1,single_attempt_outside_55_75MeV,False,,,,,,,window_2p25eq2p5,3
2021,0.125,0.003018171875,0.11820911328125,0.13179088671875,898531012.9433209,1.64,0.120050198125,0.129949801875,0.00989960375,0.0,1.0,8000,0.000125,True,9169.89518567149,2.651192174628715e-06,0.2991684310354328,0.5267936946088929,2415.051266096446,4584.581622063928,True,tilde_q_mu,asymptotic,default,sidak_approx,observed,8.13**2 * RBF(length_scale=0.318),0.0262443327457108,0.3578772647142392,0.0969136214228183,0.3177089900781309,0.0238584843142826,66.15487659430073,1625.060166895415,394,125,269,416,22,0.04,0.3,0.000625,1.0,1e-08,1e+18,False,False,False,False,12,1.1,15.0,13.316394532570454,8.695440098390975,118.57418315987692,105.2653736222795,study_results/v4p2_followups_20260806/pseudo65/gp_window_ensemble_20260806/runs/window_2p25eq2p5/draw_03/attempt_01/results_single.csv,1,1,1,1,single_attempt_outside_55_75MeV,False,,,,,,,window_2p25eq2p5,3
2021,0.126,0.0030383515,0.119163709125,0.132836290875,877660484.0400469,1.64,0.12101710354,0.13098289646,0.0099657929199999,0.0,1.0,8000,0.000125,True,8718.050030079803,2.560013107031032e-06,0.339874566394043,0.4128054845937209,1889.7766461124845,4537.076750782188,True,tilde_q_mu,asymptotic,default,sidak_approx,observed,8.11**2 * RBF(length_scale=0.318),0.0262105268429174,0.3574162751306931,0.0967887848534561,0.3177737158457396,0.0238277516753795,65.84231227496382,1624.0888571217956,394,127,267,416,22,0.04,0.3,0.000625,1.0,1e-08,1e+18,False,False,False,False,12,1.1,15.0,13.336286200014632,8.626561753278871,117.63493299925732,104.58754223984276,study_results/v4p2_followups_20260806/pseudo65/gp_window_ensemble_20260806/runs/window_2p25eq2p5/draw_03/attempt_01/results_single.csv,1,1,1,1,single_attempt_outside_55_75MeV,False,,,,,,,window_2p25eq2p5,3
2021,0.127,0.003058702875,0.12011791853125,0.13388208146875,857126402.643784,1.64,0.121983727285,0.132016272715,0.0100325454299999,0.0,1.0,8000,0.000125,True,8783.341883668434,2.620179928838773e-06,0.322465729981029,0.4608148314617392,2080.732352340656,4489.380432379178,True,tilde_q_mu,asymptotic,default,sidak_approx,observed,8.11**2 * RBF(length_scale=0.318),0.0261787049162304,0.3569823397667782,0.0966712746014036,0.3178495396145236,0.0237988226511185,65.80867453705586,1624.1041656781845,394,128,266,416,22,0.04,0.3,0.000625,1.0,1e-08,1e+18,False,False,False,False,12,1.1,15.0,13.355683357705288,8.558760358908806,116.71036853057464,103.91644844369644,study_results/v4p2_followups_20260806/pseudo65/gp_window_ensemble_20260806/runs/window_2p25eq2p5/draw_03/attempt_01/results_single.csv,1,1,1,1,single_attempt_outside_55_75MeV,False,,,,,,,window_2p25eq2p5,3
2021,0.128,0.003079226,0.1210717415,0.1349282585,836870911.2847852,1.64,0.12295006936,0.13304993064,0.01009986128,0.0,1.0,8000,0.000125,True,8679.877171416127,2.6312678503880196e-06,0.3240283964406971,0.4564633876370396,2053.5451420945533,4438.466527840584,True,tilde_q_mu,asymptotic,default,sidak_approx,observed,8.19**2 * RBF(length_scale=0.319),0.0261488206128557,0.3565748265389423,0.0965609194976257,0.3189098235544909,0.0237716551025961,67.12623071301593,1624.16521920144,394,130,264,416,22,0.04,0.3,0.000625,1.0,1e-08,1e+18,False,False,False,False,12,1.1,15.0,13.415549829328546,8.492010853654708,115.80014800438238,103.56817705309416,study_results/v4p2_followups_20260806/pseudo65/gp_window_ensemble_20260806/runs/window_2p25eq2p5/draw_03/attempt_01/results_single.csv,1,1,1,1,single_attempt_outside_55_75MeV,False,,,,,,,window_2p25eq2p5,3
2021,0.129,0.003099920875,0.12202517803125,0.13597482196875,816661383.882061,1.64,0.123916129765,0.134083870235,0.01016774047,0.0,1.0,8000,0.000125,True,8891.830440960759,2.7408127375835435e-06,0.2881957412041755,0.5586633705555559,2405.0357855127727,4415.126989096079,True,tilde_q_mu,asymptotic,default,sidak_approx,observed,8.18**2 * RBF(length_scale=0.319),0.0261208290072193,0.3561931228257187,0.096457553643445,0.3186806692798244,0.0237462081883812,66.95851581189777,1619.142140024158,393,131,262,416,23,0.04,0.3,0.000625,1.0,1e-08,1e+18,False,False,False,False,12,1.1,15.0,13.420276060569172,8.426288947526562,114.90394019354402,102.80283985629936,study_results/v4p2_followups_20260806/pseudo65/gp_window_ensemble_20260806/runs/window_2p25eq2p5/draw_03/attempt_01/results_single.csv,1,1,1,1,single_attempt_outside_55_75MeV,False,,,,,,,window_2p25eq2p5,3
2021,0.13,0.0031207875,0.122978228125,0.137021771875,796778619.4646972,1.64,0.1248819085,0.1351180915,0.010236183,0.0,1.0,8000,0.000125,True,8652.378426816875,2.7125290858087185e-06,0.304013847557893,0.5128908202380864,2228.5835787178444,4343.914525868624,True,tilde_q_mu,asymptotic,default,sidak_approx,observed,8.2**2 * RBF(length_scale=0.319),0.0260946865464589,0.3558366347244401,0.0963610162092589,0.3188934759007671,0.0237224423149626,67.18514669616857,1624.7944263496524,394,133,261,416,22,0.04,0.3,0.000625,1.0,1e-08,1e+18,False,False,False,False,12,1.1,15.0,13.442691594179934,8.36157109269982,114.0214239913612,102.18365585633984,study_results/v4p2_followups_20260806/pseudo65/gp_window_ensemble_20260806/runs/window_2p25eq2p5/draw_03/attempt_01/results_single.csv,1,1,1,1,single_attempt_outside_55_75MeV,False,,,,,,,window_2p25eq2p5,3
2021,0.131,0.003141825875,0.12393089178125,0.13806910821875,777717056.7816086,1.64,0.125847405565,0.136152594435,0.0103051888699999,0.0,1.0,8000,0.000125,True,7995.646038844924,2.548476084596296e-06,0.3755832385360638,0.3171016445378318,1373.7764859702684,4315.198082793868,True,tilde_q_mu,asymptotic,default,sidak_approx,observed,8.26**2 * RBF(length_scale=0.32),0.0260703509983903,0.3555047863416871,0.0962711512423922,0.3199415768976202,0.0237003190894458,68.2789713800299,1618.167061324471,393,134,259,416,23,0.04,0.3,0.000625,1.0,1e-08,1e+18,False,False,False,False,12,1.1,15.0,13.499462842257516,8.297834455383493,113.1522880279567,101.83300718332144,study_results/v4p2_followups_20260806/pseudo65/gp_window_ensemble_20260806/runs/window_2p25eq2p5/draw_03/attempt_01/results_single.csv,1,1,1,1,single_attempt_outside_55_75MeV,False,,,,,,,window_2p25eq2p5,3
2021,0.132,0.003163036,0.124883169,0.139116831,758729637.4451472,1.64,0.12681262096,0.13718737904,0.0103747580799999,0.0,1.0,8000,0.000125,True,7070.947997378599,2.292643800968002e-06,0.4912877879980233,0.0218400130452127,91.03034369215744,4263.743165262215,True,tilde_q_mu,asymptotic,default,sidak_approx,observed,8.36**2 * RBF(length_scale=0.321),0.0260477814018274,0.3551970191158293,0.0961878074836403,0.3213110116520498,0.0236798012743886,69.91193621400359,1617.581886411852,393,136,257,416,23,0.04,0.3,0.000625,1.0,1e-08,1e+18,False,False,False,False,12,1.1,15.0,13.56899105397351,8.235056888959685,112.2962303039957,101.58310295932444,study_results/v4p2_followups_20260806/pseudo65/gp_window_ensemble_20260806/runs/window_2p25eq2p5/draw_03/attempt_01/results_single.csv,1,1,1,1,single_attempt_outside_55_75MeV,False,,,,,,,window_2p25eq2p5,3
2021,0.133,0.003184417875,0.12583505978125,0.14016494021875,740120080.2932594,1.64,0.127777554685,0.138222445315,0.0104448906299999,0.0,1.0,8000,0.000125,True,6552.680324513589,2.161648495853237e-06,0.5,0.0,-701.7216760066398,4224.100491470044,True,tilde_q_mu,asymptotic,default,sidak_approx,observed,8.25**2 * RBF(length_scale=0.32),0.0260269380191233,0.3549127911698635,0.0961108381920171,0.3197273927640008,0.0236608527446575,68.0649290818702,1614.5679822799375,393,137,256,416,23,0.04,0.3,0.000625,1.0,1e-08,1e+18,False,False,False,False,12,1.1,15.0,13.512927712894571,8.173216908325301,111.45295784079954,100.40371751273403,study_results/v4p2_followups_20260806/pseudo65/gp_window_ensemble_20260806/runs/window_2p25eq2p5/draw_03/attempt_01/results_single.csv,1,1,1,1,single_attempt_outside_55_75MeV,False,,,,,,,window_2p25eq2p5,3
2021,0.134,0.0032059715,0.126786564125,0.141213435875,721731213.3148873,1.64,0.12874220674,0.13925779326,0.01051558652,0.0,1.0,8000,0.000125,True,6115.194006413489,2.053288030188599e-06,0.5,0.0,-1490.2794922631542,4185.365255720181,True,tilde_q_mu,asymptotic,default,sidak_approx,observed,8.18**2 * RBF(length_scale=0.319),0.0260077822908281,0.3546515766931113,0.0960401009773177,0.3188303425896413,0.0236434384462074,66.88016306617712,1616.298792020296,393,139,254,416,23,0.04,0.3,0.000625,1.0,1e-08,1e+18,False,False,False,False,12,1.1,15.0,13.484939735607028,8.112293665376676,110.62218634604557,99.448901086501,study_results/v4p2_followups_20260806/pseudo65/gp_window_ensemble_20260806/runs/window_2p25eq2p5/draw_03/attempt_01/results_single.csv,1,1,1,1,single_attempt_outside_55_75MeV,False,,,,,,,window_2p25eq2p5,3
2021,0.135,0.003227696875,0.12773768203125,0.14226231796875,703839749.1336825,1.64,0.129706577125,0.140293422875,0.01058684575,0.0,1.0,8000,0.000125,True,5669.758061459894,1.9376569521885273e-06,0.5,0.0,-2524.8262226559136,4159.297042984642,True,tilde_q_mu,asymptotic,default,sidak_approx,observed,8.23**2 * RBF(length_scale=0.319),0.025990276792342,0.3544128653501188,0.0959754576400479,0.3194018792289506,0.0236275243566745,67.69181555362826,1611.0923318004252,392,140,252,416,24,0.04,0.3,0.000625,1.0,1e-08,1e+18,False,False,False,False,12,1.1,15.0,13.51821182817751,8.052266925574306,109.80363989419509,98.95659090631013,study_results/v4p2_followups_20260806/pseudo65/gp_window_ensemble_20260806/runs/window_2p25eq2p5/draw_03/attempt_01/results_single.csv,1,1,1,1,single_attempt_outside_55_75MeV,False,,,,,,,window_2p25eq2p5,3
2021,0.136,0.003249594,0.1286884135,0.1433115865,686424779.2721932,1.64,0.13067066584,0.14132933416,0.01065866832,0.0,1.0,8000,0.000125,True,5376.539312452107,1.8702122037989397e-06,0.5,0.0,-3093.8371796930687,4091.5836878708687,True,tilde_q_mu,asymptotic,default,sidak_approx,observed,8.32**2 * RBF(length_scale=0.32),0.0259743851924713,0.3541961617155187,0.0959167740183841,0.3204977238659193,0.0236130774477012,69.17516775765137,1616.3930747461727,393,142,251,416,23,0.04,0.3,0.000625,1.0,1e-08,1e+18,False,False,False,False,12,1.1,15.0,13.572890893860176,7.993117045535957,108.99705062094486,98.62700505537596,study_results/v4p2_followups_20260806/pseudo65/gp_window_ensemble_20260806/runs/window_2p25eq2p5/draw_03/attempt_01/results_single.csv,1,1,1,1,single_attempt_outside_55_75MeV,False,,,,,,,window_2p25eq2p5,3
2021,0.137,0.003271662875,0.12963875853125,0.14436124146875,669116428.5880822,1.64,0.131634472885,0.142365527115,0.0107310542299999,0.0,1.0,8000,0.000125,True,5379.244134425285,1.9055437168631232e-06,0.5,0.0,-2982.6346845399707,4071.030904508305,True,tilde_q_mu,asymptotic,default,sidak_approx,observed,8.29**2 * RBF(length_scale=0.32),0.0259600722137896,0.3540009847334957,0.0958639198417955,0.3201034607956496,0.0236000656488997,68.76234502609438,1612.4059383641545,392,143,249,416,24,0.04,0.3,0.000625,1.0,1e-08,1e+18,False,False,False,False,12,1.1,15.0,13.5636682354133,7.93482495160498,108.20215843097698,97.84121195422668,study_results/v4p2_followups_20260806/pseudo65/gp_window_ensemble_20260806/runs/window_2p25eq2p5/draw_03/attempt_01/results_single.csv,1,1,1,1,single_attempt_outside_55_75MeV,False,,,,,,,window_2p25eq2p5,3
2021,0.138,0.0032939035,0.130588717125,0.145411282875,652262296.7982231,1.64,0.13259799826,0.14340200174,0.0108040034799999,0.0,1.0,8000,0.000125,True,5530.348751285621,1.9951294515997997e-06,0.5,0.0,-2346.810838830053,4031.796227685179,True,tilde_q_mu,asymptotic,default,sidak_approx,observed,8.25**2 * RBF(length_scale=0.32),0.0259473035947063,0.3538268672005407,0.095816768590974,0.319710616417602,0.0235884578133693,68.01911467859105,1611.5637325115272,392,145,247,416,24,0.04,0.3,0.000625,1.0,1e-08,1e+18,False,False,False,False,12,1.1,15.0,13.5536887975948,7.877372119342997,107.41871071831358,97.06131840765887,study_results/v4p2_followups_20260806/pseudo65/gp_window_ensemble_20260806/runs/window_2p25eq2p5/draw_03/attempt_01/results_single.csv,1,1,1,1,single_attempt_outside_55_75MeV,False,,,,,,,window_2p25eq2p5,3
2021,0.139,0.003316315875,0.13153828928125,0.14646171071875,635785521.2448627,1.64,0.133561241965,0.144438758035,0.0108775160699999,0.0,1.0,8000,0.000125,True,6022.226982057904,2.212848128872703e-06,0.5,0.0,-1193.9184329625857,4048.184348207608,True,tilde_q_mu,asymptotic,default,sidak_approx,observed,0.724**2 * RBF(length_scale=0.264),0.0259360460531648,0.3536733552704296,0.0957751973637809,0.2644894688801222,0.0235782236846953,0.5236270470154399,1099.8945737135891,392,146,246,416,24,0.04,0.3,0.000625,1.0,1e-08,1e+18,False,False,False,False,12,1.1,15.0,11.217531584103304,7.820740553903008,106.64646209867738,79.75400379498596,study_results/v4p2_followups_20260806/pseudo65/gp_window_ensemble_20260806/runs/window_2p25eq2p5/draw_03/attempt_01/results_single.csv,1,1,1,1,single_attempt_outside_55_75MeV,False,,,,,,,window_2p25eq2p5,3
2021,0.14,0.0033389,0.132487475,0.147512525,619834689.867921,1.64,0.134524204,0.145475796,0.010951592,0.0,1.0,8000,0.000125,True,21692.77847674013,8.11766620337262e-06,0.4840969976514781,0.0398734785883896,451.60768923563546,13009.540078265596,True,tilde_q_mu,asymptotic,default,sidak_approx,observed,1**2 * RBF(length_scale=0.0957),0.0259262672518869,0.3535400079802764,0.0957390867469023,0.0957390867469023,0.0235693338653517,1.0,841.3874262915878,392,148,244,416,24,0.04,0.3,0.000625,1.0,1e-08,1e+18,False,False,False,False,12,1.1,15.0,4.0620192023179795,7.764912771238112,105.88517415324698,28.673840710084846,study_results/v4p2_followups_20260806/pseudo65/gp_window_ensemble_20260806/runs/window_2p25eq2p5/draw_03/attempt_01/results_single.csv,1,1,1,1,single_attempt_outside_55_75MeV,False,,,,,,,window_2p25eq2p5,3
2021,0.141,0.003361655875,0.13343627428125,0.1485637257187499,604132627.2786524,1.64,0.1354868843649999,0.146513115635,0.01102623127,0.0,1.0,8000,0.000125,True,5799.129676553386,2.210707774024392e-06,0.5,0.0,-1268.0386933431882,3928.7677609853863,True,tilde_q_mu,asymptotic,default,sidak_approx,observed,8.27**2 * RBF(length_scale=0.32),0.0259179357650831,0.3534263967965889,0.0957083206929198,0.3196605587434675,0.0235617597864392,68.31151734249578,1608.654461400391,391,149,242,416,25,0.04,0.3,0.000625,1.0,1e-08,1e+18,False,False,False,False,12,1.1,15.0,13.566922065279904,7.709871780103963,105.13461518323584,95.09020870361026,study_results/v4p2_followups_20260806/pseudo65/gp_window_ensemble_20260806/runs/window_2p25eq2p5/draw_03/attempt_01/results_single.csv,1,1,1,1,single_attempt_outside_55_75MeV,False,,,,,,,window_2p25eq2p5,3
2021,0.142,0.0033845835,0.1343846871249999,0.149615312875,588792286.6909375,1.64,0.1364492830599999,0.14755071694,0.01110143388,0.0,1.0,8000,0.000125,True,5908.762301787603,2.294911726719894e-06,0.5,0.0,-828.2224387723161,3869.874035479656,True,tilde_q_mu,asymptotic,default,sidak_approx,observed,8.24**2 * RBF(length_scale=0.32),0.0259110210465671,0.3533321051804605,0.0956827864025644,0.3195673420879521,0.0235554736786973,67.9771025019237,1613.693711621714,392,151,241,416,24,0.04,0.3,0.000625,1.0,1e-08,1e+18,False,False,False,False,12,1.1,15.0,13.566585263660228,7.6556010648184945,104.39455997479764,94.41851326402558,study_results/v4p2_followups_20260806/pseudo65/gp_window_ensemble_20260806/runs/window_2p25eq2p5/draw_03/attempt_01/results_single.csv,1,1,1,1,single_attempt_outside_55_75MeV,False,,,,,,,window_2p25eq2p5,3
2021,0.143,0.003407682875,0.1353327135312499,0.15066728646875,573696429.0826498,1.64,0.137411400085,0.1485885999149999,0.0111771998299999,0.0,1.0,8000,0.000125,True,6106.853753657044,2.417237135489053e-06,0.5,0.0,-326.43976555690494,3828.514188093164,True,tilde_q_mu,asymptotic,default,sidak_approx,observed,8.27**2 * RBF(length_scale=0.32),0.025905493399191,0.3532567281707865,0.0956623742118505,0.3200730324456649,0.0235504485447191,68.45774321545777,1614.3089436648156,392,153,239,416,24,0.04,0.3,0.000625,1.0,1e-08,1e+18,False,False,False,False,12,1.1,15.0,13.590952708942664,7.602084568738228,103.66478957370308,93.92688351191276,study_results/v4p2_followups_20260806/pseudo65/gp_window_ensemble_20260806/runs/window_2p25eq2p5/draw_03/attempt_01/results_single.csv,1,1,1,1,single_attempt_outside_55_75MeV,False,,,,,,,window_2p25eq2p5,3
2021,0.144,0.003430954,0.1362803534999999,0.1517196465,559083772.4170778,1.64,0.13837323544,0.14962676456,0.0112535291199999,0.0,1.0,8000,0.000125,True,6173.533023824948,2.4900858401812777e-06,0.5,0.0,-150.73050787992076,3808.095551506214,True,tilde_q_mu,asymptotic,default,sidak_approx,observed,8.24**2 * RBF(length_scale=0.32),0.0259013239455544,0.3531998719848339,0.0956469774839098,0.3196876521492371,0.0235466581323222,67.89550290597784,1609.1427480802604,391,154,237,416,25,0.04,0.3,0.000625,1.0,1e-08,1e+18,False,False,False,False,12,1.1,15.0,13.576773839953326,7.5493066784207805,102.94509106937429,93.17748129215288,study_results/v4p2_followups_20260806/pseudo65/gp_window_ensemble_20260806/runs/window_2p25eq2p5/draw_03/attempt_01/results_single.csv,1,1,1,1,single_attempt_outside_55_75MeV,False,,,,,,,window_2p25eq2p5,3
2021,0.145,0.003454396875,0.1372276070312499,0.15277239296875,544779001.7566646,1.64,0.139334789125,0.1506652108749999,0.0113304217499999,0.0,1.0,8000,0.000125,True,6288.253987781652,2.5850064743838823e-06,0.4785544598657172,0.0537819133320873,201.37454495330283,3746.835049397328,True,tilde_q_mu,asymptotic,default,sidak_approx,observed,8.27**2 * RBF(length_scale=0.32),0.0258984845999115,0.3531611536351575,0.095636492505252,0.3200844686667702,0.0235440769090105,68.31059412087724,1615.0453547979778,392,156,236,416,24,0.04,0.3,0.000625,1.0,1e-08,1e+18,False,False,False,False,12,1.1,15.0,13.595116508656636,7.49725220843698,102.235257387777,92.66001569862183,study_results/v4p2_followups_20260806/pseudo65/gp_window_ensemble_20260806/runs/window_2p25eq2p5/draw_03/attempt_01/results_single.csv,1,1,1,1,single_attempt_outside_55_75MeV,False,,,,,,,window_2p25eq2p5,3
2021,0.146,0.0034780115,0.138174474125,0.1538255258749999,530723198.11642635,1.64,0.1402960611399999,0.15170393886,0.01140787772,0.0,1.0,8000,0.000125,True,6222.053523959974,2.6075505580891183e-06,0.4840364819683457,0.0400252900045778,148.68028012630958,3726.985446895707,True,tilde_q_mu,asymptotic,default,sidak_approx,observed,8.24**2 * RBF(length_scale=0.32),0.0258969480412312,0.3531402005622441,0.0956308183862839,0.3196550171563778,0.0235426800374829,67.8428307081668,1609.96062481017,391,157,234,416,25,0.04,0.3,0.000625,1.0,1e-08,1e+18,False,False,False,False,12,1.1,15.0,13.577681752776078,7.445906386805,101.53508709279544,91.9074066190919,study_results/v4p2_followups_20260806/pseudo65/gp_window_ensemble_20260806/runs/window_2p25eq2p5/draw_03/attempt_01/results_single.csv,1,1,1,1,single_attempt_outside_55_75MeV,False,,,,,,,window_2p25eq2p5,3
2021,0.147,0.0035017978749999,0.13912095478125,0.1548790452187499,517058895.8195766,1.64,0.141257051485,0.1527429485149999,0.0114858970299999,0.0,1.0,8000,0.000125,True,6127.906805631517,2.6180306384526355e-06,0.4898639735829223,0.025409984544061,98.83745282057056,3688.055378777875,True,tilde_q_mu,asymptotic,default,sidak_approx,observed,8.22**2 * RBF(length_scale=0.319),0.025896687687343,0.353136650281951,0.0956298569658356,0.3194122748116622,0.02354244335213,67.48702960951668,1611.1209000737113,391,159,232,416,25,0.04,0.3,0.000625,1.0,1e-08,1e+18,False,False,False,False,12,1.1,15.0,13.567507417736334,7.3952548410130845,100.84438419563295,91.21379537408689,study_results/v4p2_followups_20260806/pseudo65/gp_window_ensemble_20260806/runs/window_2p25eq2p5/draw_03/attempt_01/results_single.csv,1,1,1,1,single_attempt_outside_55_75MeV,False,,,,,,,window_2p25eq2p5,3
2021,0.148,0.0035257559999999,0.140067049,0.155932951,503681799.08701915,1.64,0.1422177601599999,0.15378223984,0.01156447968,0.0,1.0,8000,0.000125,True,5900.55827482381,2.5703665035415583e-06,0.5,0.0,-168.90411097229202,3647.989004296428,True,tilde_q_mu,asymptotic,default,sidak_approx,observed,8.18**2 * RBF(length_scale=0.319),0.0258976776701328,0.3531501500472667,0.0956335127195648,0.3189633258287145,0.0235433433364844,66.95224582781051,1611.7315905798705,391,160,231,416,25,0.04,0.3,0.000625,1.0,1e-08,1e+18,False,False,False,False,12,1.1,15.0,13.547919735529922,7.345283584607923,100.16295797192622,90.46664767179423,study_results/v4p2_followups_20260806/pseudo65/gp_window_ensemble_20260806/runs/window_2p25eq2p5/draw_03/attempt_01/results_single.csv,1,1,1,1,single_attempt_outside_55_75MeV,False,,,,,,,window_2p25eq2p5,3
2021,0.149,0.003549885875,0.14101275678125,0.15698724321875,490644352.2917579,1.64,0.143178187165,0.154821812835,0.0116436256699999,0.0,1.0,8000,0.000125,True,5675.641468599819,2.521051994368652e-06,0.5,0.0,-459.3431353253735,3610.774343454732,True,tilde_q_mu,asymptotic,default,sidak_approx,observed,8.16**2 * RBF(length_scale=0.319),0.0258998928117245,0.353180356523517,0.0956416926720024,0.3186582143683046,0.0235453571015678,66.64459899972181,1610.682133296983,391,162,229,416,25,0.04,0.3,0.000625,1.0,1e-08,1e+18,False,False,False,False,12,1.1,15.0,13.53380256641282,7.295979004317872,99.49062278615278,89.76576306648296,study_results/v4p2_followups_20260806/pseudo65/gp_window_ensemble_20260806/runs/window_2p25eq2p5/draw_03/attempt_01/results_single.csv,1,1,1,1,single_attempt_outside_55_75MeV,False,,,,,,,window_2p25eq2p5,3
2021,0.15,0.0035741875,0.141958078125,0.158041921875,477946931.2512179,1.64,0.1441383325,0.1558616675,0.011723335,0.0,1.0,8000,0.000125,True,5571.067628472812,2.5234076538882783e-06,0.5,0.0,-578.4521812431046,3585.882756649831,True,tilde_q_mu,asymptotic,default,sidak_approx,observed,8.2**2 * RBF(length_scale=0.319),0.0259033086016125,0.3532269354765349,0.0956543063121079,0.3191118422796414,0.0235484623651023,67.16016549308387,1605.8181168383242,390,163,227,416,26,0.04,0.3,0.000625,1.0,1e-08,1e+18,False,False,False,False,12,1.1,15.0,13.551281494818513,7.247327847689178,98.82719792303423,89.28234522661204,study_results/v4p2_followups_20260806/pseudo65/gp_window_ensemble_20260806/runs/window_2p25eq2p5/draw_03/attempt_01/results_single.csv,1,1,1,1,single_attempt_outside_55_75MeV,False,,,,,,,window_2p25eq2p5,3
2021,0.151,0.003598660875,0.14290301303125,0.15909698696875,465470649.96646106,1.64,0.145098196165,0.156901803835,0.0118036076699999,0.0,1.0,8000,0.000125,True,5559.7767829484965,2.5686683138158738e-06,0.5,0.0,-464.6753182541754,3541.9918056156807,True,tilde_q_mu,asymptotic,default,sidak_approx,observed,8.29**2 * RBF(length_scale=0.32),0.0259079011746969,0.3532895614731401,0.0956712655121596,0.3203275787446781,0.0235526374315426,68.72286081048502,1606.95768213281,390,165,225,416,26,0.04,0.3,0.000625,1.0,1e-08,1e+18,False,False,False,False,12,1.1,15.0,13.60049717046474,7.199317211210392,98.17250742559624,89.01299396395002,study_results/v4p2_followups_20260806/pseudo65/gp_window_ensemble_20260806/runs/window_2p25eq2p5/draw_03/attempt_01/results_single.csv,1,1,1,1,single_attempt_outside_55_75MeV,False,,,,,,,window_2p25eq2p5,3
2021,0.152,0.003623306,0.1438475615,0.1601524385,453362715.5960102,1.64,0.1460577781599999,0.15794222184,0.01188444368,0.0,1.0,8000,0.000125,True,17526.102690391333,8.258779766367442e-06,0.5,0.0,-1804.487970672289,11297.84222390623,True,tilde_q_mu,asymptotic,default,sidak_approx,observed,1**2 * RBF(length_scale=0.0957),0.0259136472901786,0.3533679175933457,0.0956924844498192,0.0956924844498192,0.0235578611728897,1.0,836.8620677209472,390,166,224,416,26,0.04,0.3,0.000625,1.0,1e-08,1e+18,False,False,False,False,12,1.1,15.0,4.06201920231798,7.151934528902247,97.5263799395761,26.41026853647448,study_results/v4p2_followups_20260806/pseudo65/gp_window_ensemble_20260806/runs/window_2p25eq2p5/draw_03/attempt_01/results_single.csv,1,1,1,1,single_attempt_outside_55_75MeV,False,,,,,,,window_2p25eq2p5,3
2021,0.153,0.003648122875,0.14479172353125,0.16120827646875,441644549.5313737,1.64,0.147017078485,0.158982921515,0.0119658430299999,0.0,1.0,8000,0.000125,True,5328.124461408891,2.5605306412444143e-06,0.5,0.0,-676.2930386139877,3467.9252054109206,True,tilde_q_mu,asymptotic,default,sidak_approx,observed,8.27**2 * RBF(length_scale=0.32),0.0259205243112793,0.3534616951538094,0.0957178795332425,0.3199902345982361,0.0235641130102539,68.32497024766126,1606.421857922688,390,168,222,416,26,0.04,0.3,0.000625,1.0,1e-08,1e+18,False,False,False,False,12,1.1,15.0,13.579557798716712,7.105167561352867,96.88864856390272,87.71366688087119,study_results/v4p2_followups_20260806/pseudo65/gp_window_ensemble_20260806/runs/window_2p25eq2p5/draw_03/attempt_01/results_single.csv,1,1,1,1,single_attempt_outside_55_75MeV,False,,,,,,,window_2p25eq2p5,3
2021,0.154,0.0036731115,0.145735499125,0.162264500875,430164399.9517347,1.64,0.1479760971399999,0.16002390286,0.01204780572,0.0,1.0,8000,0.000125,True,5571.562594588465,2.7311260808803672e-06,0.5,0.0,-167.9364177368798,3445.5454500276833,True,tilde_q_mu,asymptotic,default,sidak_approx,observed,8.29**2 * RBF(length_scale=0.32),0.0259285101857464,0.3535705934419964,0.0957473693290902,0.3201677062107059,0.023571372896133,68.71355794452911,1603.422598892536,389,169,220,416,27,0.04,0.3,0.000625,1.0,1e-08,1e+18,False,False,False,False,12,1.1,15.0,13.58290446727563,7.0590043851776345,96.25915070696774,87.16525654358868,study_results/v4p2_followups_20260806/pseudo65/gp_window_ensemble_20260806/runs/window_2p25eq2p5/draw_03/attempt_01/results_single.csv,1,1,1,1,single_attempt_outside_55_75MeV,False,,,,,,,window_2p25eq2p5,3
2021,0.155,0.003698271875,0.14667888828125,0.16332111171875,419006242.6242384,1.64,0.148934834125,0.161065165875,0.01213033175,0.0,1.0,8000,0.000125,True,5910.162835617035,2.955065945726652e-06,0.4400059832984234,0.150954045717673,512.2375144338038,3396.0310969064267,True,tilde_q_mu,asymptotic,default,sidak_approx,observed,8.26**2 * RBF(length_scale=0.32),0.0259375834271065,0.3536943194605435,0.0957808744933012,0.319727066246864,0.0235796212973695,68.19355111972551,1608.778929051006,390,171,219,416,26,0.04,0.3,0.000625,1.0,1e-08,1e+18,False,False,False,False,12,1.1,15.0,13.559465701958972,7.01343338288414,95.63772794842008,86.45309946199234,study_results/v4p2_followups_20260806/pseudo65/gp_window_ensemble_20260806/runs/window_2p25eq2p5/draw_03/attempt_01/results_single.csv,1,1,1,1,single_attempt_outside_55_75MeV,False,,,,,,,window_2p25eq2p5,3
2021,0.156,0.003723604,0.147621891,0.164378109,408018948.64312065,1.64,0.14989328944,0.16210671056,0.01221342112,0.0,1.0,8000,0.000125,True,6559.1980281614815,3.3463066316243976e-06,0.3240751211472269,0.456333410137431,1512.2494124770196,3375.9255162259797,True,tilde_q_mu,asymptotic,default,sidak_approx,observed,8.26**2 * RBF(length_scale=0.32),0.0259477230966391,0.353832587681443,0.0958183177045254,0.3197891130071467,0.0235888391787628,68.2754926132478,1604.770296843905,389,172,217,416,27,0.04,0.3,0.000625,1.0,1e-08,1e+18,False,False,False,False,12,1.1,15.0,13.556797372846315,6.968443233125529,95.0242259062572,85.88161174151351,study_results/v4p2_followups_20260806/pseudo65/gp_window_ensemble_20260806/runs/window_2p25eq2p5/draw_03/attempt_01/results_single.csv,1,1,1,1,single_attempt_outside_55_75MeV,False,,,,,,,window_2p25eq2p5,3
2021,0.157,0.003749107875,0.14856450728125,0.16543549271875,397354285.67265946,1.64,0.150851463085,0.163148536915,0.01229707383,0.0,1.0,8000,0.000125,True,7310.699227874417,3.805408509358083e-06,0.220495187178464,0.7705218914568446,2572.71836502543,3339.193608300752,True,tilde_q_mu,asymptotic,default,sidak_approx,observed,8.34**2 * RBF(length_scale=0.321),0.0259589087860322,0.3539851198095312,0.0958596236000764,0.3207427860188752,0.023599007987302,69.50684969773019,1603.431274206522,389,174,215,416,27,0.04,0.3,0.000625,1.0,1e-08,1e+18,False,False,False,False,12,1.1,15.0,13.591367323213642,6.924022901323501,94.41849410895684,85.55176236930104,study_results/v4p2_followups_20260806/pseudo65/gp_window_ensemble_20260806/runs/window_2p25eq2p5/draw_03/attempt_01/results_single.csv,1,1,1,1,single_attempt_outside_55_75MeV,False,,,,,,,window_2p25eq2p5,3
2021,0.158,0.0037747835,0.149506737125,0.166493262875,387039666.85970527,1.64,0.15180935506,0.16419064494,0.0123812898799999,0.0,1.0,8000,0.000125,True,7881.712496153173,4.185313042513397e-06,0.1566901998998925,1.0081542862329425,3332.012290248527,3305.295629972252,True,tilde_q_mu,asymptotic,default,sidak_approx,observed,8.31**2 * RBF(length_scale=0.32),0.0259711206006934,0.3541516445549109,0.0959047187143026,0.320413740656938,0.023610109636994,69.06679294926992,1603.460301958992,389,175,214,416,27,0.04,0.3,0.000625,1.0,1e-08,1e+18,False,False,False,False,12,1.1,15.0,13.571039930915449,6.880161630645431,93.82038587243768,84.88268020058317,study_results/v4p2_followups_20260806/pseudo65/gp_window_ensemble_20260806/runs/window_2p25eq2p5/draw_03/attempt_01/results_single.csv,1,1,1,1,single_attempt_outside_55_75MeV,False,,,,,,,window_2p25eq2p5,3
2021,0.159,0.003800630875,0.15044858053125,0.16755141946875,376812670.72105056,1.64,0.152766965365,0.165233034635,0.0124660692699999,0.0,1.0,8000,0.000125,True,8385.787810801063,4.545076200923118e-06,0.113423537257347,1.2085206062065783,3962.1141476849984,3276.5228089541156,True,tilde_q_mu,asymptotic,default,sidak_approx,observed,8.25**2 * RBF(length_scale=0.32),0.0259843391436889,0.3543318974139398,0.0959535314192792,0.3196068761716054,0.0236221264942626,68.00974302763308,1603.1900142003549,389,177,212,416,27,0.04,0.3,0.000625,1.0,1e-08,1e+18,False,False,False,False,12,1.1,15.0,13.529979032549486,6.836848933320556,93.22975818164392,84.09311156048675,study_results/v4p2_followups_20260806/pseudo65/gp_window_ensemble_20260806/runs/window_2p25eq2p5/draw_03/attempt_01/results_single.csv,1,1,1,1,single_attempt_outside_55_75MeV,False,,,,,,,window_2p25eq2p5,3
2021,0.16,0.00382665,0.1513900375,0.1686099625,367005424.0565123,1.64,0.153724294,0.166275706,0.0125514119999999,0.0,1.0,8000,0.000125,True,8582.715786928735,4.74626724210016e-06,0.0974679125747648,1.2961151240853028,4221.142608930377,3256.606205501979,True,tilde_q_mu,asymptotic,default,sidak_approx,observed,8.28**2 * RBF(length_scale=0.32),0.0259985455002782,0.3545256204583391,0.0960059918676979,0.3200712984678975,0.0236350413638892,68.56597395148462,1598.4277072070947,388,178,210,416,28,0.04,0.3,0.000625,1.0,1e-08,1e+18,False,False,False,False,12,1.1,15.0,13.542235595869,6.7940745822790705,92.64647157653278,83.64268968102584,study_results/v4p2_followups_20260806/pseudo65/gp_window_ensemble_20260806/runs/window_2p25eq2p5/draw_03/attempt_01/results_single.csv,1,1,1,1,single_attempt_outside_55_75MeV,False,,,,,,,window_2p25eq2p5,3
2021,0.161,0.003852840875,0.15233110803125,0.16966889196875,357410945.39902496,1.64,0.154681340965,0.167318659035,0.01263731807,0.0,1.0,8000,0.000125,True,8216.949968721523,4.6369972721795575e-06,0.1130412113579704,1.2105121726976462,3885.751384834923,3211.052475405722,True,tilde_q_mu,asymptotic,default,sidak_approx,observed,8.25**2 * RBF(length_scale=0.32),0.0260137212230255,0.3547325621321662,0.0960620319378876,0.3197984587400811,0.0236488374754777,68.12410081115033,1603.6972932342444,389,180,209,416,27,0.04,0.3,0.000625,1.0,1e-08,1e+18,False,False,False,False,12,1.1,15.0,13.522798280113795,6.751828603101996,92.07039004229992,83.00328747422799,study_results/v4p2_followups_20260806/pseudo65/gp_window_ensemble_20260806/runs/window_2p25eq2p5/draw_03/attempt_01/results_single.csv,1,1,1,1,single_attempt_outside_55_75MeV,False,,,,,,,window_2p25eq2p5,3
2021,0.162,0.0038792035,0.153271792125,0.170728207875,348034765.9525295,1.64,0.15563810626,0.16836189374,0.01272378748,0.0,1.0,8000,0.000125,True,7794.135030357684,4.489006190177418e-06,0.1414752629119299,1.0737148004475483,3429.028000170112,3193.2256020024956,True,tilde_q_mu,asymptotic,default,sidak_approx,observed,8.26**2 * RBF(length_scale=0.32),0.0260298483174566,0.3549524770562273,0.0961215851808485,0.3198377562263576,0.0236634984704151,68.20553068435721,1598.94525982475,388,181,207,416,28,0.04,0.3,0.000625,1.0,1e-08,1e+18,False,False,False,False,12,1.1,15.0,13.516080753073297,6.710101266266818,91.50138090363842,82.4493368874197,study_results/v4p2_followups_20260806/pseudo65/gp_window_ensemble_20260806/runs/window_2p25eq2p5/draw_03/attempt_01/results_single.csv,1,1,1,1,single_attempt_outside_55_75MeV,False,,,,,,,window_2p25eq2p5,3
2021,0.163,0.003905737875,0.15421208978125,0.17178791021875,338899709.6922806,1.64,0.156594589885,0.169405410115,0.01281082023,0.0,1.0,8000,0.000125,True,7127.377138631578,4.1897765387373755e-06,0.1964852714027719,0.854242674229318,2694.3687528452715,3162.1041854386863,True,tilde_q_mu,asymptotic,default,sidak_approx,observed,8.28**2 * RBF(length_scale=0.32),0.0260469092282431,0.3551851258396787,0.0961845867692335,0.3200184046713913,0.0236790083893119,68.56088999228392,1599.2267646165967,388,183,205,416,28,0.04,0.3,0.000625,1.0,1e-08,1e+18,False,False,False,False,12,1.1,15.0,13.514856678535544,6.668883079677514,90.93931472287518,81.93545366159303,study_results/v4p2_followups_20260806/pseudo65/gp_window_ensemble_20260806/runs/window_2p25eq2p5/draw_03/attempt_01/results_single.csv,1,1,1,1,single_attempt_outside_55_75MeV,False,,,,,,,window_2p25eq2p5,3
2021,0.164,0.003932444,0.155152001,0.172847999,329984866.4340829,1.64,0.15755079184,0.17044920816,0.0128984163199999,0.0,1.0,8000,0.000125,True,6308.407332160075,3.785312848289473e-06,0.2985029818042883,0.5287109735754513,1672.0649760600315,3144.3464185041403,True,tilde_q_mu,asymptotic,default,sidak_approx,observed,8.25**2 * RBF(length_scale=0.32),0.0260648868258862,0.3554302748984483,0.096250973448177,0.319672296422781,0.0236953516598965,68.0945580642222,1594.369610403878,387,184,203,416,29,0.04,0.3,0.000625,1.0,1e-08,1e+18,False,False,False,False,12,1.1,15.0,13.490928558946594,6.6281647814657285,90.38406520180536,81.29099776698182,study_results/v4p2_followups_20260806/pseudo65/gp_window_ensemble_20260806/runs/window_2p25eq2p5/draw_03/attempt_01/results_single.csv,1,1,1,1,single_attempt_outside_55_75MeV,False,,,,,,,window_2p25eq2p5,3
2021,0.165,0.003959321875,0.15609152578125,0.17390847421875,321257494.71634173,1.64,0.158506712125,0.171493287875,0.01298657575,0.0,1.0,8000,0.000125,True,5613.299089541431,3.4387522902256796e-06,0.3991871022431801,0.2554517512834318,792.8625935427945,3100.439684122943,True,tilde_q_mu,asymptotic,default,sidak_approx,observed,8.23**2 * RBF(length_scale=0.319),0.0260837643938859,0.3556876962802624,0.0963206834879114,0.31939190700488,0.0237125130853508,67.78493158554406,1599.7947903275117,388,186,202,416,28,0.04,0.3,0.000625,1.0,1e-08,1e+18,False,False,False,False,12,1.1,15.0,13.469340253192934,6.587937333053001,89.83550908708638,80.66833591418481,study_results/v4p2_followups_20260806/pseudo65/gp_window_ensemble_20260806/runs/window_2p25eq2p5/draw_03/attempt_01/results_single.csv,1,1,1,1,single_attempt_outside_55_75MeV,False,,,,,,,window_2p25eq2p5,3
2021,0.166,0.0039863715,0.157030664125,0.174969335875,312800005.7109213,1.64,0.15946235074,0.17253764926,0.01307529852,0.0,1.0,8000,0.000125,True,4901.952147401621,3.0655905530407523e-06,0.5,0.0,-280.97707353615584,3080.1927157967743,True,tilde_q_mu,asymptotic,default,sidak_approx,observed,8.27**2 * RBF(length_scale=0.32),0.0261035256163684,0.3559571674959338,0.09639365663808,0.3199026410556955,0.0237304778330622,68.40561487901141,1596.9190677685713,387,187,200,416,29,0.04,0.3,0.000625,1.0,1e-08,1e+18,False,False,False,False,12,1.1,15.0,13.48066580479868,6.548191912461868,89.29352607902545,80.24907890689451,study_results/v4p2_followups_20260806/pseudo65/gp_window_ensemble_20260806/runs/window_2p25eq2p5/draw_03/attempt_01/results_single.csv,1,1,1,1,single_attempt_outside_55_75MeV,False,,,,,,,window_2p25eq2p5,3
2021,0.167,0.004013592875,0.15796941603125,0.17603058396875,304614329.32244956,1.64,0.160417707685,0.173582292315,0.0131645846299999,0.0,1.0,8000,0.000125,True,4248.185169769859,2.7117931560443385e-06,0.5,0.0,-1578.7816600682345,3044.8385860525123,True,tilde_q_mu,asymptotic,default,sidak_approx,observed,8.38**2 * RBF(length_scale=0.321),0.0261241545661564,0.3562384713566791,0.0964698340836822,0.321374107598474,0.0237492314237786,70.28405123928839,1600.5610241573056,387,189,198,416,29,0.04,0.3,0.000625,1.0,1e-08,1e+18,False,False,False,False,12,1.1,15.0,13.531979282357009,6.508919907865958,88.7579987436267,80.07142667614838,study_results/v4p2_followups_20260806/pseudo65/gp_window_ensemble_20260806/runs/window_2p25eq2p5/draw_03/attempt_01/results_single.csv,1,1,1,1,single_attempt_outside_55_75MeV,False,,,,,,,window_2p25eq2p5,3
2021,0.168,0.004040986,0.1589077815,0.1770922185,296547392.151297,1.64,0.16137278296,0.17462721704,0.0132544340799999,0.0,1.0,8000,0.000125,True,3899.753177317227,2.541871851032523e-06,0.5,0.0,-2465.438736871155,3010.6431985625027,True,tilde_q_mu,asymptotic,default,sidak_approx,observed,8.4**2 * RBF(length_scale=0.322),0.0261456356932645,0.3565313958172433,0.0965491584025916,0.3215914462108015,0.0237687597211495,70.55350809902852,1600.6921240463992,387,190,197,416,29,0.04,0.3,0.000625,1.0,1e-08,1e+18,False,False,False,False,12,1.1,15.0,13.530005350874406,6.470112911369777,88.22881242776968,79.58242028326787,study_results/v4p2_followups_20260806/pseudo65/gp_window_ensemble_20260806/runs/window_2p25eq2p5/draw_03/attempt_01/results_single.csv,1,1,1,1,single_attempt_outside_55_75MeV,False,,,,,,,window_2p25eq2p5,3
2021,0.169,0.004068550875,0.15984576053125,0.17815423946875,288615660.9608933,1.64,0.162327576565,0.175672423435,0.0133448468699999,0.0,1.0,8000,0.000125,True,3609.96749938833,2.403347755607196e-06,0.5,0.0,-3380.6186769654605,2977.5485110610707,True,tilde_q_mu,asymptotic,default,sidak_approx,observed,8.47**2 * RBF(length_scale=0.322),0.026167953813799,0.356835733824532,0.0966315735245651,0.322316016214791,0.0237890489216354,71.66115786347657,1601.4300121965605,387,192,195,416,29,0.04,0.3,0.000625,1.0,1e-08,1e+18,False,False,False,False,12,1.1,15.0,13.548924014429756,6.431762713007495,87.70585517737493,79.22133116125555,study_results/v4p2_followups_20260806/pseudo65/gp_window_ensemble_20260806/runs/window_2p25eq2p5/draw_03/attempt_01/results_single.csv,1,1,1,1,single_attempt_outside_55_75MeV,False,,,,,,,window_2p25eq2p5,3
2021,0.17,0.0040962875,0.160783353125,0.179216646875,280901072.63455325,1.64,0.1632820885,0.1767179115,0.013435823,0.0,1.0,8000,0.000125,True,3495.5674373560023,2.3770334222242767e-06,0.5,0.0,-3771.1712197011566,2959.217356395165,True,tilde_q_mu,asymptotic,default,sidak_approx,observed,8.39**2 * RBF(length_scale=0.322),0.026191094099248,0.3571512831715639,0.0967170246916933,0.3215000749348379,0.0238100855447709,70.40481228336594,1597.981798742513,386,193,193,416,30,0.04,0.3,0.000625,1.0,1e-08,1e+18,False,False,False,False,12,1.1,15.0,13.5026845800411,6.39386129495257,87.18901765844413,78.48572028570698,study_results/v4p2_followups_20260806/pseudo65/gp_window_ensemble_20260806/runs/window_2p25eq2p5/draw_03/attempt_01/results_single.csv,1,1,1,1,single_attempt_outside_55_75MeV,False,,,,,,,window_2p25eq2p5,3
2021,0.171,0.004124195875,0.16172055928125,0.18027944071875,273501986.67337126,1.64,0.164236318765,0.177763681235,0.01352736247,0.0,1.0,8000,0.000125,True,3366.1636647503383,2.337214403855055e-06,0.5,0.0,-4093.688146468371,2915.686859150733,True,tilde_q_mu,asymptotic,default,sidak_approx,observed,8.37**2 * RBF(length_scale=0.321),0.0262150420661463,0.3574778463565409,0.0968054584202363,0.3212600412736068,0.0238318564237693,70.05244200157823,1603.5766792177044,387,195,192,416,29,0.04,0.3,0.000625,1.0,1e-08,1e+18,False,False,False,False,12,1.1,15.0,13.480277640192094,6.356400825929815,86.67819308086109,77.89640720534565,study_results/v4p2_followups_20260806/pseudo65/gp_window_ensemble_20260806/runs/window_2p25eq2p5/draw_03/attempt_01/results_single.csv,1,1,1,1,single_attempt_outside_55_75MeV,False,,,,,,,window_2p25eq2p5,3
2021,0.172,0.004152276,0.162657379,0.1813426209999999,266350991.61926585,1.64,0.1651902673599999,0.17880973264,0.01361946528,0.0,1.0,8000,0.000125,True,3225.593866435283,2.2863717307511492e-06,0.5,0.0,-4691.7544421731645,2894.324463061695,True,tilde_q_mu,asymptotic,default,sidak_approx,observed,8.42**2 * RBF(length_scale=0.322),0.0262397835660971,0.3578152304467796,0.0968968224637768,0.3219213803202337,0.0238543486964519,70.96474157886453,1599.4907215348971,386,196,190,416,30,0.04,0.3,0.000625,1.0,1e-08,1e+18,False,False,False,False,12,1.1,15.0,13.495291127697625,6.31937365582085,86.17327712482977,77.52889748182292,study_results/v4p2_followups_20260806/pseudo65/gp_window_ensemble_20260806/runs/window_2p25eq2p5/draw_03/attempt_01/results_single.csv,1,1,1,1,single_attempt_outside_55_75MeV,False,,,,,,,window_2p25eq2p5,3
2021,0.173,0.004180527875,0.1635938122812499,0.18240618771875,259386988.21142492,1.64,0.166143934285,0.1798560657149999,0.0137121314299999,0.0,1.0,8000,0.000125,True,3191.208608346814,2.3093025080530025e-06,0.5,0.0,-4651.846108911715,2864.882439959826,True,tilde_q_mu,asymptotic,default,sidak_approx,observed,8.41**2 * RBF(length_scale=0.322),0.0262653047761392,0.3581632469473539,0.0969910657776472,0.3217589004190974,0.0238775497964902,70.692691205276,1600.44189151682,386,198,188,416,30,0.04,0.3,0.000625,1.0,1e-08,1e+18,False,False,False,False,12,1.1,15.0,13.47537344331672,6.282772310455958,85.67416786985397,76.96609376611258,study_results/v4p2_followups_20260806/pseudo65/gp_window_ensemble_20260806/runs/window_2p25eq2p5/draw_03/attempt_01/results_single.csv,1,1,1,1,single_attempt_outside_55_75MeV,False,,,,,,,window_2p25eq2p5,3
2021,0.174,0.0042089515,0.1645298591249999,0.183470140875,252502277.02987137,1.64,0.1670973195399999,0.18090268046,0.01380536092,0.0,1.0,8000,0.000125,True,3282.557615008206,2.426150470351344e-06,0.5,0.0,-4024.932294372901,2848.2085653563727,True,tilde_q_mu,asymptotic,default,sidak_approx,observed,8.32**2 * RBF(length_scale=0.321),0.0262915921894454,0.3585217116742556,0.0970881384845824,0.320688074102672,0.0239014474449503,69.14149521815543,1595.9421158722366,385,199,186,416,31,0.04,0.3,0.000625,1.0,1e-08,1e+18,False,False,False,False,12,1.1,15.0,13.417098476620644,6.246589486584821,85.18076572615664,76.19191480411975,study_results/v4p2_followups_20260806/pseudo65/gp_window_ensemble_20260806/runs/window_2p25eq2p5/draw_03/attempt_01/results_single.csv,1,1,1,1,single_attempt_outside_55_75MeV,False,,,,,,,window_2p25eq2p5,3
2021,0.175,0.0042375468749999,0.16546551953125,0.1845344804687499,245918579.9416027,1.64,0.168050423125,0.181949576875,0.01389915375,0.0,1.0,8000,0.000125,True,3426.9316786709414,2.585806228439435e-06,0.4986012303304803,0.0035062027871936,-3095.1146753595845,2809.1644976006723,True,tilde_q_mu,asymptotic,default,sidak_approx,observed,8.26**2 * RBF(length_scale=0.32),0.0263186326063351,0.358890444631843,0.0971879918415323,0.3199844393434858,0.0239260296421228,68.17913379951726,1601.5441553284454,386,201,185,416,30,0.04,0.3,0.000625,1.0,1e-08,1e+18,False,False,False,False,12,1.1,15.0,13.373904660727268,6.210818047018103,84.69297336842865,75.51171675085855,study_results/v4p2_followups_20260806/pseudo65/gp_window_ensemble_20260806/runs/window_2p25eq2p5/draw_03/attempt_01/results_single.csv,1,1,1,1,single_attempt_outside_55_75MeV,False,,,,,,,window_2p25eq2p5,3
2021,0.176,0.004266314,0.1664007934999999,0.1855992065,239463041.25493088,1.64,0.16900324504,0.1829967549599999,0.0139935099199999,0.0,1.0,8000,0.000125,True,3609.767004518986,2.7813006114051957e-06,0.4999513009912829,0.0001220703125,-2294.592720410066,2789.6412599486425,True,tilde_q_mu,asymptotic,default,sidak_approx,observed,8.3**2 * RBF(length_scale=0.32),0.0263464131255956,0.3592692698944855,0.0972905782076107,0.3204720912222513,0.0239512846596323,68.87688725917316,1597.794885867825,385,202,183,416,31,0.04,0.3,0.000625,1.0,1e-08,1e+18,False,False,False,False,12,1.1,15.0,13.380162933906291,6.175451015934506,84.21069567183416,75.11685525778256,study_results/v4p2_followups_20260806/pseudo65/gp_window_ensemble_20260806/runs/window_2p25eq2p5/draw_03/attempt_01/results_single.csv,1,1,1,1,single_attempt_outside_55_75MeV,False,,,,,,,window_2p25eq2p5,3
2021,0.177,0.004295252875,0.16733568103125,0.18666431896875,233151670.99112496,1.64,0.169955785285,0.184044214715,0.0140884294299999,0.0,1.0,8000,0.000125,True,4013.764167810752,3.158347957638358e-06,0.4999513009912829,0.0001220703125,-1031.5267574576776,2761.776550176664,True,tilde_q_mu,asymptotic,default,sidak_approx,observed,8.29**2 * RBF(length_scale=0.32),0.026374921136093,0.359658015492178,0.0973958510131203,0.3204175409986773,0.0239772010328118,68.78079774850067,1598.1644298081424,385,204,181,416,31,0.04,0.3,0.000625,1.0,1e-08,1e+18,False,False,False,False,12,1.1,15.0,13.36342555414197,6.140481574345738,83.73383965016914,74.59806216849977,study_results/v4p2_followups_20260806/pseudo65/gp_window_ensemble_20260806/runs/window_2p25eq2p5/draw_03/attempt_01/results_single.csv,1,1,1,1,single_attempt_outside_55_75MeV,False,,,,,,,window_2p25eq2p5,3
2021,0.178,0.0043243635,0.168270182125,0.1877298178749999,227019370.79188985,1.64,0.17090804386,0.1850919561399999,0.0141839122799999,0.0,1.0,8000,0.000125,True,4766.9089306662645,3.830662225858897e-06,0.4510143762652664,0.1230989376310467,426.71863044860294,2733.7685929782974,True,tilde_q_mu,asymptotic,default,sidak_approx,observed,8.25**2 * RBF(length_scale=0.32),0.0264041443086661,0.3600565132999933,0.0975037647296154,0.3199159011600167,0.0240037675533328,68.1012431281273,1597.939325605023,385,205,180,416,31,0.04,0.3,0.000625,1.0,1e-08,1e+18,False,False,False,False,12,1.1,15.0,13.32773700833463,6.105903055713559,83.26231439609397,73.97988193176099,study_results/v4p2_followups_20260806/pseudo65/gp_window_ensemble_20260806/runs/window_2p25eq2p5/draw_03/attempt_01/results_single.csv,1,1,1,1,single_attempt_outside_55_75MeV,False,,,,,,,window_2p25eq2p5,3
2021,0.179,0.004353645875,0.1692042967812499,0.18879570321875,220993245.42708975,1.64,0.1718600207649999,0.186139979235,0.01427995847,0.0,1.0,8000,0.000125,True,5564.267586755206,4.567682393980709e-06,0.2750728796100782,0.5975417233108796,1618.5759964896706,2708.1501300598516,True,tilde_q_mu,asymptotic,default,sidak_approx,observed,8.24**2 * RBF(length_scale=0.32),0.0264340705882899,0.3604645989312272,0.0976142748409662,0.3197668759932734,0.0240309732620818,67.92530234320054,1598.5024836540197,385,207,178,416,31,0.04,0.3,0.000625,1.0,1e-08,1e+18,False,False,False,False,12,1.1,15.0,13.306447163246188,6.0717089417131325,82.79603102336088,73.44806747592291,study_results/v4p2_followups_20260806/pseudo65/gp_window_ensemble_20260806/runs/window_2p25eq2p5/draw_03/attempt_01/results_single.csv,1,1,1,1,single_attempt_outside_55_75MeV,False,,,,,,,window_2p25eq2p5,3
2021,0.18,0.0043831,0.170138025,0.189861975,215155115.9948604,1.64,0.172811716,0.1871882839999999,0.0143765679999999,0.0,1.0,8000,0.000125,True,6382.240838735939,5.351418655299083e-06,0.1606455971543947,0.991808000211456,2670.599984433824,2691.78694913989,True,tilde_q_mu,asymptotic,default,sidak_approx,observed,8.24**2 * RBF(length_scale=0.32),0.0264646881865,0.360882111634091,0.0977273378153825,0.3198219090357664,0.0240588074422727,67.97608997206906,1594.9023561191902,384,208,176,416,32,0.04,0.3,0.000625,1.0,1e-08,1e+18,False,False,False,False,12,1.1,15.0,13.293340071121756,6.037892858136936,82.33490261095821,72.96705734201053,study_results/v4p2_followups_20260806/pseudo65/gp_window_ensemble_20260806/runs/window_2p25eq2p5/draw_03/attempt_01/results_single.csv,1,1,1,1,single_attempt_outside_55_75MeV,False,,,,,,,window_2p25eq2p5,3
2021,0.181,0.004412725875,0.1710713667812499,0.19092863321875,209423665.4643851,1.64,0.173763129565,0.1882368704349999,0.0144737408699999,0.0,1.0,8000,0.000125,True,7049.916156779746,6.039479933164189e-06,0.0934704837167236,1.3196827328934813,3502.138299146458,2656.1659533250954,True,tilde_q_mu,asymptotic,default,sidak_approx,observed,8.21**2 * RBF(length_scale=0.319),0.0264959855740647,0.3613088941917919,0.0978429110783556,0.3194453106393667,0.0240872596127861,67.45808124052654,1600.215849528087,385,210,175,416,31,0.04,0.3,0.000625,1.0,1e-08,1e+18,False,False,False,False,12,1.1,15.0,13.26200305782386,6.004448570933435,81.87884414909227,72.391832098423,study_results/v4p2_followups_20260806/pseudo65/gp_window_ensemble_20260806/runs/window_2p25eq2p5/draw_03/attempt_01/results_single.csv,1,1,1,1,single_attempt_outside_55_75MeV,False,,,,,,,window_2p25eq2p5,3
2021,0.182,0.0044425235,0.172004322125,0.191995677875,203890389.41582435,1.64,0.17471426146,0.18928573854,0.01457147708,0.0,1.0,8000,0.000125,True,7217.634184450118,6.316065794504723e-06,0.0803077036041592,1.4030048013021763,3708.438490568992,2641.1143104902512,True,tilde_q_mu,asymptotic,default,sidak_approx,observed,8.24**2 * RBF(length_scale=0.32),0.0265279514739,0.3617447928259099,0.0979609529864923,0.3198062448064323,0.0241163195217273,67.96072620242391,1595.790476173912,384,211,173,416,32,0.04,0.3,0.000625,1.0,1e-08,1e+18,False,False,False,False,12,1.1,15.0,13.260988871801375,5.971369982376021,81.42777248694574,71.98751898699744,study_results/v4p2_followups_20260806/pseudo65/gp_window_ensemble_20260806/runs/window_2p25eq2p5/draw_03/attempt_01/results_single.csv,1,1,1,1,single_attempt_outside_55_75MeV,False,,,,,,,window_2p25eq2p5,3
2021,0.183,0.004472492875,0.1729368910312499,0.19306310896875,198621214.40460417,1.64,0.1756651116849999,0.190334888315,0.01466977663,0.0,1.0,8000,0.000125,True,7032.215568633423,6.282541625564047e-06,0.0884444470535265,1.3503963091848996,3538.3801396082636,2617.783185360443,True,tilde_q_mu,asymptotic,default,sidak_approx,observed,8.26**2 * RBF(length_scale=0.32),0.0265605748542153,0.3621896571029359,0.098081422802206,0.3199628258722153,0.0241459771401957,68.19991859911858,1596.536102817271,384,213,171,416,32,0.04,0.3,0.000625,1.0,1e-08,1e+18,False,False,False,False,12,1.1,15.0,13.251185653595863,5.938651127357089,80.98160628214212,71.5401532914047,study_results/v4p2_followups_20260806/pseudo65/gp_window_ensemble_20260806/runs/window_2p25eq2p5/draw_03/attempt_01/results_single.csv,1,1,1,1,single_attempt_outside_55_75MeV,False,,,,,,,window_2p25eq2p5,3
2021,0.184,0.004502634,0.1738690735,0.1941309265,193360941.65798712,1.64,0.17661568024,0.19138431976,0.01476863952,0.0,1.0,8000,0.000125,True,6510.627857055522,5.9423225098915785e-06,0.1267269332439041,1.1420003685512214,2974.4160600233035,2603.5856604798464,True,tilde_q_mu,asymptotic,default,sidak_approx,observed,8.27**2 * RBF(length_scale=0.32),0.026593844921878,0.3626433398437911,0.0982042806692136,0.3200914196672804,0.0241762226562527,68.43091573290309,1594.856019760197,383,214,169,416,33,0.04,0.3,0.000625,1.0,1e-08,1e+18,False,False,False,False,12,1.1,15.0,13.239926857825102,5.906286169801502,80.54026595183866,71.08981535414169,study_results/v4p2_followups_20260806/pseudo65/gp_window_ensemble_20260806/runs/window_2p25eq2p5/draw_03/attempt_01/results_single.csv,1,1,1,1,single_attempt_outside_55_75MeV,False,,,,,,,window_2p25eq2p5,3
2021,0.185,0.004532946875,0.1748008695312499,0.19519913046875,188216407.4390779,1.64,0.177565967125,0.192434032875,0.0148680657499999,0.0,1.0,8000,0.000125,True,5945.930827838775,5.545115116959514e-06,0.1779389489052226,0.9232481573568344,2370.233029269274,2570.613410152788,True,tilde_q_mu,asymptotic,default,sidak_approx,observed,8.23**2 * RBF(length_scale=0.32),0.0266277511159985,0.3631056970363433,0.0983294875888454,0.3196529325007078,0.0242070464690895,67.79947114435258,1598.0413878025147,384,216,168,416,32,0.04,0.3,0.000625,1.0,1e-08,1e+18,False,False,False,False,12,1.1,15.0,13.20495389261465,5.874269399197075,80.10367362541467,70.51768779017686,study_results/v4p2_followups_20260806/pseudo65/gp_window_ensemble_20260806/runs/window_2p25eq2p5/draw_03/attempt_01/results_single.csv,1,1,1,1,single_attempt_outside_55_75MeV,False,,,,,,,window_2p25eq2p5,3
2021,0.186,0.0045634315,0.175732279125,0.196267720875,183203373.0638776,1.64,0.17851597234,0.19348402766,0.01496805532,0.0,1.0,8000,0.000125,True,5185.647410598802,4.941701364458057e-06,0.2880012572664745,0.5592332926860655,1430.8201668619677,2559.2456289964084,True,tilde_q_mu,asymptotic,default,sidak_approx,observed,8.15**2 * RBF(length_scale=0.319),0.0266622831017154,0.3635765877506647,0.0984570053970965,0.3185771776235656,0.0242384391833776,66.43761965458472,1592.022836424131,383,217,166,416,33,0.04,0.3,0.000625,1.0,1e-08,1e+18,False,False,False,False,12,1.1,15.0,13.143469148873288,5.84259522723534,79.67175309866373,69.81088192592911,study_results/v4p2_followups_20260806/pseudo65/gp_window_ensemble_20260806/runs/window_2p25eq2p5/draw_03/attempt_01/results_single.csv,1,1,1,1,single_attempt_outside_55_75MeV,False,,,,,,,window_2p25eq2p5,3
2021,0.187,0.004594087875,0.17666330228125,0.19733669771875,178278504.14348978,1.64,0.179465695885,0.194534304115,0.01506860823,0.0,1.0,8000,0.000125,True,4432.016350401027,4.316986474398983e-06,0.4359665456395283,0.1612035422712129,408.88629619019457,2536.832555653237,True,tilde_q_mu,asymptotic,default,sidak_approx,observed,8.13**2 * RBF(length_scale=0.318),0.0266974307641825,0.3640558740570343,0.0985867967424219,0.3183164223810638,0.0242703916038022,66.08918169556708,1592.216768551758,383,219,164,416,33,0.04,0.3,0.000625,1.0,1e-08,1e+18,False,False,False,False,12,1.1,15.0,13.115421768934096,5.811258184560199,79.24442978945724,69.28827463516114,study_results/v4p2_followups_20260806/pseudo65/gp_window_ensemble_20260806/runs/window_2p25eq2p5/draw_03/attempt_01/results_single.csv,1,1,1,1,single_attempt_outside_55_75MeV,False,,,,,,,window_2p25eq2p5,3
2021,0.188,0.004624916,0.177593939,0.198406061,173567784.67781383,1.64,0.18041513776,0.19558486224,0.0151697244799999,0.0,1.0,8000,0.000125,True,3824.2515481192904,3.8057425294862e-06,0.5,0.0,-557.0087347683572,2511.201332299833,True,tilde_q_mu,asymptotic,default,sidak_approx,observed,8.14**2 * RBF(length_scale=0.318),0.0267331842027451,0.3645434209465248,0.0987188250642313,0.3184588975998939,0.0243028947297683,66.2366245961292,1592.775863654971,383,220,163,416,33,0.04,0.3,0.000625,1.0,1e-08,1e+18,False,False,False,False,12,1.1,15.0,13.103743448710144,5.78025291761951,78.8216306948115,68.85722845558578,study_results/v4p2_followups_20260806/pseudo65/gp_window_ensemble_20260806/runs/window_2p25eq2p5/draw_03/attempt_01/results_single.csv,1,1,1,1,single_attempt_outside_55_75MeV,False,,,,,,,window_2p25eq2p5,3
2021,0.189,0.004655915875,0.17852418928125,0.19947581071875,168874228.16818193,1.64,0.181364297965,0.196635702035,0.0152714040699999,0.0,1.0,8000,0.000125,True,3469.0100212240404,3.529395236440184e-06,0.5,0.0,-1293.8169662154985,2487.4004461776963,True,tilde_q_mu,asymptotic,default,sidak_approx,observed,8.18**2 * RBF(length_scale=0.319),0.0267695337253012,0.3650390962541072,0.0988530545720656,0.3189463593806242,0.0243359397502738,66.84022644392809,1594.0231669220443,383,222,161,416,33,0.04,0.3,0.000625,1.0,1e-08,1e+18,False,False,False,False,12,1.1,15.0,13.105980810830845,5.749574185616315,78.40328434931338,68.50346267921437,study_results/v4p2_followups_20260806/pseudo65/gp_window_ensemble_20260806/runs/window_2p25eq2p5/draw_03/attempt_01/results_single.csv,1,1,1,1,single_attempt_outside_55_75MeV,False,,,,,,,window_2p25eq2p5,3
2021,0.19,0.0046870875,0.179454053125,0.200545946875,164378838.92039412,1.64,0.1823131765,0.1976868235,0.0153736469999999,0.0,1.0,8000,0.000125,True,3297.6993352760956,3.4287156466183977e-06,0.5,0.0,-1710.7927004017113,2470.740393027507,True,tilde_q_mu,asymptotic,default,sidak_approx,observed,8.25**2 * RBF(length_scale=0.32),0.0268064698428396,0.3655427705841774,0.0989894502254296,0.3198254469926004,0.0243695180389451,68.02989216995547,1590.6534581826131,382,223,159,416,34,0.04,0.3,0.000625,1.0,1e-08,1e+18,False,False,False,False,12,1.1,15.0,13.123995578471613,5.719216857555929,77.98932078485358,68.23543340989484,study_results/v4p2_followups_20260806/pseudo65/gp_window_ensemble_20260806/runs/window_2p25eq2p5/draw_03/attempt_01/results_single.csv,1,1,1,1,single_attempt_outside_55_75MeV,False,,,,,,,window_2p25eq2p5,3
2021,0.191,0.004718430875,0.18038353053125,0.20161646946875,160024504.07567304,1.64,0.183261773365,0.198738226635,0.01547645327,0.0,1.0,8000,0.000125,True,3116.750020333874,3.311326737128507e-06,0.5,0.0,-2201.537960177085,2449.5181817863254,True,tilde_q_mu,asymptotic,default,sidak_approx,observed,8.18**2 * RBF(length_scale=0.319),0.026843983264149,0.3660543172383967,0.099127977714251,0.3189385221272114,0.0244036211492264,66.86762774366228,1591.9899708587825,382,225,157,416,34,0.04,0.3,0.000625,1.0,1e-08,1e+18,False,False,False,False,12,1.1,15.0,13.069311319698192,5.68917590938515,77.57967149161568,67.594191920256,study_results/v4p2_followups_20260806/pseudo65/gp_window_ensemble_20260806/runs/window_2p25eq2p5/draw_03/attempt_01/results_single.csv,1,1,1,1,single_attempt_outside_55_75MeV,False,,,,,,,window_2p25eq2p5,3
2021,0.192,0.004749946,0.1813126215,0.2026873785,155718995.1526329,1.64,0.18421008856,0.19978991144,0.0155798228799999,0.0,1.0,8000,0.000125,True,3017.6021997371076,3.2774727417972097e-06,0.5,0.0,-2429.7972347492273,2424.3185901586517,True,tilde_q_mu,asymptotic,default,sidak_approx,observed,8.18**2 * RBF(length_scale=0.319),0.0268820648906906,0.3665736121457819,0.0992686034399486,0.318911147081006,0.0244382408097187,66.88758531772791,1591.4288351718833,382,226,156,416,34,0.04,0.3,0.000625,1.0,1e-08,1e+18,False,False,False,False,12,1.1,15.0,13.049676920859987,5.659446421220509,77.17426938027965,67.13995213440447,study_results/v4p2_followups_20260806/pseudo65/gp_window_ensemble_20260806/runs/window_2p25eq2p5/draw_03/attempt_01/results_single.csv,1,1,1,1,single_attempt_outside_55_75MeV,False,,,,,,,window_2p25eq2p5,3
2021,0.193,0.004781632875,0.18224132603125,0.20375867396875,151601184.85939226,1.64,0.185158122085,0.200841877915,0.0156837558299999,0.0,1.0,8000,0.000125,True,3014.379562756812,3.3454762729744296e-06,0.5,0.0,-2306.109805266992,2400.0879778274843,True,tilde_q_mu,asymptotic,default,sidak_approx,observed,8.2**2 * RBF(length_scale=0.319),0.0269207058116312,0.3671005337949717,0.0994112944970904,0.3191040095108089,0.0244733689196647,67.2023400123021,1591.3073734560085,382,228,154,416,34,0.04,0.3,0.000625,1.0,1e-08,1e+18,False,False,False,False,12,1.1,15.0,13.038826430406283,5.630023574662507,76.77304874539782,66.73536380829088,study_results/v4p2_followups_20260806/pseudo65/gp_window_ensemble_20260806/runs/window_2p25eq2p5/draw_03/attempt_01/results_single.csv,1,1,1,1,single_attempt_outside_55_75MeV,False,,,,,,,window_2p25eq2p5,3
2021,0.194,0.0048134915,0.183169644125,0.204830355875,147523768.56605715,1.64,0.18610587394,0.20189412606,0.01578825212,0.0,1.0,8000,0.000125,True,3022.4431522016603,3.42936992754269e-06,0.4999513009912829,0.0001220703125,-2192.8536674944207,2386.0118220868812,True,tilde_q_mu,asymptotic,default,sidak_approx,observed,8.15**2 * RBF(length_scale=0.318),0.0269598972990275,0.3676349631685571,0.0995560186556095,0.3183997302737467,0.0245089975445704,66.37889101755972,1587.4894812675643,381,229,152,416,35,0.04,0.3,0.000625,1.0,1e-08,1e+18,False,False,False,False,12,1.1,15.0,12.991136405914832,5.600902650192177,76.37594522989332,66.14735484081496,study_results/v4p2_followups_20260806/pseudo65/gp_window_ensemble_20260806/runs/window_2p25eq2p5/draw_03/attempt_01/results_single.csv,1,1,1,1,single_attempt_outside_55_75MeV,False,,,,,,,window_2p25eq2p5,3
2021,0.195,0.004845521875,0.18409757578125,0.20590242421875,143578408.5209931,1.64,0.187053344125,0.202946655875,0.0158933117499999,0.0,1.0,8000,0.000125,True,3040.3587916820234,3.5263142579647967e-06,0.5,0.0,-1956.2443221902763,2353.191392238925,True,tilde_q_mu,asymptotic,default,sidak_approx,observed,8.11**2 * RBF(length_scale=0.318),0.0269996308031587,0.368176783679438,0.09970274434357,0.3178506650026385,0.0245451189119625,65.8428510310192,1591.553962427707,382,231,151,416,34,0.04,0.3,0.000625,1.0,1e-08,1e+18,False,False,False,False,12,1.1,15.0,12.949648610083852,5.572079024647637,75.9828957906496,65.59678672436877,study_results/v4p2_followups_20260806/pseudo65/gp_window_ensemble_20260806/runs/window_2p25eq2p5/draw_03/attempt_01/results_single.csv,1,1,1,1,single_attempt_outside_55_75MeV,False,,,,,,,window_2p25eq2p5,3
2021,0.196,0.004877724,0.185025121,0.206974879,139755894.5302579,1.64,0.18800053264,0.20399946736,0.01599893472,0.0,1.0,8000,0.000125,True,3174.724896131454,3.763568405972225e-06,0.5,0.0,-1447.781712534348,2335.925669585297,True,tilde_q_mu,asymptotic,default,sidak_approx,observed,8.13**2 * RBF(length_scale=0.318),0.0270398979480013,0.3687258811091098,0.0998514406304547,0.3181073441201211,0.0245817254072739,66.114115551661,1587.1541358237218,381,232,149,416,35,0.04,0.3,0.000625,1.0,1e-08,1e+18,False,False,False,False,12,1.1,15.0,12.94080618222144,5.543548168777362,75.59383866514584,65.21634764905129,study_results/v4p2_followups_20260806/pseudo65/gp_window_ensemble_20260806/runs/window_2p25eq2p5/draw_03/attempt_01/results_single.csv,1,1,1,1,single_attempt_outside_55_75MeV,False,,,,,,,window_2p25eq2p5,3
2021,0.197,0.004910097875,0.18595227978125,0.20804772021875,136004179.86803293,1.64,0.188947439485,0.205052560515,0.01610512103,0.0,1.0,8000,0.000125,True,3314.3056715163484,4.016927561050905e-06,0.5,0.0,-967.0237565092248,2309.772622027809,True,tilde_q_mu,asymptotic,default,sidak_approx,observed,8.16**2 * RBF(length_scale=0.319),0.0270806905268411,0.3692821435478344,0.1000020772109632,0.3185241331578554,0.0246188095698556,66.5570232573132,1586.5911704700666,381,234,147,416,35,0.04,0.3,0.000625,1.0,1e-08,1e+18,False,False,False,False,12,1.1,15.0,12.938242698293204,5.51530564486786,75.20871333910718,64.87123908051534,study_results/v4p2_followups_20260806/pseudo65/gp_window_ensemble_20260806/runs/window_2p25eq2p5/draw_03/attempt_01/results_single.csv,1,1,1,1,single_attempt_outside_55_75MeV,False,,,,,,,window_2p25eq2p5,3
2021,0.198,0.0049426435,0.186879052125,0.209120947875,132354320.73115931,1.64,0.18989406466,0.20610593534,0.01621187068,0.0,1.0,8000,0.000125,True,3524.2070981005854,4.366948093847644e-06,0.5,0.0,-438.9570885746647,2290.8105850356446,True,tilde_q_mu,asymptotic,default,sidak_approx,observed,8.21**2 * RBF(length_scale=0.319),0.0271220004980165,0.3698454613365898,0.1001546243892919,0.3192239996622966,0.0246563640891059,67.44011379087561,1583.1841611162167,380,235,145,416,36,0.04,0.3,0.000625,1.0,1e-08,1e+18,False,False,False,False,12,1.1,15.0,12.946921067057916,5.487347104442508,74.82746051512511,64.58568166251452,study_results/v4p2_followups_20260806/pseudo65/gp_window_ensemble_20260806/runs/window_2p25eq2p5/draw_03/attempt_01/results_single.csv,1,1,1,1,single_attempt_outside_55_75MeV,False,,,,,,,window_2p25eq2p5,3
2021,0.199,0.004975360875,0.18780543803125,0.21019456196875,128788002.15036236,1.64,0.190840408165,0.207159591835,0.01631918367,0.0,1.0,8000,0.000125,True,3812.3537441735793,4.830417076751415e-06,0.4744990636670211,0.0639649602291997,144.59756158124503,2262.651572390647,True,tilde_q_mu,asymptotic,default,sidak_approx,observed,8.27**2 * RBF(length_scale=0.32),0.0271638199807916,0.3704157270107955,0.100309053063895,0.3199407271926497,0.0246943818007197,68.42138020531094,1586.0988883547648,380,236,144,416,36,0.04,0.3,0.000625,1.0,1e-08,1e+18,False,False,False,False,12,1.1,15.0,12.956012820022298,5.459668286029939,74.45002208222643,64.3050293698846,study_results/v4p2_followups_20260806/pseudo65/gp_window_ensemble_20260806/runs/window_2p25eq2p5/draw_03/attempt_01/results_single.csv,1,1,1,1,single_attempt_outside_55_75MeV,False,,,,,,,window_2p25eq2p5,3
2021,0.2,0.00500825,0.1887314375,0.2112685625,125353032.55969112,1.64,0.19178647,0.20821353,0.0164270599999999,0.0,1.0,8000,0.000125,True,3947.8427206458537,5.113460715449943e-06,0.4267645390450539,0.1846174755086924,413.53854538940254,2239.892601372416,True,tilde_q_mu,asymptotic,default,sidak_approx,observed,8.26**2 * RBF(length_scale=0.32),0.027206141251351,0.3709928352456959,0.1004653347126938,0.3198699507357672,0.0247328556830463,68.26687691950279,1587.03077874184,380,238,142,416,36,0.04,0.3,0.000625,1.0,1e-08,1e+18,False,False,False,False,12,1.1,15.0,12.93299709645046,5.432265012998759,74.0763410863467,63.868606945693045,study_results/v4p2_followups_20260806/pseudo65/gp_window_ensemble_20260806/runs/window_2p25eq2p5/draw_03/attempt_01/results_single.csv,1,1,1,1,single_attempt_outside_55_75MeV,False,,,,,,,window_2p25eq2p5,3
2021,0.201,0.005041310875,0.18965705053125,0.21234294946875,122019355.53382406,1.64,0.192732250165,0.209267749835,0.01653549967,0.0,1.0,8000,0.000125,True,4112.33353736762,5.444819276876521e-06,0.3768299112760077,0.3138172758020497,697.580960105429,2223.44802375934,True,tilde_q_mu,asymptotic,default,sidak_approx,observed,8.27**2 * RBF(length_scale=0.32),0.027248956738914,0.3715766828033728,0.1006234413787278,0.3200209240530242,0.0247717788535581,68.46293055851915,1583.1487400365563,379,239,140,416,37,0.04,0.3,0.000625,1.0,1e-08,1e+18,False,False,False,False,12,1.1,15.0,12.918770426010676,5.405133191456678,73.70636170168197,63.47970438403566,study_results/v4p2_followups_20260806/pseudo65/gp_window_ensemble_20260806/runs/window_2p25eq2p5/draw_03/attempt_01/results_single.csv,1,1,1,1,single_attempt_outside_55_75MeV,False,,,,,,,window_2p25eq2p5,3
2021,0.202,0.0050745435,0.190582277125,0.213417722875,118808713.66471364,1.64,0.19367774866,0.21032225134,0.01664450268,0.0,1.0,8000,0.000125,True,4125.555391648464,5.582165153110128e-06,0.3604206279635081,0.3573346995786773,783.7642343235729,2194.627438055685,True,tilde_q_mu,asymptotic,default,sidak_approx,observed,8.21**2 * RBF(length_scale=0.319),0.0272922590219629,0.3721671684813132,0.100783345656227,0.3192242467619476,0.0248111445654208,67.41246657289548,1587.6566010271713,380,241,139,416,36,0.04,0.3,0.000625,1.0,1e-08,1e+18,False,False,False,False,12,1.1,15.0,12.86616366771117,5.37826880821161,73.34002920288559,62.90698794126951,study_results/v4p2_followups_20260806/pseudo65/gp_window_ensemble_20260806/runs/window_2p25eq2p5/draw_03/attempt_01/results_single.csv,1,1,1,1,single_attempt_outside_55_75MeV,False,,,,,,,window_2p25eq2p5,3
2021,0.203,0.005107947875,0.19150711728125,0.21449288271875,115574322.00533302,1.64,0.194622965485,0.211377034515,0.0167540690299999,0.0,1.0,8000,0.000125,True,4424.179709437825,6.123437498000104e-06,0.2856560852415273,0.5661200556696031,1232.3223775991978,2177.9856905007928,True,tilde_q_mu,asymptotic,default,sidak_approx,observed,8.27**2 * RBF(length_scale=0.32),0.0273360408245852,0.3727641930625258,0.1009450206771031,0.319939930633643,0.0248509462041683,68.36432929923568,1583.4912020527922,379,242,137,416,37,0.04,0.3,0.000625,1.0,1e-08,1e+18,False,False,False,False,12,1.1,15.0,12.87435609111647,5.351667928793269,72.97728993809002,62.6357078151748,study_results/v4p2_followups_20260806/pseudo65/gp_window_ensemble_20260806/runs/window_2p25eq2p5/draw_03/attempt_01/results_single.csv,1,1,1,1,single_attempt_outside_55_75MeV,False,,,,,,,window_2p25eq2p5,3
2021,0.204,0.005141524,0.192431571,0.2155684289999999,112452833.18684237,1.64,0.19556790064,0.21243209936,0.01686419872,0.0,1.0,8000,0.000125,True,4789.650966276176,6.7798989238576155e-06,0.2087908026184157,0.8106240431118907,1746.2637855604776,2155.9689175557664,True,tilde_q_mu,asymptotic,default,sidak_approx,observed,8.32**2 * RBF(length_scale=0.32),0.0273802950129184,0.3733676592670698,0.1011084400978236,0.3204901428856301,0.0248911772844713,69.1776056389486,1585.7783876066835,379,244,135,416,37,0.04,0.3,0.000625,1.0,1e-08,1e+18,False,False,False,False,12,1.1,15.0,12.875652253120707,5.325326695531998,72.61809130270905,62.33368605993674,study_results/v4p2_followups_20260806/pseudo65/gp_window_ensemble_20260806/runs/window_2p25eq2p5/draw_03/attempt_01/results_single.csv,1,1,1,1,single_attempt_outside_55_75MeV,False,,,,,,,window_2p25eq2p5,3
2021,0.205,0.005175271875,0.19335563828125,0.2166443617187499,109447447.25856656,1.64,0.196512554125,0.213487445875,0.01697489175,0.0,1.0,8000,0.000125,True,5038.345439016577,7.292028622965068e-06,0.1661027561906508,0.9696810232420094,2075.7867665718,2141.9451700191635,True,tilde_q_mu,asymptotic,default,sidak_approx,observed,8.33**2 * RBF(length_scale=0.321),0.0274250145917023,0.3739774717050326,0.1012735780866781,0.3206931035800959,0.0249318314470021,69.44728263763434,1584.521078293474,378,245,133,416,38,0.04,0.3,0.000625,1.0,1e-08,1e+18,False,False,False,False,12,1.1,15.0,12.862797675405286,5.2992413256941004,72.26238171401046,61.96642636868154,study_results/v4p2_followups_20260806/pseudo65/gp_window_ensemble_20260806/runs/window_2p25eq2p5/draw_03/attempt_01/results_single.csv,1,1,1,1,single_attempt_outside_55_75MeV,False,,,,,,,window_2p25eq2p5,3
2021,0.206,0.0052091915,0.194279319125,0.217720680875,106491864.68179588,1.64,0.19745692594,0.2145430740599999,0.0170861481199999,0.0,1.0,8000,0.000125,True,5271.544862811183,7.803225849543524e-06,0.1281434552716349,1.1352110266022013,2399.401922552032,2113.554970912356,True,tilde_q_mu,asymptotic,default,sidak_approx,observed,8.36**2 * RBF(length_scale=0.321),0.0274701927009294,0.3745935368308561,0.1014404093114096,0.3209874255370773,0.0249729024553904,69.87234373819773,1586.981521267277,379,247,132,416,37,0.04,0.3,0.000625,1.0,1e-08,1e+18,False,False,False,False,12,1.1,15.0,12.853428875977212,5.273408109671041,71.91011058642329,61.619432792416504,study_results/v4p2_followups_20260806/pseudo65/gp_window_ensemble_20260806/runs/window_2p25eq2p5/draw_03/attempt_01/results_single.csv,1,1,1,1,single_attempt_outside_55_75MeV,False,,,,,,,window_2p25eq2p5,3
2021,0.207,0.005243282875,0.1952026135312499,0.21879738646875,103594993.30477582,1.64,0.198401016085,0.215598983915,0.0171979678299999,0.0,1.0,8000,0.000125,True,5396.651916478003,8.172129064489404e-06,0.1112918543976372,1.219686585405707,2562.895675984119,2102.2629028297824,True,tilde_q_mu,asymptotic,default,sidak_approx,observed,8.34**2 * RBF(length_scale=0.321),0.0275158226125923,0.375215762898986,0.1016089089272047,0.3207525408363223,0.0250143841932657,69.52102262989598,1582.7819045718636,378,248,130,416,38,0.04,0.3,0.000625,1.0,1e-08,1e+18,False,False,False,False,12,1.1,15.0,12.82272385192972,5.247823409220947,71.56122830755837,61.17399127284779,study_results/v4p2_followups_20260806/pseudo65/gp_window_ensemble_20260806/runs/window_2p25eq2p5/draw_03/attempt_01/results_single.csv,1,1,1,1,single_attempt_outside_55_75MeV,False,,,,,,,window_2p25eq2p5,3
2021,0.208,0.005277546,0.1961255214999999,0.2198744785,100755569.91566654,1.64,0.19934482456,0.21665517544,0.0173103508799999,0.0,1.0,8000,0.000125,True,5481.496079268567,8.493498823926551e-06,0.0983692429870797,1.2908996235589834,2689.4938034139927,2083.7598455403395,True,tilde_q_mu,asymptotic,default,sidak_approx,observed,8.39**2 * RBF(length_scale=0.321),0.0275618977275242,0.3758440599207857,0.1017790525650254,0.3212980199005161,0.0250562706613857,70.32433068362589,1583.4573485757394,378,250,128,416,38,0.04,0.3,0.000625,1.0,1e-08,1e+18,False,False,False,False,12,1.1,15.0,12.823058317120966,5.222483655760516,71.21568621491612,60.880193161843806,study_results/v4p2_followups_20260806/pseudo65/gp_window_ensemble_20260806/runs/window_2p25eq2p5/draw_03/attempt_01/results_single.csv,1,1,1,1,single_attempt_outside_55_75MeV,False,,,,,,,window_2p25eq2p5,3
2021,0.209,0.005311980875,0.1970480430312499,0.22095195696875,97975291.24730824,1.64,0.200288351365,0.2177116486349999,0.0174232972699999,0.0,1.0,8000,0.000125,True,5522.952744572556,8.758473093121788e-06,0.091975638586384,1.328686934689881,2753.9155737472975,2072.8587433099087,True,tilde_q_mu,asymptotic,default,sidak_approx,observed,8.38**2 * RBF(length_scale=0.321),0.0276084115723308,0.3764783396226934,0.101950816320278,0.3212629934769438,0.0250985559748462,70.27805586413086,1579.685041328809,377,251,126,416,39,0.04,0.3,0.000625,1.0,1e-08,1e+18,False,False,False,False,12,1.1,15.0,12.800058847963747,5.197385348705882,70.87343657326201,60.47894392634534,study_results/v4p2_followups_20260806/pseudo65/gp_window_ensemble_20260806/runs/window_2p25eq2p5/draw_03/attempt_01/results_single.csv,1,1,1,1,single_attempt_outside_55_75MeV,False,,,,,,,window_2p25eq2p5,3
2021,0.21,0.0053465875,0.197970178125,0.2220298218749999,95309478.67396852,1.64,0.2012315965,0.2187684034999999,0.0175368069999999,0.0,1.0,8000,0.000125,True,5238.147362067651,8.498499345891053e-06,0.1137228829028822,1.2069646298439645,2473.4367005923496,2049.1866941001344,True,tilde_q_mu,asymptotic,default,sidak_approx,observed,8.34**2 * RBF(length_scale=0.321),0.0276553577964078,0.3771185154055612,0.1021241767418025,0.3208391838585729,0.0251412343603707,69.60704776262483,1584.5870905267996,378,253,125,416,38,0.04,0.3,0.000625,1.0,1e-08,1e+18,False,False,False,False,12,1.1,15.0,12.76147301519533,5.172525053860584,70.53443255264432,60.00821717751237,study_results/v4p2_followups_20260806/pseudo65/gp_window_ensemble_20260806/runs/window_2p25eq2p5/draw_03/attempt_01/results_single.csv,1,1,1,1,single_attempt_outside_55_75MeV,False,,,,,,,window_2p25eq2p5,3
2021,0.211,0.005381365875,0.19889192678125,0.2231080732187499,92716703.49811862,1.64,0.202174559965,0.2198254400349999,0.0176508800699999,0.0,1.0,8000,0.000125,True,4857.757462042767,8.06334630397966e-06,0.1580022969088022,1.002702146754521,2046.3340013556224,2040.950487802796,True,tilde_q_mu,asymptotic,default,sidak_approx,observed,8.28**2 * RBF(length_scale=0.32),0.0277027301690448,0.3777645023051568,0.1022991108211761,0.3201740246004578,0.0251843001536771,68.62414917443013,1578.4709191010854,377,254,123,416,39,0.04,0.3,0.000625,1.0,1e-08,1e+18,False,False,False,False,12,1.1,15.0,12.713238908634503,5.147899401849318,70.19862820703615,59.4967954302973,study_results/v4p2_followups_20260806/pseudo65/gp_window_ensemble_20260806/runs/window_2p25eq2p5/draw_03/attempt_01/results_single.csv,1,1,1,1,single_attempt_outside_55_75MeV,False,,,,,,,window_2p25eq2p5,3
2021,0.212,0.005416316,0.199813289,0.2241867109999999,90185144.73372865,1.64,0.2031172417599999,0.22088275824,0.01776551648,0.0,1.0,8000,0.000125,True,4539.638980529265,7.710283927741972e-06,0.2017927719314545,0.8352347566337738,1691.490309877264,2025.122941248727,True,tilde_q_mu,asymptotic,default,sidak_approx,observed,8.28**2 * RBF(length_scale=0.32),0.0277505225766093,0.3784162169537641,0.1024755959823144,0.3201638661362347,0.0252277477969176,68.61207275440663,1578.8388463392469,377,256,121,416,39,0.04,0.3,0.000625,1.0,1e-08,1e+18,False,False,False,False,12,1.1,15.0,12.690941288677111,5.123505086595644,69.86597845357696,59.111002042021696,study_results/v4p2_followups_20260806/pseudo65/gp_window_ensemble_20260806/runs/window_2p25eq2p5/draw_03/attempt_01/results_single.csv,1,1,1,1,single_attempt_outside_55_75MeV,False,,,,,,,window_2p25eq2p5,3
2021,0.213,0.005451437875,0.20073426478125,0.2252657352187499,87692400.078589,1.64,0.204059641885,0.2219403581149999,0.0178807162299999,0.0,1.0,8000,0.000125,True,4129.46239758065,7.17913099591417e-06,0.2739706927481186,0.6008477671475002,1202.9855756868317,2007.9975653725023,True,tilde_q_mu,asymptotic,default,sidak_approx,observed,8.24**2 * RBF(length_scale=0.32),0.0277987290198092,0.3790735775428533,0.1026536100713629,0.3196586307365727,0.0252715718361902,67.88405009305512,1577.9060960195222,377,257,120,416,39,0.04,0.3,0.000625,1.0,1e-08,1e+18,False,False,False,False,12,1.1,15.0,12.648941380005684,5.0993388638422745,69.53643905239464,58.63748942320519,study_results/v4p2_followups_20260806/pseudo65/gp_window_ensemble_20260806/runs/window_2p25eq2p5/draw_03/attempt_01/results_single.csv,1,1,1,1,single_attempt_outside_55_75MeV,False,,,,,,,window_2p25eq2p5,3
2021,0.214,0.0054867315,0.201654854125,0.226345145875,85297275.72952412,1.64,0.20500176034,0.2229982396599999,0.0179964793199999,0.0,1.0,8000,0.000125,True,3779.245423766129,6.723200823393411e-06,0.3506686600607717,0.3835158504004408,763.6460443556111,1990.8048454420536,True,tilde_q_mu,asymptotic,default,sidak_approx,observed,8.31**2 * RBF(length_scale=0.32),0.0278473436110351,0.3797365037868427,0.1028331313468833,0.3204621399195048,0.0253157669191228,69.06918135126824,1576.9396530812603,377,259,118,416,39,0.04,0.3,0.000625,1.0,1e-08,1e+18,False,False,False,False,12,1.1,15.0,12.65859892545607,5.075397549713366,69.20996658700044,58.406747244603615,study_results/v4p2_followups_20260806/pseudo65/gp_window_ensemble_20260806/runs/window_2p25eq2p5/draw_03/attempt_01/results_single.csv,1,1,1,1,single_attempt_outside_55_75MeV,False,,,,,,,window_2p25eq2p5,3
2021,0.215,0.005522196875,0.20257505703125,0.22742494296875,82936171.06195708,1.64,0.205943597125,0.224056402875,0.01811280575,0.0,1.0,8000,0.000125,True,3253.0837881970083,5.92424117393473e-06,0.5,0.0,-9.061682085380742,1980.7512156777432,True,tilde_q_mu,asymptotic,default,sidak_approx,observed,8.34**2 * RBF(length_scale=0.321),0.0278963605717713,0.380404916887791,0.1030141384702921,0.3207320345469726,0.0253603277925194,69.53154302418066,1574.197819027702,376,260,116,416,40,0.04,0.3,0.000625,1.0,1e-08,1e+18,False,False,False,False,12,1.1,15.0,12.6469987758431,5.051678019315698,68.88651844521407,58.08051429658102,study_results/v4p2_followups_20260806/pseudo65/gp_window_ensemble_20260806/runs/window_2p25eq2p5/draw_03/attempt_01/results_single.csv,1,1,1,1,single_attempt_outside_55_75MeV,False,,,,,,,window_2p25eq2p5,3
2021,0.216,0.0055578339999999,0.2034948735,0.2285051265,80666190.61149085,1.64,0.20688515224,0.22511484776,0.0182296955199999,0.0,1.0,8000,0.000125,True,2865.864471210511,5.341094611684389e-06,0.5,0.0,-709.4368388099151,1964.5157212558815,True,tilde_q_mu,asymptotic,default,sidak_approx,observed,8.33**2 * RBF(length_scale=0.321),0.0279457742300831,0.3810787395011339,0.1031966104965824,0.320655988342567,0.0254052493000755,69.42902099299815,1575.229964391238,376,262,114,416,40,0.04,0.3,0.000625,1.0,1e-08,1e+18,False,False,False,False,12,1.1,15.0,12.621643053178497,5.028177205379499,68.56605280062952,57.69441626766237,study_results/v4p2_followups_20260806/pseudo65/gp_window_ensemble_20260806/runs/window_2p25eq2p5/draw_03/attempt_01/results_single.csv,1,1,1,1,single_attempt_outside_55_75MeV,False,,,,,,,window_2p25eq2p5,3
2021,0.217,0.005593642875,0.20441430353125,0.22958569646875,78431109.94118327,1.64,0.207826425685,0.226173574315,0.0183471486299999,0.0,1.0,8000,0.000125,True,2653.910763628668,5.063585446312044e-06,0.4999655646006563,8.631674575031098e-05,-1176.4796224639708,1945.7567767687096,True,tilde_q_mu,asymptotic,default,sidak_approx,observed,8.31**2 * RBF(length_scale=0.32),0.0279955790181704,0.3817578957023249,0.1033805268652899,0.320376271273299,0.0254505263801549,68.979941606892,1576.722727258537,376,263,113,416,40,0.04,0.3,0.000625,1.0,1e-08,1e+18,False,False,False,False,12,1.1,15.0,12.588198235581952,5.0048920969361115,68.24852859458333,57.275067149026555,study_results/v4p2_followups_20260806/pseudo65/gp_window_ensemble_20260806/runs/window_2p25eq2p5/draw_03/attempt_01/results_single.csv,1,1,1,1,single_attempt_outside_55_75MeV,False,,,,,,,window_2p25eq2p5,3
2021,0.218,0.0056296235,0.205333347125,0.230666652875,76236851.52538474,1.64,0.20876741746,0.22723258254,0.01846516508,0.0,1.0,8000,0.000125,True,2491.5207410987205,4.868139144974489e-06,0.5,0.0,-1599.077487361139,1928.195064518215,True,tilde_q_mu,asymptotic,default,sidak_approx,observed,8.31**2 * RBF(length_scale=0.32),0.0280457694699898,0.3824423109544073,0.103565867391711,0.3203802127075766,0.0254961540636271,68.98812589470961,1576.921731919834,376,265,111,416,40,0.04,0.3,0.000625,1.0,1e-08,1e+18,False,False,False,False,12,1.1,15.0,12.5658251008387,4.981819738032192,67.93390551862079,56.90970501092598,study_results/v4p2_followups_20260806/pseudo65/gp_window_ensemble_20260806/runs/window_2p25eq2p5/draw_03/attempt_01/results_single.csv,1,1,1,1,single_attempt_outside_55_75MeV,False,,,,,,,window_2p25eq2p5,3
2021,0.219,0.005665775875,0.20625200428125,0.23174799571875,74103158.47642389,1.64,0.209708127565,0.228291872435,0.0185837448699999,0.0,1.0,8000,0.000125,True,2331.951464043328,4.666148918690768e-06,0.5,0.0,-2132.295620617569,1915.6564624816065,True,tilde_q_mu,asymptotic,default,sidak_approx,observed,8.35**2 * RBF(length_scale=0.321),0.0280963402189413,0.3831319120764731,0.1037526122583625,0.3208035183476166,0.0255421274717648,69.70368360916666,1574.1098192538764,375,266,109,416,41,0.04,0.3,0.000625,1.0,1e-08,1e+18,False,False,False,False,12,1.1,15.0,12.559780648743672,4.958957226478954,67.62214399744026,56.62128637370722,study_results/v4p2_followups_20260806/pseudo65/gp_window_ensemble_20260806/runs/window_2p25eq2p5/draw_03/attempt_01/results_single.csv,1,1,1,1,single_attempt_outside_55_75MeV,False,,,,,,,window_2p25eq2p5,3
2021,0.22,0.0057021,0.207170275,0.232829725,72056230.15568508,1.64,0.210648556,0.229351444,0.018702888,0.0,1.0,8000,0.000125,True,2288.783951764994,4.688463118199712e-06,0.5,0.0,-2240.8133679287707,1903.6236755048108,True,tilde_q_mu,asymptotic,default,sidak_approx,observed,8.28**2 * RBF(length_scale=0.32),0.0281472859956161,0.3838266272129476,0.1039407420066625,0.3200107166572769,0.0255884418141965,68.47875782701902,1572.401119852159,374,267,107,416,42,0.04,0.3,0.000625,1.0,1e-08,1e+18,False,False,False,False,12,1.1,15.0,12.50606500313491,4.936301712635021,67.31320517229574,56.1215546302725,study_results/v4p2_followups_20260806/pseudo65/gp_window_ensemble_20260806/runs/window_2p25eq2p5/draw_03/attempt_01/results_single.csv,1,1,1,1,single_attempt_outside_55_75MeV,False,,,,,,,window_2p25eq2p5,3
2021,0.221,0.005738595875,0.20808815928125,0.23391184071875,70072537.02592257,1.64,0.211588702765,0.230411297235,0.01882259447,0.0,1.0,8000,0.000125,True,2212.3244019617227,4.639045330845179e-06,0.5,0.0,-2407.8057260961314,1876.3437506669263,True,tilde_q_mu,asymptotic,default,sidak_approx,observed,8.31**2 * RBF(length_scale=0.32),0.0281986016256085,0.3845263858037528,0.1041302375288517,0.3203410959033839,0.0256350923869168,68.98182960944635,1577.8397290813648,375,269,106,416,41,0.04,0.3,0.000625,1.0,1e-08,1e+18,False,False,False,False,12,1.1,15.0,12.49619432098764,4.913850398222813,67.00705088485654,55.82220858223161,study_results/v4p2_followups_20260806/pseudo65/gp_window_ensemble_20260806/runs/window_2p25eq2p5/draw_03/attempt_01/results_single.csv,1,1,1,1,single_attempt_outside_55_75MeV,False,,,,,,,window_2p25eq2p5,3
2021,0.222,0.0057752635,0.209005657125,0.234994342875,68109664.16035153,1.64,0.21252856786,0.23147143214,0.01894286428,0.0,1.0,8000,0.000125,True,2156.6520666419246,4.6316773129014225e-06,0.5,0.0,-2574.387744770488,1861.432834725135,True,tilde_q_mu,asymptotic,default,sidak_approx,observed,8.37**2 * RBF(length_scale=0.321),0.0282502820273846,0.3852311185552448,0.1043210800601226,0.3209127321331906,0.0256820745703496,69.99572167173295,1576.1775709274564,374,270,104,416,42,0.04,0.3,0.000625,1.0,1e-08,1e+18,False,False,False,False,12,1.1,15.0,12.495592256541816,4.891600535176381,66.7036436614961,55.56676888131435,study_results/v4p2_followups_20260806/pseudo65/gp_window_ensemble_20260806/runs/window_2p25eq2p5/draw_03/attempt_01/results_single.csv,1,1,1,1,single_attempt_outside_55_75MeV,False,,,,,,,window_2p25eq2p5,3
2021,0.223,0.005812102875,0.20992276853125,0.23607723146875,66214738.059975564,1.64,0.213468151285,0.232531848715,0.01906369743,0.0,1.0,8000,0.000125,True,2147.1866392076554,4.722045742347486e-06,0.5,0.0,-2486.261179623674,1842.197339741585,True,tilde_q_mu,asymptotic,default,sidak_approx,observed,8.35**2 * RBF(length_scale=0.321),0.0283023222102076,0.3859407574119222,0.1045132511709582,0.3206536718443613,0.0257293838274614,69.70150279618537,1574.7226239878012,374,272,102,416,42,0.04,0.3,0.000625,1.0,1e-08,1e+18,False,False,False,False,12,1.1,15.0,12.462547645704648,4.869549424520059,66.40294669800079,55.16999246926807,study_results/v4p2_followups_20260806/pseudo65/gp_window_ensemble_20260806/runs/window_2p25eq2p5/draw_03/attempt_01/results_single.csv,1,1,1,1,single_attempt_outside_55_75MeV,False,,,,,,,window_2p25eq2p5,3
2021,0.224,0.005849114,0.2108394935,0.2371605065,64362913.74671155,1.64,0.21440745304,0.23359254696,0.01918509392,0.0,1.0,8000,0.000125,True,2169.0766822490314,4.885523568831133e-06,0.5,0.0,-2224.148401452871,1819.0692481457652,True,tilde_q_mu,asymptotic,default,sidak_approx,observed,8.36**2 * RBF(length_scale=0.321),0.0283547172721207,0.3866552355289188,0.1047067327596833,0.3207662285076685,0.0257770157019279,69.82965629645314,1574.4348630167503,374,273,101,416,42,0.04,0.3,0.000625,1.0,1e-08,1e+18,False,False,False,False,12,1.1,15.0,12.44388536736926,4.847694415277375,66.10492384469147,54.840139636134374,study_results/v4p2_followups_20260806/pseudo65/gp_window_ensemble_20260806/runs/window_2p25eq2p5/draw_03/attempt_01/results_single.csv,1,1,1,1,single_attempt_outside_55_75MeV,False,,,,,,,window_2p25eq2p5,3
2021,0.225,0.005886296875,0.21175583203125,0.23824416796875,62544678.25081808,1.64,0.215346473125,0.234653526875,0.01930705375,0.0,1.0,8000,0.000125,True,2245.4469960494243,5.181432551796893e-06,0.5,0.0,-1781.9744017993055,1799.0983434076704,True,tilde_q_mu,asymptotic,default,sidak_approx,observed,8.31**2 * RBF(length_scale=0.32),0.0284074623979809,0.3873744872451945,0.1049015070452041,0.3203267003355414,0.0258249658163463,69.01542755355962,1574.8017781601718,374,275,99,416,42,0.04,0.3,0.000625,1.0,1e-08,1e+18,False,False,False,False,12,1.1,15.0,12.403760865107742,4.82603290340855,65.80953959193478,54.41905278274661,study_results/v4p2_followups_20260806/pseudo65/gp_window_ensemble_20260806/runs/window_2p25eq2p5/draw_03/attempt_01/results_single.csv,1,1,1,1,single_attempt_outside_55_75MeV,False,,,,,,,window_2p25eq2p5,3
2021,0.226,0.0059236515,0.212671784125,0.239328215875,60771554.15297639,1.64,0.21628521154,0.23571478846,0.01942957692,0.0,1.0,8000,0.000125,True,2288.585407276684,5.411009100132894e-06,0.5,0.0,-1535.7801484018962,1783.4945110685949,True,tilde_q_mu,asymptotic,default,sidak_approx,observed,8.34**2 * RBF(length_scale=0.321),0.0284605528575465,0.3880984480574534,0.1050975565599455,0.3206178281756887,0.0258732298704968,69.5182268666249,1571.8538577764657,373,276,97,416,43,0.04,0.3,0.000625,1.0,1e-08,1e+18,False,False,False,False,12,1.1,15.0,12.391874913973826,4.804562330776309,65.51675905604058,54.125032199427785,study_results/v4p2_followups_20260806/pseudo65/gp_window_ensemble_20260806/runs/window_2p25eq2p5/draw_03/attempt_01/results_single.csv,1,1,1,1,single_attempt_outside_55_75MeV,False,,,,,,,window_2p25eq2p5,3
2021,0.227,0.005961177875,0.21358734978125,0.24041265021875,59077484.03982016,1.64,0.217223668285,0.236776331715,0.01955266343,0.0,1.0,8000,0.000125,True,2320.898042370986,5.619894147065105e-06,0.5,0.0,-1319.9680510212245,1762.5999619141926,True,tilde_q_mu,asymptotic,default,sidak_approx,observed,8.37**2 * RBF(length_scale=0.321),0.0285139840036164,0.3888270545947703,0.1052948641429799,0.3209700986860703,0.0259218036396513,70.10812580400166,1572.9106720555303,373,278,95,416,43,0.04,0.3,0.000625,1.0,1e-08,1e+18,False,False,False,False,12,1.1,15.0,12.382244042428342,4.783280184139193,65.22654796553445,53.8434023302937,study_results/v4p2_followups_20260806/pseudo65/gp_window_ensemble_20260806/runs/window_2p25eq2p5/draw_03/attempt_01/results_single.csv,1,1,1,1,single_attempt_outside_55_75MeV,False,,,,,,,window_2p25eq2p5,3
2021,0.228,0.005998876,0.214502529,0.241497471,57436780.43420136,1.64,0.21816184336,0.23783815664,0.01967631328,0.0,1.0,8000,0.000125,True,2384.898016827617,5.913775034744945e-06,0.5,0.0,-1026.2903424166072,1740.939499282827,True,tilde_q_mu,asymptotic,default,sidak_approx,observed,8.37**2 * RBF(length_scale=0.321),0.0285677512702127,0.3895602445938106,0.1054934129333165,0.3209683251308992,0.0259706829729207,70.10524910779156,1573.2090218029862,373,279,94,416,43,0.04,0.3,0.000625,1.0,1e-08,1e+18,False,False,False,False,12,1.1,15.0,12.358871172759246,4.762183994170372,64.9388726477778,53.50474407720699,study_results/v4p2_followups_20260806/pseudo65/gp_window_ensemble_20260806/runs/window_2p25eq2p5/draw_03/attempt_01/results_single.csv,1,1,1,1,single_attempt_outside_55_75MeV,False,,,,,,,window_2p25eq2p5,3
2021,0.229,0.006036745875,0.21541732178125,0.24258267821875,55831675.293223605,1.64,0.219099736765,0.238900263235,0.01980052647,0.0,1.0,8000,0.000125,True,2471.6916740518495,6.2776641100461875e-06,0.5,0.0,-720.6159005849229,1722.1102412328453,True,tilde_q_mu,asymptotic,default,sidak_approx,observed,8.38**2 * RBF(length_scale=0.321),0.0286218501708174,0.3902979568747833,0.1056931863633896,0.3210091125498837,0.0260198637916522,70.26501468075463,1573.2746583027747,373,281,92,416,43,0.04,0.3,0.000625,1.0,1e-08,1e+18,False,False,False,False,12,1.1,15.0,12.337078899424174,4.741271334503118,64.6537000159516,53.17585321576645,study_results/v4p2_followups_20260806/pseudo65/gp_window_ensemble_20260806/runs/window_2p25eq2p5/draw_03/attempt_01/results_single.csv,1,1,1,1,single_attempt_outside_55_75MeV,False,,,,,,,window_2p25eq2p5,3
2021,0.23,0.0060747875,0.216331728125,0.243668271875,54262302.35414737,1.64,0.2200373485,0.2399626515,0.019925303,0.0,1.0,8000,0.000125,True,2474.1367240736467,6.437504782799274e-06,0.5,0.0,-663.6675256693524,1708.258001671825,True,tilde_q_mu,asymptotic,default,sidak_approx,observed,8.46**2 * RBF(length_scale=0.322),0.0286762762966508,0.3910401313179656,0.1058941681527014,0.3216846377316681,0.0260693420878643,71.5804893426179,1571.0755120008384,372,282,90,416,44,0.04,0.3,0.000625,1.0,1e-08,1e+18,False,False,False,False,12,1.1,15.0,12.339576374710912,4.720539820800449,64.37099755636976,52.95405604421027,study_results/v4p2_followups_20260806/pseudo65/gp_window_ensemble_20260806/runs/window_2p25eq2p5/draw_03/attempt_01/results_single.csv,1,1,1,1,single_attempt_outside_55_75MeV,False,,,,,,,window_2p25eq2p5,3
2021,0.231,0.006113000875,0.21724574803125,0.24475425196875,52721717.822498925,1.64,0.220974678565,0.241025321435,0.02005064287,0.0,1.0,8000,0.000125,True,2599.9302269115983,6.93234364304556e-06,0.5,0.0,-329.60996203448667,1691.2283278895627,True,tilde_q_mu,asymptotic,default,sidak_approx,observed,8.38**2 * RBF(length_scale=0.321),0.0287310253149946,0.3917867088408355,0.1060963423016291,0.3210434260699027,0.0261191139227223,70.20481752203936,1568.671795460113,372,284,88,416,44,0.04,0.3,0.000625,1.0,1e-08,1e+18,False,False,False,False,12,1.1,15.0,12.291512913484038,4.699987109848828,64.09073331612038,52.518138412650345,study_results/v4p2_followups_20260806/pseudo65/gp_window_ensemble_20260806/runs/window_2p25eq2p5/draw_03/attempt_01/results_single.csv,1,1,1,1,single_attempt_outside_55_75MeV,False,,,,,,,window_2p25eq2p5,3
2021,0.232,0.006151386,0.2181593815,0.2458406185,51251552.38699205,1.64,0.22191172696,0.24208827304,0.02017654608,0.0,1.0,8000,0.000125,True,2608.730157989614,7.124494761667489e-06,0.5,0.0,-255.2553987434575,1672.9956700379926,True,tilde_q_mu,asymptotic,default,sidak_approx,observed,8.38**2 * RBF(length_scale=0.321),0.0287860929675617,0.3925376313758422,0.1062996930854058,0.3210996519327442,0.0261691754250561,70.24038928136036,1569.4757892809955,372,285,87,416,44,0.04,0.3,0.000625,1.0,1e-08,1e+18,False,False,False,False,12,1.1,15.0,12.270147863554833,4.679610898675804,63.81287589103368,52.1995615187771,study_results/v4p2_followups_20260806/pseudo65/gp_window_ensemble_20260806/runs/window_2p25eq2p5/draw_03/attempt_01/results_single.csv,1,1,1,1,single_attempt_outside_55_75MeV,False,,,,,,,window_2p25eq2p5,3
2021,0.233,0.006189942875,0.21907262853125,0.24692737146875,49805482.399550624,1.64,0.222848493685,0.243151506315,0.02030301263,0.0,1.0,8000,0.000125,True,2619.4094204728044,7.329768110447113e-06,0.5,0.0,-189.2913591252178,1658.139205246203,True,tilde_q_mu,asymptotic,default,sidak_approx,observed,8.35**2 * RBF(length_scale=0.321),0.0288414750689017,0.3932928418486603,0.1065042050482311,0.3208685476685824,0.0262195227899106,69.79872954617596,1570.4882503965782,372,287,85,416,44,0.04,0.3,0.000625,1.0,1e-08,1e+18,False,False,False,False,12,1.1,15.0,12.23777222185192,4.659408923689259,63.53739441394444,51.83707736052125,study_results/v4p2_followups_20260806/pseudo65/gp_window_ensemble_20260806/runs/window_2p25eq2p5/draw_03/attempt_01/results_single.csv,1,1,1,1,single_attempt_outside_55_75MeV,False,,,,,,,window_2p25eq2p5,3
2021,0.234,0.0062286715,0.219985489125,0.248014510875,48395595.20414742,1.64,0.22378497874,0.24421502126,0.02043004252,0.0,1.0,8000,0.000125,True,2697.3630187591616,7.734595891845798e-06,0.499975650495596,6.103515625e-05,-27.164999797351285,1649.486473979163,True,tilde_q_mu,asymptotic,default,sidak_approx,observed,8.29**2 * RBF(length_scale=0.32),0.0288971675048537,0.394052284157097,0.1067098629975592,0.3201955580038088,0.0262701522771398,68.73727794641347,1566.7120897612072,371,288,83,416,45,0.04,0.3,0.000625,1.0,1e-08,1e+18,False,False,False,False,12,1.1,15.0,12.188568784294482,4.639378959839796,63.26425854326993,51.40671778946902,study_results/v4p2_followups_20260806/pseudo65/gp_window_ensemble_20260806/runs/window_2p25eq2p5/draw_03/attempt_01/results_single.csv,1,1,1,1,single_attempt_outside_55_75MeV,False,,,,,,,window_2p25eq2p5,3
2021,0.235,0.006267571875,0.22089796328125,0.2491020367187499,47012739.219878465,1.64,0.2247211821249999,0.245278817875,0.02055763575,0.0,1.0,8000,0.000125,True,2623.0805871516313,7.709889200543919e-06,0.5,0.0,-131.12860291964637,1641.1674129710104,True,tilde_q_mu,asymptotic,default,sidak_approx,observed,8.31**2 * RBF(length_scale=0.32),0.0289531662310341,0.394815903150465,0.1069166519985136,0.3204193985217246,0.026321060210031,69.05212644514447,1563.9494415206732,370,289,81,416,46,0.04,0.3,0.000625,1.0,1e-08,1e+18,False,False,False,False,12,1.1,15.0,12.173498938299309,4.619518819803578,62.993438451866965,51.12337040757503,study_results/v4p2_followups_20260806/pseudo65/gp_window_ensemble_20260806/runs/window_2p25eq2p5/draw_03/attempt_01/results_single.csv,1,1,1,1,single_attempt_outside_55_75MeV,False,,,,,,,window_2p25eq2p5,3
2021,0.236,0.006306644,0.2218100509999999,0.2501899489999999,45679826.44124699,1.64,0.2256571038399999,0.24634289616,0.02068579232,0.0,1.0,8000,0.000125,True,2621.172135944229,7.89548870378014e-06,0.5,0.0,-81.38034579977793,1623.1984917720847,True,tilde_q_mu,asymptotic,default,sidak_approx,observed,8.28**2 * RBF(length_scale=0.32),0.0290094672713634,0.3955836446095018,0.1071245573684485,0.3200546880615089,0.0263722429739667,68.51485055123678,1568.3361842043878,371,291,80,416,45,0.04,0.3,0.000625,1.0,1e-08,1e+18,False,False,False,False,12,1.1,15.0,12.136043505190257,4.599826353186174,62.7249048161751,50.74881158053458,study_results/v4p2_followups_20260806/pseudo65/gp_window_ensemble_20260806/runs/window_2p25eq2p5/draw_03/attempt_01/results_single.csv,1,1,1,1,single_attempt_outside_55_75MeV,False,,,,,,,window_2p25eq2p5,3
2021,0.237,0.006345887875,0.22272175228125,0.25127824771875,44384391.87212218,1.64,0.226592743885,0.2474072561149999,0.0208145122299999,0.0,1.0,8000,0.000125,True,2709.235546873031,8.363500118851266e-06,0.4806712865704867,0.0484688703411288,77.93268652729938,1617.5436067035655,True,tilde_q_mu,asymptotic,default,sidak_approx,observed,8.24**2 * RBF(length_scale=0.32),0.0290660667166324,0.3963554552268056,0.1073335646716512,0.3195609378148344,0.0264236970151203,67.8305825805584,1566.6469942519084,370,292,78,416,46,0.04,0.3,0.000625,1.0,1e-08,1e+18,False,False,False,False,12,1.1,15.0,12.093725478004568,4.580299445746575,62.458628805635115,50.35716736719595,study_results/v4p2_followups_20260806/pseudo65/gp_window_ensemble_20260806/runs/window_2p25eq2p5/draw_03/attempt_01/results_single.csv,1,1,1,1,single_attempt_outside_55_75MeV,False,,,,,,,window_2p25eq2p5,3
2021,0.238,0.0063853035,0.223633067125,0.252366932875,43150069.97440755,1.64,0.2275281022599999,0.24847189774,0.02094379548,0.0,1.0,8000,0.000125,True,2732.551250621643,8.640318998441698e-06,0.4654712735258859,0.0866590251251263,138.53347246727836,1608.4351355287868,True,tilde_q_mu,asymptotic,default,sidak_approx,observed,8.23**2 * RBF(length_scale=0.32),0.0291229607231004,0.3971312825877338,0.1075436597141695,0.319508429651887,0.0264754188391822,67.78244363088453,1567.6093480923746,370,294,76,416,46,0.04,0.3,0.000625,1.0,1e-08,1e+18,False,False,False,False,12,1.1,15.0,12.068116149272436,4.560936018640379,62.1945820723688,50.03809602032026,study_results/v4p2_followups_20260806/pseudo65/gp_window_ensemble_20260806/runs/window_2p25eq2p5/draw_03/attempt_01/results_single.csv,1,1,1,1,single_attempt_outside_55_75MeV,False,,,,,,,window_2p25eq2p5,3
2021,0.239,0.006424890875,0.2245439955312499,0.25345600446875,41910564.95451811,1.64,0.2284631789649999,0.249536821035,0.02107364207,0.0,1.0,8000,0.000125,True,2694.01131071726,8.733692976519073e-06,0.4781279294188494,0.0548526450222715,87.74177114452324,1604.7242209501492,True,tilde_q_mu,asymptotic,default,sidak_approx,observed,8.25**2 * RBF(length_scale=0.32),0.0291801455111333,0.3979110751518178,0.1077548285387784,0.3197249455905506,0.0265274050101211,68.05680748634579,1564.1161127195292,369,295,74,416,47,0.04,0.3,0.000625,1.0,1e-08,1e+18,False,False,False,False,12,1.1,15.0,12.052628045169278,4.541734027682346,61.9327367411229,49.763482650676245,study_results/v4p2_followups_20260806/pseudo65/gp_window_ensemble_20260806/runs/window_2p25eq2p5/draw_03/attempt_01/results_single.csv,1,1,1,1,single_attempt_outside_55_75MeV,False,,,,,,,window_2p25eq2p5,3
2021,0.24,0.00646465,0.2254545375,0.2545454625,40722504.22475857,1.64,0.229397974,0.250602026,0.0212040519999999,0.0,1.0,8000,0.000125,True,2674.238004366449,8.885344272969848e-06,0.4762465037592988,0.0595764094500151,94.144074608377,1590.5738187454865,True,tilde_q_mu,asymptotic,default,sidak_approx,observed,8.23**2 * RBF(length_scale=0.32),0.0292376173638717,0.3986947822346143,0.1079670574200659,0.3195418924256023,0.0265796521489742,67.76337853681453,1568.626975486477,370,297,73,416,46,0.04,0.3,0.000625,1.0,1e-08,1e+18,False,False,False,False,12,1.1,15.0,12.02204944724732,4.522691462627012,61.673065399459254,49.42910945304112,study_results/v4p2_followups_20260806/pseudo65/gp_window_ensemble_20260806/runs/window_2p25eq2p5/draw_03/attempt_01/results_single.csv,1,1,1,1,single_attempt_outside_55_75MeV,False,,,,,,,window_2p25eq2p5,3
2021,0.241,0.006504580875,0.2263646930312499,0.25563530696875,39555789.66735767,1.64,0.230332487365,0.251667512635,0.0213350252699999,0.0,1.0,8000,0.000125,True,2744.8606910325643,9.350032669093e-06,0.4471476908458776,0.1328710258783147,210.6478305108353,1587.8526591456366,True,tilde_q_mu,asymptotic,default,sidak_approx,observed,8.25**2 * RBF(length_scale=0.32),0.0292953726259335,0.3994823539900027,0.1081803328596386,0.3197501455556457,0.0266321569326668,68.10042334125288,1565.5633403173033,369,298,71,416,47,0.04,0.3,0.000625,1.0,1e-08,1e+18,False,False,False,False,12,1.1,15.0,12.00616782050582,4.503806346467102,61.41554108818776,49.157686206130194,study_results/v4p2_followups_20260806/pseudo65/gp_window_ensemble_20260806/runs/window_2p25eq2p5/draw_03/attempt_01/results_single.csv,1,1,1,1,single_attempt_outside_55_75MeV,False,,,,,,,window_2p25eq2p5,3
2021,0.242,0.0065446835,0.227274462125,0.256725537875,38433549.77614895,1.64,0.23126671906,0.2527332809399999,0.0214665618799999,0.0,1.0,8000,0.000125,True,2871.3801034069384,1.002500838230422e-05,0.3960198470270192,0.2636628891155446,417.3656273581446,1581.144538796452,True,tilde_q_mu,asymptotic,default,sidak_approx,observed,8.23**2 * RBF(length_scale=0.319),0.0293534077021493,0.4002737413929458,0.1083946415814538,0.3194435204027259,0.026684916092863,67.74310972967258,1567.0906500146375,369,300,69,416,47,0.04,0.3,0.000625,1.0,1e-08,1e+18,False,False,False,False,12,1.1,15.0,11.97093966085814,4.4850767347495655,61.16013729203953,48.80962087818699,study_results/v4p2_followups_20260806/pseudo65/gp_window_ensemble_20260806/runs/window_2p25eq2p5/draw_03/attempt_01/results_single.csv,1,1,1,1,single_attempt_outside_55_75MeV,False,,,,,,,window_2p25eq2p5,3
2021,0.243,0.006584957875,0.22818384478125,0.25781615521875,37332878.58161166,1.64,0.232200669085,0.253799330915,0.02159866183,0.0,1.0,8000,0.000125,True,2918.0713960486873,1.0445231844761208e-05,0.3780433428243073,0.3106237292407655,491.2593922526471,1579.0115722649748,True,tilde_q_mu,asymptotic,default,sidak_approx,observed,8.25**2 * RBF(length_scale=0.32),0.0294117190563266,0.4010688962226361,0.108609970527255,0.3196202834416937,0.0267379264148424,67.99821688743214,1563.4146755589422,368,301,67,416,48,0.04,0.3,0.000625,1.0,1e-08,1e+18,False,False,False,False,12,1.1,15.0,11.953817154058374,4.466500714908013,60.90682793056381,48.53793896771035,study_results/v4p2_followups_20260806/pseudo65/gp_window_ensemble_20260806/runs/window_2p25eq2p5/draw_03/attempt_01/results_single.csv,1,1,1,1,single_attempt_outside_55_75MeV,False,,,,,,,window_2p25eq2p5,3
2021,0.244,0.006625404,0.229092841,0.258907159,36240747.78783116,1.64,0.23313433744,0.25486566256,0.0217313251199999,0.0,1.0,8000,0.000125,True,3053.5088799383843,1.1213266211053395e-05,0.3231188800562607,0.4589949951566484,716.9437241993538,1564.0676822434386,True,tilde_q_mu,asymptotic,default,sidak_approx,observed,8.3**2 * RBF(length_scale=0.32),0.029470303210048,0.4018677710461094,0.1088263068521347,0.3200963476573629,0.0267911847364072,68.89220958333857,1568.497233053654,369,303,66,416,47,0.04,0.3,0.000625,1.0,1e-08,1e+18,False,False,False,False,12,1.1,15.0,11.947823539971155,4.448076405612099,60.65558734925589,48.313483624147736,study_results/v4p2_followups_20260806/pseudo65/gp_window_ensemble_20260806/runs/window_2p25eq2p5/draw_03/attempt_01/results_single.csv,1,1,1,1,single_attempt_outside_55_75MeV,False,,,,,,,window_2p25eq2p5,3
2021,0.245,0.006666021875,0.23000145078125,0.25999854921875,35231160.94273463,1.64,0.234067724125,0.255932275875,0.02186455175,0.0,1.0,8000,0.000125,True,3240.4917672516067,1.2190957177830806e-05,0.2660523706525093,0.6247963275451498,974.2319270634202,1561.1065313116276,True,tilde_q_mu,asymptotic,default,sidak_approx,observed,8.32**2 * RBF(length_scale=0.32),0.0295291567414944,0.4026703192021974,0.1090436379201891,0.3202138075771532,0.0268446879468131,69.23462116434028,1567.8479657816663,368,304,64,416,48,0.04,0.3,0.000625,1.0,1e-08,1e+18,False,False,False,False,12,1.1,15.0,11.928386286761327,4.429801956132116,60.40639031089249,48.03671718781349,study_results/v4p2_followups_20260806/pseudo65/gp_window_ensemble_20260806/runs/window_2p25eq2p5/draw_03/attempt_01/results_single.csv,1,1,1,1,single_attempt_outside_55_75MeV,False,,,,,,,window_2p25eq2p5,3
2021,0.246,0.0067068115,0.230909674125,0.261090325875,34231611.46534635,1.64,0.23500082914,0.25699917086,0.02199834172,0.0,1.0,8000,0.000125,True,3391.182726557173,1.307701621336583e-05,0.2249220449240669,0.7556749779373074,1175.8703200338616,1557.2218983800394,True,tilde_q_mu,asymptotic,default,sidak_approx,observed,8.34**2 * RBF(length_scale=0.32),0.0295882762843003,0.4034764947859137,0.1092619513002888,0.3203462693263784,0.0268984329857275,69.52633966372298,1564.3812773419909,367,305,62,416,49,0.04,0.3,0.000625,1.0,1e-08,1e+18,False,False,False,False,12,1.1,15.0,11.90947701289348,4.411675545719503,60.159211987084134,47.76431681826429,study_results/v4p2_followups_20260806/pseudo65/gp_window_ensemble_20260806/runs/window_2p25eq2p5/draw_03/attempt_01/results_single.csv,1,1,1,1,single_attempt_outside_55_75MeV,False,,,,,,,window_2p25eq2p5,3
2021,0.247,0.006747772875,0.23181751103125,0.26218248896875,33240766.184267055,1.64,0.235933652485,0.258066347515,0.02213269503,0.0,1.0,8000,0.000125,True,3619.172299495267,1.431400625061091e-05,0.166816206514736,0.9668232230247096,1487.1921930840165,1540.2026914704095,True,tilde_q_mu,asymptotic,default,sidak_approx,observed,8.36**2 * RBF(length_scale=0.32),0.0296476585264336,0.4042862526331858,0.1094812347619452,0.3203043232601382,0.0269524168422123,69.81577057201932,1569.0309496789969,368,307,61,416,48,0.04,0.3,0.000625,1.0,1e-08,1e+18,False,False,False,False,12,1.1,15.0,11.88406684028734,4.393695383001999,59.91402795002726,47.46815418859785,study_results/v4p2_followups_20260806/pseudo65/gp_window_ensemble_20260806/runs/window_2p25eq2p5/draw_03/attempt_01/results_single.csv,1,1,1,1,single_attempt_outside_55_75MeV,False,,,,,,,window_2p25eq2p5,3
2021,0.248,0.006788906,0.2327249615,0.2632750385,32306957.309929177,1.64,0.23686619416,0.25913380584,0.02226761168,0.0,1.0,8000,0.000125,True,3764.532868233422,1.5257496420751275e-05,0.1380347199269976,1.089191515052204,1669.580317803384,1534.2762748621644,True,tilde_q_mu,asymptotic,default,sidak_approx,observed,8.39**2 * RBF(length_scale=0.321),0.0297073002091074,0.4050995483060104,0.1097014762712903,0.3205635814174397,0.027006636553734,70.3278293105098,1565.39210360488,367,308,59,416,49,0.04,0.3,0.000625,1.0,1e-08,1e+18,False,False,False,False,12,1.1,15.0,11.86980765929986,4.375859705393982,59.67081416446339,47.218739133733735,study_results/v4p2_followups_20260806/pseudo65/gp_window_ensemble_20260806/runs/window_2p25eq2p5/draw_03/attempt_01/results_single.csv,1,1,1,1,single_attempt_outside_55_75MeV,False,,,,,,,window_2p25eq2p5,3
2021,0.249,0.006830210875,0.23363202553125,0.26436797446875,31367919.80580777,1.64,0.237798454165,0.260201545835,0.0224030916699999,0.0,1.0,8000,0.000125,True,3838.1190711161657,1.59570754977425e-05,0.1217309792343273,1.1663772351360358,1775.1818763589729,1522.7427055603025,True,tilde_q_mu,asymptotic,default,sidak_approx,observed,8.39**2 * RBF(length_scale=0.321),0.029767198125712,0.4059163380778918,0.1099226639871329,0.3207002320827892,0.0270610892051927,70.38546794133795,1563.8505150499225,367,310,57,416,49,0.04,0.3,0.000625,1.0,1e-08,1e+18,False,False,False,False,12,1.1,15.0,11.850972799027234,4.358166778520153,59.429546979820266,46.95319631442407,study_results/v4p2_followups_20260806/pseudo65/gp_window_ensemble_20260806/runs/window_2p25eq2p5/draw_03/attempt_01/results_single.csv,1,1,1,1,single_attempt_outside_55_75MeV,False,,,,,,,window_2p25eq2p5,3
2021,0.25,0.0068716875,0.234538703125,0.265461296875,30463229.35640608,1.64,0.2387304325,0.2612695675,0.022539135,0.0,1.0,8000,0.000125,True,3849.115244228292,1.6412127695590153e-05,0.1173710727798755,1.1882316804111128,1800.5488716242085,1514.926842002983,True,tilde_q_mu,asymptotic,default,sidak_approx,observed,8.34**2 * RBF(length_scale=0.32),0.0298273491207752,0.4067365789196631,0.1101447862571196,0.320385580720447,0.0271157719279775,69.5898625384565,1562.6148148951568,366,311,55,416,50,0.04,0.3,0.000625,1.0,1e-08,1e+18,False,False,False,False,12,1.1,15.0,11.81546966730013,4.3406148956534025,59.19020312254639,46.624003306385355,study_results/v4p2_followups_20260806/pseudo65/gp_window_ensemble_20260806/runs/window_2p25eq2p5/draw_03/attempt_01/results_single.csv,1,1,1,1,single_attempt_outside_55_75MeV,False,,,,,,,window_2p25eq2p5,3
2021,0.05,0.0019941875,0.045513078125,0.054486921875,432274745.5035101,1.64,0.0467295325,0.0532704675,0.0065409349999999,0.0,1.0,8000,0.000125,True,22807.634780691427,3.426654389428821e-05,0.0001724654223303,3.578985316950562,16764.451115101252,4692.711922029218,True,tilde_q_mu,asymptotic,default,sidak_approx,observed,7.28**2 * RBF(length_scale=0.327),0.0430198208653474,0.586633920891102,0.1588612167593829,0.3270804783638533,0.0391089280594068,52.99248373122373,1678.7046280848338,402,9,393,416,14,0.04,0.3,0.000625,1.0,1e-08,1e+18,False,False,False,False,12,1.1,15.0,8.363319952595356,21.57260581833327,294.1718975227264,164.01691333631027,study_results/v4p2_followups_20260806/pseudo65/gp_window_ensemble_20260806/runs/window_2p25eq2p5/draw_04/attempt_01/results_single.csv,1,1,1,1,single_attempt_outside_55_75MeV,False,,,,,,,window_2p25eq2p5,4
2021,0.051,0.002001485875,0.04649665678125,0.0555033432187499,505722115.71658146,1.64,0.047717563165,0.0542824368349999,0.0065648736699999,0.0,1.0,8000,0.000125,True,17809.935550365422,2.2423332026651617e-05,0.0094068248884383,2.3492029366501743,11476.951337898565,4903.851103862848,True,tilde_q_mu,asymptotic,default,sidak_approx,observed,7.28**2 * RBF(length_scale=0.327),0.0423437473933882,0.5774147371825666,0.1563646500091317,0.3274916920446759,0.0384943158121711,53.051325747824826,1672.601705831824,401,10,391,416,15,0.04,0.3,0.000625,1.0,1e-08,1e+18,False,False,False,False,12,1.1,15.0,8.50753377830214,21.15615599504954,288.4930362961301,163.6242834062848,study_results/v4p2_followups_20260806/pseudo65/gp_window_ensemble_20260806/runs/window_2p25eq2p5/draw_04/attempt_01/results_single.csv,1,1,1,1,single_attempt_outside_55_75MeV,False,,,,,,,window_2p25eq2p5,4
2021,0.052,0.002008956,0.047479849,0.056520151,582496150.2912881,1.64,0.04870531216,0.0552946878399999,0.0065893756799999,0.0,1.0,8000,0.000125,True,7831.393471265223,8.395809262662377e-06,0.4999513009912829,0.0001220703125,-421.6198038443504,4924.331283613693,True,tilde_q_mu,asymptotic,default,sidak_approx,observed,7.65**2 * RBF(length_scale=0.321),0.0416967826910809,0.5685924912420126,0.1539755745145915,0.3213294114065817,0.0379061660828008,58.47640892641013,1669.8397046962791,402,12,390,416,14,0.04,0.3,0.000625,1.0,1e-08,1e+18,False,False,False,False,12,1.1,15.0,8.47696943828826,20.75544844739304,283.02884246445046,159.9484565150166,study_results/v4p2_followups_20260806/pseudo65/gp_window_ensemble_20260806/runs/window_2p25eq2p5/draw_04/attempt_01/results_single.csv,1,1,1,1,single_attempt_outside_55_75MeV,False,,,,,,,window_2p25eq2p5,4
2021,0.053,0.002016597875,0.0484626547812499,0.05753734521875,661992830.0519445,1.64,0.049692779485,0.056307220515,0.00661444103,0.0,1.0,8000,0.000125,True,5680.044555740273,5.25705486106946e-06,0.5,0.0,-7883.287308242673,5064.998203852467,True,tilde_q_mu,asymptotic,default,sidak_approx,observed,7.61**2 * RBF(length_scale=0.32),0.0410773062694674,0.5601450854927381,0.1516880062237032,0.3200740322153813,0.0373430056995158,57.8690290688958,1665.988682446938,402,14,388,416,14,0.04,0.3,0.000625,1.0,1e-08,1e+18,False,False,False,False,12,1.1,15.0,8.571190942445504,20.369607039017364,277.76736871387317,158.71981032181802,study_results/v4p2_followups_20260806/pseudo65/gp_window_ensemble_20260806/runs/window_2p25eq2p5/draw_04/attempt_01/results_single.csv,1,1,1,1,single_attempt_outside_55_75MeV,False,,,,,,,window_2p25eq2p5,4
2021,0.054,0.0020244115,0.049445074125,0.058554925875,743432117.467634,1.64,0.05067996514,0.05732003486,0.00664006972,0.0,1.0,8000,0.000125,True,5248.516799279007,4.245427555830308e-06,0.5,0.0,-15079.724412266416,5458.22997480486,True,tilde_q_mu,asymptotic,default,sidak_approx,observed,7.36**2 * RBF(length_scale=0.318),0.0404838157112043,0.552052032425514,0.1494963970927404,0.3181735520983998,0.0368034688283676,54.23941235361606,1660.7358626318194,401,15,386,416,15,0.04,0.3,0.000625,1.0,1e-08,1e+18,False,False,False,False,12,1.1,15.0,8.645205526201815,19.99781947059892,272.6975382354398,157.16841763564366,study_results/v4p2_followups_20260806/pseudo65/gp_window_ensemble_20260806/runs/window_2p25eq2p5/draw_04/attempt_01/results_single.csv,1,1,1,1,single_attempt_outside_55_75MeV,False,,,,,,,window_2p25eq2p5,4
2021,0.055,0.002032396875,0.05042710703125,0.05957289296875,825863093.242175,1.64,0.051666869125,0.058333130875,0.0066662617499999,0.0,1.0,8000,0.000125,True,5305.3970732345015,3.792862226916247e-06,0.5,0.0,-15707.124454260407,5558.5403926341505,True,tilde_q_mu,asymptotic,default,sidak_approx,observed,7.47**2 * RBF(length_scale=0.32),0.0399149161083646,0.5442943105686093,0.1473955960828078,0.3195928546457833,0.0362862873712406,55.73991530343466,1665.1420067926226,402,17,385,416,14,0.04,0.3,0.000625,1.0,1e-08,1e+18,False,False,False,False,12,1.1,15.0,8.807537992963223,19.639331569216612,267.8090668529538,157.24923541116118,study_results/v4p2_followups_20260806/pseudo65/gp_window_ensemble_20260806/runs/window_2p25eq2p5/draw_04/attempt_01/results_single.csv,2,2,1,2,stable_reproduced,False,attempt_01_full,False,1665.1420067926226,1665.1420064353272,study_results/v4p2_followups_20260806/pseudo65/gp_window_ensemble_20260806/runs/window_2p25eq2p5/draw_04/attempt_01/results_single.csv|study_results/v4p2_followups_20260806/pseudo65/gp_window_ensemble_20260806/central_repeat/window_2p25eq2p5/draw_04/attempt_02/results_single.csv,1665.14200679|1665.14200644,window_2p25eq2p5,4
2021,0.056,0.002040554,0.0514087535,0.0605912465,908527012.009006,1.64,0.05265349144,0.05934650856,0.00669301712,0.0,1.0,8000,0.000125,True,5896.900059210441,3.763724432660515e-06,0.5,0.0,-12986.682711322836,5790.652410737243,True,tilde_q_mu,asymptotic,default,sidak_approx,observed,7.51**2 * RBF(length_scale=0.323),0.0393693106142212,0.5368542356484718,0.1453808142699889,0.3229197054495782,0.0357902823765647,56.3538658109544,1661.4179146857448,401,18,383,416,15,0.04,0.3,0.000625,1.0,1e-08,1e+18,False,False,False,False,12,1.1,15.0,9.022552603860529,19.293442180026243,263.0923933639942,158.25099725348028,study_results/v4p2_followups_20260806/pseudo65/gp_window_ensemble_20260806/central_repeat/window_2p25eq2p5/draw_04/attempt_02/results_single.csv,2,2,1,2,stable_reproduced,False,attempt_02_55_75MeV,False,1661.417913917084,1661.4179146857448,study_results/v4p2_followups_20260806/pseudo65/gp_window_ensemble_20260806/runs/window_2p25eq2p5/draw_04/attempt_01/results_single.csv|study_results/v4p2_followups_20260806/pseudo65/gp_window_ensemble_20260806/central_repeat/window_2p25eq2p5/draw_04/attempt_02/results_single.csv,1661.41791392|1661.41791469,window_2p25eq2p5,4
2021,0.057,0.002048882875,0.05239001353125,0.06160998646875,990526285.4360424,1.64,0.053639832085,0.060360167915,0.0067203358299999,0.0,1.0,8000,0.000125,True,8179.455373095549,4.70439141541807e-06,0.5,0.0,-3053.755551896275,5879.842808705276,True,tilde_q_mu,asymptotic,default,sidak_approx,observed,7.71**2 * RBF(length_scale=0.32),0.0388457919743114,0.5297153451042469,0.1434475935717297,0.3197027326168867,0.0353143563402831,59.50266049478186,1660.0206140456178,401,20,381,416,15,0.04,0.3,0.000625,1.0,1e-08,1e+18,False,False,False,False,12,1.1,15.0,9.053052801990376,18.959498587400432,258.53861710091496,156.0375834645437,study_results/v4p2_followups_20260806/pseudo65/gp_window_ensemble_20260806/central_repeat/window_2p25eq2p5/draw_04/attempt_02/results_single.csv,2,2,1,2,stable_reproduced,False,attempt_02_55_75MeV,False,1660.0206132948863,1660.0206140456178,study_results/v4p2_followups_20260806/pseudo65/gp_window_ensemble_20260806/runs/window_2p25eq2p5/draw_04/attempt_01/results_single.csv|study_results/v4p2_followups_20260806/pseudo65/gp_window_ensemble_20260806/central_repeat/window_2p25eq2p5/draw_04/attempt_02/results_single.csv,1660.02061329|1660.02061405,window_2p25eq2p5,4
2021,0.058,0.0020573835,0.053370887125,0.062629112875,1071881312.6080517,1.64,0.05462589106,0.06137410894,0.00674821788,0.0,1.0,8000,0.000125,True,14643.448919872546,7.648717232988848e-06,0.1390001936672302,1.084822253575087,6490.418322814871,5982.4209628317585,True,tilde_q_mu,asymptotic,default,sidak_approx,observed,7.75**2 * RBF(length_scale=0.317),0.0383432349203511,0.5228622943684247,0.1415917786595051,0.3173563065702561,0.0348574862912283,60.091835593975,1658.0885918759052,401,21,380,416,15,0.04,0.3,0.000625,1.0,1e-08,1e+18,False,False,False,False,12,1.1,15.0,9.104394502770472,18.63689240258374,254.13944185341464,154.25238248982558,study_results/v4p2_followups_20260806/pseudo65/gp_window_ensemble_20260806/central_repairs/window_2p25eq2p5/draw_04/m058/attempt_03/results_single.csv,3,3,2,2,resolved_reproduced_max_lml,False,attempt_03_targeted,False,1658.088591865376,1658.088591874034,study_results/v4p2_followups_20260806/pseudo65/gp_window_ensemble_20260806/runs/window_2p25eq2p5/draw_04/attempt_01/results_single.csv|study_results/v4p2_followups_20260806/pseudo65/gp_window_ensemble_20260806/central_repeat/window_2p25eq2p5/draw_04/attempt_02/results_single.csv|study_results/v4p2_followups_20260806/pseudo65/gp_window_ensemble_20260806/central_repairs/window_2p25eq2p5/draw_04/m058/attempt_03/results_single.csv,1658.08859187|1658.08859187|1658.08859188,window_2p25eq2p5,4
2021,0.059,0.002066055875,0.0543513742812499,0.0636486257187499,1150913393.2270474,1.64,0.055611668365,0.0623883316349999,0.0067766632699999,0.0,1.0,8000,0.000125,True,20345.86665156928,9.729745042238508e-06,0.0194287341522165,2.065693088627003,12511.683930169527,6058.891753153591,True,tilde_q_mu,asymptotic,default,sidak_approx,observed,7.64**2 * RBF(length_scale=0.317),0.0378605893261601,0.516280763538548,0.139809491685398,0.3166778339212739,0.0344187175692365,58.43376667816131,1657.2160819026535,401,23,378,416,15,0.04,0.3,0.000625,1.0,1e-08,1e+18,False,False,False,False,12,1.1,15.0,9.200744719330295,18.325055863341635,249.88712540920412,153.2765099691575,study_results/v4p2_followups_20260806/pseudo65/gp_window_ensemble_20260806/runs/window_2p25eq2p5/draw_04/attempt_01/results_single.csv,2,2,1,2,stable_reproduced,False,attempt_01_full,False,1657.2160819026535,1657.21608127067,study_results/v4p2_followups_20260806/pseudo65/gp_window_ensemble_20260806/runs/window_2p25eq2p5/draw_04/attempt_01/results_single.csv|study_results/v4p2_followups_20260806/pseudo65/gp_window_ensemble_20260806/central_repeat/window_2p25eq2p5/draw_04/attempt_02/results_single.csv,1657.2160819|1657.21608127,window_2p25eq2p5,4
2021,0.06,0.0020749,0.055331475,0.064668525,1227404853.1566024,1.64,0.056597164,0.063402836,0.006805672,0.0,1.0,8000,0.000125,True,22727.25116600081,1.0021384997926944e-05,0.0069167711588861,2.46155697730785,14916.282984684409,6073.654247411206,True,tilde_q_mu,asymptotic,default,sidak_approx,observed,7.62**2 * RBF(length_scale=0.316),0.0373968740379758,0.5099573732451246,0.1380971094990222,0.3159261531155083,0.0339971582163416,58.12141468758187,1661.7307656467449,402,25,377,416,14,0.04,0.3,0.000625,1.0,1e-08,1e+18,False,False,False,False,12,1.1,15.0,9.292722383003472,18.023458498229218,245.77443406676204,152.2609056414807,study_results/v4p2_followups_20260806/pseudo65/gp_window_ensemble_20260806/runs/window_2p25eq2p5/draw_04/attempt_01/results_single.csv,2,2,1,2,stable_reproduced,False,attempt_01_full,False,1661.7307656467449,1661.730764767026,study_results/v4p2_followups_20260806/pseudo65/gp_window_ensemble_20260806/runs/window_2p25eq2p5/draw_04/attempt_01/results_single.csv|study_results/v4p2_followups_20260806/pseudo65/gp_window_ensemble_20260806/central_repeat/window_2p25eq2p5/draw_04/attempt_02/results_single.csv,1661.73076565|1661.73076477,window_2p25eq2p5,4
2021,0.061,0.002083915875,0.05631118928125,0.06568881071875,1300461595.8129847,1.64,0.057582377965,0.064417622035,0.0068352440699999,0.0,1.0,8000,0.000125,True,21137.893197277284,8.652751967679605e-06,0.0204699010029608,2.044139154813833,12945.62625460567,6334.518873701143,True,tilde_q_mu,asymptotic,default,sidak_approx,observed,7.63**2 * RBF(length_scale=0.315),0.0369511713028735,0.5038796086755482,0.136451243073103,0.3151970222436714,0.0335919739117032,58.26667837813635,1656.348373660415,401,26,375,416,15,0.04,0.3,0.000625,1.0,1e-08,1e+18,False,False,False,False,12,1.1,15.0,9.383105115292407,17.731604114236877,241.7946015577755,151.25227751512352,study_results/v4p2_followups_20260806/pseudo65/gp_window_ensemble_20260806/runs/window_2p25eq2p5/draw_04/attempt_01/results_single.csv,2,2,1,2,stable_reproduced,False,attempt_01_full,False,1656.348373660415,1656.3483735412894,study_results/v4p2_followups_20260806/pseudo65/gp_window_ensemble_20260806/runs/window_2p25eq2p5/draw_04/attempt_01/results_single.csv|study_results/v4p2_followups_20260806/pseudo65/gp_window_ensemble_20260806/central_repeat/window_2p25eq2p5/draw_04/attempt_02/results_single.csv,1656.34837366|1656.34837354,window_2p25eq2p5,4
2021,0.062,0.0020931035,0.057290517125,0.066709482875,1369653514.6115704,1.64,0.05856731026,0.06543268974,0.0068653794799999,0.0,1.0,8000,0.000125,True,14350.428714516873,5.487599299202127e-06,0.2007432029944328,0.838969534158278,5366.905199768396,6396.644463497058,True,tilde_q_mu,asymptotic,default,sidak_approx,observed,7.91**2 * RBF(length_scale=0.318),0.0365226217287332,0.4980357508463617,0.1348687188919183,0.3178948048616326,0.0332023833897574,62.53090739977691,1654.3075152506538,401,28,373,416,15,0.04,0.3,0.000625,1.0,1e-08,1e+18,False,False,False,False,12,1.1,15.0,9.574457385480931,17.449028071824063,237.9412918885099,151.87725062885454,study_results/v4p2_followups_20260806/pseudo65/gp_window_ensemble_20260806/runs/window_2p25eq2p5/draw_04/attempt_01/results_single.csv,2,2,1,2,stable_reproduced,False,attempt_01_full,False,1654.3075152506538,1654.3075148901737,study_results/v4p2_followups_20260806/pseudo65/gp_window_ensemble_20260806/runs/window_2p25eq2p5/draw_04/attempt_01/results_single.csv|study_results/v4p2_followups_20260806/pseudo65/gp_window_ensemble_20260806/central_repeat/window_2p25eq2p5/draw_04/attempt_02/results_single.csv,1654.30751525|1654.30751489,window_2p25eq2p5,4
2021,0.063,0.002102462875,0.05826945853125,0.06773054146875,1435035737.2315118,1.64,0.059551960885,0.066448039115,0.0068960782299999,0.0,1.0,8000,0.000125,True,9408.144323135455,3.3792523692718225e-06,0.5,0.0,-2364.213068925238,6470.648611931887,True,tilde_q_mu,asymptotic,default,sidak_approx,observed,7.91**2 * RBF(length_scale=0.319),0.0361104197174945,0.4924148143294715,0.133346562087477,0.3187242366405161,0.0328276542886314,62.53081005169434,1654.3941936686865,401,29,372,416,15,0.04,0.3,0.000625,1.0,1e-08,1e+18,False,False,False,False,12,1.1,15.0,9.709016484643977,17.17529481584524,234.20856567061688,151.59565499605606,study_results/v4p2_followups_20260806/pseudo65/gp_window_ensemble_20260806/central_repeat/window_2p25eq2p5/draw_04/attempt_02/results_single.csv,2,2,1,2,stable_reproduced,False,attempt_02_55_75MeV,False,1654.3941932173573,1654.3941936686865,study_results/v4p2_followups_20260806/pseudo65/gp_window_ensemble_20260806/runs/window_2p25eq2p5/draw_04/attempt_01/results_single.csv|study_results/v4p2_followups_20260806/pseudo65/gp_window_ensemble_20260806/central_repeat/window_2p25eq2p5/draw_04/attempt_02/results_single.csv,1654.39419322|1654.39419367,window_2p25eq2p5,4
2021,0.064,0.002111994,0.0592480135,0.0687519865,1496067721.4293623,1.64,0.06053632984,0.06746367016,0.00692734032,0.0,1.0,8000,0.000125,True,7320.437968147984,2.4827086654316755e-06,0.5,0.0,-10068.574486958812,6510.067462765867,True,tilde_q_mu,asymptotic,default,sidak_approx,observed,8.1**2 * RBF(length_scale=0.319),0.0357138093206567,0.4870064907362281,0.1318819811349368,0.3186322318390499,0.0324670993824152,65.58951927420043,1654.201797838104,401,31,370,416,15,0.04,0.3,0.000625,1.0,1e-08,1e+18,False,False,False,False,12,1.1,15.0,9.814003649849518,16.909995634768247,230.59084956502153,150.86796261686814,study_results/v4p2_followups_20260806/pseudo65/gp_window_ensemble_20260806/runs/window_2p25eq2p5/draw_04/attempt_01/results_single.csv,2,2,1,2,stable_reproduced,False,attempt_01_full,False,1654.201797838104,1654.2017970260924,study_results/v4p2_followups_20260806/pseudo65/gp_window_ensemble_20260806/runs/window_2p25eq2p5/draw_04/attempt_01/results_single.csv|study_results/v4p2_followups_20260806/pseudo65/gp_window_ensemble_20260806/central_repeat/window_2p25eq2p5/draw_04/attempt_02/results_single.csv,1654.20179784|1654.20179703,window_2p25eq2p5,4
2021,0.065,0.002121696875,0.06022618203125,0.06977381796875,1551593755.2343814,1.64,0.061520417125,0.068479582875,0.0069591657499999,0.0,1.0,8000,0.000125,True,7195.400339985832,2.3167731149370205e-06,0.5,0.0,-11458.72048945218,6602.689225259612,True,tilde_q_mu,asymptotic,default,sidak_approx,observed,8.14**2 * RBF(length_scale=0.319),0.0353320804721528,0.4818010973475384,0.1304723539415717,0.3194736413274189,0.0321200731565025,66.33372561001755,1648.80608712873,400,32,368,416,16,0.04,0.3,0.000625,1.0,1e-08,1e+18,False,False,False,False,12,1.1,15.0,9.946230189788436,16.652746623927047,227.08290850809607,150.57459201254605,study_results/v4p2_followups_20260806/pseudo65/gp_window_ensemble_20260806/central_repeat/window_2p25eq2p5/draw_04/attempt_02/results_single.csv,2,2,1,2,stable_reproduced,False,attempt_02_55_75MeV,False,1648.8060867679872,1648.80608712873,study_results/v4p2_followups_20260806/pseudo65/gp_window_ensemble_20260806/runs/window_2p25eq2p5/draw_04/attempt_01/results_single.csv|study_results/v4p2_followups_20260806/pseudo65/gp_window_ensemble_20260806/central_repeat/window_2p25eq2p5/draw_04/attempt_02/results_single.csv,1648.80608677|1648.80608713,window_2p25eq2p5,4
2021,0.066,0.0021315715,0.061203964125,0.070796035875,1602490883.9205377,1.64,0.06250422274,0.06949577726,0.0069915545199999,0.0,1.0,8000,0.000125,True,7847.5223353681295,2.4094225982975557e-06,0.5,0.0,-7676.889523098256,6530.194083802194,True,tilde_q_mu,asymptotic,default,sidak_approx,observed,8.25**2 * RBF(length_scale=0.319),0.0349645655591176,0.4767895303516045,0.1291152151834926,0.3193012607399378,0.0317859686901069,68.09012106185169,1651.34517429447,401,34,367,416,15,0.04,0.3,0.000625,1.0,1e-08,1e+18,False,False,False,False,12,1.1,15.0,10.045352521828816,16.403186831461046,223.67982042901423,149.79617654858762,study_results/v4p2_followups_20260806/pseudo65/gp_window_ensemble_20260806/runs/window_2p25eq2p5/draw_04/attempt_01/results_single.csv,2,2,1,2,stable_reproduced,False,attempt_01_full,False,1651.34517429447,1651.3451735877572,study_results/v4p2_followups_20260806/pseudo65/gp_window_ensemble_20260806/runs/window_2p25eq2p5/draw_04/attempt_01/results_single.csv|study_results/v4p2_followups_20260806/pseudo65/gp_window_ensemble_20260806/central_repeat/window_2p25eq2p5/draw_04/attempt_02/results_single.csv,1651.34517429|1651.34517359,window_2p25eq2p5,4
2021,0.067,0.002141617875,0.06218135978125,0.07181864021875,1648346086.706974,1.64,0.063487746685,0.070512253315,0.00702450663,0.0,1.0,8000,0.000125,True,10082.249128811303,2.96451834684606e-06,0.5,0.0,-1531.2013237163071,6648.0034812509,True,tilde_q_mu,asymptotic,default,sidak_approx,observed,8.05**2 * RBF(length_scale=0.318),0.034610636295701,0.4719632222141046,0.1278082447614374,0.3175710568094329,0.0314642148142736,64.80086150202315,1646.4463612582197,400,35,365,416,16,0.04,0.3,0.000625,1.0,1e-08,1e+18,False,False,False,False,12,1.1,15.0,10.093086977824974,16.16097656810088,220.37695320137564,148.28558377130324,study_results/v4p2_followups_20260806/pseudo65/gp_window_ensemble_20260806/runs/window_2p25eq2p5/draw_04/attempt_01/results_single.csv,2,2,1,2,stable_reproduced,False,attempt_01_full,False,1646.4463612582197,1646.446361234675,study_results/v4p2_followups_20260806/pseudo65/gp_window_ensemble_20260806/runs/window_2p25eq2p5/draw_04/attempt_01/results_single.csv|study_results/v4p2_followups_20260806/pseudo65/gp_window_ensemble_20260806/central_repeat/window_2p25eq2p5/draw_04/attempt_02/results_single.csv,1646.44636126|1646.44636123,window_2p25eq2p5,4
2021,0.068,0.002151836,0.063158369,0.072841631,1688600760.172359,1.64,0.06447098896,0.07152901104,0.00705802208,0.0,1.0,8000,0.000125,True,14239.66080145174,4.027018948625949e-06,0.238986971314039,0.7095649800938931,4715.910315204558,6651.9759824441635,True,tilde_q_mu,asymptotic,default,sidak_approx,observed,8.05**2 * RBF(length_scale=0.319),0.0342697008691363,0.4673141027609495,0.1265492572619316,0.3185709397653601,0.0311542735173966,64.85625396858855,1647.6090209925137,400,37,363,416,16,0.04,0.3,0.000625,1.0,1e-08,1e+18,False,False,False,False,12,1.1,15.0,10.225593595930563,15.92579586415336,217.1699436020912,148.04610563507637,study_results/v4p2_followups_20260806/pseudo65/gp_window_ensemble_20260806/runs/window_2p25eq2p5/draw_04/attempt_01/results_single.csv,2,2,1,2,stable_reproduced,False,attempt_01_full,False,1647.6090209925137,1647.6090205019984,study_results/v4p2_followups_20260806/pseudo65/gp_window_ensemble_20260806/runs/window_2p25eq2p5/draw_04/attempt_01/results_single.csv|study_results/v4p2_followups_20260806/pseudo65/gp_window_ensemble_20260806/central_repeat/window_2p25eq2p5/draw_04/attempt_02/results_single.csv,1647.60902099|1647.6090205,window_2p25eq2p5,4
2021,0.069,0.002162225875,0.06413499178125,0.07386500821875,1724105863.6311717,1.64,0.065453949565,0.072546050435,0.00709210087,0.0,1.0,8000,0.000125,True,15954.1100995924,4.354913039087178e-06,0.1423663585843724,1.0697480822744565,6982.177231442801,6550.8611936799425,True,tilde_q_mu,asymptotic,default,sidak_approx,observed,8.23**2 * RBF(length_scale=0.322),0.0339412013307978,0.4628345636017883,0.1253361923231284,0.3217704762279874,0.0308556375734525,67.7822041388142,1652.5806654854157,401,39,362,416,15,0.04,0.3,0.000625,1.0,1e-08,1e+18,False,False,False,False,12,1.1,15.0,10.428255629526546,15.697343058942815,214.05467807649293,148.81446011184534,study_results/v4p2_followups_20260806/pseudo65/gp_window_ensemble_20260806/runs/window_2p25eq2p5/draw_04/attempt_01/results_single.csv,2,2,1,2,stable_reproduced,False,attempt_01_full,False,1652.5806654854157,1652.580665293622,study_results/v4p2_followups_20260806/pseudo65/gp_window_ensemble_20260806/runs/window_2p25eq2p5/draw_04/attempt_01/results_single.csv|study_results/v4p2_followups_20260806/pseudo65/gp_window_ensemble_20260806/central_repeat/window_2p25eq2p5/draw_04/attempt_02/results_single.csv,1652.58066549|1652.58066529,window_2p25eq2p5,4
2021,0.07,0.0021727875,0.065111228125,0.074888771875,1753991857.2643936,1.64,0.0664366285,0.0735633715,0.0071267429999999,0.0,1.0,8000,0.000125,True,14599.017555401228,3.861161258489839e-06,0.2170490239845472,0.7821982922725816,5164.245507441404,6654.00334863357,True,tilde_q_mu,asymptotic,default,sidak_approx,observed,8.31**2 * RBF(length_scale=0.322),0.0336246112080568,0.4585174255644109,0.1241671058160028,0.3218004547146357,0.0305678283709607,69.05541877879837,1646.9044213715667,400,40,360,416,16,0.04,0.3,0.000625,1.0,1e-08,1e+18,False,False,False,False,12,1.1,15.0,10.527422845004732,15.475333509630737,211.02727513132825,148.10489047577624,study_results/v4p2_followups_20260806/pseudo65/gp_window_ensemble_20260806/runs/window_2p25eq2p5/draw_04/attempt_01/results_single.csv,2,2,1,2,stable_reproduced,False,attempt_01_full,False,1646.9044213715667,1646.904419688565,study_results/v4p2_followups_20260806/pseudo65/gp_window_ensemble_20260806/runs/window_2p25eq2p5/draw_04/attempt_01/results_single.csv|study_results/v4p2_followups_20260806/pseudo65/gp_window_ensemble_20260806/central_repeat/window_2p25eq2p5/draw_04/attempt_02/results_single.csv,1646.90442137|1646.90441969,window_2p25eq2p5,4
2021,0.071,0.002183520875,0.06608707803125,0.0759129219687499,1779385230.713029,1.64,0.0674190257649999,0.074580974235,0.00716194847,0.0,1.0,8000,0.000125,True,10527.398529035085,2.705905689968058e-06,0.5,0.0,-397.244619324262,6546.280407071367,True,tilde_q_mu,asymptotic,default,sidak_approx,observed,8.46**2 * RBF(length_scale=0.324),0.0333194333154327,0.4543559088468107,0.1230401617614922,0.3240625905907885,0.0302903939231207,71.58358290905306,1652.6388273545738,401,42,359,416,15,0.04,0.3,0.000625,1.0,1e-08,1e+18,False,False,False,False,12,1.1,15.0,10.698526780908946,15.259498407787282,208.08406919709927,148.4128657990451,study_results/v4p2_followups_20260806/pseudo65/gp_window_ensemble_20260806/central_repeat/window_2p25eq2p5/draw_04/attempt_02/results_single.csv,2,2,1,2,stable_reproduced,False,attempt_02_55_75MeV,False,1652.6388271235269,1652.6388273545738,study_results/v4p2_followups_20260806/pseudo65/gp_window_ensemble_20260806/runs/window_2p25eq2p5/draw_04/attempt_01/results_single.csv|study_results/v4p2_followups_20260806/pseudo65/gp_window_ensemble_20260806/central_repeat/window_2p25eq2p5/draw_04/attempt_02/results_single.csv,1652.63882712|1652.63882735,window_2p25eq2p5,4
2021,0.072,0.002194426,0.0670625414999999,0.0769374585,1799990530.9593172,1.64,0.06840114136,0.0755988586399999,0.0071977172799999,0.0,1.0,8000,0.000125,True,8625.826993479393,2.1613144074321255e-06,0.5,0.0,-5250.781025619354,6624.689304001479,True,tilde_q_mu,asymptotic,default,sidak_approx,observed,8.42**2 * RBF(length_scale=0.323),0.0330251977459068,0.4503436056260024,0.1219536249129291,0.3232025140001648,0.0300229070417334,70.90379586745863,1646.9407141728668,400,43,357,416,16,0.04,0.3,0.000625,1.0,1e-08,1e+18,False,False,False,False,12,1.1,15.0,10.76519717264206,15.049583693369856,205.22159581867984,147.28339620482294,study_results/v4p2_followups_20260806/pseudo65/gp_window_ensemble_20260806/runs/window_2p25eq2p5/draw_04/attempt_01/results_single.csv,2,2,1,2,stable_reproduced,False,attempt_01_full,False,1646.9407141728668,1646.940713836316,study_results/v4p2_followups_20260806/pseudo65/gp_window_ensemble_20260806/runs/window_2p25eq2p5/draw_04/attempt_01/results_single.csv|study_results/v4p2_followups_20260806/pseudo65/gp_window_ensemble_20260806/central_repeat/window_2p25eq2p5/draw_04/attempt_02/results_single.csv,1646.94071417|1646.94071384,window_2p25eq2p5,4
2021,0.073,0.002205502875,0.06803761853125,0.07796238146875,1816646894.958838,1.64,0.069382975285,0.076617024715,0.00723404943,0.0,1.0,8000,0.000125,True,8321.237730475805,2.037579068789491e-06,0.5,0.0,-6341.248654150726,6614.738916860678,True,tilde_q_mu,asymptotic,default,sidak_approx,observed,8.27**2 * RBF(length_scale=0.321),0.0327414600253253,0.4464744548907995,0.1209058539407253,0.3207678346754636,0.0297649636593866,68.40631696965382,1646.7451149703782,400,45,355,416,16,0.04,0.3,0.000625,1.0,1e-08,1e+18,False,False,False,False,12,1.1,15.0,10.776691627987484,14.845349056879057,202.43657804835075,145.4397717234731,study_results/v4p2_followups_20260806/pseudo65/gp_window_ensemble_20260806/central_repeat/window_2p25eq2p5/draw_04/attempt_02/results_single.csv,2,2,1,2,stable_reproduced,False,attempt_02_55_75MeV,False,1646.7451139519717,1646.7451149703782,study_results/v4p2_followups_20260806/pseudo65/gp_window_ensemble_20260806/runs/window_2p25eq2p5/draw_04/attempt_01/results_single.csv|study_results/v4p2_followups_20260806/pseudo65/gp_window_ensemble_20260806/central_repeat/window_2p25eq2p5/draw_04/attempt_02/results_single.csv,1646.74511395|1646.74511497,window_2p25eq2p5,4
2021,0.074,0.0022167515,0.0690123091249999,0.078987690875,1829474701.9884825,1.64,0.07036452754,0.07763547246,0.0072709449199999,0.0,1.0,8000,0.000125,True,8033.515766054927,1.9269366820026843e-06,0.5,0.0,-6952.075774102607,6545.605746216251,True,tilde_q_mu,asymptotic,default,sidak_approx,observed,8.4**2 * RBF(length_scale=0.324),0.0324677994146582,0.442742719290794,0.1198952951630456,0.3240652937505465,0.0295161812860529,70.54580657627936,1647.6099965567876,400,46,354,416,16,0.04,0.3,0.000625,1.0,1e-08,1e+18,False,False,False,False,12,1.1,15.0,10.97924188125497,14.646567021453794,199.72591392891536,146.18927459868485,study_results/v4p2_followups_20260806/pseudo65/gp_window_ensemble_20260806/central_repeat/window_2p25eq2p5/draw_04/attempt_02/results_single.csv,2,2,1,2,stable_reproduced,False,attempt_02_55_75MeV,False,1647.6099961968732,1647.6099965567876,study_results/v4p2_followups_20260806/pseudo65/gp_window_ensemble_20260806/runs/window_2p25eq2p5/draw_04/attempt_01/results_single.csv|study_results/v4p2_followups_20260806/pseudo65/gp_window_ensemble_20260806/central_repeat/window_2p25eq2p5/draw_04/attempt_02/results_single.csv,1647.6099962|1647.60999656,window_2p25eq2p5,4
2021,0.075,0.002228171875,0.06998661328125,0.08001338671875,1838368958.6354597,1.64,0.071345798125,0.078654201875,0.0073084037499999,0.0,1.0,8000,0.000125,True,8711.975518331468,2.0518359121775837e-06,0.5,0.0,-4411.443362139682,6509.132190007047,True,tilde_q_mu,asymptotic,default,sidak_approx,observed,8.4**2 * RBF(length_scale=0.324),0.032203817346461,0.4391429638153776,0.1189204767720596,0.3243277167452581,0.0292761975876918,70.6154786471325,1647.1524147144776,400,48,352,416,16,0.04,0.3,0.000625,1.0,1e-08,1e+18,False,False,False,False,12,1.1,15.0,11.078204940166492,14.45302209752604,197.08666496626415,145.5577643646804,study_results/v4p2_followups_20260806/pseudo65/gp_window_ensemble_20260806/runs/window_2p25eq2p5/draw_04/attempt_01/results_single.csv,2,2,1,2,stable_reproduced,False,attempt_01_full,False,1647.1524147144776,1647.1524146270574,study_results/v4p2_followups_20260806/pseudo65/gp_window_ensemble_20260806/runs/window_2p25eq2p5/draw_04/attempt_01/results_single.csv|study_results/v4p2_followups_20260806/pseudo65/gp_window_ensemble_20260806/central_repeat/window_2p25eq2p5/draw_04/attempt_02/results_single.csv,1647.15241471|1647.15241463,window_2p25eq2p5,4
2021,0.076,0.002239764,0.070960531,0.081039469,1844398591.748667,1.64,0.0723267870399999,0.07967321296,0.00734642592,0.0,1.0,8000,0.000125,True,9914.219803134374,2.296730781664336e-06,0.5,0.0,-1374.6667421161378,6465.909933911263,True,tilde_q_mu,asymptotic,default,sidak_approx,observed,8.35**2 * RBF(length_scale=0.324),0.0319491359833398,0.4356700361364529,0.1179800035107226,0.3238660333703928,0.0290446690757635,69.70477965558659,1645.8049901870215,400,50,350,416,16,0.04,0.3,0.000625,1.0,1e-08,1e+18,False,False,False,False,12,1.1,15.0,11.150618811513484,14.264510003437811,194.51604550142468,144.59828507395994,study_results/v4p2_followups_20260806/pseudo65/gp_window_ensemble_20260806/runs/window_2p25eq2p5/draw_04/attempt_01/results_single.csv,1,1,1,1,single_attempt_outside_55_75MeV,False,,,,,,,window_2p25eq2p5,4
2021,0.077,0.002251527875,0.07193406228125,0.08206593771875,1847461207.5520144,1.64,0.073307494285,0.080692505715,0.00738501143,0.0,1.0,8000,0.000125,True,11872.341710014927,2.7101308312458287e-06,0.3796819050681305,0.3063163257321827,1979.3130244966917,6462.335515271,True,tilde_q_mu,asymptotic,default,sidak_approx,observed,8.14**2 * RBF(length_scale=0.321),0.0317033968874435,0.4323190484651396,0.1170725517595489,0.3212512907300316,0.0288212698976759,66.31044181368263,1645.8529711492677,400,51,349,416,16,0.04,0.3,0.000625,1.0,1e-08,1e+18,False,False,False,False,12,1.1,15.0,11.146326718793748,14.080836946086476,192.0114129011792,142.68146279558349,study_results/v4p2_followups_20260806/pseudo65/gp_window_ensemble_20260806/runs/window_2p25eq2p5/draw_04/attempt_01/results_single.csv,1,1,1,1,single_attempt_outside_55_75MeV,False,,,,,,,window_2p25eq2p5,4
2021,0.078,0.0022634635,0.072907207125,0.083092792875,1847769944.3645077,1.64,0.07428791986,0.08171208014,0.00742416028,0.0,1.0,8000,0.000125,True,13349.458804484268,3.007745461934099e-06,0.2698205397426173,0.6133558385890631,3986.597399693221,6439.420762890894,True,tilde_q_mu,asymptotic,default,sidak_approx,observed,8.08**2 * RBF(length_scale=0.32),0.0314662597911359,0.4290853607882172,0.1161968649970184,0.3204869607065942,0.0286056907192144,65.35653431516734,1645.2945892387136,400,53,347,416,16,0.04,0.3,0.000625,1.0,1e-08,1e+18,False,False,False,False,12,1.1,15.0,11.203608535532505,13.901818956274722,189.57025849465532,141.5913977435882,study_results/v4p2_followups_20260806/pseudo65/gp_window_ensemble_20260806/runs/window_2p25eq2p5/draw_04/attempt_01/results_single.csv,1,1,1,1,single_attempt_outside_55_75MeV,False,,,,,,,window_2p25eq2p5,4
2021,0.079,0.002275570875,0.07387996553125,0.08412003446875,1845689661.7151537,1.64,0.075268063765,0.082731936235,0.0074638724699999,0.0,1.0,8000,0.000125,True,14396.38447001952,3.2061776884373683e-06,0.2109356988880996,0.8031787987884025,5241.273081981855,6483.515300533994,True,tilde_q_mu,asymptotic,default,sidak_approx,observed,8.04**2 * RBF(length_scale=0.32),0.0312374014599871,0.4259645653634614,0.1153517496008941,0.3196751278803887,0.0283976376908974,64.57563533300196,1639.0870561488605,399,54,345,416,17,0.04,0.3,0.000625,1.0,1e-08,1e+18,False,False,False,False,12,1.1,15.0,11.257102839327278,13.727281273973578,187.1901991905488,140.481288186811,study_results/v4p2_followups_20260806/pseudo65/gp_window_ensemble_20260806/runs/window_2p25eq2p5/draw_04/attempt_01/results_single.csv,1,1,1,1,single_attempt_outside_55_75MeV,False,,,,,,,window_2p25eq2p5,4
2021,0.08,0.00228785,0.0748523375,0.0851476625,1840971776.2432177,1.64,0.076247926,0.083752074,0.0075041479999999,0.0,1.0,8000,0.000125,True,14457.59048063722,3.187709403560897e-06,0.1924867500728534,0.8687689854585076,5530.566461108107,6375.206103601473,True,tilde_q_mu,asymptotic,default,sidak_approx,observed,8.18**2 * RBF(length_scale=0.321),0.0310165146400847,0.4229524723647926,0.1145360709609101,0.3213805785344621,0.0281968314909861,66.86280703341994,1644.1785534725402,400,56,344,416,16,0.04,0.3,0.000625,1.0,1e-08,1e+18,False,False,False,False,12,1.1,15.0,11.397755050499187,13.55705777917468,184.8689697160183,140.47274888408862,study_results/v4p2_followups_20260806/pseudo65/gp_window_ensemble_20260806/runs/window_2p25eq2p5/draw_04/attempt_01/results_single.csv,1,1,1,1,single_attempt_outside_55_75MeV,False,,,,,,,window_2p25eq2p5,4
2021,0.081,0.002300300875,0.07582432303125,0.08617567696875,1834117166.8439004,1.64,0.077227506565,0.084772493435,0.0075449868699999,0.0,1.0,8000,0.000125,True,14797.172749410764,3.234346699447316e-06,0.1784917037870177,0.9211283747641884,5926.090201554735,6405.4871334159125,True,tilde_q_mu,asymptotic,default,sidak_approx,observed,8.07**2 * RBF(length_scale=0.321),0.030803307082474,0.4200450965791913,0.113748749876279,0.3208542315785272,0.0280030064386127,65.18329220572664,1637.7876622888327,399,57,342,416,17,0.04,0.3,0.000625,1.0,1e-08,1e+18,False,False,False,False,12,1.1,15.0,11.457849437769944,13.390990464442623,182.6044154242176,139.48359324017872,study_results/v4p2_followups_20260806/pseudo65/gp_window_ensemble_20260806/runs/window_2p25eq2p5/draw_04/attempt_01/results_single.csv,1,1,1,1,single_attempt_outside_55_75MeV,False,,,,,,,window_2p25eq2p5,4
2021,0.082,0.0023129235,0.076795922125,0.087204077875,1825600864.265104,1.64,0.07820680546,0.08579319454,0.00758638908,0.0,1.0,8000,0.000125,True,13386.135071087105,2.9037247069360153e-06,0.2528486421873914,0.6655523305275967,4235.083145271228,6352.991363065974,True,tilde_q_mu,asymptotic,default,sidak_approx,observed,8.22**2 * RBF(length_scale=0.322),0.0305975006382008,0.4172386450663756,0.1129887592139169,0.322309336461116,0.0278159096710917,67.57290524389603,1637.0789764585743,399,59,340,416,17,0.04,0.3,0.000625,1.0,1e-08,1e+18,False,False,False,False,12,1.1,15.0,11.587229764269871,13.228928945639955,180.39448562236305,139.35149020757322,study_results/v4p2_followups_20260806/pseudo65/gp_window_ensemble_20260806/runs/window_2p25eq2p5/draw_04/attempt_01/results_single.csv,1,1,1,1,single_attempt_outside_55_75MeV,False,,,,,,,window_2p25eq2p5,4
2021,0.083,0.002325717875,0.07776713478125,0.08823286521875,1815668681.2943528,1.64,0.079185822685,0.086814177315,0.00762835463,0.0,1.0,8000,0.000125,True,10943.867089667912,2.3581750344260127e-06,0.4197159321317551,0.2026202459418894,865.139541924953,6331.625445523729,True,tilde_q_mu,asymptotic,default,sidak_approx,observed,8.14**2 * RBF(length_scale=0.32),0.030398830418065,0.4145295057008868,0.1122551208056255,0.3200657503367586,0.0276353003800591,66.31916024316835,1640.0612897148023,399,60,339,416,17,0.04,0.3,0.000625,1.0,1e-08,1e+18,False,False,False,False,12,1.1,15.0,11.581772079007663,13.070730007639057,178.2372273768962,137.62019623156513,study_results/v4p2_followups_20260806/pseudo65/gp_window_ensemble_20260806/runs/window_2p25eq2p5/draw_04/attempt_01/results_single.csv,1,1,1,1,single_attempt_outside_55_75MeV,False,,,,,,,window_2p25eq2p5,4
2021,0.084,0.002338684,0.078737961,0.089262039,1803665927.1918256,1.64,0.08016455824,0.08783544176,0.00767088352,0.0,1.0,8000,0.000125,True,10072.095570485262,2.15876005198529e-06,0.5,0.0,-388.34599444616254,6276.328374660637,True,tilde_q_mu,asymptotic,default,sidak_approx,observed,8.17**2 * RBF(length_scale=0.321),0.0302070440117673,0.4119142365241002,0.111546902564603,0.321231840782399,0.0274609491016066,66.68395502368489,1640.029302585632,399,62,337,416,17,0.04,0.3,0.000625,1.0,1e-08,1e+18,False,False,False,False,12,1.1,15.0,11.69776906085174,12.916257182144893,176.13077975652126,137.3558124066351,study_results/v4p2_followups_20260806/pseudo65/gp_window_ensemble_20260806/runs/window_2p25eq2p5/draw_04/attempt_01/results_single.csv,1,1,1,1,single_attempt_outside_55_75MeV,False,,,,,,,window_2p25eq2p5,4
2021,0.085,0.002351821875,0.07970840078125,0.09029159921875,1790440672.4133158,1.64,0.081143012125,0.088856987875,0.0077139757499999,0.0,1.0,8000,0.000125,True,8822.422986977948,1.882473786766556e-06,0.5,0.0,-2626.844929686605,6171.52506894782,True,tilde_q_mu,asymptotic,default,sidak_approx,observed,8.13**2 * RBF(length_scale=0.32),0.0300219007615834,0.4093895558397742,0.1108632158033061,0.320499344741507,0.0272926370559849,66.16341075643521,1645.6792292005905,400,64,336,416,16,0.04,0.3,0.000625,1.0,1e-08,1e+18,False,False,False,False,12,1.1,15.0,11.743069901382992,12.76538035499965,174.07336847726796,136.27704893318375,study_results/v4p2_followups_20260806/pseudo65/gp_window_ensemble_20260806/runs/window_2p25eq2p5/draw_04/attempt_01/results_single.csv,1,1,1,1,single_attempt_outside_55_75MeV,False,,,,,,,window_2p25eq2p5,4
2021,0.086,0.0023651315,0.080678454125,0.091321545875,1775696555.8627672,1.64,0.0821211843399999,0.08987881566,0.00775763132,0.0,1.0,8000,0.000125,True,8359.133349802316,1.7775178550418854e-06,0.5,0.0,-4000.183629959479,6188.427653665701,True,tilde_q_mu,asymptotic,default,sidak_approx,observed,8.12**2 * RBF(length_scale=0.32),0.0298431710861948,0.4069523329935665,0.1102032127365311,0.3202889797620494,0.0271301555329044,65.99817384477632,1639.9444434689187,399,65,334,416,17,0.04,0.3,0.000625,1.0,1e-08,1e+18,False,False,False,False,12,1.1,15.0,11.805644806333358,12.61797540060452,172.0633009173344,135.4212143223535,study_results/v4p2_followups_20260806/pseudo65/gp_window_ensemble_20260806/runs/window_2p25eq2p5/draw_04/attempt_01/results_single.csv,1,1,1,1,single_attempt_outside_55_75MeV,False,,,,,,,window_2p25eq2p5,4
2021,0.087,0.002378612875,0.0816481210312499,0.09235187896875,1760136602.064715,1.64,0.083099074885,0.0909009251149999,0.0078018502299999,0.0,1.0,8000,0.000125,True,7888.005636063076,1.6727132900847048e-06,0.5,0.0,-5316.597888789752,6153.7022502986465,True,tilde_q_mu,asymptotic,default,sidak_approx,observed,8.06**2 * RBF(length_scale=0.319),0.0296706358506726,0.4045995797818991,0.1095660841549239,0.3187909131887752,0.0269733053187932,64.91434394671666,1639.2877959473687,399,67,332,416,17,0.04,0.3,0.000625,1.0,1e-08,1e+18,False,False,False,False,12,1.1,15.0,11.818755967095443,12.47392384129452,170.098961472198,134.02387439308518,study_results/v4p2_followups_20260806/pseudo65/gp_window_ensemble_20260806/runs/window_2p25eq2p5/draw_04/attempt_01/results_single.csv,1,1,1,1,single_attempt_outside_55_75MeV,False,,,,,,,window_2p25eq2p5,4
2021,0.088,0.002392266,0.0826174014999999,0.0933825985,1743632625.119082,1.64,0.0840766837599999,0.09192331624,0.00784663248,0.0,1.0,8000,0.000125,True,7863.432872594471,1.6641575785693522e-06,0.5,0.0,-5241.546418431197,6113.865476804628,True,tilde_q_mu,asymptotic,default,sidak_approx,observed,8.03**2 * RBF(length_scale=0.318),0.0295040857789749,0.4023284424405671,0.1089510572554845,0.3183643251936915,0.0268218961627044,64.43028689428685,1639.3230011958165,399,68,331,416,17,0.04,0.3,0.000625,1.0,1e-08,1e+18,False,False,False,False,12,1.1,15.0,11.869568179015372,12.33311252969984,168.17880722317963,133.08065457340092,study_results/v4p2_followups_20260806/pseudo65/gp_window_ensemble_20260806/runs/window_2p25eq2p5/draw_04/attempt_01/results_single.csv,1,1,1,1,single_attempt_outside_55_75MeV,False,,,,,,,window_2p25eq2p5,4
2021,0.089,0.002406090875,0.08358629553125,0.09441370446875,1725874782.225614,1.64,0.085054010965,0.092945989035,0.00789197807,0.0,1.0,8000,0.000125,True,8461.308135515654,1.7887849958117333e-06,0.5,0.0,-3080.70590086689,6053.551265001893,True,tilde_q_mu,asymptotic,default,sidak_approx,observed,8.22**2 * RBF(length_scale=0.321),0.0293433209056615,0.4001361941681125,0.1083573936168872,0.3209623448572255,0.0266757462778741,67.5604581266454,1638.338735808112,399,70,329,416,17,0.04,0.3,0.000625,1.0,1e-08,1e+18,False,False,False,False,12,1.1,15.0,12.031991214560447,12.1954333523091,166.3013638951241,133.39576995703686,study_results/v4p2_followups_20260806/pseudo65/gp_window_ensemble_20260806/runs/window_2p25eq2p5/draw_04/attempt_01/results_single.csv,1,1,1,1,single_attempt_outside_55_75MeV,False,,,,,,,window_2p25eq2p5,4
2021,0.09,0.0024200875,0.084554803125,0.095445196875,1707421799.183081,1.64,0.0860310565,0.0939689435,0.007937887,0.0,1.0,8000,0.000125,True,9713.07343792482,2.0525477207751606e-06,0.4999026019832914,0.000244140625,-437.37023497564655,6057.943796281322,True,tilde_q_mu,asymptotic,default,sidak_approx,observed,8.28**2 * RBF(length_scale=0.322),0.0291881500637943,0.3980202281426503,0.1077843873084286,0.3215277153635912,0.0265346818761766,68.63652727814,1633.5086393622032,398,71,327,416,18,0.04,0.3,0.000625,1.0,1e-08,1e+18,False,False,False,False,12,1.1,15.0,12.117262866161004,12.060782952597524,164.46522208087532,132.8578885530342,study_results/v4p2_followups_20260806/pseudo65/gp_window_ensemble_20260806/runs/window_2p25eq2p5/draw_04/attempt_01/results_single.csv,1,1,1,1,single_attempt_outside_55_75MeV,False,,,,,,,window_2p25eq2p5,4
2021,0.091,0.002434255875,0.08552292428125,0.09647707571875,1688209960.037576,1.64,0.087007820365,0.094992179635,0.0079843592699999,0.0,1.0,8000,0.000125,True,11847.875214504513,2.504335690944314e-06,0.315350214880809,0.4807412220058787,2966.988748041958,5971.781872389976,True,tilde_q_mu,asymptotic,default,sidak_approx,observed,8.28**2 * RBF(length_scale=0.321),0.0290383904062669,0.3959780509945498,0.1072313631224206,0.3210513838492752,0.0263985367329699,68.53643610536042,1640.2882640460996,399,73,326,416,17,0.04,0.3,0.000625,1.0,1e-08,1e+18,False,False,False,False,12,1.1,15.0,12.161711351535017,11.929062472229626,162.66903371222216,131.88892225607762,study_results/v4p2_followups_20260806/pseudo65/gp_window_ensemble_20260806/runs/window_2p25eq2p5/draw_04/attempt_01/results_single.csv,1,1,1,1,single_attempt_outside_55_75MeV,False,,,,,,,window_2p25eq2p5,4
2021,0.092,0.002448596,0.086490659,0.097509341,1668257878.789034,1.64,0.08798430256,0.0960156974399999,0.0080313948799999,0.0,1.0,8000,0.000125,True,12826.278178588393,2.7137483027841416e-06,0.2360006063348728,0.7192267619632953,4282.441724540886,5974.082300369553,True,tilde_q_mu,asymptotic,default,sidak_approx,observed,8.22**2 * RBF(length_scale=0.322),0.0288938669580575,0.3940072767007851,0.1066976749207735,0.3215629573310877,0.0262671517800523,67.6389593120809,1637.020520589269,398,74,324,416,18,0.04,0.3,0.000625,1.0,1e-08,1e+18,False,False,False,False,12,1.1,15.0,12.242018473250964,11.800177308979343,160.9115087588092,131.32544418560178,study_results/v4p2_followups_20260806/pseudo65/gp_window_ensemble_20260806/runs/window_2p25eq2p5/draw_04/attempt_01/results_single.csv,1,1,1,1,single_attempt_outside_55_75MeV,False,,,,,,,window_2p25eq2p5,4
2021,0.093,0.002463107875,0.08745800728125,0.09854199271875,1647188801.3305027,1.64,0.088960503085,0.097039496915,0.0080789938299999,0.0,1.0,8000,0.000125,True,12706.375999185935,2.6934895507344247e-06,0.2380531598225916,0.7125789849521101,4219.616548217637,5926.645243402805,True,tilde_q_mu,asymptotic,default,sidak_approx,observed,8.24**2 * RBF(length_scale=0.322),0.0287544121970801,0.3921056208692741,0.106182704087187,0.3222021739580873,0.0261403747246182,67.87994634620328,1637.7287760757763,398,76,322,416,18,0.04,0.3,0.000625,1.0,1e-08,1e+18,False,False,False,False,12,1.1,15.0,12.32584373224942,11.674036890113918,159.19141213791704,130.81123130187194,study_results/v4p2_followups_20260806/pseudo65/gp_window_ensemble_20260806/runs/window_2p25eq2p5/draw_04/attempt_01/results_single.csv,1,1,1,1,single_attempt_outside_55_75MeV,False,,,,,,,window_2p25eq2p5,4
2021,0.094,0.0024777915,0.088424969125,0.099575030875,1625450307.8031468,1.64,0.08993642194,0.09806357806,0.00812715612,0.0,1.0,8000,0.000125,True,11288.304425302813,2.3990930047667538e-06,0.3377252297410461,0.4186793908328866,2457.721283103624,5869.696409122576,True,tilde_q_mu,asymptotic,default,sidak_approx,observed,8.4**2 * RBF(length_scale=0.323),0.0286198656615447,0.3902708953847011,0.1056858580772325,0.3234421935330488,0.0260180596923134,70.56325077090855,1634.1933423354485,398,77,321,416,18,0.04,0.3,0.000625,1.0,1e-08,1e+18,False,False,False,False,12,1.1,15.0,12.431449437738213,11.550554460108833,157.50756081966588,130.53648522607685,study_results/v4p2_followups_20260806/pseudo65/gp_window_ensemble_20260806/runs/window_2p25eq2p5/draw_04/attempt_01/results_single.csv,1,1,1,1,single_attempt_outside_55_75MeV,False,,,,,,,window_2p25eq2p5,4
2021,0.095,0.002492646875,0.08939154453125,0.10060845546875,1603496027.5520115,1.64,0.090912059125,0.099087940875,0.00817588175,0.0,1.0,8000,0.000125,True,9652.698312400278,2.0576768012828546e-06,0.4953760050692411,0.011590895967255,70.54344878513322,5843.329367330517,True,tilde_q_mu,asymptotic,default,sidak_approx,observed,8.24**2 * RBF(length_scale=0.321),0.0284900735818755,0.3885010033892122,0.1052065690591188,0.3211293782662054,0.0259000668926141,67.96689457383444,1634.5667420518157,398,79,319,416,18,0.04,0.3,0.000625,1.0,1e-08,1e+18,False,False,False,False,12,1.1,15.0,12.398785671004616,11.429646881640853,155.85882111328436,128.83067452793748,study_results/v4p2_followups_20260806/pseudo65/gp_window_ensemble_20260806/runs/window_2p25eq2p5/draw_04/attempt_01/results_single.csv,1,1,1,1,single_attempt_outside_55_75MeV,False,,,,,,,window_2p25eq2p5,4
2021,0.096,0.002507674,0.0903577335,0.1016422665,1581239228.7143855,1.64,0.09188741464,0.10011258536,0.00822517072,0.0,1.0,8000,0.000125,True,8051.962301043868,1.722474660747554e-06,0.5,0.0,-3071.262333088084,5787.206155693678,True,tilde_q_mu,asymptotic,default,sidak_approx,observed,8.3**2 * RBF(length_scale=0.322),0.0283648885354218,0.3867939345739346,0.1047442926386298,0.3218500596936777,0.0257862623049289,68.91968047871633,1634.911311836826,398,81,317,416,18,0.04,0.3,0.000625,1.0,1e-08,1e+18,False,False,False,False,12,1.1,15.0,12.481454500373903,11.311234448904392,154.24410612142353,128.34605283369277,study_results/v4p2_followups_20260806/pseudo65/gp_window_ensemble_20260806/runs/window_2p25eq2p5/draw_04/attempt_01/results_single.csv,1,1,1,1,single_attempt_outside_55_75MeV,False,,,,,,,window_2p25eq2p5,4
2021,0.097,0.002522872875,0.09132353603125,0.10267646396875,1558363770.3660083,1.64,0.092862488485,0.101137511515,0.0082750230299999,0.0,1.0,8000,0.000125,True,7358.0285579170195,1.5806685555958004e-06,0.5,0.0,-4927.31019390483,5736.063457485441,True,tilde_q_mu,asymptotic,default,sidak_approx,observed,8.33**2 * RBF(length_scale=0.322),0.02824416912233,0.3851477607590459,0.104298506662201,0.3224408448854756,0.0256765173839363,69.35395671334192,1634.8563155069642,398,82,316,416,18,0.04,0.3,0.000625,1.0,1e-08,1e+18,False,False,False,False,12,1.1,15.0,12.55781070555929,11.195240712368449,152.66237335047882,127.8070124264488,study_results/v4p2_followups_20260806/pseudo65/gp_window_ensemble_20260806/runs/window_2p25eq2p5/draw_04/attempt_01/results_single.csv,1,1,1,1,single_attempt_outside_55_75MeV,False,,,,,,,window_2p25eq2p5,4
2021,0.098,0.0025382435,0.092288952125,0.103711047875,1534811175.2125387,1.64,0.09383728066,0.10216271934,0.0083254386799999,0.0,1.0,8000,0.000125,True,7278.861926547454,1.5714565407584663e-06,0.5,0.0,-4936.867025052502,5683.187316981507,True,tilde_q_mu,asymptotic,default,sidak_approx,observed,8.35**2 * RBF(length_scale=0.323),0.0281277796610786,0.3835606317419815,0.1038687100926096,0.3229840963288748,0.0255707087827987,69.78934639075504,1635.139358629509,398,84,314,416,18,0.04,0.3,0.000625,1.0,1e-08,1e+18,False,False,False,False,12,1.1,15.0,12.63101852484214,11.081592314164752,151.11262246588296,127.24708891360297,study_results/v4p2_followups_20260806/pseudo65/gp_window_ensemble_20260806/runs/window_2p25eq2p5/draw_04/attempt_01/results_single.csv,1,1,1,1,single_attempt_outside_55_75MeV,False,,,,,,,window_2p25eq2p5,4
2021,0.099,0.002553785875,0.09325398178125,0.10474601821875,1511028905.8514876,1.64,0.094811791165,0.103188208835,0.0083764176699999,0.0,1.0,8000,0.000125,True,7781.79272766438,1.689241000847399e-06,0.4999026019832914,0.000244140625,-3313.8576050851816,5675.604995087322,True,tilde_q_mu,asymptotic,default,sidak_approx,observed,8.34**2 * RBF(length_scale=0.323),0.0280155899022987,0.3820307713949833,0.1034544219521848,0.3227632302836629,0.0254687180929988,69.53413868713864,1629.7214169442236,397,85,312,416,19,0.04,0.3,0.000625,1.0,1e-08,1e+18,False,False,False,False,12,1.1,15.0,12.672927985817532,10.970218833361969,149.59389318220866,126.38617569441404,study_results/v4p2_followups_20260806/pseudo65/gp_window_ensemble_20260806/runs/window_2p25eq2p5/draw_04/attempt_01/results_single.csv,1,1,1,1,single_attempt_outside_55_75MeV,False,,,,,,,window_2p25eq2p5,4
2021,0.1,0.0025695,0.094218625,0.105781375,1487397833.440122,1.64,0.09578602,0.10421398,0.00842796,0.0,1.0,8000,0.000125,True,8449.577921097243,1.844708686581944e-06,0.5,0.0,-1374.402388523118,5587.972971822126,True,tilde_q_mu,asymptotic,default,sidak_approx,observed,8.3**2 * RBF(length_scale=0.323),0.027907474759607,0.3805564739946421,0.1030551803288439,0.3226171533276031,0.0253704315996428,68.9700486180853,1636.1215788096997,398,87,311,416,18,0.04,0.3,0.000625,1.0,1e-08,1e+18,False,False,False,False,12,1.1,15.0,12.716265864871817,10.861052640438642,148.10526327870872,125.5563935892598,study_results/v4p2_followups_20260806/pseudo65/gp_window_ensemble_20260806/runs/window_2p25eq2p5/draw_04/attempt_01/results_single.csv,1,1,1,1,single_attempt_outside_55_75MeV,False,,,,,,,window_2p25eq2p5,4
2021,0.101,0.002585385875,0.09518288178125,0.10681711821875,1463545807.7925766,1.64,0.096759967165,0.105240032835,0.00848006567,0.0,1.0,8000,0.000125,True,9403.21351243494,2.065706070015378e-06,0.4712323696708361,0.0721723624867676,402.28866968306073,5578.589534076758,True,tilde_q_mu,asymptotic,default,sidak_approx,observed,8.32**2 * RBF(length_scale=0.323),0.0278033140562975,0.3791361007676941,0.1026705414406892,0.3230649063453346,0.0252757400511796,69.2152974859469,1630.4401740170451,397,88,309,416,19,0.04,0.3,0.000625,1.0,1e-08,1e+18,False,False,False,False,12,1.1,15.0,12.78162007091291,10.754028760328694,146.64584673175492,124.95809986017449,study_results/v4p2_followups_20260806/pseudo65/gp_window_ensemble_20260806/runs/window_2p25eq2p5/draw_04/attempt_01/results_single.csv,1,1,1,1,single_attempt_outside_55_75MeV,False,,,,,,,window_2p25eq2p5,4
2021,0.102,0.0026014435,0.096146752125,0.1078532478749999,1439773239.9828668,1.64,0.09773363266,0.1062663673399999,0.0085327346799999,0.0,1.0,8000,0.000125,True,9862.624688710455,2.1808116561596533e-06,0.4055050559037301,0.2391231235604013,1222.0972598693693,5528.221951114001,True,tilde_q_mu,asymptotic,default,sidak_approx,observed,8.42**2 * RBF(length_scale=0.324),0.0277029922867878,0.3777680766380165,0.1023000787550902,0.323929533327313,0.0251845384425344,70.92368709428271,1630.908180808823,397,90,307,416,19,0.04,0.3,0.000625,1.0,1e-08,1e+18,False,False,False,False,12,1.1,15.0,12.86223823662478,10.649084743446428,145.21479195608765,124.5191499747402,study_results/v4p2_followups_20260806/pseudo65/gp_window_ensemble_20260806/runs/window_2p25eq2p5/draw_04/attempt_01/results_single.csv,1,1,1,1,single_attempt_outside_55_75MeV,False,,,,,,,window_2p25eq2p5,4
2021,0.103,0.002617672875,0.0971102360312499,0.10888976396875,1415306075.6792226,1.64,0.098707016485,0.107292983515,0.00858596703,0.0,1.0,8000,0.000125,True,11037.12359341553,2.458602008740413e-06,0.296519655439297,0.5344368770534618,2932.9320924041235,5495.449095619685,True,tilde_q_mu,asymptotic,default,sidak_approx,observed,8.23**2 * RBF(length_scale=0.322),0.0276063983918545,0.3764508871616523,0.1019433821586847,0.3216194472776579,0.0250967258107768,67.68972279586355,1628.9788696264725,397,91,306,416,19,0.04,0.3,0.000625,1.0,1e-08,1e+18,False,False,False,False,12,1.1,15.0,12.815195484167536,10.546160544164444,143.81128014769695,122.86464452807456,study_results/v4p2_followups_20260806/pseudo65/gp_window_ensemble_20260806/runs/window_2p25eq2p5/draw_04/attempt_01/results_single.csv,1,1,1,1,single_attempt_outside_55_75MeV,False,,,,,,,window_2p25eq2p5,4
2021,0.104,0.002634074,0.0980733335,0.1099266664999999,1390650623.4117515,1.64,0.09968011864,0.10831988136,0.00863976272,0.0,1.0,8000,0.000125,True,11778.072993298909,2.6444952386418364e-06,0.2330301355020829,0.7289041909600682,3985.287996487717,5461.649196653753,True,tilde_q_mu,asymptotic,default,sidak_approx,observed,8.1**2 * RBF(length_scale=0.32),0.0275134255467139,0.3751830756370089,0.1016000571748166,0.3201271844585689,0.0250122050424672,65.57014975531794,1629.264821388771,397,93,304,416,19,0.04,0.3,0.000625,1.0,1e-08,1e+18,False,False,False,False,12,1.1,15.0,12.798838963419552,10.445198406238394,142.4345237214326,121.53310212946522,study_results/v4p2_followups_20260806/pseudo65/gp_window_ensemble_20260806/runs/window_2p25eq2p5/draw_04/attempt_01/results_single.csv,1,1,1,1,single_attempt_outside_55_75MeV,False,,,,,,,window_2p25eq2p5,4
2021,0.105,0.002650646875,0.0990360445312499,0.11096395546875,1366191403.4118524,1.64,0.100652939125,0.109347060875,0.00869412175,0.0,1.0,8000,0.000125,True,11645.81258334952,2.6362638320420575e-06,0.2426786595489921,0.6977120047201489,3847.523053199266,5450.8012723101565,True,tilde_q_mu,asymptotic,default,sidak_approx,observed,8.09**2 * RBF(length_scale=0.32),0.0274239709611162,0.3739632403788584,0.1012697242253318,0.320001959554394,0.0249308826919238,65.41803309372385,1623.9193991350317,396,94,302,416,20,0.04,0.3,0.000625,1.0,1e-08,1e+18,False,False,False,False,12,1.1,15.0,12.83556476955609,10.346142754725216,141.08376483716202,120.72598676668088,study_results/v4p2_followups_20260806/pseudo65/gp_window_ensemble_20260806/runs/window_2p25eq2p5/draw_04/attempt_01/results_single.csv,1,1,1,1,single_attempt_outside_55_75MeV,False,,,,,,,window_2p25eq2p5,4
2021,0.106,0.0026673915,0.099998369125,0.112001630875,1341676381.151068,1.64,0.10162547794,0.11037452206,0.0087490441199999,0.0,1.0,8000,0.000125,True,10909.992325843912,2.4910975084803024e-06,0.2824996728572628,0.5754317362821828,3068.4876237448357,5360.021106173726,True,tilde_q_mu,asymptotic,default,sidak_approx,observed,8.26**2 * RBF(length_scale=0.322),0.0273379356906521,0.3727900321452559,0.1009520179337844,0.3220722398231081,0.0248526688096837,68.22778697959637,1627.2121092785246,397,96,301,416,19,0.04,0.3,0.000625,1.0,1e-08,1e+18,False,False,False,False,12,1.1,15.0,12.959261731183338,10.248940093965247,139.758274008617,120.74427013174036,study_results/v4p2_followups_20260806/pseudo65/gp_window_ensemble_20260806/runs/window_2p25eq2p5/draw_04/attempt_01/results_single.csv,1,1,1,1,single_attempt_outside_55_75MeV,False,,,,,,,window_2p25eq2p5,4
2021,0.107,0.002684307875,0.10096030728125,0.11303969271875,1317225676.2626095,1.64,0.102597735085,0.111402264915,0.0088045298299999,0.0,1.0,8000,0.000125,True,10423.80732431465,2.401609162915863e-06,0.318827221658652,0.4709808037079592,2502.970383889893,5316.069129909951,True,tilde_q_mu,asymptotic,default,sidak_approx,observed,8.24**2 * RBF(length_scale=0.322),0.0272552244585561,0.3716621517075835,0.1006465864674015,0.3217343373367651,0.0247774767805055,67.85364699742048,1627.4939437601545,397,98,299,416,19,0.04,0.3,0.000625,1.0,1e-08,1e+18,False,False,False,False,12,1.1,15.0,12.984951623076462,10.153538911238387,138.45734878961437,119.85746505950446,study_results/v4p2_followups_20260806/pseudo65/gp_window_ensemble_20260806/runs/window_2p25eq2p5/draw_04/attempt_01/results_single.csv,1,1,1,1,single_attempt_outside_55_75MeV,False,,,,,,,window_2p25eq2p5,4
2021,0.108,0.002701396,0.101921859,0.114078141,1292640439.8447058,1.64,0.10356971056,0.11243028944,0.0088605788799999,0.0,1.0,8000,0.000125,True,9574.635499277689,2.2271049214492944e-06,0.4231762422795405,0.1937744617402022,1311.62031436323,5307.340670817465,True,tilde_q_mu,asymptotic,default,sidak_approx,observed,8.21**2 * RBF(length_scale=0.321),0.0271757454873275,0.3705783475544666,0.1003530909153006,0.3212627028130396,0.0247052231702977,67.41239722947941,1623.434622527424,396,99,297,416,20,0.04,0.3,0.000625,1.0,1e-08,1e+18,False,False,False,False,12,1.1,15.0,13.003837309969438,10.059889585728104,137.18031253265593,118.92469775369464,study_results/v4p2_followups_20260806/pseudo65/gp_window_ensemble_20260806/runs/window_2p25eq2p5/draw_04/attempt_01/results_single.csv,1,1,1,1,single_attempt_outside_55_75MeV,False,,,,,,,window_2p25eq2p5,4
2021,0.109,0.002718655875,0.10288302428125,0.11511697571875,1268214292.8765628,1.64,0.104541404365,0.1134585956349999,0.0089171912699999,0.0,1.0,8000,0.000125,True,8957.453253378058,2.1041918351014176e-06,0.4560755645701286,0.1103256330156005,576.5780697718488,5223.137573496105,True,tilde_q_mu,asymptotic,default,sidak_approx,observed,8.21**2 * RBF(length_scale=0.322),0.0270994103395402,0.3695374137210039,0.1000712047006427,0.3215506780414347,0.0246358275814002,67.45184923826503,1629.5256842351082,397,101,296,416,19,0.04,0.3,0.000625,1.0,1e-08,1e+18,False,False,False,False,12,1.1,15.0,13.052156538236265,9.967944302454349,135.92651321528655,118.27560854550404,study_results/v4p2_followups_20260806/pseudo65/gp_window_ensemble_20260806/runs/window_2p25eq2p5/draw_04/attempt_01/results_single.csv,1,1,1,1,single_attempt_outside_55_75MeV,False,,,,,,,window_2p25eq2p5,4
2021,0.11,0.0027360875,0.103843803125,0.116156196875,1243647528.4440663,1.64,0.1055128165,0.1144871835,0.008974367,0.0,1.0,8000,0.000125,True,8184.280995642095,1.942721102381098e-06,0.5,0.0,-674.6677416772847,5212.633221518494,True,tilde_q_mu,asymptotic,default,sidak_approx,observed,8.19**2 * RBF(length_scale=0.321),0.0270261337672677,0.3685381877354698,0.0998006130245964,0.3210773367309116,0.0245692125156979,67.12743601961745,1623.9458930056371,396,102,294,416,20,0.04,0.3,0.000625,1.0,1e-08,1e+18,False,False,False,False,12,1.1,15.0,13.068279519572142,9.87765697086361,134.69532232995832,117.34907481245082,study_results/v4p2_followups_20260806/pseudo65/gp_window_ensemble_20260806/runs/window_2p25eq2p5/draw_04/attempt_01/results_single.csv,1,1,1,1,single_attempt_outside_55_75MeV,False,,,,,,,window_2p25eq2p5,4
2021,0.111,0.002753690875,0.10480419553125,0.11719580446875,1219296431.1209323,1.64,0.106483946965,0.115516053035,0.0090321060699999,0.0,1.0,8000,0.000125,True,7648.360883315265,1.835084269057299e-06,0.5,0.0,-1610.9264204255917,5164.227795789697,True,tilde_q_mu,asymptotic,default,sidak_approx,observed,8.18**2 * RBF(length_scale=0.321),0.0269558335695793,0.3675795486760824,0.0995410123401082,0.3207734346331609,0.0245053032450721,66.88522134739296,1623.8135003605917,396,104,292,416,20,0.04,0.3,0.000625,1.0,1e-08,1e+18,False,False,False,False,12,1.1,15.0,13.089959810950967,9.788983147783204,133.4861338334073,116.48854181323492,study_results/v4p2_followups_20260806/pseudo65/gp_window_ensemble_20260806/runs/window_2p25eq2p5/draw_04/attempt_01/results_single.csv,1,1,1,1,single_attempt_outside_55_75MeV,False,,,,,,,window_2p25eq2p5,4
2021,0.112,0.002771466,0.1057642015,0.1182357985,1195083180.8359652,1.64,0.10745479576,0.11654520424,0.00909040848,0.0,1.0,8000,0.000125,True,7005.4594957663685,1.699575224111578e-06,0.5,0.0,-3048.4891980692178,5125.076209877445,True,tilde_q_mu,asymptotic,default,sidak_approx,observed,8.08**2 * RBF(length_scale=0.319),0.0268884304576102,0.3666604153310482,0.0992921098536402,0.3192249468757011,0.0244440276887365,65.32960056728228,1624.5435653070422,396,105,291,416,20,0.04,0.3,0.000625,1.0,1e-08,1e+18,False,False,False,False,12,1.1,15.0,13.059425023593608,9.70187996447014,132.29836315186554,115.1827036217298,study_results/v4p2_followups_20260806/pseudo65/gp_window_ensemble_20260806/runs/window_2p25eq2p5/draw_04/attempt_01/results_single.csv,1,1,1,1,single_attempt_outside_55_75MeV,False,,,,,,,window_2p25eq2p5,4
2021,0.113,0.002789412875,0.10672382103125,0.11927617896875,1171074447.656905,1.64,0.108425362885,0.117574637115,0.00914927423,0.0,1.0,8000,0.000125,True,6842.332580458644,1.6790404287575088e-06,0.5,0.0,-3284.4833314249813,5071.652071147473,True,tilde_q_mu,asymptotic,default,sidak_approx,observed,8.16**2 * RBF(length_scale=0.32),0.0268238479267369,0.3657797444555033,0.0990536230531478,0.3201536228433067,0.0243853162970335,66.5251465844976,1624.8623407502355,396,107,289,416,20,0.04,0.3,0.000625,1.0,1e-08,1e+18,False,False,False,False,12,1.1,15.0,13.128951002462616,9.616306057502122,131.1314462386653,114.77455550329984,study_results/v4p2_followups_20260806/pseudo65/gp_window_ensemble_20260806/runs/window_2p25eq2p5/draw_04/attempt_01/results_single.csv,1,1,1,1,single_attempt_outside_55_75MeV,False,,,,,,,window_2p25eq2p5,4
2021,0.114,0.0028075315,0.107683054125,0.120316945875,1146935681.7505815,1.64,0.10939564834,0.11860435166,0.00920870332,0.0,1.0,8000,0.000125,True,6711.114254786339,1.66675067341268e-06,0.5,0.0,-3589.268940072234,5052.184097367927,True,tilde_q_mu,asymptotic,default,sidak_approx,observed,8.14**2 * RBF(length_scale=0.32),0.0267620121354335,0.3649365291195483,0.0988252792607253,0.3201099986512576,0.0243291019413032,66.1889942329641,1619.688245278057,395,108,287,416,21,0.04,0.3,0.000625,1.0,1e-08,1e+18,False,False,False,False,12,1.1,15.0,13.157493417700335,9.532221503279144,129.9848386810792,114.01831062314264,study_results/v4p2_followups_20260806/pseudo65/gp_window_ensemble_20260806/runs/window_2p25eq2p5/draw_04/attempt_01/results_single.csv,1,1,1,1,single_attempt_outside_55_75MeV,False,,,,,,,window_2p25eq2p5,4
2021,0.115,0.002825821875,0.10864190078125,0.12135809921875,1123372222.1676126,1.64,0.110365652125,0.119634347875,0.00926869575,0.0,1.0,8000,0.000125,True,6608.249084521134,1.661058031287154e-06,0.5,0.0,-3525.013521749696,4972.53090815372,True,tilde_q_mu,asymptotic,default,sidak_approx,observed,8.17**2 * RBF(length_scale=0.32),0.026702851790388,0.3641297971416546,0.0986068152083701,0.3204998190057176,0.0242753198094436,66.67344119279862,1624.7582477631731,396,110,286,416,20,0.04,0.3,0.000625,1.0,1e-08,1e+18,False,False,False,False,12,1.1,15.0,13.202702230972712,9.4495877559119,128.85801485334406,113.41826667886404,study_results/v4p2_followups_20260806/pseudo65/gp_window_ensemble_20260806/runs/window_2p25eq2p5/draw_04/attempt_01/results_single.csv,1,1,1,1,single_attempt_outside_55_75MeV,False,,,,,,,window_2p25eq2p5,4
2021,0.116,0.002844284,0.109600361,0.122399639,1099793946.70252,1.64,0.11133537424,0.12066462576,0.0093292515199999,0.0,1.0,8000,0.000125,True,6592.82089865976,1.6781156424126828e-06,0.5,0.0,-3515.33701010391,4960.342575469721,True,tilde_q_mu,asymptotic,default,sidak_approx,observed,8.09**2 * RBF(length_scale=0.319),0.0266462980375249,0.3633586096026131,0.0983979766355584,0.3194805373910352,0.0242239073068408,65.49378069459,1619.203416251321,395,111,284,416,21,0.04,0.3,0.000625,1.0,1e-08,1e+18,False,False,False,False,12,1.1,15.0,13.188645966326556,9.368367588301648,127.75046711320428,112.32371218592633,study_results/v4p2_followups_20260806/pseudo65/gp_window_ensemble_20260806/runs/window_2p25eq2p5/draw_04/attempt_01/results_single.csv,1,1,1,1,single_attempt_outside_55_75MeV,False,,,,,,,window_2p25eq2p5,4
2021,0.117,0.002862917875,0.11055843478125,0.12344156521875,1076409135.485572,1.64,0.112304814685,0.121695185315,0.00939037063,0.0,1.0,8000,0.000125,True,6951.638982175675,1.7924369797385945e-06,0.5,0.0,-2251.7230980231775,4903.822134820327,True,tilde_q_mu,asymptotic,default,sidak_approx,observed,8.23**2 * RBF(length_scale=0.321),0.0265922843585697,0.3626220594350426,0.0981985179072823,0.3212347652028747,0.0241748039623361,67.6803395028035,1620.114338186711,395,113,282,416,21,0.04,0.3,0.000625,1.0,1e-08,1e+18,False,False,False,False,12,1.1,15.0,13.28799876529926,9.288525036216694,126.66170503931852,112.20537201154424,study_results/v4p2_followups_20260806/pseudo65/gp_window_ensemble_20260806/runs/window_2p25eq2p5/draw_04/attempt_01/results_single.csv,1,1,1,1,single_attempt_outside_55_75MeV,False,,,,,,,window_2p25eq2p5,4
2021,0.118,0.0028817235,0.1115161221249999,0.124483877875,1053178929.4199272,1.64,0.11327397346,0.1227260265399999,0.0094520530799999,0.0,1.0,8000,0.000125,True,7480.347671421017,1.9545983889148697e-06,0.5,0.0,-892.1054561782306,4855.943679599331,True,tilde_q_mu,asymptotic,default,sidak_approx,observed,8.25**2 * RBF(length_scale=0.321),0.0265407464728296,0.3619192700840412,0.0980082016513522,0.321328734502355,0.024127951338936,68.06617921843329,1621.3634057423155,395,114,281,416,21,0.04,0.3,0.000625,1.0,1e-08,1e+18,False,False,False,False,12,1.1,15.0,13.317696558174672,9.21002534519002,125.59125470713664,111.50574803667148,study_results/v4p2_followups_20260806/pseudo65/gp_window_ensemble_20260806/runs/window_2p25eq2p5/draw_04/attempt_01/results_single.csv,1,1,1,1,single_attempt_outside_55_75MeV,False,,,,,,,window_2p25eq2p5,4
2021,0.119,0.002900700875,0.1124734230312499,0.12552657696875,1030627124.242168,1.64,0.114242850565,0.1237571494349999,0.0095142988699999,0.0,1.0,8000,0.000125,True,8128.4116130566445,2.1521725119816416e-06,0.4765979734246228,0.058693863853756,335.0581881279791,4813.616889748992,True,tilde_q_mu,asymptotic,default,sidak_approx,observed,8.22**2 * RBF(length_scale=0.321),0.0264916222438949,0.3612493942349304,0.0978267984138683,0.3211856707635256,0.0240832929489953,67.6126817401875,1623.777675034053,395,116,279,416,21,0.04,0.3,0.000625,1.0,1e-08,1e+18,False,False,False,False,12,1.1,15.0,13.336451599195613,9.13283492007596,124.53865800103584,110.72691897730598,study_results/v4p2_followups_20260806/pseudo65/gp_window_ensemble_20260806/runs/window_2p25eq2p5/draw_04/attempt_01/results_single.csv,1,1,1,1,single_attempt_outside_55_75MeV,False,,,,,,,window_2p25eq2p5,4
2021,0.12,0.00291985,0.1134303374999999,0.1265696624999999,1008026180.837055,1.64,0.115211446,0.124788554,0.009577108,0.0,1.0,8000,0.000125,True,8754.921230597962,2.3502773060267288e-06,0.3896093134292544,0.280337442672614,1339.0720498661544,4793.873636518791,True,tilde_q_mu,asymptotic,default,sidak_approx,observed,8.2**2 * RBF(length_scale=0.321),0.0264448515909636,0.3606116126040493,0.0976540863317667,0.321090410154227,0.0240407741736032,67.30145656107345,1618.5649227809454,394,117,277,416,22,0.04,0.3,0.000625,1.0,1e-08,1e+18,False,False,False,False,12,1.1,15.0,13.35607613280539,9.05692127710794,123.5034719605628,109.9681182780715,study_results/v4p2_followups_20260806/pseudo65/gp_window_ensemble_20260806/runs/window_2p25eq2p5/draw_04/attempt_01/results_single.csv,1,1,1,1,single_attempt_outside_55_75MeV,False,,,,,,,window_2p25eq2p5,4
2021,0.121,0.002939170875,0.1143868655312499,0.12761313446875,985440224.1699862,1.64,0.116179759765,0.125820240235,0.0096404804699999,0.0,1.0,8000,0.000125,True,9295.893043252428,2.5316017333845333e-06,0.3146193412785422,0.4827986878823668,2276.9815179900916,4720.427572889247,True,tilde_q_mu,asymptotic,default,sidak_approx,observed,8.26**2 * RBF(length_scale=0.322),0.0264003764045369,0.3600051327891407,0.0974898508215015,0.3216863057973763,0.0240003421859427,68.2151791357686,1622.879673017343,395,119,276,416,21,0.04,0.3,0.000625,1.0,1e-08,1e+18,False,False,False,False,12,1.1,15.0,13.403404972525427,8.982252998317762,122.48526815887854,109.44797682012154,study_results/v4p2_followups_20260806/pseudo65/gp_window_ensemble_20260806/runs/window_2p25eq2p5/draw_04/attempt_01/results_single.csv,1,1,1,1,single_attempt_outside_55_75MeV,False,,,,,,,window_2p25eq2p5,4
2021,0.122,0.0029586635,0.115343007125,0.128656992875,963312661.4875358,1.64,0.11714779186,0.12685220814,0.00970441628,0.0,1.0,8000,0.000125,True,9745.73371508901,2.692820244815776e-06,0.2589269517555425,0.6466570851101177,2985.750944192891,4678.83655967315,True,tilde_q_mu,asymptotic,default,sidak_approx,observed,8.22**2 * RBF(length_scale=0.321),0.0263581404662262,0.3594291881758127,0.0973338842829142,0.3209508976466266,0.0239619458783875,67.51031104579934,1623.8082871572296,395,121,274,416,21,0.04,0.3,0.000625,1.0,1e-08,1e+18,False,False,False,False,12,1.1,15.0,13.394191743672552,8.908799688178892,121.48363211153033,108.47833748130756,study_results/v4p2_followups_20260806/pseudo65/gp_window_ensemble_20260806/runs/window_2p25eq2p5/draw_04/attempt_01/results_single.csv,1,1,1,1,single_attempt_outside_55_75MeV,False,,,,,,,window_2p25eq2p5,4
2021,0.123,0.002978327875,0.11629876228125,0.12970123771875,941612336.1342888,1.64,0.118115542285,0.127884457715,0.00976891543,0.0,1.0,8000,0.000125,True,9563.614020937512,2.681419177146609e-06,0.2750488060094245,0.5976138629717381,2776.271922121901,4654.906866273264,True,tilde_q_mu,asymptotic,default,sidak_approx,observed,8.28**2 * RBF(length_scale=0.322),0.026318089372443,0.3588830368969509,0.0971859858174404,0.321937218973055,0.02392553579313,68.57923825424024,1619.4438425869375,394,122,272,416,22,0.04,0.3,0.000625,1.0,1e-08,1e+18,False,False,False,False,12,1.1,15.0,13.455799767940643,8.836531932349143,120.49816271385194,108.09327665882154,study_results/v4p2_followups_20260806/pseudo65/gp_window_ensemble_20260806/runs/window_2p25eq2p5/draw_04/attempt_01/results_single.csv,1,1,1,1,single_attempt_outside_55_75MeV,False,,,,,,,window_2p25eq2p5,4
2021,0.124,0.002998164,0.117254131,0.130745869,920037116.668702,1.64,0.1190830110399999,0.12891698896,0.00983397792,0.0,1.0,8000,0.000125,True,9106.355606708468,2.5920149035213664e-06,0.3066810406346345,0.5052801520303639,2318.0657840658323,4584.520418040768,True,tilde_q_mu,asymptotic,default,sidak_approx,observed,8.27**2 * RBF(length_scale=0.322),0.0262801704617562,0.3583659608421308,0.0970459609598579,0.3216455131422902,0.023891064056142,68.36575442329077,1625.7064094441653,395,124,271,416,21,0.04,0.3,0.000625,1.0,1e-08,1e+18,False,False,False,False,12,1.1,15.0,13.463004928807251,8.765421258395557,119.52847170539395,107.28082691350112,study_results/v4p2_followups_20260806/pseudo65/gp_window_ensemble_20260806/runs/window_2p25eq2p5/draw_04/attempt_01/results_single.csv,1,1,1,1,single_attempt_outside_55_75MeV,False,,,,,,,window_2p25eq2p5,4
2021,0.125,0.003018171875,0.11820911328125,0.13179088671875,898531012.9433209,1.64,0.120050198125,0.129949801875,0.00989960375,0.0,1.0,8000,0.000125,True,9024.438491548482,2.60913786087725e-06,0.3119481611859526,0.4903357655516533,2240.9386673881786,4570.0144671692115,True,tilde_q_mu,asymptotic,default,sidak_approx,observed,8.21**2 * RBF(length_scale=0.32),0.0262443327457108,0.3578772647142392,0.0969136214228183,0.3204633044305649,0.0238584843142826,67.36934481738938,1621.1985674087764,394,125,269,416,22,0.04,0.3,0.000625,1.0,1e-08,1e+18,False,False,False,False,12,1.1,15.0,13.43183834350798,8.695440098390975,118.57418315987692,106.17795066113156,study_results/v4p2_followups_20260806/pseudo65/gp_window_ensemble_20260806/runs/window_2p25eq2p5/draw_04/attempt_01/results_single.csv,1,1,1,1,single_attempt_outside_55_75MeV,False,,,,,,,window_2p25eq2p5,4
2021,0.126,0.0030383515,0.119163709125,0.132836290875,877660484.0400469,1.64,0.12101710354,0.13098289646,0.0099657929199999,0.0,1.0,8000,0.000125,True,8525.854166175246,2.503575723784183e-06,0.3589779891126979,0.361191924947792,1648.852804383549,4523.949570187259,True,tilde_q_mu,asymptotic,default,sidak_approx,observed,8.17**2 * RBF(length_scale=0.32),0.0262105268429174,0.3574162751306931,0.0967887848534561,0.3202193278212327,0.0238277516753795,66.67163732746886,1620.188128574925,394,127,267,416,22,0.04,0.3,0.000625,1.0,1e-08,1e+18,False,False,False,False,12,1.1,15.0,13.438923327042442,8.626561753278871,117.63493299925732,105.3924563439196,study_results/v4p2_followups_20260806/pseudo65/gp_window_ensemble_20260806/runs/window_2p25eq2p5/draw_04/attempt_01/results_single.csv,1,1,1,1,single_attempt_outside_55_75MeV,False,,,,,,,window_2p25eq2p5,4
2021,0.127,0.003058702875,0.12011791853125,0.13388208146875,857126402.643784,1.64,0.121983727285,0.132016272715,0.0100325454299999,0.0,1.0,8000,0.000125,True,8544.171647981588,2.548832478241691e-06,0.3465651325324617,0.3946106330399897,1778.0340005234254,4476.572633591433,True,tilde_q_mu,asymptotic,default,sidak_approx,observed,8.16**2 * RBF(length_scale=0.32),0.0261787049162304,0.3569823397667782,0.0966712746014036,0.3202292830112991,0.0237988226511185,66.58433230209238,1620.1980826953654,394,128,266,416,22,0.04,0.3,0.000625,1.0,1e-08,1e+18,False,False,False,False,12,1.1,15.0,13.45567752261259,8.558760358908806,116.71036853057464,104.69447216617898,study_results/v4p2_followups_20260806/pseudo65/gp_window_ensemble_20260806/runs/window_2p25eq2p5/draw_04/attempt_01/results_single.csv,1,1,1,1,single_attempt_outside_55_75MeV,False,,,,,,,window_2p25eq2p5,4
2021,0.128,0.003079226,0.1210717415,0.1349282585,836870911.2847852,1.64,0.12295006936,0.13304993064,0.01009986128,0.0,1.0,8000,0.000125,True,8393.01316054387,2.544306245478767e-06,0.3489518187052011,0.3881518848831895,1694.9578772263746,4425.351252505716,True,tilde_q_mu,asymptotic,default,sidak_approx,observed,8.24**2 * RBF(length_scale=0.321),0.0261488206128557,0.3565748265389423,0.0965609194976257,0.3213466897376709,0.0237716551025961,67.95002661934232,1620.3225220088748,394,130,264,416,22,0.04,0.3,0.000625,1.0,1e-08,1e+18,False,False,False,False,12,1.1,15.0,13.51806125197298,8.492010853654708,115.80014800438238,104.3595662473852,study_results/v4p2_followups_20260806/pseudo65/gp_window_ensemble_20260806/runs/window_2p25eq2p5/draw_04/attempt_01/results_single.csv,1,1,1,1,single_attempt_outside_55_75MeV,False,,,,,,,window_2p25eq2p5,4
2021,0.129,0.003099920875,0.12202517803125,0.13597482196875,816661383.882061,1.64,0.123916129765,0.134083870235,0.01016774047,0.0,1.0,8000,0.000125,True,8564.150946934049,2.639808997460908e-06,0.3201775278473435,0.4672024293893528,1984.640618569956,4401.084733391066,True,tilde_q_mu,asymptotic,default,sidak_approx,observed,8.24**2 * RBF(length_scale=0.321),0.0261208290072193,0.3561931228257187,0.096457553643445,0.3212579778115753,0.0237462081883812,67.95614424201754,1615.298208383907,393,131,262,416,23,0.04,0.3,0.000625,1.0,1e-08,1e+18,False,False,False,False,12,1.1,15.0,13.528811642810547,8.426288947526562,114.90394019354402,103.63425092634834,study_results/v4p2_followups_20260806/pseudo65/gp_window_ensemble_20260806/runs/window_2p25eq2p5/draw_04/attempt_01/results_single.csv,1,1,1,1,single_attempt_outside_55_75MeV,False,,,,,,,window_2p25eq2p5,4
2021,0.13,0.0031207875,0.122978228125,0.137021771875,796778619.4646972,1.64,0.1248819085,0.1351180915,0.010236183,0.0,1.0,8000,0.000125,True,8309.08844605587,2.604907341619299e-06,0.3428643427323841,0.4046583172501355,1785.8146764549576,4330.38992589247,True,tilde_q_mu,asymptotic,default,sidak_approx,observed,8.26**2 * RBF(length_scale=0.321),0.0260946865464589,0.3558366347244401,0.0963610162092589,0.321453780757712,0.0237224423149626,68.16925896040678,1620.9594375607212,394,133,261,416,22,0.04,0.3,0.000625,1.0,1e-08,1e+18,False,False,False,False,12,1.1,15.0,13.550619134816422,8.36157109269982,114.0214239913612,103.00405931442369,study_results/v4p2_followups_20260806/pseudo65/gp_window_ensemble_20260806/runs/window_2p25eq2p5/draw_04/attempt_01/results_single.csv,1,1,1,1,single_attempt_outside_55_75MeV,False,,,,,,,window_2p25eq2p5,4
2021,0.131,0.003141825875,0.12393089178125,0.13806910821875,777717056.7816086,1.64,0.125847405565,0.136152594435,0.0103051888699999,0.0,1.0,8000,0.000125,True,7670.197634373924,2.4447449449816935e-06,0.4152696942114016,0.2140098339922961,924.6258551458168,4302.566805300629,True,tilde_q_mu,asymptotic,default,sidak_approx,observed,8.31**2 * RBF(length_scale=0.322),0.0260703509983903,0.3555047863416871,0.0962711512423922,0.3223189873302661,0.0237003190894458,69.0437842906528,1614.3730067022057,393,134,259,416,23,0.04,0.3,0.000625,1.0,1e-08,1e+18,False,False,False,False,12,1.1,15.0,13.599774168179902,8.297834455383493,113.1522880279567,102.5897042528705,study_results/v4p2_followups_20260806/pseudo65/gp_window_ensemble_20260806/runs/window_2p25eq2p5/draw_04/attempt_01/results_single.csv,1,1,1,1,single_attempt_outside_55_75MeV,False,,,,,,,window_2p25eq2p5,4
2021,0.132,0.003163036,0.124883169,0.139116831,758729637.4451472,1.64,0.12681262096,0.13718737904,0.0103747580799999,0.0,1.0,8000,0.000125,True,6788.910340727729,2.201197521713809e-06,0.5,0.0,-351.9149731306793,4252.214918870556,True,tilde_q_mu,asymptotic,default,sidak_approx,observed,8.4**2 * RBF(length_scale=0.324),0.0260477814018274,0.3551970191158293,0.0961878074836403,0.3235440102417428,0.0236798012743886,70.490748308808,1613.8533049635462,393,136,257,416,23,0.04,0.3,0.000625,1.0,1e-08,1e+18,False,False,False,False,12,1.1,15.0,13.663290772278502,8.235056888959685,112.2962303039957,102.28906981828304,study_results/v4p2_followups_20260806/pseudo65/gp_window_ensemble_20260806/runs/window_2p25eq2p5/draw_04/attempt_01/results_single.csv,1,1,1,1,single_attempt_outside_55_75MeV,False,,,,,,,window_2p25eq2p5,4
2021,0.133,0.003184417875,0.12583505978125,0.14016494021875,740120080.2932594,1.64,0.127777554685,0.138222445315,0.0104448906299999,0.0,1.0,8000,0.000125,True,6315.478566953776,2.083398558873292e-06,0.5,0.0,-1140.681481945003,4211.6444656299955,True,tilde_q_mu,asymptotic,default,sidak_approx,observed,8.3**2 * RBF(length_scale=0.322),0.0260269380191233,0.3549127911698635,0.0961108381920171,0.3221794803344387,0.0236608527446575,68.93080564381435,1610.7671568210008,393,137,256,416,23,0.04,0.3,0.000625,1.0,1e-08,1e+18,False,False,False,False,12,1.1,15.0,13.616562505642756,8.173216908325301,111.45295784079954,101.17374445853424,study_results/v4p2_followups_20260806/pseudo65/gp_window_ensemble_20260806/runs/window_2p25eq2p5/draw_04/attempt_01/results_single.csv,1,1,1,1,single_attempt_outside_55_75MeV,False,,,,,,,window_2p25eq2p5,4
2021,0.134,0.0032059715,0.126786564125,0.141213435875,721731213.3148873,1.64,0.12874220674,0.13925779326,0.01051558652,0.0,1.0,8000,0.000125,True,5928.638916416909,1.9906487528641183e-06,0.5,0.0,-1892.0688355718191,4173.501109036996,True,tilde_q_mu,asymptotic,default,sidak_approx,observed,8.22**2 * RBF(length_scale=0.321),0.0260077822908281,0.3546515766931113,0.0960401009773177,0.3211893989500692,0.0236434384462074,67.64704813611465,1612.439771578648,393,139,254,416,23,0.04,0.3,0.000625,1.0,1e-08,1e+18,False,False,False,False,12,1.1,15.0,13.584716101290686,8.112293665376676,110.62218634604557,100.1847330676736,study_results/v4p2_followups_20260806/pseudo65/gp_window_ensemble_20260806/runs/window_2p25eq2p5/draw_04/attempt_01/results_single.csv,1,1,1,1,single_attempt_outside_55_75MeV,False,,,,,,,window_2p25eq2p5,4
2021,0.135,0.003227696875,0.12773768203125,0.14226231796875,703839749.1336825,1.64,0.129706577125,0.140293422875,0.01058684575,0.0,1.0,8000,0.000125,True,5519.2878440518,1.8862333006503808e-06,0.5,0.0,-2905.1701179888855,4147.248973711795,True,tilde_q_mu,asymptotic,default,sidak_approx,observed,8.28**2 * RBF(length_scale=0.322),0.025990276792342,0.3544128653501188,0.0959754576400479,0.3218636841728798,0.0236275243566745,68.59348640929993,1607.276476106968,392,140,252,416,24,0.04,0.3,0.000625,1.0,1e-08,1e+18,False,False,False,False,12,1.1,15.0,13.622404078993402,8.052266925574306,109.80363989419509,99.71930346553371,study_results/v4p2_followups_20260806/pseudo65/gp_window_ensemble_20260806/runs/window_2p25eq2p5/draw_04/attempt_01/results_single.csv,1,1,1,1,single_attempt_outside_55_75MeV,False,,,,,,,window_2p25eq2p5,4
2021,0.136,0.003249594,0.1286884135,0.1433115865,686424779.2721932,1.64,0.13067066584,0.14132933416,0.01065866832,0.0,1.0,8000,0.000125,True,5254.907923825896,1.8279031097601569e-06,0.5,0.0,-3442.0682145944184,4080.145420812867,True,tilde_q_mu,asymptotic,default,sidak_approx,observed,8.37**2 * RBF(length_scale=0.323),0.0259743851924713,0.3541961617155187,0.0959167740183841,0.3230020384047347,0.0236130774477012,70.13667182632553,1612.6463768533058,393,142,251,416,23,0.04,0.3,0.000625,1.0,1e-08,1e+18,False,False,False,False,12,1.1,15.0,13.678947147830543,7.993117045535957,108.99705062094486,99.39765964755436,study_results/v4p2_followups_20260806/pseudo65/gp_window_ensemble_20260806/runs/window_2p25eq2p5/draw_04/attempt_01/results_single.csv,1,1,1,1,single_attempt_outside_55_75MeV,False,,,,,,,window_2p25eq2p5,4
2021,0.137,0.003271662875,0.12963875853125,0.14436124146875,669116428.5880822,1.64,0.131634472885,0.142365527115,0.0107310542299999,0.0,1.0,8000,0.000125,True,5268.00619304172,1.866138782827184e-06,0.5,0.0,-3287.5991453331535,4059.27671885653,True,tilde_q_mu,asymptotic,default,sidak_approx,observed,8.36**2 * RBF(length_scale=0.323),0.0259600722137896,0.3540009847334957,0.0958639198417955,0.3227051390122504,0.0236000656488997,69.84773532633594,1608.6477308329931,392,143,249,416,24,0.04,0.3,0.000625,1.0,1e-08,1e+18,False,False,False,False,12,1.1,15.0,13.673908531152566,7.93482495160498,108.20215843097698,98.63642781723053,study_results/v4p2_followups_20260806/pseudo65/gp_window_ensemble_20260806/runs/window_2p25eq2p5/draw_04/attempt_01/results_single.csv,1,1,1,1,single_attempt_outside_55_75MeV,False,,,,,,,window_2p25eq2p5,4
2021,0.138,0.0032939035,0.130588717125,0.145411282875,652262296.7982231,1.64,0.13259799826,0.14340200174,0.0108040034799999,0.0,1.0,8000,0.000125,True,5430.790264347766,1.9592127168007055e-06,0.5,0.0,-2587.2027587427683,4021.45576209632,True,tilde_q_mu,asymptotic,default,sidak_approx,observed,8.29**2 * RBF(length_scale=0.322),0.0259473035947063,0.3538268672005407,0.095816768590974,0.3220184042955346,0.0235884578133693,68.75515153546019,1607.757041279965,392,145,247,416,24,0.04,0.3,0.000625,1.0,1e-08,1e+18,False,False,False,False,12,1.1,15.0,13.651524268492963,7.877372119342997,107.41871071831358,97.76194241741888,study_results/v4p2_followups_20260806/pseudo65/gp_window_ensemble_20260806/runs/window_2p25eq2p5/draw_04/attempt_01/results_single.csv,1,1,1,1,single_attempt_outside_55_75MeV,False,,,,,,,window_2p25eq2p5,4
2021,0.139,0.003316315875,0.13153828928125,0.14646171071875,635785521.2448627,1.64,0.133561241965,0.144438758035,0.0108775160699999,0.0,1.0,8000,0.000125,True,5528.267925035575,2.031344446210435e-06,0.5,0.0,-2119.3062197871736,3977.629194443399,True,tilde_q_mu,asymptotic,default,sidak_approx,observed,8.31**2 * RBF(length_scale=0.322),0.0259360460531648,0.3536733552704296,0.0957751973637809,0.3221927295054004,0.0235782236846953,69.01592698935467,1607.9047623433116,392,146,246,416,24,0.04,0.3,0.000625,1.0,1e-08,1e+18,False,False,False,False,12,1.1,15.0,13.664843196586377,7.820740553903008,106.64646209867738,97.15381213660788,study_results/v4p2_followups_20260806/pseudo65/gp_window_ensemble_20260806/runs/window_2p25eq2p5/draw_04/attempt_01/results_single.csv,1,1,1,1,single_attempt_outside_55_75MeV,False,,,,,,,window_2p25eq2p5,4
2021,0.14,0.0033389,0.132487475,0.147512525,619834689.867921,1.64,0.134524204,0.145475796,0.010951592,0.0,1.0,8000,0.000125,True,5700.123894637305,2.1330464027071655e-06,0.5,0.0,-1522.4328848474486,3936.901926220482,True,tilde_q_mu,asymptotic,default,sidak_approx,observed,8.38**2 * RBF(length_scale=0.323),0.0259262672518869,0.3535400079802764,0.0957390867469023,0.323036711947184,0.0235693338653517,70.17817389912105,1607.66515023188,392,148,244,416,24,0.04,0.3,0.000625,1.0,1e-08,1e+18,False,False,False,False,12,1.1,15.0,13.7058057640766,7.764912771238112,105.88517415324698,96.74944201598848,study_results/v4p2_followups_20260806/pseudo65/gp_window_ensemble_20260806/runs/window_2p25eq2p5/draw_04/attempt_01/results_single.csv,1,1,1,1,single_attempt_outside_55_75MeV,False,,,,,,,window_2p25eq2p5,4
2021,0.141,0.003361655875,0.13343627428125,0.1485637257187499,604132627.2786524,1.64,0.1354868843649999,0.146513115635,0.01102623127,0.0,1.0,8000,0.000125,True,5748.235343348235,2.19130615613588e-06,0.5,0.0,-1342.1676738973913,3917.462850729574,True,tilde_q_mu,asymptotic,default,sidak_approx,observed,8.33**2 * RBF(length_scale=0.322),0.0259179357650831,0.3534263967965889,0.0957083206929198,0.3222961400518992,0.0235617597864392,69.41381917422412,1604.8836290666318,391,149,242,416,25,0.04,0.3,0.000625,1.0,1e-08,1e+18,False,False,False,False,12,1.1,15.0,13.678780488942662,7.709871780103963,105.13461518323584,95.8742215253961,study_results/v4p2_followups_20260806/pseudo65/gp_window_ensemble_20260806/runs/window_2p25eq2p5/draw_04/attempt_01/results_single.csv,1,1,1,1,single_attempt_outside_55_75MeV,False,,,,,,,window_2p25eq2p5,4
2021,0.142,0.0033845835,0.1343846871249999,0.149615312875,588792286.6909375,1.64,0.1364492830599999,0.14755071694,0.01110143388,0.0,1.0,8000,0.000125,True,5884.288860329032,2.2854064555771585e-06,0.5,0.0,-844.4680473133216,3859.764363748905,True,tilde_q_mu,asymptotic,default,sidak_approx,observed,8.29**2 * RBF(length_scale=0.322),0.0259110210465671,0.3533321051804605,0.0956827864025644,0.3219450763546238,0.0235554736786973,68.75541357438125,1609.8917443587216,392,151,241,416,24,0.04,0.3,0.000625,1.0,1e-08,1e+18,False,False,False,False,12,1.1,15.0,13.667527163581436,7.6556010648184945,104.39455997479764,95.1210322790452,study_results/v4p2_followups_20260806/pseudo65/gp_window_ensemble_20260806/runs/window_2p25eq2p5/draw_04/attempt_01/results_single.csv,1,1,1,1,single_attempt_outside_55_75MeV,False,,,,,,,window_2p25eq2p5,4
2021,0.143,0.003407682875,0.1353327135312499,0.15066728646875,573696429.0826498,1.64,0.137411400085,0.1485885999149999,0.0111771998299999,0.0,1.0,8000,0.000125,True,6108.3230300570585,2.41781870983481e-06,0.5,0.0,-296.0163682103859,3819.0918293340287,True,tilde_q_mu,asymptotic,default,sidak_approx,observed,8.31**2 * RBF(length_scale=0.322),0.025905493399191,0.3532567281707865,0.0956623742118505,0.3222523640514915,0.0235504485447191,68.99524783761491,1610.5155748059287,392,153,239,416,24,0.04,0.3,0.000625,1.0,1e-08,1e+18,False,False,False,False,12,1.1,15.0,13.68349156660766,7.602084568738228,103.66478957370308,94.5664182590616,study_results/v4p2_followups_20260806/pseudo65/gp_window_ensemble_20260806/runs/window_2p25eq2p5/draw_04/attempt_01/results_single.csv,1,1,1,1,single_attempt_outside_55_75MeV,False,,,,,,,window_2p25eq2p5,4
2021,0.144,0.003430954,0.1362803534999999,0.1517196465,559083772.4170778,1.64,0.13837323544,0.14962676456,0.0112535291199999,0.0,1.0,8000,0.000125,True,6208.562452429853,2.504214910815887e-06,0.4999311292015692,0.0001726334915006,-66.22588477074794,3798.589689537156,True,tilde_q_mu,asymptotic,default,sidak_approx,observed,8.27**2 * RBF(length_scale=0.322),0.0259013239455544,0.3531998719848339,0.0956469774839098,0.3218172360442003,0.0235466581323222,68.36062575310581,1605.3233285426818,391,154,237,416,25,0.04,0.3,0.000625,1.0,1e-08,1e+18,False,False,False,False,12,1.1,15.0,13.667214864874818,7.5493066784207805,102.94509106937429,93.79817859528292,study_results/v4p2_followups_20260806/pseudo65/gp_window_ensemble_20260806/runs/window_2p25eq2p5/draw_04/attempt_01/results_single.csv,1,1,1,1,single_attempt_outside_55_75MeV,False,,,,,,,window_2p25eq2p5,4
2021,0.145,0.003454396875,0.1372276070312499,0.15277239296875,544779001.7566646,1.64,0.139334789125,0.1506652108749999,0.0113304217499999,0.0,1.0,8000,0.000125,True,6349.836208305172,2.610321997432021e-06,0.4656192545404652,0.0862867022943186,322.2089464198396,3737.883543983309,True,tilde_q_mu,asymptotic,default,sidak_approx,observed,8.28**2 * RBF(length_scale=0.322),0.0258984845999115,0.3531611536351575,0.095636492505252,0.3220985597094445,0.0235440769090105,68.6335832772179,1611.236441568506,392,156,236,416,24,0.04,0.3,0.000625,1.0,1e-08,1e+18,False,False,False,False,12,1.1,15.0,13.680662060111384,7.49725220843698,102.235257387777,93.24306713004552,study_results/v4p2_followups_20260806/pseudo65/gp_window_ensemble_20260806/runs/window_2p25eq2p5/draw_04/attempt_01/results_single.csv,1,1,1,1,single_attempt_outside_55_75MeV,False,,,,,,,window_2p25eq2p5,4
2021,0.146,0.0034780115,0.138174474125,0.1538255258749999,530723198.11642635,1.64,0.1402960611399999,0.15170393886,0.01140787772,0.0,1.0,8000,0.000125,True,6313.95471842939,2.6460646933348182e-06,0.4656221374913304,0.0862794488582772,319.93797733459985,3717.286911925068,True,tilde_q_mu,asymptotic,default,sidak_approx,observed,8.26**2 * RBF(length_scale=0.322),0.0258969480412312,0.3531402005622441,0.0956308183862839,0.321791793370391,0.0235426800374829,68.30888421994749,1606.1380008890435,391,157,234,416,25,0.04,0.3,0.000625,1.0,1e-08,1e+18,False,False,False,False,12,1.1,15.0,13.668443561143317,7.445906386805,101.53508709279544,92.52177382690972,study_results/v4p2_followups_20260806/pseudo65/gp_window_ensemble_20260806/runs/window_2p25eq2p5/draw_04/attempt_01/results_single.csv,1,1,1,1,single_attempt_outside_55_75MeV,False,,,,,,,window_2p25eq2p5,4
2021,0.147,0.0035017978749999,0.13912095478125,0.1548790452187499,517058895.8195766,1.64,0.141257051485,0.1527429485149999,0.0114858970299999,0.0,1.0,8000,0.000125,True,6243.244876587447,2.6673066168772993e-06,0.4646982298479428,0.0886042130900163,308.7188050130716,3678.248523004269,True,tilde_q_mu,asymptotic,default,sidak_approx,observed,8.25**2 * RBF(length_scale=0.322),0.025896687687343,0.353136650281951,0.0956298569658356,0.3215585653542728,0.02354244335213,67.98180993137692,1607.2842033120796,391,159,232,416,25,0.04,0.3,0.000625,1.0,1e-08,1e+18,False,False,False,False,12,1.1,15.0,13.658674273720994,7.3952548410130845,100.84438419563295,91.82670640414187,study_results/v4p2_followups_20260806/pseudo65/gp_window_ensemble_20260806/runs/window_2p25eq2p5/draw_04/attempt_01/results_single.csv,1,1,1,1,single_attempt_outside_55_75MeV,False,,,,,,,window_2p25eq2p5,4
2021,0.148,0.0035257559999999,0.140067049,0.155932951,503681799.08701915,1.64,0.1422177601599999,0.15378223984,0.01156447968,0.0,1.0,8000,0.000125,True,6028.937128755668,2.626290145092129e-06,0.4931370602124996,0.017203687501004,70.78534961866181,3638.152844016397,True,tilde_q_mu,asymptotic,default,sidak_approx,observed,8.21**2 * RBF(length_scale=0.321),0.0258976776701328,0.3531501500472667,0.0956335127195648,0.3211080170108195,0.0235433433364844,67.41811067295622,1607.8710340775517,391,160,231,416,25,0.04,0.3,0.000625,1.0,1e-08,1e+18,False,False,False,False,12,1.1,15.0,13.639015173907252,7.345283584607923,100.16295797192622,91.07494024283574,study_results/v4p2_followups_20260806/pseudo65/gp_window_ensemble_20260806/runs/window_2p25eq2p5/draw_04/attempt_01/results_single.csv,1,1,1,1,single_attempt_outside_55_75MeV,False,,,,,,,window_2p25eq2p5,4
2021,0.149,0.003549885875,0.14101275678125,0.15698724321875,490644352.2917579,1.64,0.143178187165,0.154821812835,0.0116436256699999,0.0,1.0,8000,0.000125,True,5809.684521301973,2.5805923136815624e-06,0.5,0.0,-189.87489507289033,3600.4660542990728,True,tilde_q_mu,asymptotic,default,sidak_approx,observed,8.2**2 * RBF(length_scale=0.321),0.0258998928117245,0.353180356523517,0.0956416926720024,0.3209230814651312,0.0235453571015678,67.27507054500671,1606.8138086974814,391,162,229,416,25,0.04,0.3,0.000625,1.0,1e-08,1e+18,False,False,False,False,12,1.1,15.0,13.629994231166794,7.295979004317872,99.49062278615278,90.40377430869694,study_results/v4p2_followups_20260806/pseudo65/gp_window_ensemble_20260806/runs/window_2p25eq2p5/draw_04/attempt_01/results_single.csv,1,1,1,1,single_attempt_outside_55_75MeV,False,,,,,,,window_2p25eq2p5,4
2021,0.15,0.0035741875,0.141958078125,0.158041921875,477946931.2512179,1.64,0.1441383325,0.1558616675,0.011723335,0.0,1.0,8000,0.000125,True,5709.275316984923,2.586008642114528e-06,0.5,0.0,-293.04589773456746,3575.6539894868206,True,tilde_q_mu,asymptotic,default,sidak_approx,observed,8.23**2 * RBF(length_scale=0.321),0.0259033086016125,0.3532269354765349,0.0956543063121079,0.3213429887558435,0.0235484623651023,67.74450719993882,1601.9698640107783,390,163,227,416,26,0.04,0.3,0.000625,1.0,1e-08,1e+18,False,False,False,False,12,1.1,15.0,13.646028508088838,7.247327847689178,98.82719792303423,89.90658401548421,study_results/v4p2_followups_20260806/pseudo65/gp_window_ensemble_20260806/runs/window_2p25eq2p5/draw_04/attempt_01/results_single.csv,1,1,1,1,single_attempt_outside_55_75MeV,False,,,,,,,window_2p25eq2p5,4
2021,0.151,0.003598660875,0.14290301303125,0.15909698696875,465470649.96646106,1.64,0.145098196165,0.156901803835,0.0118036076699999,0.0,1.0,8000,0.000125,True,5709.120139794424,2.637666326431335e-06,0.5,0.0,-169.25222204039835,3532.0295599648944,True,tilde_q_mu,asymptotic,default,sidak_approx,observed,8.33**2 * RBF(length_scale=0.323),0.0259079011746969,0.3532895614731401,0.0956712655121596,0.3225781743182375,0.0235526374315426,69.34848136620683,1603.1734581464796,390,165,225,416,26,0.04,0.3,0.000625,1.0,1e-08,1e+18,False,False,False,False,12,1.1,15.0,13.696053159899082,7.199317211210392,98.17250742559624,89.63839203610357,study_results/v4p2_followups_20260806/pseudo65/gp_window_ensemble_20260806/runs/window_2p25eq2p5/draw_04/attempt_01/results_single.csv,1,1,1,1,single_attempt_outside_55_75MeV,False,,,,,,,window_2p25eq2p5,4
2021,0.152,0.003623306,0.1438475615,0.1601524385,453362715.5960102,1.64,0.1460577781599999,0.15794222184,0.01188444368,0.0,1.0,8000,0.000125,True,5430.2958443227835,2.558904180623674e-06,0.5,0.0,-567.8369623016339,3496.364725444394,True,tilde_q_mu,asymptotic,default,sidak_approx,observed,8.27**2 * RBF(length_scale=0.322),0.0259136472901786,0.3533679175933457,0.0956924844498192,0.321780121248199,0.0235578611728897,68.31245343869406,1603.4923190055736,390,166,224,416,26,0.04,0.3,0.000625,1.0,1e-08,1e+18,False,False,False,False,12,1.1,15.0,13.659139889087308,7.151934528902247,97.5263799395761,88.8084310980632,study_results/v4p2_followups_20260806/pseudo65/gp_window_ensemble_20260806/runs/window_2p25eq2p5/draw_04/attempt_01/results_single.csv,1,1,1,1,single_attempt_outside_55_75MeV,False,,,,,,,window_2p25eq2p5,4
2021,0.153,0.003648122875,0.14479172353125,0.16120827646875,441644549.5313737,1.64,0.147017078485,0.158982921515,0.0119658430299999,0.0,1.0,8000,0.000125,True,5469.248732573209,2.628350569843449e-06,0.5,0.0,-378.5249431900109,3458.2304525268455,True,tilde_q_mu,asymptotic,default,sidak_approx,observed,8.31**2 * RBF(length_scale=0.322),0.0259205243112793,0.3534616951538094,0.0957178795332425,0.3223036080869871,0.0235641130102539,69.02122166521308,1602.6240687410389,390,168,222,416,26,0.04,0.3,0.000625,1.0,1e-08,1e+18,False,False,False,False,12,1.1,15.0,13.677731385294928,7.105167561352867,96.88864856390272,88.34779395608685,study_results/v4p2_followups_20260806/pseudo65/gp_window_ensemble_20260806/runs/window_2p25eq2p5/draw_04/attempt_01/results_single.csv,1,1,1,1,single_attempt_outside_55_75MeV,False,,,,,,,window_2p25eq2p5,4
2021,0.154,0.0036731115,0.145735499125,0.162264500875,430164399.9517347,1.64,0.1479760971399999,0.16002390286,0.01204780572,0.0,1.0,8000,0.000125,True,5736.827564192665,2.8121373700975655e-06,0.4845850824733319,0.0386490879933286,132.1635955453933,3435.258586048062,True,tilde_q_mu,asymptotic,default,sidak_approx,observed,8.35**2 * RBF(length_scale=0.323),0.0259285101857464,0.3535705934419964,0.0957473693290902,0.3227105816783363,0.023571372896133,69.70114034929756,1599.6507003267004,389,169,220,416,27,0.04,0.3,0.000625,1.0,1e-08,1e+18,False,False,False,False,12,1.1,15.0,13.69078428737926,7.0590043851776345,96.25915070696774,87.8575512010284,study_results/v4p2_followups_20260806/pseudo65/gp_window_ensemble_20260806/runs/window_2p25eq2p5/draw_04/attempt_01/results_single.csv,1,1,1,1,single_attempt_outside_55_75MeV,False,,,,,,,window_2p25eq2p5,4
2021,0.155,0.003698271875,0.14667888828125,0.16332111171875,419006242.6242384,1.64,0.148934834125,0.161065165875,0.01213033175,0.0,1.0,8000,0.000125,True,6071.396693697943,3.035682452676629e-06,0.4078274222093671,0.2331372319712107,788.8952954860213,3386.010813170278,True,tilde_q_mu,asymptotic,default,sidak_approx,observed,8.32**2 * RBF(length_scale=0.322),0.0259375834271065,0.3536943194605435,0.0957808744933012,0.3223424465642924,0.0235796212973695,69.28786806849725,1604.9902456159286,390,171,219,416,26,0.04,0.3,0.000625,1.0,1e-08,1e+18,False,False,False,False,12,1.1,15.0,13.670382679142156,7.01343338288414,95.63772794842008,87.16028930790611,study_results/v4p2_followups_20260806/pseudo65/gp_window_ensemble_20260806/runs/window_2p25eq2p5/draw_04/attempt_01/results_single.csv,1,1,1,1,single_attempt_outside_55_75MeV,False,,,,,,,window_2p25eq2p5,4
2021,0.156,0.003723604,0.147621891,0.164378109,408018948.64312065,1.64,0.14989328944,0.16210671056,0.01221342112,0.0,1.0,8000,0.000125,True,6728.852459140175,3.4328592475129584e-06,0.2976227549317687,0.5312500560984862,1765.2821992534105,3366.1329373743547,True,tilde_q_mu,asymptotic,default,sidak_approx,observed,8.33**2 * RBF(length_scale=0.322),0.0259477230966391,0.353832587681443,0.0958183177045254,0.3223991951054917,0.0235888391787628,69.34936316470862,1600.9850923699516,389,172,217,416,27,0.04,0.3,0.000625,1.0,1e-08,1e+18,False,False,False,False,12,1.1,15.0,13.66744639964094,6.968443233125529,95.0242259062572,86.58256761607616,study_results/v4p2_followups_20260806/pseudo65/gp_window_ensemble_20260806/runs/window_2p25eq2p5/draw_04/attempt_01/results_single.csv,1,1,1,1,single_attempt_outside_55_75MeV,False,,,,,,,window_2p25eq2p5,4
2021,0.157,0.003749107875,0.14856450728125,0.16543549271875,397354285.67265946,1.64,0.150851463085,0.163148536915,0.01229707383,0.0,1.0,8000,0.000125,True,7480.034236597175,3.893551772135037e-06,0.2001176291469819,0.8412011465933691,2801.0079671630087,3330.1072534705536,True,tilde_q_mu,asymptotic,default,sidak_approx,observed,8.4**2 * RBF(length_scale=0.323),0.0259589087860322,0.3539851198095312,0.0958596236000764,0.3232818403586606,0.023599007987302,70.50974386751957,1599.691820681879,389,174,215,416,27,0.04,0.3,0.000625,1.0,1e-08,1e+18,False,False,False,False,12,1.1,15.0,13.69895889406067,6.924022901323501,94.41849410895684,86.22900464251394,study_results/v4p2_followups_20260806/pseudo65/gp_window_ensemble_20260806/runs/window_2p25eq2p5/draw_04/attempt_01/results_single.csv,1,1,1,1,single_attempt_outside_55_75MeV,False,,,,,,,window_2p25eq2p5,4
2021,0.158,0.0037747835,0.149506737125,0.166493262875,387039666.85970527,1.64,0.15180935506,0.16419064494,0.0123812898799999,0.0,1.0,8000,0.000125,True,8032.82526729552,4.265556295773536e-06,0.142417271070023,1.069521953132744,3525.4683509495417,3296.5048858130126,True,tilde_q_mu,asymptotic,default,sidak_approx,observed,8.37**2 * RBF(length_scale=0.323),0.0259711206006934,0.3541516445549109,0.0959047187143026,0.3229446182786202,0.023610109636994,70.05031320938645,1599.7035615563543,389,175,214,416,27,0.04,0.3,0.000625,1.0,1e-08,1e+18,False,False,False,False,12,1.1,15.0,13.67823458865294,6.880161630645431,93.82038587243768,85.55314981074285,study_results/v4p2_followups_20260806/pseudo65/gp_window_ensemble_20260806/runs/window_2p25eq2p5/draw_04/attempt_01/results_single.csv,1,1,1,1,single_attempt_outside_55_75MeV,False,,,,,,,window_2p25eq2p5,4
2021,0.159,0.003800630875,0.15044858053125,0.16755141946875,376812670.72105056,1.64,0.152766965365,0.165233034635,0.0124660692699999,0.0,1.0,8000,0.000125,True,8501.547041808082,4.607817417104321e-06,0.1042966226181884,1.2574430598417574,4110.971589695322,3267.963598490991,True,tilde_q_mu,asymptotic,default,sidak_approx,observed,8.3**2 * RBF(length_scale=0.322),0.0259843391436889,0.3543318974139398,0.0959535314192792,0.3221147356807909,0.0236221264942626,68.94901616120343,1599.390746999882,389,177,212,416,27,0.04,0.3,0.000625,1.0,1e-08,1e+18,False,False,False,False,12,1.1,15.0,13.636144728927189,6.836848933320556,93.22975818164392,84.75296504051869,study_results/v4p2_followups_20260806/pseudo65/gp_window_ensemble_20260806/runs/window_2p25eq2p5/draw_04/attempt_01/results_single.csv,1,1,1,1,single_attempt_outside_55_75MeV,False,,,,,,,window_2p25eq2p5,4
2021,0.16,0.00382665,0.1513900375,0.1686099625,367005424.0565123,1.64,0.153724294,0.166275706,0.0125514119999999,0.0,1.0,8000,0.000125,True,8678.155735564349,4.799045816276742e-06,0.090753738253238,1.3361278866745534,4340.681049099794,3248.428295958502,True,tilde_q_mu,asymptotic,default,sidak_approx,observed,8.33**2 * RBF(length_scale=0.322),0.0259985455002782,0.3545256204583391,0.0960059918676979,0.3224737600843969,0.0236350413638892,69.3804318166531,1594.645583603606,388,178,210,416,28,0.04,0.3,0.000625,1.0,1e-08,1e+18,False,False,False,False,12,1.1,15.0,13.643883889159907,6.7940745822790705,92.64647157653278,84.27051339537111,study_results/v4p2_followups_20260806/pseudo65/gp_window_ensemble_20260806/runs/window_2p25eq2p5/draw_04/attempt_01/results_single.csv,1,1,1,1,single_attempt_outside_55_75MeV,False,,,,,,,window_2p25eq2p5,4
2021,0.161,0.003852840875,0.15233110803125,0.16966889196875,357410945.39902496,1.64,0.154681340965,0.167318659035,0.01263731807,0.0,1.0,8000,0.000125,True,8278.19563797261,4.671559488370621e-06,0.1076781388859306,1.238970892407258,3967.8611741750265,3203.5444640442033,True,tilde_q_mu,asymptotic,default,sidak_approx,observed,8.29**2 * RBF(length_scale=0.322),0.0260137212230255,0.3547325621321662,0.0960620319378876,0.3220513049947172,0.0236488374754777,68.75038588943332,1599.890271717342,389,180,209,416,27,0.04,0.3,0.000625,1.0,1e-08,1e+18,False,False,False,False,12,1.1,15.0,13.618060732527033,6.751828603101996,92.07039004229992,83.58801088423286,study_results/v4p2_followups_20260806/pseudo65/gp_window_ensemble_20260806/runs/window_2p25eq2p5/draw_04/attempt_01/results_single.csv,1,1,1,1,single_attempt_outside_55_75MeV,False,,,,,,,window_2p25eq2p5,4
2021,0.162,0.0038792035,0.153271792125,0.170728207875,348034765.9525295,1.64,0.15563810626,0.16836189374,0.01272378748,0.0,1.0,8000,0.000125,True,9278.645992477506,5.344005349466592e-06,0.1932254156743417,0.8660717221176706,3541.3296312631796,4099.817016854174,True,tilde_q_mu,asymptotic,default,sidak_approx,observed,1.51**2 * RBF(length_scale=0.185),0.0260298483174566,0.3549524770562273,0.0961215851808485,0.185402382631457,0.0236634984704151,2.292133379795969,1426.1138173509132,388,181,207,416,28,0.04,0.3,0.000625,1.0,1e-08,1e+18,False,False,False,False,12,1.1,15.0,7.834952336538608,6.710101266266818,91.50138090363842,47.79393054049807,study_results/v4p2_followups_20260806/pseudo65/gp_window_ensemble_20260806/runs/window_2p25eq2p5/draw_04/attempt_01/results_single.csv,1,1,1,1,single_attempt_outside_55_75MeV,False,,,,,,,window_2p25eq2p5,4
2021,0.163,0.003905737875,0.15421208978125,0.17178791021875,338899709.6922806,1.64,0.156594589885,0.169405410115,0.01281082023,0.0,1.0,8000,0.000125,True,7131.079285236427,4.191952818550588e-06,0.1940447302518488,0.863087317316075,2714.9150528106843,3153.8712327571043,True,tilde_q_mu,asymptotic,default,sidak_approx,observed,8.33**2 * RBF(length_scale=0.322),0.0260469092282431,0.3551851258396787,0.0961845867692335,0.3224785544167402,0.0236790083893119,69.44015647178703,1595.4479510980948,388,183,205,416,28,0.04,0.3,0.000625,1.0,1e-08,1e+18,False,False,False,False,12,1.1,15.0,13.618752488060208,6.668883079677514,90.93931472287518,82.56533457630978,study_results/v4p2_followups_20260806/pseudo65/gp_window_ensemble_20260806/runs/window_2p25eq2p5/draw_04/attempt_01/results_single.csv,1,1,1,1,single_attempt_outside_55_75MeV,False,,,,,,,window_2p25eq2p5,4
2021,0.164,0.003932444,0.155152001,0.172847999,329984866.4340829,1.64,0.15755079184,0.17044920816,0.0128984163199999,0.0,1.0,8000,0.000125,True,6286.213355452286,3.771995517818698e-06,0.2994678928482855,0.5259315230630032,1659.9716940625526,3135.976794684605,True,tilde_q_mu,asymptotic,default,sidak_approx,observed,8.3**2 * RBF(length_scale=0.322),0.0260648868258862,0.3554302748984483,0.096250973448177,0.3221039503102417,0.0236953516598965,68.91313495451273,1590.5713564531804,387,184,203,416,29,0.04,0.3,0.000625,1.0,1e-08,1e+18,False,False,False,False,12,1.1,15.0,13.593550116219202,6.6281647814657285,90.38406520180536,81.9093546685577,study_results/v4p2_followups_20260806/pseudo65/gp_window_ensemble_20260806/runs/window_2p25eq2p5/draw_04/attempt_01/results_single.csv,1,1,1,1,single_attempt_outside_55_75MeV,False,,,,,,,window_2p25eq2p5,4
2021,0.165,0.003959321875,0.15609152578125,0.17390847421875,321257494.71634173,1.64,0.158506712125,0.171493287875,0.01298657575,0.0,1.0,8000,0.000125,True,5569.974000673003,3.4122109913933895e-06,0.404361787077642,0.2420730320308499,749.3284418446059,3091.854236823492,True,tilde_q_mu,asymptotic,default,sidak_approx,observed,8.29**2 * RBF(length_scale=0.322),0.0260837643938859,0.3556876962802624,0.0963206834879114,0.3219102034789031,0.0237125130853508,68.72503315924233,1595.989154198861,388,186,202,416,28,0.04,0.3,0.000625,1.0,1e-08,1e+18,False,False,False,False,12,1.1,15.0,13.57554141647574,6.587937333053001,89.83550908708638,81.30437828546158,study_results/v4p2_followups_20260806/pseudo65/gp_window_ensemble_20260806/runs/window_2p25eq2p5/draw_04/attempt_01/results_single.csv,1,1,1,1,single_attempt_outside_55_75MeV,False,,,,,,,window_2p25eq2p5,4
2021,0.166,0.0039863715,0.157030664125,0.174969335875,312800005.7109213,1.64,0.15946235074,0.17253764926,0.01307529852,0.0,1.0,8000,0.000125,True,4852.5239601891035,3.034679075487275e-06,0.5,0.0,-344.5885561090204,3071.5444163175703,True,tilde_q_mu,asymptotic,default,sidak_approx,observed,8.32**2 * RBF(length_scale=0.322),0.0261035256163684,0.3559571674959338,0.09639365663808,0.3223452643116181,0.0237304778330622,69.25231888236827,1593.1323407177513,387,187,200,416,29,0.04,0.3,0.000625,1.0,1e-08,1e+18,False,False,False,False,12,1.1,15.0,13.583597708366144,6.548191912461868,89.29352607902545,80.86182241459885,study_results/v4p2_followups_20260806/pseudo65/gp_window_ensemble_20260806/runs/window_2p25eq2p5/draw_04/attempt_01/results_single.csv,1,1,1,1,single_attempt_outside_55_75MeV,False,,,,,,,window_2p25eq2p5,4
2021,0.167,0.004013592875,0.15796941603125,0.17603058396875,304614329.32244956,1.64,0.160417707685,0.173582292315,0.0131645846299999,0.0,1.0,8000,0.000125,True,4209.907895078709,2.6873591807369212e-06,0.4999513009912829,0.0001220703125,-1648.4164281699784,3037.0447828902807,True,tilde_q_mu,asymptotic,default,sidak_approx,observed,8.41**2 * RBF(length_scale=0.323),0.0261241545661564,0.3562384713566791,0.0964698340836822,0.3234871986181379,0.0237492314237786,70.72998569740008,1596.8255100452905,387,189,198,416,29,0.04,0.3,0.000625,1.0,1e-08,1e+18,False,False,False,False,12,1.1,15.0,13.620954415150068,6.508919907865958,88.7579987436267,80.59791032445908,study_results/v4p2_followups_20260806/pseudo65/gp_window_ensemble_20260806/runs/window_2p25eq2p5/draw_04/attempt_01/results_single.csv,1,1,1,1,single_attempt_outside_55_75MeV,False,,,,,,,window_2p25eq2p5,4
2021,0.168,0.004040986,0.1589077815,0.1770922185,296547392.151297,1.64,0.16137278296,0.17462721704,0.0132544340799999,0.0,1.0,8000,0.000125,True,3863.259716132296,2.5180852939057107e-06,0.5,0.0,-2551.3638976851335,3003.1432417614155,True,tilde_q_mu,asymptotic,default,sidak_approx,observed,8.42**2 * RBF(length_scale=0.324),0.0261456356932645,0.3565313958172433,0.0965491584025916,0.323590366368379,0.0237687597211495,70.86690776992339,1596.960162275397,387,190,197,416,29,0.04,0.3,0.000625,1.0,1e-08,1e+18,False,False,False,False,12,1.1,15.0,13.61410398206208,6.470112911369777,88.22881242776968,80.07708177370051,study_results/v4p2_followups_20260806/pseudo65/gp_window_ensemble_20260806/runs/window_2p25eq2p5/draw_04/attempt_01/results_single.csv,1,1,1,1,single_attempt_outside_55_75MeV,False,,,,,,,window_2p25eq2p5,4
2021,0.169,0.004068550875,0.15984576053125,0.17815423946875,288615660.9608933,1.64,0.162327576565,0.175672423435,0.0133448468699999,0.0,1.0,8000,0.000125,True,3576.0476370951415,2.3807654955379142e-06,0.5,0.0,-3480.117053748857,2970.166504498038,True,tilde_q_mu,asymptotic,default,sidak_approx,observed,8.48**2 * RBF(length_scale=0.324),0.026167953813799,0.356835733824532,0.0966315735245651,0.3242577234816128,0.0237890489216354,71.90112065033308,1597.732187749644,387,192,195,416,29,0.04,0.3,0.000625,1.0,1e-08,1e+18,False,False,False,False,12,1.1,15.0,13.630545910001034,6.431762713007495,87.70585517737493,79.69857903807406,study_results/v4p2_followups_20260806/pseudo65/gp_window_ensemble_20260806/runs/window_2p25eq2p5/draw_04/attempt_01/results_single.csv,1,1,1,1,single_attempt_outside_55_75MeV,False,,,,,,,window_2p25eq2p5,4
2021,0.17,0.0040962875,0.160783353125,0.179216646875,280901072.63455325,1.64,0.1632820885,0.1767179115,0.013435823,0.0,1.0,8000,0.000125,True,3458.5300836793836,2.351847517750165e-06,0.5,0.0,-3894.358559658574,2951.5720263726994,True,tilde_q_mu,asymptotic,default,sidak_approx,observed,8.41**2 * RBF(length_scale=0.323),0.026191094099248,0.3571512831715639,0.0967170246916933,0.3234819261124494,0.0238100855447709,70.70361279900757,1594.2436833114498,386,193,193,416,30,0.04,0.3,0.000625,1.0,1e-08,1e+18,False,False,False,False,12,1.1,15.0,13.585920365728846,6.39386129495257,87.18901765844413,78.9695367115832,study_results/v4p2_followups_20260806/pseudo65/gp_window_ensemble_20260806/runs/window_2p25eq2p5/draw_04/attempt_01/results_single.csv,1,1,1,1,single_attempt_outside_55_75MeV,False,,,,,,,window_2p25eq2p5,4
2021,0.171,0.004124195875,0.16172055928125,0.18027944071875,273501986.67337126,1.64,0.164236318765,0.177763681235,0.01352736247,0.0,1.0,8000,0.000125,True,3328.742999082535,2.311232268845847e-06,0.5,0.0,-4231.128511578768,2908.1403517023914,True,tilde_q_mu,asymptotic,default,sidak_approx,observed,8.39**2 * RBF(length_scale=0.323),0.0262150420661463,0.3574778463565409,0.0968054584202363,0.3232599398193075,0.0238318564237693,70.3709827298009,1599.826836555473,387,195,192,416,29,0.04,0.3,0.000625,1.0,1e-08,1e+18,False,False,False,False,12,1.1,15.0,13.564194667474368,6.356400825929815,86.67819308086109,78.38132562491532,study_results/v4p2_followups_20260806/pseudo65/gp_window_ensemble_20260806/runs/window_2p25eq2p5/draw_04/attempt_01/results_single.csv,1,1,1,1,single_attempt_outside_55_75MeV,False,,,,,,,window_2p25eq2p5,4
2021,0.172,0.004152276,0.162657379,0.1813426209999999,266350991.61926585,1.64,0.1651902673599999,0.17880973264,0.01361946528,0.0,1.0,8000,0.000125,True,3191.6611972949786,2.2623195100799016e-06,0.5,0.0,-4833.774219884961,2887.380912256931,True,tilde_q_mu,asymptotic,default,sidak_approx,observed,8.43**2 * RBF(length_scale=0.324),0.0262397835660971,0.3578152304467796,0.0968968224637768,0.3237311171461259,0.0238543486964519,71.05719133622725,1595.764629829704,386,196,190,416,30,0.04,0.3,0.000625,1.0,1e-08,1e+18,False,False,False,False,12,1.1,15.0,13.571157245398895,6.31937365582085,86.17327712482977,77.96473961416004,study_results/v4p2_followups_20260806/pseudo65/gp_window_ensemble_20260806/runs/window_2p25eq2p5/draw_04/attempt_01/results_single.csv,1,1,1,1,single_attempt_outside_55_75MeV,False,,,,,,,window_2p25eq2p5,4
2021,0.173,0.004180527875,0.1635938122812499,0.18240618771875,259386988.21142492,1.64,0.166143934285,0.1798560657149999,0.0137121314299999,0.0,1.0,8000,0.000125,True,3156.1559199779485,2.283936801482615e-06,0.5,0.0,-4803.177061059652,2858.2312166591937,True,tilde_q_mu,asymptotic,default,sidak_approx,observed,8.41**2 * RBF(length_scale=0.324),0.0262653047761392,0.3581632469473539,0.0969910657776472,0.3235110327237296,0.0238775497964902,70.71079613707798,1596.7044988341,386,198,188,416,30,0.04,0.3,0.000625,1.0,1e-08,1e+18,False,False,False,False,12,1.1,15.0,13.548753347015625,6.282772310455958,85.67416786985397,77.38521124529748,study_results/v4p2_followups_20260806/pseudo65/gp_window_ensemble_20260806/runs/window_2p25eq2p5/draw_04/attempt_01/results_single.csv,1,1,1,1,single_attempt_outside_55_75MeV,False,,,,,,,window_2p25eq2p5,4
2021,0.174,0.0042089515,0.1645298591249999,0.183470140875,252502277.02987137,1.64,0.1670973195399999,0.18090268046,0.01380536092,0.0,1.0,8000,0.000125,True,3241.0167813336557,2.395447486587251e-06,0.5,0.0,-4189.604096922835,2841.2794313679137,True,tilde_q_mu,asymptotic,default,sidak_approx,observed,8.32**2 * RBF(length_scale=0.323),0.0262915921894454,0.3585217116742556,0.0970881384845824,0.3225331641723739,0.0239014474449503,69.2841472664218,1592.1548312999505,385,199,186,416,31,0.04,0.3,0.000625,1.0,1e-08,1e+18,False,False,False,False,12,1.1,15.0,13.494294222775826,6.246589486584821,85.18076572615664,76.63028765533979,study_results/v4p2_followups_20260806/pseudo65/gp_window_ensemble_20260806/runs/window_2p25eq2p5/draw_04/attempt_01/results_single.csv,1,1,1,1,single_attempt_outside_55_75MeV,False,,,,,,,window_2p25eq2p5,4
2021,0.175,0.0042375468749999,0.16546551953125,0.1845344804687499,245918579.9416027,1.64,0.168050423125,0.181949576875,0.01389915375,0.0,1.0,8000,0.000125,True,11228.326341912883,8.472382560345998e-06,0.5,0.0,-6741.318316319755,8599.812572170023,True,tilde_q_mu,asymptotic,default,sidak_approx,observed,1**2 * RBF(length_scale=0.0972),0.0263186326063351,0.358890444631843,0.0971879918415323,0.0971879918415322,0.0239260296421228,1.0,840.7468907429278,386,201,185,416,30,0.04,0.3,0.000625,1.0,1e-08,1e+18,False,False,False,False,12,1.1,15.0,4.06201920231798,6.210818047018103,84.69297336842865,22.934965608264168,study_results/v4p2_followups_20260806/pseudo65/gp_window_ensemble_20260806/runs/window_2p25eq2p5/draw_04/attempt_01/results_single.csv,1,1,1,1,single_attempt_outside_55_75MeV,False,,,,,,,window_2p25eq2p5,4
2021,0.176,0.004266314,0.1664007934999999,0.1855992065,239463041.25493088,1.64,0.16900324504,0.1829967549599999,0.0139935099199999,0.0,1.0,8000,0.000125,True,10964.9432906957,8.44841327439056e-06,0.5,0.0,-7625.498534069652,8606.347254099497,True,tilde_q_mu,asymptotic,default,sidak_approx,observed,1**2 * RBF(length_scale=0.0973),0.0263464131255956,0.3592692698944855,0.0972905782076107,0.0972905782076107,0.0239512846596323,1.0,837.6622822637231,385,202,183,416,31,0.04,0.3,0.000625,1.0,1e-08,1e+18,False,False,False,False,12,1.1,15.0,4.06201920231798,6.175451015934506,84.21069567183416,22.8043641906364,study_results/v4p2_followups_20260806/pseudo65/gp_window_ensemble_20260806/runs/window_2p25eq2p5/draw_04/attempt_01/results_single.csv,1,1,1,1,single_attempt_outside_55_75MeV,False,,,,,,,window_2p25eq2p5,4
2021,0.177,0.004295252875,0.16733568103125,0.18666431896875,233151670.99112496,1.64,0.169955785285,0.184044214715,0.0140884294299999,0.0,1.0,8000,0.000125,True,3929.3788339408698,3.0919468847950715e-06,0.5,0.0,-1209.8362495036736,2755.396237775139,True,tilde_q_mu,asymptotic,default,sidak_approx,observed,8.31**2 * RBF(length_scale=0.322),0.026374921136093,0.359658015492178,0.0973958510131203,0.3223464508740328,0.0239772010328118,68.99568869392154,1594.366984174259,385,204,181,416,31,0.04,0.3,0.000625,1.0,1e-08,1e+18,False,False,False,False,12,1.1,15.0,13.443873220769772,6.140481574345738,83.73383965016914,75.04714163634262,study_results/v4p2_followups_20260806/pseudo65/gp_window_ensemble_20260806/runs/window_2p25eq2p5/draw_04/attempt_01/results_single.csv,1,1,1,1,single_attempt_outside_55_75MeV,False,,,,,,,window_2p25eq2p5,4
2021,0.178,0.0043243635,0.168270182125,0.1877298178749999,227019370.79188985,1.64,0.17090804386,0.1850919561399999,0.0141839122799999,0.0,1.0,8000,0.000125,True,4643.51265501976,3.7315016463710343e-06,0.4644765565695578,0.0891620648316652,250.8166402693847,2727.557573074549,True,tilde_q_mu,asymptotic,default,sidak_approx,observed,8.27**2 * RBF(length_scale=0.322),0.0264041443086661,0.3600565132999933,0.0975037647296154,0.321851315460654,0.0240037675533328,68.3427426777979,1594.1175682749754,385,205,180,416,31,0.04,0.3,0.000625,1.0,1e-08,1e+18,False,False,False,False,12,1.1,15.0,13.40836661351378,6.105903055713559,83.26231439609397,74.42744243416494,study_results/v4p2_followups_20260806/pseudo65/gp_window_ensemble_20260806/runs/window_2p25eq2p5/draw_04/attempt_01/results_single.csv,1,1,1,1,single_attempt_outside_55_75MeV,False,,,,,,,window_2p25eq2p5,4
2021,0.179,0.004353645875,0.1692042967812499,0.18879570321875,220993245.42708975,1.64,0.1718600207649999,0.186139979235,0.01427995847,0.0,1.0,8000,0.000125,True,5424.8297164689875,4.45321846944254e-06,0.29632523486695,0.5349991143076687,1445.8980815842633,2702.028842112706,True,tilde_q_mu,asymptotic,default,sidak_approx,observed,8.26**2 * RBF(length_scale=0.322),0.0264340705882899,0.3604645989312272,0.0976142748409662,0.3217750060209605,0.0240309732620818,68.26384898078776,1594.6768433042876,385,207,178,416,31,0.04,0.3,0.000625,1.0,1e-08,1e+18,False,False,False,False,12,1.1,15.0,13.390011403686488,6.0717089417131325,82.79603102336088,73.9093199721855,study_results/v4p2_followups_20260806/pseudo65/gp_window_ensemble_20260806/runs/window_2p25eq2p5/draw_04/attempt_01/results_single.csv,1,1,1,1,single_attempt_outside_55_75MeV,False,,,,,,,window_2p25eq2p5,4
2021,0.18,0.0043831,0.170138025,0.189861975,215155115.9948604,1.64,0.172811716,0.1871882839999999,0.0143765679999999,0.0,1.0,8000,0.000125,True,6236.393689472371,5.229127883905092e-06,0.1754392098126763,0.932886797695297,2506.6022526600987,2686.0558418425617,True,tilde_q_mu,asymptotic,default,sidak_approx,observed,8.26**2 * RBF(length_scale=0.322),0.0264646881865,0.360882111634091,0.0977273378153825,0.3217505199163182,0.0240588074422727,68.20761673662163,1591.0759636242133,384,208,176,416,32,0.04,0.3,0.000625,1.0,1e-08,1e+18,False,False,False,False,12,1.1,15.0,13.37350243516159,6.037892858136936,82.33490261095821,73.4070680377628,study_results/v4p2_followups_20260806/pseudo65/gp_window_ensemble_20260806/runs/window_2p25eq2p5/draw_04/attempt_01/results_single.csv,1,1,1,1,single_attempt_outside_55_75MeV,False,,,,,,,window_2p25eq2p5,4
2021,0.181,0.004412725875,0.1710713667812499,0.19092863321875,209423665.4643851,1.64,0.173763129565,0.1882368704349999,0.0144737408699999,0.0,1.0,8000,0.000125,True,20185.098414682157,1.7292049169575082e-05,0.0427723252903328,1.7193830278043492,11478.283946463447,6672.6049436890125,True,tilde_q_mu,asymptotic,default,sidak_approx,observed,1.07**2 * RBF(length_scale=0.107),0.0264959855740647,0.3613088941917919,0.0978429110783556,0.1069223983498188,0.0240872596127861,1.1344709465390403,985.3259483340564,385,210,175,416,31,0.04,0.3,0.000625,1.0,1e-08,1e+18,False,False,False,False,12,1.1,15.0,4.438960681648555,6.004448570933435,81.87884414909227,24.230464655776697,study_results/v4p2_followups_20260806/pseudo65/gp_window_ensemble_20260806/runs/window_2p25eq2p5/draw_04/attempt_01/results_single.csv,1,1,1,1,single_attempt_outside_55_75MeV,False,,,,,,,window_2p25eq2p5,4
2021,0.182,0.0044425235,0.172004322125,0.191995677875,203890389.41582435,1.64,0.17471426146,0.18928573854,0.01457147708,0.0,1.0,8000,0.000125,True,7084.823059430044,6.199844359276515e-06,0.0879693429407966,1.3533661499717082,3570.352298791959,2635.7954197781205,True,tilde_q_mu,asymptotic,default,sidak_approx,observed,8.26**2 * RBF(length_scale=0.322),0.0265279514739,0.3617447928259099,0.0979609529864923,0.3217491138094155,0.0241163195217273,68.21240911987923,1591.9643670430503,384,211,173,416,32,0.04,0.3,0.000625,1.0,1e-08,1e+18,False,False,False,False,12,1.1,15.0,13.341551289347418,5.971369982376021,81.42777248694574,72.42485353412661,study_results/v4p2_followups_20260806/pseudo65/gp_window_ensemble_20260806/runs/window_2p25eq2p5/draw_04/attempt_01/results_single.csv,1,1,1,1,single_attempt_outside_55_75MeV,False,,,,,,,window_2p25eq2p5,4
2021,0.183,0.004472492875,0.1729368910312499,0.19306310896875,198621214.40460417,1.64,0.1756651116849999,0.190334888315,0.01466977663,0.0,1.0,8000,0.000125,True,6913.54212893468,6.176519445572612e-06,0.095818348248251,1.3057526221018023,3414.9473408939125,2612.3758085685563,True,tilde_q_mu,asymptotic,default,sidak_approx,observed,8.28**2 * RBF(length_scale=0.322),0.0265605748542153,0.3621896571029359,0.098081422802206,0.3220108822573768,0.0241459771401957,68.57396406603546,1592.7235552392058,384,213,171,416,32,0.04,0.3,0.000625,1.0,1e-08,1e+18,False,False,False,False,12,1.1,15.0,13.336005430127171,5.938651127357089,80.98160628214212,71.99807607460455,study_results/v4p2_followups_20260806/pseudo65/gp_window_ensemble_20260806/runs/window_2p25eq2p5/draw_04/attempt_01/results_single.csv,1,1,1,1,single_attempt_outside_55_75MeV,False,,,,,,,window_2p25eq2p5,4
2021,0.184,0.004502634,0.1738690735,0.1941309265,193360941.65798712,1.64,0.17661568024,0.19138431976,0.01476863952,0.0,1.0,8000,0.000125,True,6408.989036668117,5.84955562726099e-06,0.13500695757993,1.1030305116835075,2866.8892361739668,2597.8920778798965,True,tilde_q_mu,asymptotic,default,sidak_approx,observed,8.3**2 * RBF(length_scale=0.322),0.026593844921878,0.3626433398437911,0.0982042806692136,0.3222766182589558,0.0241762226562527,68.96228316811587,1591.0579835941808,383,214,169,416,33,0.04,0.3,0.000625,1.0,1e-08,1e+18,False,False,False,False,12,1.1,15.0,13.3303131279528,5.906286169801502,80.54026595183866,71.57513096977365,study_results/v4p2_followups_20260806/pseudo65/gp_window_ensemble_20260806/runs/window_2p25eq2p5/draw_04/attempt_01/results_single.csv,1,1,1,1,single_attempt_outside_55_75MeV,False,,,,,,,window_2p25eq2p5,4
2021,0.185,0.004532946875,0.1748008695312499,0.19519913046875,188216407.4390779,1.64,0.177565967125,0.192434032875,0.0148680657499999,0.0,1.0,8000,0.000125,True,5872.604222554065,5.476731464473034e-06,0.1855278766754887,0.8944975251083083,2291.2595381808765,2565.319645554518,True,tilde_q_mu,asymptotic,default,sidak_approx,observed,8.26**2 * RBF(length_scale=0.322),0.0266277511159985,0.3631056970363433,0.0983294875888454,0.3217055594597076,0.0242070464690895,68.16995346839798,1594.2146020300947,384,216,168,416,32,0.04,0.3,0.000625,1.0,1e-08,1e+18,False,False,False,False,12,1.1,15.0,13.289748498252344,5.874269399197075,80.10367362541467,70.97051175119003,study_results/v4p2_followups_20260806/pseudo65/gp_window_ensemble_20260806/runs/window_2p25eq2p5/draw_04/attempt_01/results_single.csv,1,1,1,1,single_attempt_outside_55_75MeV,False,,,,,,,window_2p25eq2p5,4
2021,0.186,0.0045634315,0.175732279125,0.196267720875,183203373.0638776,1.64,0.17851597234,0.19348402766,0.01496805532,0.0,1.0,8000,0.000125,True,5141.036866022271,4.899189413384699e-06,0.2940576799581121,0.5415691339886616,1382.7349606286348,2553.840536616986,True,tilde_q_mu,asymptotic,default,sidak_approx,observed,8.17**2 * RBF(length_scale=0.321),0.0266622831017154,0.3635765877506647,0.0984570053970965,0.320627305850587,0.0242384391833776,66.80397957906546,1588.144899925975,383,217,166,416,33,0.04,0.3,0.000625,1.0,1e-08,1e+18,False,False,False,False,12,1.1,15.0,13.228050842088397,5.84259522723534,79.67175309866373,70.26013337782916,study_results/v4p2_followups_20260806/pseudo65/gp_window_ensemble_20260806/runs/window_2p25eq2p5/draw_04/attempt_01/results_single.csv,1,1,1,1,single_attempt_outside_55_75MeV,False,,,,,,,window_2p25eq2p5,4
2021,0.187,0.004594087875,0.17666330228125,0.19733669771875,178278504.14348978,1.64,0.179465695885,0.194534304115,0.01506860823,0.0,1.0,8000,0.000125,True,4409.372386804658,4.294930218996527e-06,0.4391843239064374,0.153037569815643,387.3747961681742,2531.582170552388,True,tilde_q_mu,asymptotic,default,sidak_approx,observed,8.14**2 * RBF(length_scale=0.32),0.0266974307641825,0.3640558740570343,0.0985867967424219,0.3202592788346472,0.0242703916038022,66.31636317968282,1588.3208993772728,383,219,164,416,33,0.04,0.3,0.000625,1.0,1e-08,1e+18,False,False,False,False,12,1.1,15.0,13.195472247117522,5.811258184560199,79.24442978945724,69.7111782683624,study_results/v4p2_followups_20260806/pseudo65/gp_window_ensemble_20260806/runs/window_2p25eq2p5/draw_04/attempt_01/results_single.csv,1,1,1,1,single_attempt_outside_55_75MeV,False,,,,,,,window_2p25eq2p5,4
2021,0.188,0.004624916,0.177593939,0.198406061,173567784.67781383,1.64,0.18041513776,0.19558486224,0.0151697244799999,0.0,1.0,8000,0.000125,True,3815.456445364995,3.7969899942039216e-06,0.5,0.0,-557.8168807356884,2506.0405600008626,True,tilde_q_mu,asymptotic,default,sidak_approx,observed,8.15**2 * RBF(length_scale=0.32),0.0267331842027451,0.3645434209465248,0.0987188250642313,0.3203247929665264,0.0243028947297683,66.37643114390163,1588.8823339890432,383,220,163,416,33,0.04,0.3,0.000625,1.0,1e-08,1e+18,False,False,False,False,12,1.1,15.0,13.180520120270463,5.78025291761951,78.8216306948115,69.26067261903273,study_results/v4p2_followups_20260806/pseudo65/gp_window_ensemble_20260806/runs/window_2p25eq2p5/draw_04/attempt_01/results_single.csv,1,1,1,1,single_attempt_outside_55_75MeV,False,,,,,,,window_2p25eq2p5,4
2021,0.189,0.004655915875,0.17852418928125,0.19947581071875,168874228.16818193,1.64,0.181364297965,0.196635702035,0.0152714040699999,0.0,1.0,8000,0.000125,True,3467.301800500462,3.5276572806407776e-06,0.5,0.0,-1276.3070007855172,2482.1683965009493,True,tilde_q_mu,asymptotic,default,sidak_approx,observed,8.18**2 * RBF(length_scale=0.321),0.0267695337253012,0.3650390962541072,0.0988530545720656,0.3207737584532754,0.0243359397502738,66.94496087623185,1590.1503937507691,383,222,161,416,33,0.04,0.3,0.000625,1.0,1e-08,1e+18,False,False,False,False,12,1.1,15.0,13.181071359681775,5.749574185616315,78.40328434931338,68.89595238944806,study_results/v4p2_followups_20260806/pseudo65/gp_window_ensemble_20260806/runs/window_2p25eq2p5/draw_04/attempt_01/results_single.csv,1,1,1,1,single_attempt_outside_55_75MeV,False,,,,,,,window_2p25eq2p5,4
2021,0.19,0.0046870875,0.179454053125,0.200545946875,164378838.92039412,1.64,0.1823131765,0.1976868235,0.0153736469999999,0.0,1.0,8000,0.000125,True,3299.4141849503103,3.430498626602862e-06,0.5,0.0,-1679.5758566743118,2465.3405842782017,True,tilde_q_mu,asymptotic,default,sidak_approx,observed,8.25**2 * RBF(length_scale=0.322),0.0268064698428396,0.3655427705841774,0.0989894502254296,0.3216235928087902,0.0243695180389451,68.11820658054224,1586.8208080873296,382,223,159,416,34,0.04,0.3,0.000625,1.0,1e-08,1e+18,False,False,False,False,12,1.1,15.0,13.197782257933888,5.719216857555929,77.98932078485358,68.61907161084368,study_results/v4p2_followups_20260806/pseudo65/gp_window_ensemble_20260806/runs/window_2p25eq2p5/draw_04/attempt_01/results_single.csv,1,1,1,1,single_attempt_outside_55_75MeV,False,,,,,,,window_2p25eq2p5,4
2021,0.191,0.004718430875,0.18038353053125,0.20161646946875,160024504.07567304,1.64,0.183261773365,0.198738226635,0.01547645327,0.0,1.0,8000,0.000125,True,3123.853558968851,3.318873745151853e-06,0.5,0.0,-2144.2533301991048,2443.6662772729223,True,tilde_q_mu,asymptotic,default,sidak_approx,observed,8.19**2 * RBF(length_scale=0.321),0.026843983264149,0.3660543172383967,0.099127977714251,0.3208317679519337,0.0244036211492264,67.04489322834027,1588.1206714471532,382,225,157,416,34,0.04,0.3,0.000625,1.0,1e-08,1e+18,False,False,False,False,12,1.1,15.0,13.146891848142936,5.68917590938515,77.57967149161568,67.99543671431526,study_results/v4p2_followups_20260806/pseudo65/gp_window_ensemble_20260806/runs/window_2p25eq2p5/draw_04/attempt_01/results_single.csv,1,1,1,1,single_attempt_outside_55_75MeV,False,,,,,,,window_2p25eq2p5,4
2021,0.192,0.004749946,0.1813126215,0.2026873785,155718995.1526329,1.64,0.18421008856,0.19978991144,0.0155798228799999,0.0,1.0,8000,0.000125,True,3027.700311137475,3.2884404846167302e-06,0.5,0.0,-2354.0078495335247,2417.9463756963114,True,tilde_q_mu,asymptotic,default,sidak_approx,observed,8.2**2 * RBF(length_scale=0.321),0.0268820648906906,0.3665736121457819,0.0992686034399486,0.3209431763746606,0.0244382408097187,67.22456448700987,1587.5656554475008,382,226,156,416,34,0.04,0.3,0.000625,1.0,1e-08,1e+18,False,False,False,False,12,1.1,15.0,13.132826494083217,5.659446421220509,77.17426938027965,67.56775263859011,study_results/v4p2_followups_20260806/pseudo65/gp_window_ensemble_20260806/runs/window_2p25eq2p5/draw_04/attempt_01/results_single.csv,1,1,1,1,single_attempt_outside_55_75MeV,False,,,,,,,window_2p25eq2p5,4
2021,0.193,0.004781632875,0.18224132603125,0.20375867396875,151601184.85939226,1.64,0.185158122085,0.200841877915,0.0156837558299999,0.0,1.0,8000,0.000125,True,3028.10689697294,3.360711405098682e-06,0.5,0.0,-2214.2628813485367,2393.2024612370647,True,tilde_q_mu,asymptotic,default,sidak_approx,observed,8.23**2 * RBF(length_scale=0.321),0.0269207058116312,0.3671005337949717,0.0994112944970904,0.3212556387153703,0.0244733689196647,67.66814880326781,1587.459445113766,382,228,154,416,34,0.04,0.3,0.000625,1.0,1e-08,1e+18,False,False,False,False,12,1.1,15.0,13.12674359504448,5.630023574662507,76.77304874539782,67.18534172604589,study_results/v4p2_followups_20260806/pseudo65/gp_window_ensemble_20260806/runs/window_2p25eq2p5/draw_04/attempt_01/results_single.csv,1,1,1,1,single_attempt_outside_55_75MeV,False,,,,,,,window_2p25eq2p5,4
2021,0.194,0.0048134915,0.183169644125,0.204830355875,147523768.56605715,1.64,0.18610587394,0.20189412606,0.01578825212,0.0,1.0,8000,0.000125,True,3041.7475063931925,3.4512733243648435e-06,0.4999513009912829,0.0001220703125,-2082.295381056864,2378.5265314859103,True,tilde_q_mu,asymptotic,default,sidak_approx,observed,8.18**2 * RBF(length_scale=0.321),0.0269598972990275,0.3676349631685571,0.0995560186556095,0.320674866658133,0.0245089975445704,66.98059785265049,1583.6162731337608,381,229,152,416,35,0.04,0.3,0.000625,1.0,1e-08,1e+18,False,False,False,False,12,1.1,15.0,13.083965024476193,5.600902650192177,76.37594522989332,66.62001307328224,study_results/v4p2_followups_20260806/pseudo65/gp_window_ensemble_20260806/runs/window_2p25eq2p5/draw_04/attempt_01/results_single.csv,1,1,1,1,single_attempt_outside_55_75MeV,False,,,,,,,window_2p25eq2p5,4
2021,0.195,0.004845521875,0.18409757578125,0.20590242421875,143578408.5209931,1.64,0.187053344125,0.202946655875,0.0158933117499999,0.0,1.0,8000,0.000125,True,3065.1965865145016,3.555121999437216e-06,0.5,0.0,-1830.3537727173327,2345.0512837140723,True,tilde_q_mu,asymptotic,default,sidak_approx,observed,8.17**2 * RBF(length_scale=0.32),0.0269996308031587,0.368176783679438,0.09970274434357,0.3203550938674115,0.0245451189119625,66.68787464604907,1587.669230985107,382,231,151,416,34,0.04,0.3,0.000625,1.0,1e-08,1e+18,False,False,False,False,12,1.1,15.0,13.051682292371389,5.572079024647637,75.9828957906496,66.11364103426145,study_results/v4p2_followups_20260806/pseudo65/gp_window_ensemble_20260806/runs/window_2p25eq2p5/draw_04/attempt_01/results_single.csv,1,1,1,1,single_attempt_outside_55_75MeV,False,,,,,,,window_2p25eq2p5,4
2021,0.196,0.004877724,0.185025121,0.206974879,139755894.5302579,1.64,0.18800053264,0.20399946736,0.01599893472,0.0,1.0,8000,0.000125,True,3208.186367336351,3.8032362638069486e-06,0.4999655646006563,8.631674575031098e-05,-1317.1055104686452,2327.747352038215,True,tilde_q_mu,asymptotic,default,sidak_approx,observed,8.18**2 * RBF(length_scale=0.321),0.0270398979480013,0.3687258811091098,0.0998514406304547,0.3205678247375093,0.0245817254072739,66.91567186477398,1583.277945892345,381,232,149,416,35,0.04,0.3,0.000625,1.0,1e-08,1e+18,False,False,False,False,12,1.1,15.0,13.040900076226947,5.543548168777362,75.59383866514584,65.72077976070587,study_results/v4p2_followups_20260806/pseudo65/gp_window_ensemble_20260806/runs/window_2p25eq2p5/draw_04/attempt_01/results_single.csv,1,1,1,1,single_attempt_outside_55_75MeV,False,,,,,,,window_2p25eq2p5,4
2021,0.197,0.004910097875,0.18595227978125,0.20804772021875,136004179.86803293,1.64,0.188947439485,0.205052560515,0.01610512103,0.0,1.0,8000,0.000125,True,3357.029291052336,4.068708447254875e-06,0.4999655646006563,8.631674575031098e-05,-835.2986248786531,2301.8865328373213,True,tilde_q_mu,asymptotic,default,sidak_approx,observed,8.2**2 * RBF(length_scale=0.321),0.0270806905268411,0.3692821435478344,0.1000020772109632,0.3208951614301262,0.0246188095698556,67.2832243153094,1582.7276618952817,381,234,147,416,35,0.04,0.3,0.000625,1.0,1e-08,1e+18,False,False,False,False,12,1.1,15.0,13.034552321451184,5.51530564486786,75.20871333910718,65.35412726984107,study_results/v4p2_followups_20260806/pseudo65/gp_window_ensemble_20260806/runs/window_2p25eq2p5/draw_04/attempt_01/results_single.csv,1,1,1,1,single_attempt_outside_55_75MeV,False,,,,,,,window_2p25eq2p5,4
2021,0.198,0.0049426435,0.186879052125,0.209120947875,132354320.73115931,1.64,0.18989406466,0.20610593534,0.01621187068,0.0,1.0,8000,0.000125,True,3581.275120261338,4.437662749274356e-06,0.5,0.0,-304.05905542327724,2282.8596959906567,True,tilde_q_mu,asymptotic,default,sidak_approx,observed,8.26**2 * RBF(length_scale=0.322),0.0271220004980165,0.3698454613365898,0.1001546243892919,0.3216373471509366,0.0246563640891059,68.23705563904093,1579.3543972809034,380,235,145,416,36,0.04,0.3,0.000625,1.0,1e-08,1e+18,False,False,False,False,12,1.1,15.0,13.044800360205862,5.487347104442508,74.82746051512511,65.07395225873293,study_results/v4p2_followups_20260806/pseudo65/gp_window_ensemble_20260806/runs/window_2p25eq2p5/draw_04/attempt_01/results_single.csv,1,1,1,1,single_attempt_outside_55_75MeV,False,,,,,,,window_2p25eq2p5,4
2021,0.199,0.004975360875,0.18780543803125,0.21019456196875,128788002.15036236,1.64,0.190840408165,0.207159591835,0.01631918367,0.0,1.0,8000,0.000125,True,3886.0250210859385,4.923761770854739e-06,0.4503800881952018,0.1247011128024149,280.9315230078809,2254.7214867462526,True,tilde_q_mu,asymptotic,default,sidak_approx,observed,8.33**2 * RBF(length_scale=0.322),0.0271638199807916,0.3704157270107955,0.100309053063895,0.3224448950283196,0.0246943818007197,69.35213955257298,1582.306796103842,380,236,144,416,36,0.04,0.3,0.000625,1.0,1e-08,1e+18,False,False,False,False,12,1.1,15.0,13.05741919884474,5.459668286029939,74.45002208222643,64.80834317939188,study_results/v4p2_followups_20260806/pseudo65/gp_window_ensemble_20260806/runs/window_2p25eq2p5/draw_04/attempt_01/results_single.csv,1,1,1,1,single_attempt_outside_55_75MeV,False,,,,,,,window_2p25eq2p5,4
2021,0.2,0.00500825,0.1887314375,0.2112685625,125353032.55969112,1.64,0.19178647,0.20821353,0.0164270599999999,0.0,1.0,8000,0.000125,True,4024.845944858206,5.213199481615489e-06,0.4031586335640776,0.2451797344758475,547.3303521894962,2232.5151700375636,True,tilde_q_mu,asymptotic,default,sidak_approx,observed,8.31**2 * RBF(length_scale=0.322),0.027206141251351,0.3709928352456959,0.1004653347126938,0.3222403463152534,0.0247328556830463,69.04127766147758,1583.2279666809986,380,238,142,416,36,0.04,0.3,0.000625,1.0,1e-08,1e+18,False,False,False,False,12,1.1,15.0,13.02883704351775,5.432265012998759,74.0763410863467,64.34190511960333,study_results/v4p2_followups_20260806/pseudo65/gp_window_ensemble_20260806/runs/window_2p25eq2p5/draw_04/attempt_01/results_single.csv,1,1,1,1,single_attempt_outside_55_75MeV,False,,,,,,,window_2p25eq2p5,4
2021,0.201,0.005041310875,0.18965705053125,0.21234294946875,122019355.53382406,1.64,0.192732250165,0.209267749835,0.01653549967,0.0,1.0,8000,0.000125,True,4193.400010580964,5.552153055143677e-06,0.35394250637182,0.3746980902167051,830.245336086669,2216.365702579335,True,tilde_q_mu,asymptotic,default,sidak_approx,observed,8.32**2 * RBF(length_scale=0.322),0.027248956738914,0.3715766828033728,0.1006234413787278,0.3223482960739336,0.0247717788535581,69.17053164505771,1579.3507752918397,379,239,140,416,37,0.04,0.3,0.000625,1.0,1e-08,1e+18,False,False,False,False,12,1.1,15.0,13.012722985278543,5.405133191456678,73.70636170168197,63.941364471782066,study_results/v4p2_followups_20260806/pseudo65/gp_window_ensemble_20260806/runs/window_2p25eq2p5/draw_04/attempt_01/results_single.csv,1,1,1,1,single_attempt_outside_55_75MeV,False,,,,,,,window_2p25eq2p5,4
2021,0.202,0.0050745435,0.190582277125,0.213417722875,118808713.66471364,1.64,0.19367774866,0.21032225134,0.01664450268,0.0,1.0,8000,0.000125,True,4205.935353856553,5.690924867003344e-06,0.3381243758279187,0.4175874807167945,913.0816453153114,2187.7279004655575,True,tilde_q_mu,asymptotic,default,sidak_approx,observed,8.26**2 * RBF(length_scale=0.322),0.0272922590219629,0.3721671684813132,0.100783345656227,0.3216056584091146,0.0248111445654208,68.1707508189965,1583.8247846800175,380,241,139,416,36,0.04,0.3,0.000625,1.0,1e-08,1e+18,False,False,False,False,12,1.1,15.0,12.962145198949594,5.37826880821161,73.34002920288559,63.37627382820043,study_results/v4p2_followups_20260806/pseudo65/gp_window_ensemble_20260806/runs/window_2p25eq2p5/draw_04/attempt_01/results_single.csv,1,1,1,1,single_attempt_outside_55_75MeV,False,,,,,,,window_2p25eq2p5,4
2021,0.203,0.005107947875,0.19150711728125,0.21449288271875,115574322.00533302,1.64,0.194622965485,0.211377034515,0.0167540690299999,0.0,1.0,8000,0.000125,True,4510.373189243721,6.242736536689832e-06,0.2681933130551529,0.6182863075429325,1360.1100515254757,2171.3084551462534,True,tilde_q_mu,asymptotic,default,sidak_approx,observed,8.32**2 * RBF(length_scale=0.322),0.0273360408245852,0.3727641930625258,0.1009450206771031,0.3223760100226039,0.0248509462041683,69.22190136551896,1579.6949185836042,379,242,137,416,37,0.04,0.3,0.000625,1.0,1e-08,1e+18,False,False,False,False,12,1.1,15.0,12.972383722295854,5.351667928793269,72.97728993809002,63.112627206009606,study_results/v4p2_followups_20260806/pseudo65/gp_window_ensemble_20260806/runs/window_2p25eq2p5/draw_04/attempt_01/results_single.csv,1,1,1,1,single_attempt_outside_55_75MeV,False,,,,,,,window_2p25eq2p5,4
2021,0.204,0.005141524,0.192431571,0.2155684289999999,112452833.18684237,1.64,0.19556790064,0.21243209936,0.01686419872,0.0,1.0,8000,0.000125,True,4881.649752666806,6.910126048388776e-06,0.1916701631600482,0.8717581562995874,1872.199934177122,2149.379901920008,True,tilde_q_mu,asymptotic,default,sidak_approx,observed,8.38**2 * RBF(length_scale=0.323),0.0273802950129184,0.3733676592670698,0.1011084400978236,0.3230804915248074,0.0248911772844713,70.22438669511459,1582.0161637246815,379,244,135,416,37,0.04,0.3,0.000625,1.0,1e-08,1e+18,False,False,False,False,12,1.1,15.0,12.979719192565684,5.325326695531998,72.61809130270905,62.83749556061732,study_results/v4p2_followups_20260806/pseudo65/gp_window_ensemble_20260806/runs/window_2p25eq2p5/draw_04/attempt_01/results_single.csv,1,1,1,1,single_attempt_outside_55_75MeV,False,,,,,,,window_2p25eq2p5,4
2021,0.205,0.005175271875,0.19335563828125,0.2166443617187499,109447447.25856656,1.64,0.196512554125,0.213487445875,0.01697489175,0.0,1.0,8000,0.000125,True,5129.156740936134,7.423460383828092e-06,0.1519524033910285,1.0280957135200564,2194.505758936327,2135.8401390675126,True,tilde_q_mu,asymptotic,default,sidak_approx,observed,8.39**2 * RBF(length_scale=0.323),0.0274250145917023,0.3739774717050326,0.1012735780866781,0.3232045871498757,0.0249318314470021,70.4182329213144,1580.7639698059995,378,245,133,416,38,0.04,0.3,0.000625,1.0,1e-08,1e+18,False,False,False,False,12,1.1,15.0,12.96353169388758,5.2992413256941004,72.26238171401046,62.45171170835845,study_results/v4p2_followups_20260806/pseudo65/gp_window_ensemble_20260806/runs/window_2p25eq2p5/draw_04/attempt_01/results_single.csv,1,1,1,1,single_attempt_outside_55_75MeV,False,,,,,,,window_2p25eq2p5,4
2021,0.206,0.0052091915,0.194279319125,0.217720680875,106491864.68179588,1.64,0.19745692594,0.2145430740599999,0.0170861481199999,0.0,1.0,8000,0.000125,True,5359.972037514743,7.934120536662046e-06,0.1167825128478509,1.1912256166448407,2510.5386998007043,2107.8729256399824,True,tilde_q_mu,asymptotic,default,sidak_approx,observed,8.42**2 * RBF(length_scale=0.324),0.0274701927009294,0.3745935368308561,0.1014404093114096,0.3235115130618456,0.0249729024553904,70.85919662175793,1583.2390690850666,379,247,132,416,37,0.04,0.3,0.000625,1.0,1e-08,1e+18,False,False,False,False,12,1.1,15.0,12.954501930231803,5.273408109671041,71.91011058642329,62.103977759666854,study_results/v4p2_followups_20260806/pseudo65/gp_window_ensemble_20260806/runs/window_2p25eq2p5/draw_04/attempt_01/results_single.csv,1,1,1,1,single_attempt_outside_55_75MeV,False,,,,,,,window_2p25eq2p5,4
2021,0.207,0.005243282875,0.1952026135312499,0.21879738646875,103594993.30477582,1.64,0.198401016085,0.215598983915,0.0171979678299999,0.0,1.0,8000,0.000125,True,5478.555798369609,8.296155795147572e-06,0.10183132746908,1.2711855248564785,2664.4057071141888,2096.879596475734,True,tilde_q_mu,asymptotic,default,sidak_approx,observed,8.39**2 * RBF(length_scale=0.323),0.0275158226125923,0.375215762898986,0.1016089089272047,0.3232294331243041,0.0250143841932657,70.42713760449539,1579.0261160158757,378,248,130,416,38,0.04,0.3,0.000625,1.0,1e-08,1e+18,False,False,False,False,12,1.1,15.0,12.921742571273152,5.247823409220947,71.56122830755837,61.646384684958285,study_results/v4p2_followups_20260806/pseudo65/gp_window_ensemble_20260806/runs/window_2p25eq2p5/draw_04/attempt_01/results_single.csv,1,1,1,1,single_attempt_outside_55_75MeV,False,,,,,,,window_2p25eq2p5,4
2021,0.208,0.005277546,0.1961255214999999,0.2198744785,100755569.91566654,1.64,0.19934482456,0.21665517544,0.0173103508799999,0.0,1.0,8000,0.000125,True,5557.394113024331,8.61110172852061e-06,0.0903746820944541,1.3384513042120183,2782.0335558310085,2078.915488503335,True,tilde_q_mu,asymptotic,default,sidak_approx,observed,8.43**2 * RBF(length_scale=0.324),0.0275618977275242,0.3758440599207857,0.1017790525650254,0.3236405042858246,0.0250562706613857,71.09749663281123,1579.7206849172464,378,250,128,416,38,0.04,0.3,0.000625,1.0,1e-08,1e+18,False,False,False,False,12,1.1,15.0,12.916547265135824,5.222483655760516,71.21568621491612,61.32405180093639,study_results/v4p2_followups_20260806/pseudo65/gp_window_ensemble_20260806/runs/window_2p25eq2p5/draw_04/attempt_01/results_single.csv,1,1,1,1,single_attempt_outside_55_75MeV,False,,,,,,,window_2p25eq2p5,4
2021,0.209,0.005311980875,0.1970480430312499,0.22095195696875,97975291.24730824,1.64,0.200288351365,0.2177116486349999,0.0174232972699999,0.0,1.0,8000,0.000125,True,5592.162327043564,8.868227837348814e-06,0.0849108789585958,1.3727767591819156,2838.5325287629985,2067.969326947191,True,tilde_q_mu,asymptotic,default,sidak_approx,observed,8.44**2 * RBF(length_scale=0.324),0.0276084115723308,0.3764783396226934,0.101950816320278,0.3237121085405358,0.0250985559748462,71.17902075831097,1575.9524995313225,377,251,126,416,39,0.04,0.3,0.000625,1.0,1e-08,1e+18,False,False,False,False,12,1.1,15.0,12.897638767145011,5.197385348705882,70.87343657326201,60.93999887387316,study_results/v4p2_followups_20260806/pseudo65/gp_window_ensemble_20260806/runs/window_2p25eq2p5/draw_04/attempt_01/results_single.csv,1,1,1,1,single_attempt_outside_55_75MeV,False,,,,,,,window_2p25eq2p5,4
2021,0.21,0.0053465875,0.197970178125,0.2220298218749999,95309478.67396852,1.64,0.2012315965,0.2187684034999999,0.0175368069999999,0.0,1.0,8000,0.000125,True,5293.321752575244,8.588015636523555e-06,0.1067813136556132,1.2438286670170646,2543.424038434554,2044.7391048531308,True,tilde_q_mu,asymptotic,default,sidak_approx,observed,8.38**2 * RBF(length_scale=0.323),0.0276553577964078,0.3771185154055612,0.1021241767418025,0.3231255129159027,0.0251412343603707,70.29516139639796,1580.825927989649,378,253,125,416,38,0.04,0.3,0.000625,1.0,1e-08,1e+18,False,False,False,False,12,1.1,15.0,12.852412426703848,5.172525053860584,70.53443255264432,60.43584116334068,study_results/v4p2_followups_20260806/pseudo65/gp_window_ensemble_20260806/runs/window_2p25eq2p5/draw_04/attempt_01/results_single.csv,1,1,1,1,single_attempt_outside_55_75MeV,False,,,,,,,window_2p25eq2p5,4
2021,0.211,0.005381365875,0.19889192678125,0.2231080732187499,92716703.49811862,1.64,0.202174559965,0.2198254400349999,0.0176508800699999,0.0,1.0,8000,0.000125,True,4898.054972682309,8.130235766043971e-06,0.1510723731296012,1.0318449753252297,2101.4915864048153,2036.7980443129857,True,tilde_q_mu,asymptotic,default,sidak_approx,observed,8.31**2 * RBF(length_scale=0.322),0.0277027301690448,0.3777645023051568,0.1022991108211761,0.322274512905714,0.0251843001536771,69.07668999240899,1574.66959885419,377,254,123,416,39,0.04,0.3,0.000625,1.0,1e-08,1e+18,False,False,False,False,12,1.1,15.0,12.796643581086736,5.147899401849318,70.19862820703615,59.88712166977757,study_results/v4p2_followups_20260806/pseudo65/gp_window_ensemble_20260806/runs/window_2p25eq2p5/draw_04/attempt_01/results_single.csv,1,1,1,1,single_attempt_outside_55_75MeV,False,,,,,,,window_2p25eq2p5,4
2021,0.212,0.005416316,0.199813289,0.2241867109999999,90185144.73372865,1.64,0.2031172417599999,0.22088275824,0.01776551648,0.0,1.0,8000,0.000125,True,4569.191565182389,7.760477086152038e-06,0.1951941187701078,0.8589135057914203,1735.8612623257866,2020.9712236778084,True,tilde_q_mu,asymptotic,default,sidak_approx,observed,8.31**2 * RBF(length_scale=0.322),0.0277505225766093,0.3784162169537641,0.1024755959823144,0.3222664143054493,0.0252277477969176,69.06636099882697,1575.0373233831654,377,256,121,416,39,0.04,0.3,0.000625,1.0,1e-08,1e+18,False,False,False,False,12,1.1,15.0,12.774283970954578,5.123505086595644,69.86597845357696,59.49918991163907,study_results/v4p2_followups_20260806/pseudo65/gp_window_ensemble_20260806/runs/window_2p25eq2p5/draw_04/attempt_01/results_single.csv,1,1,1,1,single_attempt_outside_55_75MeV,False,,,,,,,window_2p25eq2p5,4
2021,0.213,0.005451437875,0.20073426478125,0.2252657352187499,87692400.078589,1.64,0.204059641885,0.2219403581149999,0.0178807162299999,0.0,1.0,8000,0.000125,True,4146.669890342528,7.209046474675072e-06,0.2684236938947778,0.6175873463163618,1234.3790553907295,2003.9034454746577,True,tilde_q_mu,asymptotic,default,sidak_approx,observed,8.26**2 * RBF(length_scale=0.322),0.0277987290198092,0.3790735775428533,0.1026536100713629,0.3217023018774583,0.0252715718361902,68.26557802950452,1574.0786206567798,377,257,120,416,39,0.04,0.3,0.000625,1.0,1e-08,1e+18,False,False,False,False,12,1.1,15.0,12.729809762634698,5.0993388638422745,69.53643905239464,59.012376047201734,study_results/v4p2_followups_20260806/pseudo65/gp_window_ensemble_20260806/runs/window_2p25eq2p5/draw_04/attempt_01/results_single.csv,1,1,1,1,single_attempt_outside_55_75MeV,False,,,,,,,window_2p25eq2p5,4
2021,0.214,0.0054867315,0.201654854125,0.226345145875,85297275.72952412,1.64,0.20500176034,0.2229982396599999,0.0179964793199999,0.0,1.0,8000,0.000125,True,3790.231516520285,6.742744859191173e-06,0.345581004200465,0.3972786243903773,789.2868224527738,1986.3853443415671,True,tilde_q_mu,asymptotic,default,sidak_approx,observed,8.34**2 * RBF(length_scale=0.323),0.0278473436110351,0.3797365037868427,0.1028331313468833,0.3226329046443567,0.0253157669191228,69.61010374153321,1573.1556301567073,377,259,118,416,39,0.04,0.3,0.000625,1.0,1e-08,1e+18,False,False,False,False,12,1.1,15.0,12.744346464994845,5.075397549713366,69.20996658700044,58.80238620103001,study_results/v4p2_followups_20260806/pseudo65/gp_window_ensemble_20260806/runs/window_2p25eq2p5/draw_04/attempt_01/results_single.csv,1,1,1,1,single_attempt_outside_55_75MeV,False,,,,,,,window_2p25eq2p5,4
2021,0.215,0.005522196875,0.20257505703125,0.22742494296875,82936171.06195708,1.64,0.205943597125,0.224056402875,0.01811280575,0.0,1.0,8000,0.000125,True,3256.71817813608,5.93085981763438e-06,0.4982566762560965,0.0043698784960128,8.63089089245842,1976.370240776573,True,tilde_q_mu,asymptotic,default,sidak_approx,observed,8.36**2 * RBF(length_scale=0.323),0.0278963605717713,0.380404916887791,0.1030141384702921,0.3227554769388686,0.0253603277925194,69.9114727455301,1570.4194156694273,376,260,116,416,40,0.04,0.3,0.000625,1.0,1e-08,1e+18,False,False,False,False,12,1.1,15.0,12.7267864823921,5.051678019315698,68.88651844521407,58.44693411784029,study_results/v4p2_followups_20260806/pseudo65/gp_window_ensemble_20260806/runs/window_2p25eq2p5/draw_04/attempt_01/results_single.csv,1,1,1,1,single_attempt_outside_55_75MeV,False,,,,,,,window_2p25eq2p5,4
2021,0.216,0.0055578339999999,0.2034948735,0.2285051265,80666190.61149085,1.64,0.20688515224,0.22511484776,0.0182296955199999,0.0,1.0,8000,0.000125,True,2862.100128871126,5.3340790292005e-06,0.5,0.0,-701.588062135384,1960.0784188052137,True,tilde_q_mu,asymptotic,default,sidak_approx,observed,8.35**2 * RBF(length_scale=0.323),0.0279457742300831,0.3810787395011339,0.1031966104965824,0.322600747667169,0.0254052493000755,69.74487919385973,1571.4443037592848,376,262,114,416,40,0.04,0.3,0.000625,1.0,1e-08,1e+18,False,False,False,False,12,1.1,15.0,12.698192560787394,5.028177205379499,68.56605280062952,58.044329439700626,study_results/v4p2_followups_20260806/pseudo65/gp_window_ensemble_20260806/runs/window_2p25eq2p5/draw_04/attempt_01/results_single.csv,1,1,1,1,single_attempt_outside_55_75MeV,False,,,,,,,window_2p25eq2p5,4
2021,0.217,0.005593642875,0.20441430353125,0.22958569646875,78431109.94118327,1.64,0.207826425685,0.226173574315,0.0183471486299999,0.0,1.0,8000,0.000125,True,2645.5021155351396,5.047541987468938e-06,0.5,0.0,-1178.6311761687198,1940.8934369452104,True,tilde_q_mu,asymptotic,default,sidak_approx,observed,8.33**2 * RBF(length_scale=0.322),0.0279955790181704,0.3817578957023249,0.1033805268652899,0.3224343532889611,0.0254505263801549,69.38676924436955,1572.929523033485,376,263,113,416,40,0.04,0.3,0.000625,1.0,1e-08,1e+18,False,False,False,False,12,1.1,15.0,12.669064225735577,5.0048920969361115,68.24852859458333,57.64299947178181,study_results/v4p2_followups_20260806/pseudo65/gp_window_ensemble_20260806/runs/window_2p25eq2p5/draw_04/attempt_01/results_single.csv,1,1,1,1,single_attempt_outside_55_75MeV,False,,,,,,,window_2p25eq2p5,4
2021,0.218,0.0056296235,0.205333347125,0.230666652875,76236851.52538474,1.64,0.20876741746,0.22723258254,0.01846516508,0.0,1.0,8000,0.000125,True,2480.0612571505535,4.845748658124808e-06,0.5,0.0,-1610.445825581543,1922.867055353516,True,tilde_q_mu,asymptotic,default,sidak_approx,observed,8.34**2 * RBF(length_scale=0.323),0.0280457694699898,0.3824423109544073,0.103565867391711,0.3225431977352008,0.0254961540636271,69.52421371456524,1573.1338926279034,376,265,111,416,40,0.04,0.3,0.000625,1.0,1e-08,1e+18,False,False,False,False,12,1.1,15.0,12.650660838112106,4.981819738032192,67.93390551862079,57.293919874961595,study_results/v4p2_followups_20260806/pseudo65/gp_window_ensemble_20260806/runs/window_2p25eq2p5/draw_04/attempt_01/results_single.csv,1,1,1,1,single_attempt_outside_55_75MeV,False,,,,,,,window_2p25eq2p5,4
2021,0.219,0.005665775875,0.20625200428125,0.23174799571875,74103158.47642389,1.64,0.209708127565,0.228291872435,0.0185837448699999,0.0,1.0,8000,0.000125,True,2319.941025256463,4.64211647340944e-06,0.5,0.0,-2149.0777158451297,1910.217868029035,True,tilde_q_mu,asymptotic,default,sidak_approx,observed,8.38**2 * RBF(length_scale=0.323),0.0280963402189413,0.3831319120764731,0.1037526122583625,0.3228715595832699,0.0255421274717648,70.1556239715068,1570.3367321299254,375,266,109,416,41,0.04,0.3,0.000625,1.0,1e-08,1e+18,False,False,False,False,12,1.1,15.0,12.640746544710614,4.958957226478954,67.62214399744026,56.98629220543778,study_results/v4p2_followups_20260806/pseudo65/gp_window_ensemble_20260806/runs/window_2p25eq2p5/draw_04/attempt_01/results_single.csv,1,1,1,1,single_attempt_outside_55_75MeV,False,,,,,,,window_2p25eq2p5,4
2021,0.22,0.0057021,0.207170275,0.232829725,72056230.15568508,1.64,0.210648556,0.229351444,0.018702888,0.0,1.0,8000,0.000125,True,2273.450947223294,4.657054200713415e-06,0.5,0.0,-2270.2992796438334,1897.708286751434,True,tilde_q_mu,asymptotic,default,sidak_approx,observed,8.31**2 * RBF(length_scale=0.322),0.0281472859956161,0.3838266272129476,0.1039407420066625,0.3221560162831009,0.0255884418141965,68.97862245668405,1568.5958926852516,374,267,107,416,42,0.04,0.3,0.000625,1.0,1e-08,1e+18,False,False,False,False,12,1.1,15.0,12.589903622203687,4.936301712635021,67.31320517229574,56.497784374721746,study_results/v4p2_followups_20260806/pseudo65/gp_window_ensemble_20260806/runs/window_2p25eq2p5/draw_04/attempt_01/results_single.csv,1,1,1,1,single_attempt_outside_55_75MeV,False,,,,,,,window_2p25eq2p5,4
2021,0.221,0.005738595875,0.20808815928125,0.23391184071875,70072537.02592257,1.64,0.211588702765,0.230411297235,0.01882259447,0.0,1.0,8000,0.000125,True,2196.4866452129863,4.605834979130422e-06,0.5,0.0,-2442.874030152458,1870.5097331364184,True,tilde_q_mu,asymptotic,default,sidak_approx,observed,8.33**2 * RBF(length_scale=0.322),0.0281986016256085,0.3845263858037528,0.1041302375288517,0.322394504197811,0.0256350923869168,69.38463477833714,1574.0446916711433,375,269,106,416,41,0.04,0.3,0.000625,1.0,1e-08,1e+18,False,False,False,False,12,1.1,15.0,12.57629577970035,4.913850398222813,67.00705088485654,56.18003275022586,study_results/v4p2_followups_20260806/pseudo65/gp_window_ensemble_20260806/runs/window_2p25eq2p5/draw_04/attempt_01/results_single.csv,1,1,1,1,single_attempt_outside_55_75MeV,False,,,,,,,window_2p25eq2p5,4
2021,0.222,0.0057752635,0.209005657125,0.234994342875,68109664.16035153,1.64,0.21252856786,0.23147143214,0.01894286428,0.0,1.0,8000,0.000125,True,2140.663484418069,4.597339853142788e-06,0.5,0.0,-2613.793820333914,1855.6961404381025,True,tilde_q_mu,asymptotic,default,sidak_approx,observed,8.38**2 * RBF(length_scale=0.323),0.0282502820273846,0.3852311185552448,0.1043210800601226,0.3228364815319497,0.0256820745703496,70.27915619456506,1572.4027904833713,374,270,104,416,42,0.04,0.3,0.000625,1.0,1e-08,1e+18,False,False,False,False,12,1.1,15.0,12.570498564966762,4.891600535176381,66.7036436614961,55.8998704616594,study_results/v4p2_followups_20260806/pseudo65/gp_window_ensemble_20260806/runs/window_2p25eq2p5/draw_04/attempt_01/results_single.csv,1,1,1,1,single_attempt_outside_55_75MeV,False,,,,,,,window_2p25eq2p5,4
2021,0.223,0.005812102875,0.20992276853125,0.23607723146875,66214738.059975564,1.64,0.213468151285,0.232531848715,0.01906369743,0.0,1.0,8000,0.000125,True,2130.23155945168,4.684758502984628e-06,0.5,0.0,-2532.52719470334,1836.8836057431104,True,tilde_q_mu,asymptotic,default,sidak_approx,observed,8.35**2 * RBF(length_scale=0.322),0.0283023222102076,0.3859407574119222,0.1045132511709582,0.3223495866752836,0.0257293838274614,69.72458717710332,1570.9275197183022,374,272,102,416,42,0.04,0.3,0.000625,1.0,1e-08,1e+18,False,False,False,False,12,1.1,15.0,12.528461188069086,4.869549424520059,66.40294669800079,55.461782698621555,study_results/v4p2_followups_20260806/pseudo65/gp_window_ensemble_20260806/runs/window_2p25eq2p5/draw_04/attempt_01/results_single.csv,1,1,1,1,single_attempt_outside_55_75MeV,False,,,,,,,window_2p25eq2p5,4
2021,0.224,0.005849114,0.2108394935,0.2371605065,64362913.74671155,1.64,0.21440745304,0.23359254696,0.01918509392,0.0,1.0,8000,0.000125,True,2149.269559008717,4.840910960981343e-06,0.4999655646006563,8.631674575031098e-05,-2277.724230202365,1813.5132409093312,True,tilde_q_mu,asymptotic,default,sidak_approx,observed,8.36**2 * RBF(length_scale=0.323),0.0283547172721207,0.3866552355289188,0.1047067327596833,0.3225592828410668,0.0257770157019279,69.96108656395761,1570.6480649402615,374,273,101,416,42,0.04,0.3,0.000625,1.0,1e-08,1e+18,False,False,False,False,12,1.1,15.0,12.513445566041296,4.847694415277375,66.10492384469147,55.146691078523475,study_results/v4p2_followups_20260806/pseudo65/gp_window_ensemble_20260806/runs/window_2p25eq2p5/draw_04/attempt_01/results_single.csv,1,1,1,1,single_attempt_outside_55_75MeV,False,,,,,,,window_2p25eq2p5,4
2021,0.225,0.005886296875,0.21175583203125,0.23824416796875,62544678.25081808,1.64,0.215346473125,0.234653526875,0.01930705375,0.0,1.0,8000,0.000125,True,2220.2371793705083,5.123260185673453e-06,0.5,0.0,-1845.9081132398417,1793.170048595848,True,tilde_q_mu,asymptotic,default,sidak_approx,observed,8.33**2 * RBF(length_scale=0.322),0.0284074623979809,0.3873744872451945,0.1049015070452041,0.3222730969769326,0.0258249658163463,69.30916086934391,1571.000952425734,374,275,99,416,42,0.04,0.3,0.000625,1.0,1e-08,1e+18,False,False,False,False,12,1.1,15.0,12.479129663472586,4.82603290340855,65.80953959193478,54.74971851074578,study_results/v4p2_followups_20260806/pseudo65/gp_window_ensemble_20260806/runs/window_2p25eq2p5/draw_04/attempt_01/results_single.csv,1,1,1,1,single_attempt_outside_55_75MeV,False,,,,,,,window_2p25eq2p5,4
2021,0.226,0.0059236515,0.212671784125,0.239328215875,60771554.15297639,1.64,0.21628521154,0.23571478846,0.01942957692,0.0,1.0,8000,0.000125,True,2260.3674062202076,5.344291965601373e-06,0.5,0.0,-1604.9033371717244,1777.672743638702,True,tilde_q_mu,asymptotic,default,sidak_approx,observed,8.35**2 * RBF(length_scale=0.323),0.0284605528575465,0.3880984480574534,0.1050975565599455,0.3225334602575118,0.0258732298704968,69.78857957700154,1568.0646962552971,373,276,97,416,43,0.04,0.3,0.000625,1.0,1e-08,1e+18,False,False,False,False,12,1.1,15.0,12.465914069170582,4.804562330776309,65.51675905604058,54.448419232210355,study_results/v4p2_followups_20260806/pseudo65/gp_window_ensemble_20260806/runs/window_2p25eq2p5/draw_04/attempt_01/results_single.csv,1,1,1,1,single_attempt_outside_55_75MeV,False,,,,,,,window_2p25eq2p5,4
2021,0.227,0.005961177875,0.21358734978125,0.24041265021875,59077484.03982016,1.64,0.217223668285,0.236776331715,0.01955266343,0.0,1.0,8000,0.000125,True,2289.3168498619007,5.543422472868754e-06,0.5,0.0,-1394.2498047623349,1756.7976251485964,True,tilde_q_mu,asymptotic,default,sidak_approx,observed,8.39**2 * RBF(length_scale=0.323),0.0285139840036164,0.3888270545947703,0.1052948641429799,0.3229474294817358,0.0259218036396513,70.46338870710917,1569.1397541786691,373,278,95,416,43,0.04,0.3,0.000625,1.0,1e-08,1e+18,False,False,False,False,12,1.1,15.0,12.458524644779674,4.783280184139193,65.22654796553445,54.17510368816763,study_results/v4p2_followups_20260806/pseudo65/gp_window_ensemble_20260806/runs/window_2p25eq2p5/draw_04/attempt_01/results_single.csv,1,1,1,1,single_attempt_outside_55_75MeV,False,,,,,,,window_2p25eq2p5,4
2021,0.228,0.005998876,0.214502529,0.241497471,57436780.43420136,1.64,0.21816184336,0.23783815664,0.01967631328,0.0,1.0,8000,0.000125,True,2349.4265346671264,5.825817241931167e-06,0.5,0.0,-1103.5744095429145,1735.4827511382553,True,tilde_q_mu,asymptotic,default,sidak_approx,observed,8.39**2 * RBF(length_scale=0.323),0.0285677512702127,0.3895602445938106,0.1054934129333165,0.3228922372335952,0.0259706829729207,70.42313096278207,1569.4361477093537,373,279,94,416,43,0.04,0.3,0.000625,1.0,1e-08,1e+18,False,False,False,False,12,1.1,15.0,12.432951323239005,4.762183994170372,64.9388726477778,53.8254561743892,study_results/v4p2_followups_20260806/pseudo65/gp_window_ensemble_20260806/runs/window_2p25eq2p5/draw_04/attempt_01/results_single.csv,1,1,1,1,single_attempt_outside_55_75MeV,False,,,,,,,window_2p25eq2p5,4
2021,0.229,0.006036745875,0.21541732178125,0.24258267821875,55831675.293223605,1.64,0.219099736765,0.238900263235,0.01980052647,0.0,1.0,8000,0.000125,True,2432.0756413319696,6.177046322884928e-06,0.5,0.0,-799.3553471301351,1717.1175972122985,True,tilde_q_mu,asymptotic,default,sidak_approx,observed,8.39**2 * RBF(length_scale=0.323),0.0286218501708174,0.3902979568747833,0.1056931863633896,0.3228214229469017,0.0260198637916522,70.43746998368714,1569.4994185536143,373,281,92,416,43,0.04,0.3,0.000625,1.0,1e-08,1e+18,False,False,False,False,12,1.1,15.0,12.4067299326321,4.741271334503118,64.6537000159516,53.47606634955488,study_results/v4p2_followups_20260806/pseudo65/gp_window_ensemble_20260806/runs/window_2p25eq2p5/draw_04/attempt_01/results_single.csv,1,1,1,1,single_attempt_outside_55_75MeV,False,,,,,,,window_2p25eq2p5,4
2021,0.23,0.0060747875,0.216331728125,0.243668271875,54262302.35414737,1.64,0.2200373485,0.2399626515,0.019925303,0.0,1.0,8000,0.000125,True,2433.4422404609377,6.331621009141436e-06,0.5,0.0,-743.7892932484929,1703.5080740901035,True,tilde_q_mu,asymptotic,default,sidak_approx,observed,8.47**2 * RBF(length_scale=0.324),0.0286762762966508,0.3910401313179656,0.1058941681527014,0.3235065023820731,0.0260693420878643,71.79420608431832,1567.3320395696535,372,282,90,416,44,0.04,0.3,0.000625,1.0,1e-08,1e+18,False,False,False,False,12,1.1,15.0,12.409461707615156,4.720539820800449,64.37099755636976,53.25396195045062,study_results/v4p2_followups_20260806/pseudo65/gp_window_ensemble_20260806/runs/window_2p25eq2p5/draw_04/attempt_01/results_single.csv,1,1,1,1,single_attempt_outside_55_75MeV,False,,,,,,,window_2p25eq2p5,4
2021,0.231,0.006113000875,0.21724574803125,0.24475425196875,52721717.822498925,1.64,0.220974678565,0.241025321435,0.02005064287,0.0,1.0,8000,0.000125,True,2550.7823286926964,6.801297772560191e-06,0.5,0.0,-413.3543399789283,1686.4728002643974,True,tilde_q_mu,asymptotic,default,sidak_approx,observed,8.4**2 * RBF(length_scale=0.323),0.0287310253149946,0.3917867088408355,0.1060963423016291,0.3230030717516489,0.0261191139227223,70.5425038183742,1564.9029463490483,372,284,88,416,44,0.04,0.3,0.000625,1.0,1e-08,1e+18,False,False,False,False,12,1.1,15.0,12.366540178480244,4.699987109848828,64.09073331612038,52.838708574804336,study_results/v4p2_followups_20260806/pseudo65/gp_window_ensemble_20260806/runs/window_2p25eq2p5/draw_04/attempt_01/results_single.csv,1,1,1,1,single_attempt_outside_55_75MeV,False,,,,,,,window_2p25eq2p5,4
2021,0.232,0.006151386,0.2181593815,0.2458406185,51251552.38699205,1.64,0.22191172696,0.24208827304,0.02017654608,0.0,1.0,8000,0.000125,True,2558.1185220080793,6.986273361372204e-06,0.5,0.0,-339.04069163154844,1668.449932371886,True,tilde_q_mu,asymptotic,default,sidak_approx,observed,8.41**2 * RBF(length_scale=0.323),0.0287860929675617,0.3925376313758422,0.1062996930854058,0.3231314849528169,0.0261691754250561,70.67511126953632,1565.712191306703,372,285,87,416,44,0.04,0.3,0.000625,1.0,1e-08,1e+18,False,False,False,False,12,1.1,15.0,12.347790089076666,4.679610898675804,63.81287589103368,52.52986643218566,study_results/v4p2_followups_20260806/pseudo65/gp_window_ensemble_20260806/runs/window_2p25eq2p5/draw_04/attempt_01/results_single.csv,1,1,1,1,single_attempt_outside_55_75MeV,False,,,,,,,window_2p25eq2p5,4
2021,0.233,0.006189942875,0.21907262853125,0.24692737146875,49805482.399550624,1.64,0.222848493685,0.243151506315,0.02030301263,0.0,1.0,8000,0.000125,True,2567.696176173023,7.185061412061689e-06,0.5,0.0,-272.0433160781829,1653.7908121400062,True,tilde_q_mu,asymptotic,default,sidak_approx,observed,8.38**2 * RBF(length_scale=0.323),0.0288414750689017,0.3932928418486603,0.1065042050482311,0.322974637369094,0.0262195227899106,70.29544842448921,1566.716899585298,372,287,85,416,44,0.04,0.3,0.000625,1.0,1e-08,1e+18,False,False,False,False,12,1.1,15.0,12.318097470994976,4.659408923689259,63.53739441394444,52.177321162934625,study_results/v4p2_followups_20260806/pseudo65/gp_window_ensemble_20260806/runs/window_2p25eq2p5/draw_04/attempt_01/results_single.csv,1,1,1,1,single_attempt_outside_55_75MeV,False,,,,,,,window_2p25eq2p5,4
2021,0.234,0.0062286715,0.219985489125,0.248014510875,48395595.20414742,1.64,0.22378497874,0.24421502126,0.02043004252,0.0,1.0,8000,0.000125,True,2644.44458912386,7.582854110849475e-06,0.5,0.0,-106.02792219104737,1645.4388857876595,True,tilde_q_mu,asymptotic,default,sidak_approx,observed,8.32**2 * RBF(length_scale=0.322),0.0288971675048537,0.394052284157097,0.1067098629975592,0.3222712429447429,0.0262701522771398,69.16588246953717,1562.9095629223475,371,288,83,416,45,0.04,0.3,0.000625,1.0,1e-08,1e+18,False,False,False,False,12,1.1,15.0,12.267581837551138,4.639378959839796,63.26425854326993,51.73996460477051,study_results/v4p2_followups_20260806/pseudo65/gp_window_ensemble_20260806/runs/window_2p25eq2p5/draw_04/attempt_01/results_single.csv,1,1,1,1,single_attempt_outside_55_75MeV,False,,,,,,,window_2p25eq2p5,4
2021,0.235,0.006267571875,0.22089796328125,0.2491020367187499,47012739.219878465,1.64,0.2247211821249999,0.245278817875,0.02055763575,0.0,1.0,8000,0.000125,True,2574.4851986251592,7.567055212510281e-06,0.499975650495596,6.103515625e-05,-207.56016536631975,1637.300220970366,True,tilde_q_mu,asymptotic,default,sidak_approx,observed,8.34**2 * RBF(length_scale=0.323),0.0289531662310341,0.394815903150465,0.1069166519985136,0.3225757282138374,0.026321060210031,69.5814691306703,1560.1600793570924,370,289,81,416,46,0.04,0.3,0.000625,1.0,1e-08,1e+18,False,False,False,False,12,1.1,15.0,12.255423058183018,4.619518819803578,62.993438451866965,51.467415874482874,study_results/v4p2_followups_20260806/pseudo65/gp_window_ensemble_20260806/runs/window_2p25eq2p5/draw_04/attempt_01/results_single.csv,1,1,1,1,single_attempt_outside_55_75MeV,False,,,,,,,window_2p25eq2p5,4
2021,0.236,0.006306644,0.2218100509999999,0.2501899489999999,45679826.44124699,1.64,0.2256571038399999,0.24634289616,0.02068579232,0.0,1.0,8000,0.000125,True,2576.930836835098,7.762225163943649e-06,0.5,0.0,-150.62154398374318,1619.7232405661905,True,tilde_q_mu,asymptotic,default,sidak_approx,observed,8.3**2 * RBF(length_scale=0.322),0.0290094672713634,0.3955836446095018,0.1071245573684485,0.3221491208156185,0.0263722429739667,68.94111308219226,1564.5279495206946,371,291,80,416,45,0.04,0.3,0.000625,1.0,1e-08,1e+18,False,False,False,False,12,1.1,15.0,12.215461579571604,4.599826353186174,62.7249048161751,51.08091099095152,study_results/v4p2_followups_20260806/pseudo65/gp_window_ensemble_20260806/runs/window_2p25eq2p5/draw_04/attempt_01/results_single.csv,1,1,1,1,single_attempt_outside_55_75MeV,False,,,,,,,window_2p25eq2p5,4
2021,0.237,0.006345887875,0.22272175228125,0.25127824771875,44384391.87212218,1.64,0.226592743885,0.2474072561149999,0.0208145122299999,0.0,1.0,8000,0.000125,True,2666.632536488544,8.231983210760595e-06,0.4957454619834696,0.0106647474467209,16.79290336015457,1614.453264910876,True,tilde_q_mu,asymptotic,default,sidak_approx,observed,8.25**2 * RBF(length_scale=0.322),0.0290660667166324,0.3963554552268056,0.1073335646716512,0.3215101959053118,0.0264236970151203,68.09029388978726,1562.811681684399,370,292,78,416,46,0.04,0.3,0.000625,1.0,1e-08,1e+18,False,False,False,False,12,1.1,15.0,12.167494795347327,4.580299445746575,62.458628805635115,50.66433606113972,study_results/v4p2_followups_20260806/pseudo65/gp_window_ensemble_20260806/runs/window_2p25eq2p5/draw_04/attempt_01/results_single.csv,1,1,1,1,single_attempt_outside_55_75MeV,False,,,,,,,window_2p25eq2p5,4
2021,0.238,0.0063853035,0.223633067125,0.252366932875,43150069.97440755,1.64,0.2275281022599999,0.24847189774,0.02094379548,0.0,1.0,8000,0.000125,True,2693.760180065891,8.517661747707057e-06,0.4788463785131602,0.0530491371402804,84.3857601012067,1605.6043932653697,True,tilde_q_mu,asymptotic,default,sidak_approx,observed,8.25**2 * RBF(length_scale=0.321),0.0291229607231004,0.3971312825877338,0.1075436597141695,0.3213969929051656,0.0264754188391822,67.98723470651643,1563.7693073226935,370,294,76,416,46,0.04,0.3,0.000625,1.0,1e-08,1e+18,False,False,False,False,12,1.1,15.0,12.139448854705734,4.560936018640379,62.1945820723688,50.333863207154614,study_results/v4p2_followups_20260806/pseudo65/gp_window_ensemble_20260806/runs/window_2p25eq2p5/draw_04/attempt_01/results_single.csv,1,1,1,1,single_attempt_outside_55_75MeV,False,,,,,,,window_2p25eq2p5,4
2021,0.239,0.006424890875,0.2245439955312499,0.25345600446875,41910564.95451811,1.64,0.2284631789649999,0.249536821035,0.02107364207,0.0,1.0,8000,0.000125,True,2659.0835174620643,8.620460852576358e-06,0.4903775481975734,0.0241222489424007,38.404025123509335,1601.8988864314888,True,tilde_q_mu,asymptotic,default,sidak_approx,observed,8.27**2 * RBF(length_scale=0.322),0.0291801455111333,0.3979110751518178,0.1077548285387784,0.3216888837792566,0.0265274050101211,68.34978268952189,1560.2883727164312,369,295,74,416,47,0.04,0.3,0.000625,1.0,1e-08,1e+18,False,False,False,False,12,1.1,15.0,12.126662357532538,4.541734027682346,61.9327367411229,50.0691591558365,study_results/v4p2_followups_20260806/pseudo65/gp_window_ensemble_20260806/runs/window_2p25eq2p5/draw_04/attempt_01/results_single.csv,1,1,1,1,single_attempt_outside_55_75MeV,False,,,,,,,window_2p25eq2p5,4
2021,0.24,0.00646465,0.2254545375,0.2545454625,40722504.22475857,1.64,0.229397974,0.250602026,0.0212040519999999,0.0,1.0,8000,0.000125,True,2643.6090491982286,8.783577410429327e-06,0.4866538531000942,0.0334600716460373,52.35287016073866,1587.7641421478002,True,tilde_q_mu,asymptotic,default,sidak_approx,observed,8.25**2 * RBF(length_scale=0.322),0.0292376173638717,0.3986947822346143,0.1079670574200659,0.3215515143520896,0.0265796521489742,68.08253981581986,1564.79333617247,370,297,73,416,46,0.04,0.3,0.000625,1.0,1e-08,1e+18,False,False,False,False,12,1.1,15.0,12.097656980228702,4.522691462627012,61.673065399459254,49.739972674791304,study_results/v4p2_followups_20260806/pseudo65/gp_window_ensemble_20260806/runs/window_2p25eq2p5/draw_04/attempt_01/results_single.csv,1,1,1,1,single_attempt_outside_55_75MeV,False,,,,,,,window_2p25eq2p5,4
2021,0.241,0.006504580875,0.2263646930312499,0.25563530696875,39555789.66735767,1.64,0.230332487365,0.251667512635,0.0213350252699999,0.0,1.0,8000,0.000125,True,2717.7068222550624,9.257536331850323e-06,0.4558445576029418,0.1109082351285487,175.5080201092172,1585.0878034405753,True,tilde_q_mu,asymptotic,default,sidak_approx,observed,8.27**2 * RBF(length_scale=0.322),0.0292953726259335,0.3994823539900027,0.1081803328596386,0.3216881646001708,0.0266321569326668,68.37331888102837,1561.7358845970907,369,298,71,416,47,0.04,0.3,0.000625,1.0,1e-08,1e+18,False,False,False,False,12,1.1,15.0,12.078937707279351,4.503806346467102,61.41554108818776,49.45563300420503,study_results/v4p2_followups_20260806/pseudo65/gp_window_ensemble_20260806/runs/window_2p25eq2p5/draw_04/attempt_01/results_single.csv,1,1,1,1,single_attempt_outside_55_75MeV,False,,,,,,,window_2p25eq2p5,4
2021,0.242,0.0065446835,0.227274462125,0.256725537875,38433549.77614895,1.64,0.23126671906,0.2527332809399999,0.0214665618799999,0.0,1.0,8000,0.000125,True,2849.2425475112973,9.947718307348902e-06,0.4021918117280855,0.2476779115993021,391.34119774457054,1578.4049332179395,True,tilde_q_mu,asymptotic,default,sidak_approx,observed,8.24**2 * RBF(length_scale=0.321),0.0293534077021493,0.4002737413929458,0.1083946415814538,0.3212620755063268,0.026684916092863,67.85867041894282,1563.2454860457874,369,300,69,416,47,0.04,0.3,0.000625,1.0,1e-08,1e+18,False,False,False,False,12,1.1,15.0,12.03908883911571,4.4850767347495655,61.16013729203953,49.08748841809184,study_results/v4p2_followups_20260806/pseudo65/gp_window_ensemble_20260806/runs/window_2p25eq2p5/draw_04/attempt_01/results_single.csv,1,1,1,1,single_attempt_outside_55_75MeV,False,,,,,,,window_2p25eq2p5,4
2021,0.243,0.006584957875,0.22818384478125,0.25781615521875,37332878.58161166,1.64,0.232200669085,0.253799330915,0.02159866183,0.0,1.0,8000,0.000125,True,2899.687888248296,1.0379428108308742e-05,0.3825711131365906,0.2987350306391748,471.6122730898818,1576.0186115988174,True,tilde_q_mu,asymptotic,default,sidak_approx,observed,8.26**2 * RBF(length_scale=0.321),0.0294117190563266,0.4010688962226361,0.108609970527255,0.3214779988615429,0.0267379264148424,68.16504102983289,1559.5786030944346,368,301,67,416,48,0.04,0.3,0.000625,1.0,1e-08,1e+18,False,False,False,False,12,1.1,15.0,12.02329581859752,4.466500714908013,60.90682793056381,48.82005397210577,study_results/v4p2_followups_20260806/pseudo65/gp_window_ensemble_20260806/runs/window_2p25eq2p5/draw_04/attempt_01/results_single.csv,1,1,1,1,single_attempt_outside_55_75MeV,False,,,,,,,window_2p25eq2p5,4
2021,0.244,0.006625404,0.229092841,0.258907159,36240747.78783116,1.64,0.23313433744,0.25486566256,0.0217313251199999,0.0,1.0,8000,0.000125,True,3038.352975936724,1.1157609852116191e-05,0.3260329793373619,0.4508939853300686,702.9158158149024,1560.9899629785205,True,tilde_q_mu,asymptotic,default,sidak_approx,observed,8.31**2 * RBF(length_scale=0.322),0.029470303210048,0.4018677710461094,0.1088263068521347,0.3218787335894419,0.0267911847364072,69.00764779055294,1564.6785361362686,369,303,66,416,47,0.04,0.3,0.000625,1.0,1e-08,1e+18,False,False,False,False,12,1.1,15.0,12.014352360910411,4.448076405612099,60.65558734925589,48.58250660479601,study_results/v4p2_followups_20260806/pseudo65/gp_window_ensemble_20260806/runs/window_2p25eq2p5/draw_04/attempt_01/results_single.csv,1,1,1,1,single_attempt_outside_55_75MeV,False,,,,,,,window_2p25eq2p5,4
2021,0.245,0.006666021875,0.23000145078125,0.25999854921875,35231160.94273463,1.64,0.234067724125,0.255932275875,0.02186455175,0.0,1.0,8000,0.000125,True,3229.242015577647,1.214863482345717e-05,0.2672624467565307,0.6211135819105924,966.4505643943206,1557.7905736596497,True,tilde_q_mu,asymptotic,default,sidak_approx,observed,8.32**2 * RBF(length_scale=0.322),0.0295291567414944,0.4026703192021974,0.1090436379201891,0.3219398559143759,0.0268446879468131,69.30549178692316,1564.032476038924,368,304,64,416,48,0.04,0.3,0.000625,1.0,1e-08,1e+18,False,False,False,False,12,1.1,15.0,11.992683861784084,4.429801956132116,60.40639031089249,48.29564948200473,study_results/v4p2_followups_20260806/pseudo65/gp_window_ensemble_20260806/runs/window_2p25eq2p5/draw_04/attempt_01/results_single.csv,1,1,1,1,single_attempt_outside_55_75MeV,False,,,,,,,window_2p25eq2p5,4
2021,0.246,0.0067068115,0.230909674125,0.261090325875,34231611.46534635,1.64,0.23500082914,0.25699917086,0.02199834172,0.0,1.0,8000,0.000125,True,3383.8144542042205,1.3048602817570473e-05,0.2247463964332426,0.7562608884587138,1173.9880294531922,1553.5036155872183,True,tilde_q_mu,asymptotic,default,sidak_approx,observed,8.34**2 * RBF(length_scale=0.322),0.0295882762843003,0.4034764947859137,0.1092619513002888,0.3220894016134558,0.0268984329857275,69.61646849349098,1560.5717874235124,367,305,62,416,49,0.04,0.3,0.000625,1.0,1e-08,1e+18,False,False,False,False,12,1.1,15.0,11.974281244723723,4.411675545719503,60.159211987084134,48.02422158628668,study_results/v4p2_followups_20260806/pseudo65/gp_window_ensemble_20260806/runs/window_2p25eq2p5/draw_04/attempt_01/results_single.csv,1,1,1,1,single_attempt_outside_55_75MeV,False,,,,,,,window_2p25eq2p5,4
2021,0.247,0.006747772875,0.23181751103125,0.26218248896875,33240766.184267055,1.64,0.235933652485,0.258066347515,0.02213269503,0.0,1.0,8000,0.000125,True,3616.745956639776,1.4304409944072956e-05,0.1655764899487151,0.9717941235962512,1491.2223681785986,1536.4476996768408,True,tilde_q_mu,asymptotic,default,sidak_approx,observed,8.35**2 * RBF(length_scale=0.322),0.0296476585264336,0.4042862526331858,0.1094812347619452,0.3219037845495107,0.0269524168422123,69.7760660182226,1565.2150140437934,368,307,61,416,48,0.04,0.3,0.000625,1.0,1e-08,1e+18,False,False,False,False,12,1.1,15.0,11.943410731365312,4.393695383001999,59.91402795002726,47.70518962517846,study_results/v4p2_followups_20260806/pseudo65/gp_window_ensemble_20260806/runs/window_2p25eq2p5/draw_04/attempt_01/results_single.csv,1,1,1,1,single_attempt_outside_55_75MeV,False,,,,,,,window_2p25eq2p5,4
2021,0.248,0.006788906,0.2327249615,0.2632750385,32306957.309929177,1.64,0.23686619416,0.25913380584,0.02226761168,0.0,1.0,8000,0.000125,True,3765.660778295596,1.5262067793704814e-05,0.1361339985629735,1.0978545725845146,1678.2838725939305,1530.0875518327048,True,tilde_q_mu,asymptotic,default,sidak_approx,observed,8.39**2 * RBF(length_scale=0.322),0.0297073002091074,0.4050995483060104,0.1097014762712903,0.3221873609388671,0.027006636553734,70.33464895958896,1561.587918656371,367,308,59,416,49,0.04,0.3,0.000625,1.0,1e-08,1e+18,False,False,False,False,12,1.1,15.0,11.929932862902929,4.375859705393982,59.67081416446339,47.45792045712036,study_results/v4p2_followups_20260806/pseudo65/gp_window_ensemble_20260806/runs/window_2p25eq2p5/draw_04/attempt_01/results_single.csv,1,1,1,1,single_attempt_outside_55_75MeV,False,,,,,,,window_2p25eq2p5,4
2021,0.249,0.006830210875,0.23363202553125,0.26436797446875,31367919.80580777,1.64,0.237798454165,0.260201545835,0.0224030916699999,0.0,1.0,8000,0.000125,True,3842.976284002428,1.5977269481123054e-05,0.1191798461555656,1.1790966502692817,1788.9161102374196,1517.971043614436,True,tilde_q_mu,asymptotic,default,sidak_approx,observed,8.39**2 * RBF(length_scale=0.322),0.029767198125712,0.4059163380778918,0.1099226639871329,0.3224157288772053,0.0270610892051927,70.46983660088713,1560.0556165492812,367,310,57,416,49,0.04,0.3,0.000625,1.0,1e-08,1e+18,False,False,False,False,12,1.1,15.0,11.914366285572,4.358166778520153,59.429546979820266,47.20435939354585,study_results/v4p2_followups_20260806/pseudo65/gp_window_ensemble_20260806/runs/window_2p25eq2p5/draw_04/attempt_01/results_single.csv,1,1,1,1,single_attempt_outside_55_75MeV,False,,,,,,,window_2p25eq2p5,4
2021,0.25,0.0068716875,0.234538703125,0.265461296875,30463229.35640608,1.64,0.2387304325,0.2612695675,0.022539135,0.0,1.0,8000,0.000125,True,3858.634248499207,1.645271549401042e-05,0.1139132152563606,1.2059768141961038,1820.7250710036624,1509.5179331928728,True,tilde_q_mu,asymptotic,default,sidak_approx,observed,8.35**2 * RBF(length_scale=0.322),0.0298273491207752,0.4067365789196631,0.1101447862571196,0.3222062984040931,0.0271157719279775,69.78601422476764,1558.8103852230204,366,311,55,416,50,0.04,0.3,0.000625,1.0,1e-08,1e+18,False,False,False,False,12,1.1,15.0,11.882615743335958,4.3406148956534025,59.19020312254639,46.88896263168152,study_results/v4p2_followups_20260806/pseudo65/gp_window_ensemble_20260806/runs/window_2p25eq2p5/draw_04/attempt_01/results_single.csv,1,1,1,1,single_attempt_outside_55_75MeV,False,,,,,,,window_2p25eq2p5,4
2021,0.05,0.0019941875,0.045513078125,0.054486921875,432274745.5035101,1.64,0.0467295325,0.0532704675,0.0065409349999999,0.0,1.0,8000,0.000125,True,21351.56298653166,3.207891906919891e-05,0.0006448909675506,3.218243674851449,15243.796697232216,4744.92501144916,True,tilde_q_mu,asymptotic,default,sidak_approx,observed,7.32**2 * RBF(length_scale=0.324),0.0430198208653474,0.586633920891102,0.1588612167593829,0.3237459746336004,0.0391089280594068,53.65426156412785,1681.5659291189093,402,9,393,416,14,0.04,0.3,0.000625,1.0,1e-08,1e+18,False,False,False,False,12,1.1,15.0,8.27805799590895,21.57260581833327,294.1718975227264,162.34480189731423,study_results/v4p2_followups_20260806/pseudo65/gp_window_ensemble_20260806/runs/window_2p25eq2p5/draw_05/attempt_01/results_single.csv,1,1,1,1,single_attempt_outside_55_75MeV,False,,,,,,,window_2p25eq2p5,5
2021,0.051,0.002001485875,0.04649665678125,0.0555033432187499,505722115.71658146,1.64,0.047717563165,0.0542824368349999,0.0065648736699999,0.0,1.0,8000,0.000125,True,18003.131335432157,2.266657227996135e-05,0.0088528739481763,2.371714879839573,11642.453202031727,4928.1587725349655,True,tilde_q_mu,asymptotic,default,sidak_approx,observed,7.32**2 * RBF(length_scale=0.325),0.0423437473933882,0.5774147371825666,0.1563646500091317,0.3249480135412848,0.0384943158121711,53.64199126807783,1675.584480458832,401,10,391,416,15,0.04,0.3,0.000625,1.0,1e-08,1e+18,False,False,False,False,12,1.1,15.0,8.441454450751479,21.15615599504954,288.4930362961301,162.353388350185,study_results/v4p2_followups_20260806/pseudo65/gp_window_ensemble_20260806/runs/window_2p25eq2p5/draw_05/attempt_01/results_single.csv,1,1,1,1,single_attempt_outside_55_75MeV,False,,,,,,,window_2p25eq2p5,5
2021,0.052,0.002008956,0.047479849,0.056520151,582496150.2912881,1.64,0.04870531216,0.0552946878399999,0.0065893756799999,0.0,1.0,8000,0.000125,True,8979.250639678012,9.626393561884997e-06,0.394758773804535,0.2669371564251531,1318.260536787266,4953.917604729299,True,tilde_q_mu,asymptotic,default,sidak_approx,observed,7.65**2 * RBF(length_scale=0.319),0.0416967826910809,0.5685924912420126,0.1539755745145915,0.3185092653855858,0.0379061660828008,58.55657577686341,1672.6947447317382,402,12,390,416,14,0.04,0.3,0.000625,1.0,1e-08,1e+18,False,False,False,False,12,1.1,15.0,8.40257135712026,20.75544844739304,283.02884246445046,158.54466966204626,study_results/v4p2_followups_20260806/pseudo65/gp_window_ensemble_20260806/runs/window_2p25eq2p5/draw_05/attempt_01/results_single.csv,1,1,1,1,single_attempt_outside_55_75MeV,False,,,,,,,window_2p25eq2p5,5
2021,0.053,0.002016597875,0.0484626547812499,0.05753734521875,661992830.0519445,1.64,0.049692779485,0.056307220515,0.00661444103,0.0,1.0,8000,0.000125,True,6439.666586545223,5.960108270321841e-06,0.5,0.0,-4716.231694134674,5107.180369050097,True,tilde_q_mu,asymptotic,default,sidak_approx,observed,7.69**2 * RBF(length_scale=0.317),0.0410773062694674,0.5601450854927381,0.1516880062237032,0.3174398365716209,0.0373430056995158,59.07653425184142,1668.7321502459083,402,14,388,416,14,0.04,0.3,0.000625,1.0,1e-08,1e+18,False,False,False,False,12,1.1,15.0,8.500650406288432,20.369607039017364,277.76736871387317,157.413553047417,study_results/v4p2_followups_20260806/pseudo65/gp_window_ensemble_20260806/runs/window_2p25eq2p5/draw_05/attempt_01/results_single.csv,1,1,1,1,single_attempt_outside_55_75MeV,False,,,,,,,window_2p25eq2p5,5
2021,0.054,0.0020244115,0.049445074125,0.058554925875,743432117.467634,1.64,0.05067996514,0.05732003486,0.00664006972,0.0,1.0,8000,0.000125,True,5823.401781005265,4.71044131804003e-06,0.5,0.0,-10959.819911858096,5511.8883571875485,True,tilde_q_mu,asymptotic,default,sidak_approx,observed,7.47**2 * RBF(length_scale=0.316),0.0404838157112043,0.552052032425514,0.1494963970927404,0.3155474484786574,0.0368034688283676,55.74906388617706,1662.8284877048884,401,15,386,416,15,0.04,0.3,0.000625,1.0,1e-08,1e+18,False,False,False,False,12,1.1,15.0,8.573850740814894,19.99781947059892,272.6975382354398,155.87119934788822,study_results/v4p2_followups_20260806/pseudo65/gp_window_ensemble_20260806/runs/window_2p25eq2p5/draw_05/attempt_01/results_single.csv,1,1,1,1,single_attempt_outside_55_75MeV,False,,,,,,,window_2p25eq2p5,5
2021,0.055,0.002032396875,0.05042710703125,0.05957289296875,825863093.242175,1.64,0.051666869125,0.058333130875,0.0066662617499999,0.0,1.0,8000,0.000125,True,5815.653084875759,4.157647506113297e-06,0.5,0.0,-11885.165837738963,5615.678971459837,True,tilde_q_mu,asymptotic,default,sidak_approx,observed,7.5**2 * RBF(length_scale=0.316),0.0399149161083646,0.5442943105686093,0.1473955960828078,0.3161420031854165,0.0362862873712406,56.299086300372885,1667.4041774934888,402,17,385,416,14,0.04,0.3,0.000625,1.0,1e-08,1e+18,False,False,False,False,12,1.1,15.0,8.712437289354126,19.639331569216612,267.8090668529538,155.55131336512042,study_results/v4p2_followups_20260806/pseudo65/gp_window_ensemble_20260806/runs/window_2p25eq2p5/draw_05/attempt_01/results_single.csv,2,2,1,2,stable_reproduced,False,attempt_01_full,False,1667.4041774934888,1667.404176674517,study_results/v4p2_followups_20260806/pseudo65/gp_window_ensemble_20260806/runs/window_2p25eq2p5/draw_05/attempt_01/results_single.csv|study_results/v4p2_followups_20260806/pseudo65/gp_window_ensemble_20260806/central_repeat/window_2p25eq2p5/draw_05/attempt_02/results_single.csv,1667.40417749|1667.40417667,window_2p25eq2p5,5
2021,0.056,0.002040554,0.0514087535,0.0605912465,908527012.009006,1.64,0.05265349144,0.05934650856,0.00669301712,0.0,1.0,8000,0.000125,True,6534.112806835399,4.170428491226484e-06,0.5,0.0,-9340.365331994017,5863.265504999188,True,tilde_q_mu,asymptotic,default,sidak_approx,observed,7.51**2 * RBF(length_scale=0.317),0.0393693106142212,0.5368542356484718,0.1453808142699889,0.3174104202901344,0.0357902823765647,56.458921273582995,1661.5422061634038,401,18,383,416,15,0.04,0.3,0.000625,1.0,1e-08,1e+18,False,False,False,False,12,1.1,15.0,8.868620173222563,19.293442180026243,263.0923933639942,155.55110048062167,study_results/v4p2_followups_20260806/pseudo65/gp_window_ensemble_20260806/runs/window_2p25eq2p5/draw_05/attempt_01/results_single.csv,3,3,2,2,resolved_reproduced_max_lml,False,attempt_01_full,False,1661.5422061634038,1172.644395282677,study_results/v4p2_followups_20260806/pseudo65/gp_window_ensemble_20260806/runs/window_2p25eq2p5/draw_05/attempt_01/results_single.csv|study_results/v4p2_followups_20260806/pseudo65/gp_window_ensemble_20260806/central_repeat/window_2p25eq2p5/draw_05/attempt_02/results_single.csv|study_results/v4p2_followups_20260806/pseudo65/gp_window_ensemble_20260806/central_repairs/window_2p25eq2p5/draw_05/m056/attempt_03/results_single.csv,1661.54220616|1172.64439528|1661.54220549,window_2p25eq2p5,5
2021,0.057,0.002048882875,0.05239001353125,0.06160998646875,990849146.1060752,1.64,0.053639832085,0.060360167915,0.0067203358299999,0.0,1.0,8000,0.000125,True,7850.179291162611,4.513537994867026e-06,0.5,0.0,-4009.851909840595,5882.584862046272,True,tilde_q_mu,asymptotic,default,sidak_approx,observed,7.88**2 * RBF(length_scale=0.32),0.0388457919743114,0.5297153451042469,0.1434475935717297,0.3202521306591365,0.0353143563402831,62.04507529092592,1658.886886935756,401,20,381,416,15,0.04,0.3,0.000625,1.0,1e-08,1e+18,False,False,False,False,12,1.1,15.0,9.068610158804582,18.959498587400432,258.53861710091496,156.3057286323097,study_results/v4p2_followups_20260806/pseudo65/gp_window_ensemble_20260806/central_repeat/window_2p25eq2p5/draw_05/attempt_02/results_single.csv,2,2,1,2,stable_reproduced,False,attempt_02_55_75MeV,False,1658.8868863897976,1658.886886935756,study_results/v4p2_followups_20260806/pseudo65/gp_window_ensemble_20260806/runs/window_2p25eq2p5/draw_05/attempt_01/results_single.csv|study_results/v4p2_followups_20260806/pseudo65/gp_window_ensemble_20260806/central_repeat/window_2p25eq2p5/draw_05/attempt_02/results_single.csv,1658.88688639|1658.88688694,window_2p25eq2p5,5
2021,0.058,0.0020573835,0.053370887125,0.062629112875,1071768575.5988193,1.64,0.05462589106,0.06137410894,0.00674821788,0.0,1.0,8000,0.000125,True,11605.54031215444,6.0625631249628645e-06,0.3297118913044138,0.4407088585453391,2641.379813321743,5995.370850445924,True,tilde_q_mu,asymptotic,default,sidak_approx,observed,7.87**2 * RBF(length_scale=0.317),0.0383432349203511,0.5228622943684247,0.1415917786595051,0.3168815434855638,0.0348574862912283,61.92406382752825,1656.8505778876795,401,21,380,416,15,0.04,0.3,0.000625,1.0,1e-08,1e+18,False,False,False,False,12,1.1,15.0,9.090774384534589,18.63689240258374,254.13944185341464,154.02162187339593,study_results/v4p2_followups_20260806/pseudo65/gp_window_ensemble_20260806/central_repeat/window_2p25eq2p5/draw_05/attempt_02/results_single.csv,2,2,1,2,stable_reproduced,False,attempt_02_55_75MeV,False,1656.8505765584089,1656.8505778876795,study_results/v4p2_followups_20260806/pseudo65/gp_window_ensemble_20260806/runs/window_2p25eq2p5/draw_05/attempt_01/results_single.csv|study_results/v4p2_followups_20260806/pseudo65/gp_window_ensemble_20260806/central_repeat/window_2p25eq2p5/draw_05/attempt_02/results_single.csv,1656.85057656|1656.85057789,window_2p25eq2p5,5
2021,0.059,0.002066055875,0.0543513742812499,0.0636486257187499,1150975272.004005,1.64,0.055611668365,0.0623883316349999,0.0067766632699999,0.0,1.0,8000,0.000125,True,13223.308009405491,6.323274439829424e-06,0.2236335505275264,0.7599790611645221,4609.540061981684,6066.792886221514,True,tilde_q_mu,asymptotic,default,sidak_approx,observed,7.92**2 * RBF(length_scale=0.317),0.0378605893261601,0.516280763538548,0.139809491685398,0.3172634898809536,0.0344187175692365,62.7501248599949,1655.5644930210035,401,23,378,416,15,0.04,0.3,0.000625,1.0,1e-08,1e+18,False,False,False,False,12,1.1,15.0,9.21776034341628,18.325055863341635,249.88712540920412,153.5599756618168,study_results/v4p2_followups_20260806/pseudo65/gp_window_ensemble_20260806/runs/window_2p25eq2p5/draw_05/attempt_01/results_single.csv,2,2,1,2,stable_reproduced,False,attempt_01_full,False,1655.5644930210035,1655.564492896269,study_results/v4p2_followups_20260806/pseudo65/gp_window_ensemble_20260806/runs/window_2p25eq2p5/draw_05/attempt_01/results_single.csv|study_results/v4p2_followups_20260806/pseudo65/gp_window_ensemble_20260806/central_repeat/window_2p25eq2p5/draw_05/attempt_02/results_single.csv,1655.56449302|1655.5644929,window_2p25eq2p5,5
2021,0.06,0.0020749,0.055331475,0.064668525,1227610191.0571065,1.64,0.056597164,0.063402836,0.006805672,0.0,1.0,8000,0.000125,True,13467.780413552506,5.937508076298546e-06,0.2131144410727443,0.7956613760975917,4857.447516731119,6101.318931947702,True,tilde_q_mu,asymptotic,default,sidak_approx,observed,7.8**2 * RBF(length_scale=0.315),0.0373968740379758,0.5099573732451246,0.1380971094990222,0.3149971435766912,0.0339971582163416,60.7740822461605,1659.7542966011245,402,25,377,416,14,0.04,0.3,0.000625,1.0,1e-08,1e+18,False,False,False,False,12,1.1,15.0,9.265396289072168,18.023458498229218,245.77443406676204,151.81316862339926,study_results/v4p2_followups_20260806/pseudo65/gp_window_ensemble_20260806/runs/window_2p25eq2p5/draw_05/attempt_01/results_single.csv,2,2,1,2,stable_reproduced,False,attempt_01_full,False,1659.7542966011245,1659.7542951479684,study_results/v4p2_followups_20260806/pseudo65/gp_window_ensemble_20260806/runs/window_2p25eq2p5/draw_05/attempt_01/results_single.csv|study_results/v4p2_followups_20260806/pseudo65/gp_window_ensemble_20260806/central_repeat/window_2p25eq2p5/draw_05/attempt_02/results_single.csv,1659.7542966|1659.75429515,window_2p25eq2p5,5
2021,0.061,0.002083915875,0.05631118928125,0.06568881071875,1300982685.920551,1.64,0.057582377965,0.064417622035,0.0068352440699999,0.0,1.0,8000,0.000125,True,13013.213931162416,5.324798030958152e-06,0.2782440310856593,0.5880658975187423,3737.129964587786,6359.821742512709,True,tilde_q_mu,asymptotic,default,sidak_approx,observed,7.66**2 * RBF(length_scale=0.314),0.0369511713028735,0.5038796086755482,0.136451243073103,0.3139928250475601,0.0335919739117032,58.702687652279515,1653.8707448164585,401,26,375,416,15,0.04,0.3,0.000625,1.0,1e-08,1e+18,False,False,False,False,12,1.1,15.0,9.347257350011432,17.731604114236877,241.7946015577755,150.67442444026688,study_results/v4p2_followups_20260806/pseudo65/gp_window_ensemble_20260806/runs/window_2p25eq2p5/draw_05/attempt_01/results_single.csv,2,2,1,2,stable_reproduced,False,attempt_01_full,False,1653.8707448164585,1653.8707441756353,study_results/v4p2_followups_20260806/pseudo65/gp_window_ensemble_20260806/runs/window_2p25eq2p5/draw_05/attempt_01/results_single.csv|study_results/v4p2_followups_20260806/pseudo65/gp_window_ensemble_20260806/central_repeat/window_2p25eq2p5/draw_05/attempt_02/results_single.csv,1653.87074482|1653.87074418,window_2p25eq2p5,5
2021,0.062,0.0020931035,0.057290517125,0.066709482875,1370691259.7503777,1.64,0.05856731026,0.06543268974,0.0068653794799999,0.0,1.0,8000,0.000125,True,12050.732316767764,4.604707292703925e-06,0.3559070077054603,0.3694209089327451,2373.65129923251,6405.191950007119,True,tilde_q_mu,asymptotic,default,sidak_approx,observed,7.86**2 * RBF(length_scale=0.317),0.0365226217287332,0.4980357508463617,0.1348687188919183,0.3173230407099799,0.0332023833897574,61.83442482465683,1655.0716318368711,401,28,373,416,15,0.04,0.3,0.000625,1.0,1e-08,1e+18,False,False,False,False,12,1.1,15.0,9.557236809929446,17.449028071824063,237.9412918885099,151.6040848959356,study_results/v4p2_followups_20260806/pseudo65/gp_window_ensemble_20260806/central_repeat/window_2p25eq2p5/draw_05/attempt_02/results_single.csv,2,2,1,2,stable_reproduced,False,attempt_02_55_75MeV,False,1655.0716317184565,1655.0716318368711,study_results/v4p2_followups_20260806/pseudo65/gp_window_ensemble_20260806/runs/window_2p25eq2p5/draw_05/attempt_01/results_single.csv|study_results/v4p2_followups_20260806/pseudo65/gp_window_ensemble_20260806/central_repeat/window_2p25eq2p5/draw_05/attempt_02/results_single.csv,1655.07163172|1655.07163184,window_2p25eq2p5,5
2021,0.063,0.002102462875,0.05826945853125,0.06773054146875,1436509827.0616038,1.64,0.059551960885,0.066448039115,0.0068960782299999,0.0,1.0,8000,0.000125,True,11984.919916445266,4.3003708337380544e-06,0.3800203516904056,0.3054273377272146,1986.0350228926395,6506.583321815697,True,tilde_q_mu,asymptotic,default,sidak_approx,observed,7.82**2 * RBF(length_scale=0.316),0.0361104197174945,0.4924148143294715,0.133346562087477,0.3161024091570148,0.0328276542886314,61.17616674673685,1655.295281381956,401,29,372,416,15,0.04,0.3,0.000625,1.0,1e-08,1e+18,False,False,False,False,12,1.1,15.0,9.629150056770412,17.17529481584524,234.20856567061688,150.34862822822248,study_results/v4p2_followups_20260806/pseudo65/gp_window_ensemble_20260806/central_repeat/window_2p25eq2p5/draw_05/attempt_02/results_single.csv,2,2,1,2,stable_reproduced,False,attempt_02_55_75MeV,False,1655.2952807938475,1655.295281381956,study_results/v4p2_followups_20260806/pseudo65/gp_window_ensemble_20260806/runs/window_2p25eq2p5/draw_05/attempt_01/results_single.csv|study_results/v4p2_followups_20260806/pseudo65/gp_window_ensemble_20260806/central_repeat/window_2p25eq2p5/draw_05/attempt_02/results_single.csv,1655.29528079|1655.29528138,window_2p25eq2p5,5
2021,0.064,0.002111994,0.0592480135,0.0687519865,1496879923.2041411,1.64,0.06053632984,0.06746367016,0.00692734032,0.0,1.0,8000,0.000125,True,12084.047325659483,4.096051439916498e-06,0.3734027734157781,0.322854353932465,2091.1802898840156,6526.050249693109,True,tilde_q_mu,asymptotic,default,sidak_approx,observed,8.01**2 * RBF(length_scale=0.317),0.0357138093206567,0.4870064907362281,0.1318819811349368,0.3172616200916935,0.0324670993824152,64.17419840483815,1654.3603550027103,401,31,370,416,15,0.04,0.3,0.000625,1.0,1e-08,1e+18,False,False,False,False,12,1.1,15.0,9.771788244918744,16.909995634768247,230.59084956502153,150.21899687768692,study_results/v4p2_followups_20260806/pseudo65/gp_window_ensemble_20260806/central_repeat/window_2p25eq2p5/draw_05/attempt_02/results_single.csv,2,2,1,2,stable_reproduced,False,attempt_02_55_75MeV,False,1654.3603540985953,1654.3603550027103,study_results/v4p2_followups_20260806/pseudo65/gp_window_ensemble_20260806/runs/window_2p25eq2p5/draw_05/attempt_01/results_single.csv|study_results/v4p2_followups_20260806/pseudo65/gp_window_ensemble_20260806/central_repeat/window_2p25eq2p5/draw_05/attempt_02/results_single.csv,1654.3603541|1654.360355,window_2p25eq2p5,5
2021,0.065,0.002121696875,0.06022618203125,0.06977381796875,1553170370.5224998,1.64,0.061520417125,0.068479582875,0.0069591657499999,0.0,1.0,8000,0.000125,True,13014.959932202786,4.186299577353618e-06,0.3141454524452522,0.4841338141693113,3270.2280385282215,6604.18139186095,True,tilde_q_mu,asymptotic,default,sidak_approx,observed,8.14**2 * RBF(length_scale=0.319),0.0353320804721528,0.4818010973475384,0.1304723539415717,0.319473401252679,0.0321200731565025,66.33975984462374,1648.806087885596,400,32,368,416,16,0.04,0.3,0.000625,1.0,1e-08,1e+18,False,False,False,False,12,1.1,15.0,9.94622271549849,16.652746623927047,227.08290850809607,150.5744788603127,study_results/v4p2_followups_20260806/pseudo65/gp_window_ensemble_20260806/runs/window_2p25eq2p5/draw_05/attempt_01/results_single.csv,2,2,1,2,stable_reproduced,False,attempt_01_full,False,1648.806087885596,1648.806087831677,study_results/v4p2_followups_20260806/pseudo65/gp_window_ensemble_20260806/runs/window_2p25eq2p5/draw_05/attempt_01/results_single.csv|study_results/v4p2_followups_20260806/pseudo65/gp_window_ensemble_20260806/central_repeat/window_2p25eq2p5/draw_05/attempt_02/results_single.csv,1648.80608789|1648.80608783,window_2p25eq2p5,5
2021,0.066,0.0021315715,0.061203964125,0.070796035875,1603802582.778056,1.64,0.06250422274,0.06949577726,0.0069915545199999,0.0,1.0,8000,0.000125,True,13457.195784387932,4.1283798422646975e-06,0.2590625353283619,0.6462382513634809,3985.2782761391345,6514.958018432878,True,tilde_q_mu,asymptotic,default,sidak_approx,observed,8.32**2 * RBF(length_scale=0.321),0.0349645655591176,0.4767895303516045,0.1291152151834926,0.3208433824987957,0.0317859686901069,69.22034794798624,1655.5543878925866,401,34,367,416,15,0.04,0.3,0.000625,1.0,1e-08,1e+18,False,False,False,False,12,1.1,15.0,10.093868323687571,16.403186831461046,223.67982042901423,150.5196436051034,study_results/v4p2_followups_20260806/pseudo65/gp_window_ensemble_20260806/runs/window_2p25eq2p5/draw_05/attempt_01/results_single.csv,2,2,1,2,stable_reproduced,False,attempt_01_full,False,1655.5543878925866,1655.5543870911144,study_results/v4p2_followups_20260806/pseudo65/gp_window_ensemble_20260806/runs/window_2p25eq2p5/draw_05/attempt_01/results_single.csv|study_results/v4p2_followups_20260806/pseudo65/gp_window_ensemble_20260806/central_repeat/window_2p25eq2p5/draw_05/attempt_02/results_single.csv,1655.55438789|1655.55438709,window_2p25eq2p5,5
2021,0.067,0.002141617875,0.06218135978125,0.07181864021875,1649684599.8853722,1.64,0.063487746685,0.070512253315,0.00702450663,0.0,1.0,8000,0.000125,True,13037.664580256356,3.830398890365531e-06,0.2984963139544624,0.5287301946768029,3193.621547619058,6625.147273907504,True,tilde_q_mu,asymptotic,default,sidak_approx,observed,8.15**2 * RBF(length_scale=0.32),0.034610636295701,0.4719632222141046,0.1278082447614374,0.3195556265224897,0.0314642148142736,66.36153687195059,1650.372826920235,400,35,365,416,16,0.04,0.3,0.000625,1.0,1e-08,1e+18,False,False,False,False,12,1.1,15.0,10.156160845225491,16.16097656810088,220.37695320137564,149.21225221959344,study_results/v4p2_followups_20260806/pseudo65/gp_window_ensemble_20260806/central_repeat/window_2p25eq2p5/draw_05/attempt_02/results_single.csv,2,2,1,2,stable_reproduced,False,attempt_02_55_75MeV,False,1650.372826692402,1650.372826920235,study_results/v4p2_followups_20260806/pseudo65/gp_window_ensemble_20260806/runs/window_2p25eq2p5/draw_05/attempt_01/results_single.csv|study_results/v4p2_followups_20260806/pseudo65/gp_window_ensemble_20260806/central_repeat/window_2p25eq2p5/draw_05/attempt_02/results_single.csv,1650.37282669|1650.37282692,window_2p25eq2p5,5
2021,0.068,0.002151836,0.063158369,0.072841631,1689561292.5556638,1.64,0.06447098896,0.07152901104,0.00705802208,0.0,1.0,8000,0.000125,True,12602.904182017286,3.56211299998637e-06,0.3871699433249358,0.2867028089036446,2491.924170970955,6662.9045070079455,True,tilde_q_mu,asymptotic,default,sidak_approx,observed,8**2 * RBF(length_scale=0.318),0.0342697008691363,0.4673141027609495,0.1265492572619316,0.317813448851432,0.0311542735173966,64.07142638348103,1651.0247938560162,400,37,363,416,16,0.04,0.3,0.000625,1.0,1e-08,1e+18,False,False,False,False,12,1.1,15.0,10.201279406305655,15.92579586415336,217.1699436020912,147.69408488910494,study_results/v4p2_followups_20260806/pseudo65/gp_window_ensemble_20260806/central_repeat/window_2p25eq2p5/draw_05/attempt_02/results_single.csv,2,2,1,2,stable_reproduced,False,attempt_02_55_75MeV,False,1651.024793392379,1651.0247938560162,study_results/v4p2_followups_20260806/pseudo65/gp_window_ensemble_20260806/runs/window_2p25eq2p5/draw_05/attempt_01/results_single.csv|study_results/v4p2_followups_20260806/pseudo65/gp_window_ensemble_20260806/central_repeat/window_2p25eq2p5/draw_05/attempt_02/results_single.csv,1651.02479339|1651.02479386,window_2p25eq2p5,5
2021,0.069,0.002162225875,0.06413499178125,0.07386500821875,1724576591.9773357,1.64,0.065453949565,0.072546050435,0.00709210087,0.0,1.0,8000,0.000125,True,11338.168222885306,3.094077876917308e-06,0.451561179661714,0.1217179974396815,800.1976715374235,6587.8829550864175,True,tilde_q_mu,asymptotic,default,sidak_approx,observed,7.99**2 * RBF(length_scale=0.319),0.0339412013307978,0.4628345636017883,0.1253361923231284,0.3185894602679285,0.0308556375734525,63.77915148378569,1657.479679650908,401,39,362,416,15,0.04,0.3,0.000625,1.0,1e-08,1e+18,False,False,False,False,12,1.1,15.0,10.32516212019664,15.697343058942815,214.05467807649293,147.34328358175276,study_results/v4p2_followups_20260806/pseudo65/gp_window_ensemble_20260806/central_repeat/window_2p25eq2p5/draw_05/attempt_02/results_single.csv,2,2,1,2,stable_reproduced,False,attempt_02_55_75MeV,False,1657.4796791999663,1657.479679650908,study_results/v4p2_followups_20260806/pseudo65/gp_window_ensemble_20260806/runs/window_2p25eq2p5/draw_05/attempt_01/results_single.csv|study_results/v4p2_followups_20260806/pseudo65/gp_window_ensemble_20260806/central_repeat/window_2p25eq2p5/draw_05/attempt_02/results_single.csv,1657.4796792|1657.47967965,window_2p25eq2p5,5
2021,0.07,0.0021727875,0.065111228125,0.074888771875,1754068640.737012,1.64,0.0664366285,0.0735633715,0.0071267429999999,0.0,1.0,8000,0.000125,True,9811.39898755625,2.594814013482546e-06,0.5,0.0,-2270.9950387506024,6697.388061039287,True,tilde_q_mu,asymptotic,default,sidak_approx,observed,7.95**2 * RBF(length_scale=0.318),0.0336246112080568,0.4585174255644109,0.1241671058160028,0.3178716670361191,0.0305678283709607,63.18085787107658,1651.5126859309978,400,40,360,416,16,0.04,0.3,0.000625,1.0,1e-08,1e+18,False,False,False,False,12,1.1,15.0,10.398895962727122,15.475333509630737,211.02727513132825,146.29671195923163,study_results/v4p2_followups_20260806/pseudo65/gp_window_ensemble_20260806/runs/window_2p25eq2p5/draw_05/attempt_01/results_single.csv,2,2,1,2,stable_reproduced,False,attempt_01_full,False,1651.5126859309978,1651.512685023604,study_results/v4p2_followups_20260806/pseudo65/gp_window_ensemble_20260806/runs/window_2p25eq2p5/draw_05/attempt_01/results_single.csv|study_results/v4p2_followups_20260806/pseudo65/gp_window_ensemble_20260806/central_repeat/window_2p25eq2p5/draw_05/attempt_02/results_single.csv,1651.51268593|1651.51268502,window_2p25eq2p5,5
2021,0.071,0.002183520875,0.06608707803125,0.0759129219687499,1779791927.673416,1.64,0.0674190257649999,0.074580974235,0.00716194847,0.0,1.0,8000,0.000125,True,7910.694286887477,2.0328575261099507e-06,0.5,0.0,-7856.46160453643,6597.848837689856,True,tilde_q_mu,asymptotic,default,sidak_approx,observed,7.88**2 * RBF(length_scale=0.319),0.0333194333154327,0.4543559088468107,0.1230401617614922,0.3186171062411731,0.0302903939231207,62.0676759323792,1658.0069544621645,401,42,359,416,15,0.04,0.3,0.000625,1.0,1e-08,1e+18,False,False,False,False,12,1.1,15.0,10.518750830703857,15.259498407787282,208.08406919709927,145.91896504821514,study_results/v4p2_followups_20260806/pseudo65/gp_window_ensemble_20260806/central_repeat/window_2p25eq2p5/draw_05/attempt_02/results_single.csv,2,2,1,2,stable_reproduced,False,attempt_02_55_75MeV,False,1658.0069542774506,1658.0069544621645,study_results/v4p2_followups_20260806/pseudo65/gp_window_ensemble_20260806/runs/window_2p25eq2p5/draw_05/attempt_01/results_single.csv|study_results/v4p2_followups_20260806/pseudo65/gp_window_ensemble_20260806/central_repeat/window_2p25eq2p5/draw_05/attempt_02/results_single.csv,1658.00695428|1658.00695446,window_2p25eq2p5,5
2021,0.072,0.002194426,0.0670625414999999,0.0769374585,1800027837.2017207,1.64,0.06840114136,0.0755988586399999,0.0071977172799999,0.0,1.0,8000,0.000125,True,7381.945988466627,1.8496053264961524e-06,0.5,0.0,-10943.628704509509,6658.97941820257,True,tilde_q_mu,asymptotic,default,sidak_approx,observed,8.02**2 * RBF(length_scale=0.319),0.0330251977459068,0.4503436056260024,0.1219536249129291,0.3194652589451683,0.0300229070417334,64.3258433072461,1650.540340925548,400,43,357,416,16,0.04,0.3,0.000625,1.0,1e-08,1e+18,False,False,False,False,12,1.1,15.0,10.640717053185224,15.049583693369856,205.22159581867984,145.5803289539808,study_results/v4p2_followups_20260806/pseudo65/gp_window_ensemble_20260806/runs/window_2p25eq2p5/draw_05/attempt_01/results_single.csv,2,2,1,2,stable_reproduced,False,attempt_01_full,False,1650.540340925548,1650.540340687345,study_results/v4p2_followups_20260806/pseudo65/gp_window_ensemble_20260806/runs/window_2p25eq2p5/draw_05/attempt_01/results_single.csv|study_results/v4p2_followups_20260806/pseudo65/gp_window_ensemble_20260806/central_repeat/window_2p25eq2p5/draw_05/attempt_02/results_single.csv,1650.54034093|1650.54034069,window_2p25eq2p5,5
2021,0.073,0.002205502875,0.06803761853125,0.07796238146875,1816871630.0336497,1.64,0.069382975285,0.076617024715,0.00723404943,0.0,1.0,8000,0.000125,True,7383.61520632785,1.8077645842119784e-06,0.5,0.0,-10817.810587724804,6639.664323890852,True,tilde_q_mu,asymptotic,default,sidak_approx,observed,7.98**2 * RBF(length_scale=0.318),0.0327414600253253,0.4464744548907995,0.1209058539407253,0.3179375239636212,0.0297649636593866,63.75235973329162,1649.6733126612785,400,45,355,416,16,0.04,0.3,0.000625,1.0,1e-08,1e+18,False,False,False,False,12,1.1,15.0,10.681602961183422,14.845349056879057,202.43657804835075,144.1564767688735,study_results/v4p2_followups_20260806/pseudo65/gp_window_ensemble_20260806/central_repeat/window_2p25eq2p5/draw_05/attempt_02/results_single.csv,2,2,1,2,stable_reproduced,False,attempt_02_55_75MeV,False,1649.6733125533162,1649.6733126612785,study_results/v4p2_followups_20260806/pseudo65/gp_window_ensemble_20260806/runs/window_2p25eq2p5/draw_05/attempt_01/results_single.csv|study_results/v4p2_followups_20260806/pseudo65/gp_window_ensemble_20260806/central_repeat/window_2p25eq2p5/draw_05/attempt_02/results_single.csv,1649.67331255|1649.67331266,window_2p25eq2p5,5
2021,0.074,0.0022167515,0.0690123091249999,0.078987690875,1829474701.9884825,1.64,0.07036452754,0.07763547246,0.0072709449199999,0.0,1.0,8000,0.000125,True,7637.674314124415,1.8319892845997811e-06,0.4999026019832914,0.000244140625,-8959.614864357069,6578.742753168136,True,tilde_q_mu,asymptotic,default,sidak_approx,observed,8.16**2 * RBF(length_scale=0.32),0.0324677994146582,0.442742719290794,0.1198952951630456,0.3203099690675723,0.0295161812860529,66.56828657069036,1651.7296268223483,400,46,354,416,16,0.04,0.3,0.000625,1.0,1e-08,1e+18,False,False,False,False,12,1.1,15.0,10.852012527071924,14.646567021453794,199.72591392891536,144.49520799583186,study_results/v4p2_followups_20260806/pseudo65/gp_window_ensemble_20260806/central_repeat/window_2p25eq2p5/draw_05/attempt_02/results_single.csv,2,2,1,2,stable_reproduced,False,attempt_02_55_75MeV,False,1651.7296267124675,1651.7296268223483,study_results/v4p2_followups_20260806/pseudo65/gp_window_ensemble_20260806/runs/window_2p25eq2p5/draw_05/attempt_01/results_single.csv|study_results/v4p2_followups_20260806/pseudo65/gp_window_ensemble_20260806/central_repeat/window_2p25eq2p5/draw_05/attempt_02/results_single.csv,1651.72962671|1651.72962682,window_2p25eq2p5,5
2021,0.075,0.002228171875,0.06998661328125,0.08001338671875,1838368958.6354597,1.64,0.071345798125,0.078654201875,0.0073084037499999,0.0,1.0,8000,0.000125,True,8577.614366813053,2.0201913058185636e-06,0.5,0.0,-4961.539509994624,6540.498140588325,True,tilde_q_mu,asymptotic,default,sidak_approx,observed,8.17**2 * RBF(length_scale=0.321),0.032203817346461,0.4391429638153776,0.1189204767720596,0.3207541619701983,0.0292761975876918,66.75249047715567,1652.0113527859496,400,48,352,416,16,0.04,0.3,0.000625,1.0,1e-08,1e+18,False,False,False,False,12,1.1,15.0,10.956141452776922,14.45302209752604,197.08666496626415,143.95395865509627,study_results/v4p2_followups_20260806/pseudo65/gp_window_ensemble_20260806/central_repeat/window_2p25eq2p5/draw_05/attempt_02/results_single.csv,2,2,1,2,stable_reproduced,False,attempt_02_55_75MeV,False,1652.01135182471,1652.0113527859496,study_results/v4p2_followups_20260806/pseudo65/gp_window_ensemble_20260806/runs/window_2p25eq2p5/draw_05/attempt_01/results_single.csv|study_results/v4p2_followups_20260806/pseudo65/gp_window_ensemble_20260806/central_repeat/window_2p25eq2p5/draw_05/attempt_02/results_single.csv,1652.01135182|1652.01135279,window_2p25eq2p5,5
2021,0.076,0.002239764,0.070960531,0.081039469,1844398591.748667,1.64,0.0723267870399999,0.07967321296,0.00734642592,0.0,1.0,8000,0.000125,True,10812.734033802431,2.504880825976079e-06,0.4892296867449294,0.0270004520378419,175.01790568129687,6509.187457970499,True,tilde_q_mu,asymptotic,default,sidak_approx,observed,8.06**2 * RBF(length_scale=0.319),0.0319491359833398,0.4356700361364529,0.1179800035107226,0.3191291510806322,0.0290446690757635,64.98374541544658,1650.7108917034136,400,50,350,416,16,0.04,0.3,0.000625,1.0,1e-08,1e+18,False,False,False,False,12,1.1,15.0,10.987529251862991,14.264510003437811,194.51604550142468,142.4833826602411,study_results/v4p2_followups_20260806/pseudo65/gp_window_ensemble_20260806/runs/window_2p25eq2p5/draw_05/attempt_01/results_single.csv,1,1,1,1,single_attempt_outside_55_75MeV,False,,,,,,,window_2p25eq2p5,5
2021,0.077,0.002251527875,0.07193406228125,0.08206593771875,1847461207.5520144,1.64,0.073307494285,0.080692505715,0.00738501143,0.0,1.0,8000,0.000125,True,14047.141233522983,3.206578068395854e-06,0.2327536150514035,0.7298085294084473,4750.962476925199,6513.010034435698,True,tilde_q_mu,asymptotic,default,sidak_approx,observed,7.84**2 * RBF(length_scale=0.316),0.0317033968874435,0.4323190484651396,0.1170725517595489,0.3161070713470754,0.0288212698976759,61.46816522688108,1650.7429020185111,400,51,349,416,16,0.04,0.3,0.000625,1.0,1e-08,1e+18,False,False,False,False,12,1.1,15.0,10.96783980960412,14.080836946086476,192.0114129011792,140.39669455439247,study_results/v4p2_followups_20260806/pseudo65/gp_window_ensemble_20260806/runs/window_2p25eq2p5/draw_05/attempt_01/results_single.csv,1,1,1,1,single_attempt_outside_55_75MeV,False,,,,,,,window_2p25eq2p5,5
2021,0.078,0.0022634635,0.072907207125,0.083092792875,1847769944.3645077,1.64,0.07428791986,0.08171208014,0.00742416028,0.0,1.0,8000,0.000125,True,16256.705110848365,3.6627725317771073e-06,0.1266179319243303,1.142524991878562,7451.202535156437,6493.033757660508,True,tilde_q_mu,asymptotic,default,sidak_approx,observed,7.76**2 * RBF(length_scale=0.315),0.0314662597911359,0.4290853607882172,0.1161968649970184,0.315109525326133,0.0286056907192144,60.2130539356386,1650.3204866860715,400,53,347,416,16,0.04,0.3,0.000625,1.0,1e-08,1e+18,False,False,False,False,12,1.1,15.0,11.015623723935237,13.901818956274722,189.57025849465532,139.21564245508398,study_results/v4p2_followups_20260806/pseudo65/gp_window_ensemble_20260806/runs/window_2p25eq2p5/draw_05/attempt_01/results_single.csv,1,1,1,1,single_attempt_outside_55_75MeV,False,,,,,,,window_2p25eq2p5,5
2021,0.079,0.002275570875,0.07387996553125,0.08412003446875,1845689661.7151537,1.64,0.075268063765,0.082731936235,0.0074638724699999,0.0,1.0,8000,0.000125,True,17562.197982394933,3.911226978435792e-06,0.0868946629072928,1.3601283036044542,8891.352615184174,6536.588597030819,True,tilde_q_mu,asymptotic,default,sidak_approx,observed,7.71**2 * RBF(length_scale=0.314),0.0312374014599871,0.4259645653634614,0.1153517496008941,0.3143914717927711,0.0283976376908974,59.44505466879466,1644.1500247297602,399,54,345,416,17,0.04,0.3,0.000625,1.0,1e-08,1e+18,False,False,False,False,12,1.1,15.0,11.07104313446277,13.727281273973578,187.1901991905488,138.15938463914955,study_results/v4p2_followups_20260806/pseudo65/gp_window_ensemble_20260806/runs/window_2p25eq2p5/draw_05/attempt_01/results_single.csv,1,1,1,1,single_attempt_outside_55_75MeV,False,,,,,,,window_2p25eq2p5,5
2021,0.08,0.00228785,0.0748523375,0.0851476625,1840971776.2432177,1.64,0.076247926,0.083752074,0.0075041479999999,0.0,1.0,8000,0.000125,True,17407.217679049325,3.838063580487537e-06,0.08360971055413,1.381193668200664,8864.648949594033,6419.473415244655,True,tilde_q_mu,asymptotic,default,sidak_approx,observed,7.87**2 * RBF(length_scale=0.317),0.0310165146400847,0.4229524723647926,0.1145360709609101,0.3165202946716871,0.0281968314909861,61.87738346254601,1648.9674031024044,400,56,344,416,16,0.04,0.3,0.000625,1.0,1e-08,1e+18,False,False,False,False,12,1.1,15.0,11.225385191696834,13.55705777917468,184.8689697160183,138.3483596702962,study_results/v4p2_followups_20260806/pseudo65/gp_window_ensemble_20260806/runs/window_2p25eq2p5/draw_05/attempt_01/results_single.csv,1,1,1,1,single_attempt_outside_55_75MeV,False,,,,,,,window_2p25eq2p5,5
2021,0.081,0.002300300875,0.07582432303125,0.08617567696875,1834117166.8439004,1.64,0.077227506565,0.084772493435,0.0075449868699999,0.0,1.0,8000,0.000125,True,17442.739359812615,3.8126111949308857e-06,0.0862373741060232,1.3642949704767104,8808.351872396726,6445.110812986641,True,tilde_q_mu,asymptotic,default,sidak_approx,observed,7.8**2 * RBF(length_scale=0.316),0.030803307082474,0.4200450965791913,0.113748749876279,0.3164132622253953,0.0280030064386127,60.88581485780531,1642.976144304592,399,57,342,416,17,0.04,0.3,0.000625,1.0,1e-08,1e+18,False,False,False,False,12,1.1,15.0,11.299260417592157,13.390990464442623,182.6044154242176,137.55298955202775,study_results/v4p2_followups_20260806/pseudo65/gp_window_ensemble_20260806/runs/window_2p25eq2p5/draw_05/attempt_01/results_single.csv,1,1,1,1,single_attempt_outside_55_75MeV,False,,,,,,,window_2p25eq2p5,5
2021,0.082,0.0023129235,0.076795922125,0.087204077875,1825600864.265104,1.64,0.07820680546,0.08579319454,0.00758638908,0.0,1.0,8000,0.000125,True,4282.184416379123,9.288928151004108e-07,0.5,0.0,-29472.69432693527,5454.064972298233,True,tilde_q_mu,asymptotic,default,sidak_approx,observed,1.14**2 * RBF(length_scale=0.409),0.0305975006382008,0.4172386450663756,0.1129887592139169,0.4089922683489513,0.0278159096710917,1.3033405037508494,1257.845977721495,399,59,340,416,17,0.04,0.3,0.000625,1.0,1e-08,1e+18,False,False,False,False,12,1.1,15.0,14.703537406652046,13.228928945639955,180.39448562236305,176.82913782014464,study_results/v4p2_followups_20260806/pseudo65/gp_window_ensemble_20260806/runs/window_2p25eq2p5/draw_05/attempt_01/results_single.csv,1,1,1,1,single_attempt_outside_55_75MeV,False,,,,,,,window_2p25eq2p5,5
2021,0.083,0.002325717875,0.07776713478125,0.08823286521875,1815668681.2943528,1.64,0.079185822685,0.086814177315,0.00762835463,0.0,1.0,8000,0.000125,True,11904.241628375685,2.5651157110920506e-06,0.3656502824515065,0.3433960045554864,2185.460792321188,6367.217507570323,True,tilde_q_mu,asymptotic,default,sidak_approx,observed,7.88**2 * RBF(length_scale=0.316),0.030398830418065,0.4145295057008868,0.1122551208056255,0.3157068815976711,0.0276353003800591,62.157548778227635,1644.4895017820238,399,60,339,416,17,0.04,0.3,0.000625,1.0,1e-08,1e+18,False,False,False,False,12,1.1,15.0,11.42404378660116,13.070730007639057,178.2372273768962,135.74599266373662,study_results/v4p2_followups_20260806/pseudo65/gp_window_ensemble_20260806/runs/window_2p25eq2p5/draw_05/attempt_01/results_single.csv,1,1,1,1,single_attempt_outside_55_75MeV,False,,,,,,,window_2p25eq2p5,5
2021,0.084,0.002338684,0.078737961,0.089262039,1803665927.1918256,1.64,0.08016455824,0.08783544176,0.00767088352,0.0,1.0,8000,0.000125,True,10448.961028670736,2.2395339178020475e-06,0.4927916228977956,0.0180697051464485,113.72885562497962,6311.297624107871,True,tilde_q_mu,asymptotic,default,sidak_approx,observed,7.93**2 * RBF(length_scale=0.317),0.0302070440117673,0.4119142365241002,0.111546902564603,0.3169215527270188,0.0274609491016066,62.84484719513448,1644.64886573916,399,62,337,416,17,0.04,0.3,0.000625,1.0,1e-08,1e+18,False,False,False,False,12,1.1,15.0,11.54080842415153,12.916257182144893,176.13077975652126,135.51277245109588,study_results/v4p2_followups_20260806/pseudo65/gp_window_ensemble_20260806/runs/window_2p25eq2p5/draw_05/attempt_01/results_single.csv,1,1,1,1,single_attempt_outside_55_75MeV,False,,,,,,,window_2p25eq2p5,5
2021,0.085,0.002351821875,0.07970840078125,0.09029159921875,1790440672.4133158,1.64,0.081143012125,0.088856987875,0.0077139757499999,0.0,1.0,8000,0.000125,True,8761.338271077282,1.8694399097211216e-06,0.5,0.0,-2956.738087496622,6208.800643594999,True,tilde_q_mu,asymptotic,default,sidak_approx,observed,7.88**2 * RBF(length_scale=0.316),0.0300219007615834,0.4093895558397742,0.1108632158033061,0.3158294182843507,0.0272926370559849,62.11650473361125,1650.229175308402,400,64,336,416,16,0.04,0.3,0.000625,1.0,1e-08,1e+18,False,False,False,False,12,1.1,15.0,11.571964176143732,12.76538035499965,174.07336847726796,134.29138560264082,study_results/v4p2_followups_20260806/pseudo65/gp_window_ensemble_20260806/runs/window_2p25eq2p5/draw_05/attempt_01/results_single.csv,1,1,1,1,single_attempt_outside_55_75MeV,False,,,,,,,window_2p25eq2p5,5
2021,0.086,0.0023651315,0.080678454125,0.091321545875,1775696555.8627672,1.64,0.0821211843399999,0.08987881566,0.00775763132,0.0,1.0,8000,0.000125,True,8072.722019872034,1.7166142623447537e-06,0.4999026019832914,0.000244140625,-5026.0651520123065,6230.623654629801,True,tilde_q_mu,asymptotic,default,sidak_approx,observed,7.85**2 * RBF(length_scale=0.315),0.0298431710861948,0.4069523329935665,0.1102032127365311,0.3152955707780818,0.0271301555329044,61.63760816819439,1644.494117327216,399,65,334,416,17,0.04,0.3,0.000625,1.0,1e-08,1e+18,False,False,False,False,12,1.1,15.0,11.621590978189564,12.61797540060452,172.0633009173344,133.30995370789398,study_results/v4p2_followups_20260806/pseudo65/gp_window_ensemble_20260806/runs/window_2p25eq2p5/draw_05/attempt_01/results_single.csv,1,1,1,1,single_attempt_outside_55_75MeV,False,,,,,,,window_2p25eq2p5,5
2021,0.087,0.002378612875,0.0816481210312499,0.09235187896875,1760136602.064715,1.64,0.083099074885,0.0909009251149999,0.0078018502299999,0.0,1.0,8000,0.000125,True,7544.692760785995,1.599911109707488e-06,0.5,0.0,-6927.807241171733,6202.30755299369,True,tilde_q_mu,asymptotic,default,sidak_approx,observed,7.75**2 * RBF(length_scale=0.313),0.0296706358506726,0.4045995797818991,0.1095660841549239,0.3133052345690084,0.0269733053187932,60.095340081290416,1643.7797433764752,399,67,332,416,17,0.04,0.3,0.000625,1.0,1e-08,1e+18,False,False,False,False,12,1.1,15.0,11.615381610303332,12.47392384129452,170.098961472198,131.71762326772424,study_results/v4p2_followups_20260806/pseudo65/gp_window_ensemble_20260806/runs/window_2p25eq2p5/draw_05/attempt_01/results_single.csv,1,1,1,1,single_attempt_outside_55_75MeV,False,,,,,,,window_2p25eq2p5,5
2021,0.088,0.002392266,0.0826174014999999,0.0933825985,1743632625.119082,1.64,0.0840766837599999,0.09192331624,0.00784663248,0.0,1.0,8000,0.000125,True,7438.146237938716,1.574153125349786e-06,0.5,0.0,-7136.406921866069,6163.35162946523,True,tilde_q_mu,asymptotic,default,sidak_approx,observed,7.72**2 * RBF(length_scale=0.313),0.0295040857789749,0.4023284424405671,0.1089510572554845,0.312852158263331,0.0268218961627044,59.59208144361149,1643.8631804078443,399,68,331,416,17,0.04,0.3,0.000625,1.0,1e-08,1e+18,False,False,False,False,12,1.1,15.0,11.664058214435572,12.33311252969984,168.17880722317963,130.776493192367,study_results/v4p2_followups_20260806/pseudo65/gp_window_ensemble_20260806/runs/window_2p25eq2p5/draw_05/attempt_01/results_single.csv,1,1,1,1,single_attempt_outside_55_75MeV,False,,,,,,,window_2p25eq2p5,5
2021,0.089,0.002406090875,0.08358629553125,0.09441370446875,1725874782.225614,1.64,0.085054010965,0.092945989035,0.00789197807,0.0,1.0,8000,0.000125,True,7873.5898824022,1.6645368800243792e-06,0.5,0.0,-5101.542985889652,6100.108477215075,True,tilde_q_mu,asymptotic,default,sidak_approx,observed,7.9**2 * RBF(length_scale=0.316),0.0293433209056615,0.4001361941681125,0.1083573936168872,0.315521192874969,0.0266757462778741,62.35445704098423,1642.648955464498,399,70,329,416,17,0.04,0.3,0.000625,1.0,1e-08,1e+18,False,False,False,False,12,1.1,15.0,11.828017465313568,12.1954333523091,166.3013638951241,131.13436244379966,study_results/v4p2_followups_20260806/pseudo65/gp_window_ensemble_20260806/runs/window_2p25eq2p5/draw_05/attempt_01/results_single.csv,1,1,1,1,single_attempt_outside_55_75MeV,False,,,,,,,window_2p25eq2p5,5
2021,0.09,0.0024200875,0.084554803125,0.095445196875,1707421799.183081,1.64,0.0860310565,0.0939689435,0.007937887,0.0,1.0,8000,0.000125,True,8792.064516479133,1.85792191313473e-06,0.5,0.0,-2452.3429456905005,6104.363212831263,True,tilde_q_mu,asymptotic,default,sidak_approx,observed,7.95**2 * RBF(length_scale=0.316),0.0291881500637943,0.3980202281426503,0.1077843873084286,0.3160762788442076,0.0265346818761766,63.18975411399306,1637.686144379124,398,71,327,416,18,0.04,0.3,0.000625,1.0,1e-08,1e+18,False,False,False,False,12,1.1,15.0,11.911817157604082,12.060782952597524,164.46522208087532,130.60531028080908,study_results/v4p2_followups_20260806/pseudo65/gp_window_ensemble_20260806/runs/window_2p25eq2p5/draw_05/attempt_01/results_single.csv,1,1,1,1,single_attempt_outside_55_75MeV,False,,,,,,,window_2p25eq2p5,5
2021,0.091,0.002434255875,0.08552292428125,0.09647707571875,1688209960.037576,1.64,0.087007820365,0.094992179635,0.0079843592699999,0.0,1.0,8000,0.000125,True,10633.876852111676,2.247727702368746e-06,0.421768591903058,0.1973710486588492,1187.038672622003,6014.813668111891,True,tilde_q_mu,asymptotic,default,sidak_approx,observed,7.95**2 * RBF(length_scale=0.316),0.0290383904062669,0.3959780509945498,0.1072313631224206,0.3156851739662505,0.0263985367329699,63.18415426452984,1644.37635605307,399,73,326,416,17,0.04,0.3,0.000625,1.0,1e-08,1e+18,False,False,False,False,12,1.1,15.0,11.9584345586845,11.929062472229626,162.66903371222216,129.6844662914701,study_results/v4p2_followups_20260806/pseudo65/gp_window_ensemble_20260806/runs/window_2p25eq2p5/draw_05/attempt_01/results_single.csv,1,1,1,1,single_attempt_outside_55_75MeV,False,,,,,,,window_2p25eq2p5,5
2021,0.092,0.002448596,0.086490659,0.097509341,1668257878.789034,1.64,0.08798430256,0.0960156974399999,0.0080313948799999,0.0,1.0,8000,0.000125,True,11705.665967651948,2.476652284503128e-06,0.3262160247136769,0.4503861227745145,2712.3876489722356,6011.566992771168,True,tilde_q_mu,asymptotic,default,sidak_approx,observed,7.95**2 * RBF(length_scale=0.317),0.0288938669580575,0.3940072767007851,0.1066976749207735,0.316835847655471,0.0262671517800523,63.163073768778574,1641.4322487055374,398,74,324,416,18,0.04,0.3,0.000625,1.0,1e-08,1e+18,False,False,False,False,12,1.1,15.0,12.062055692542987,11.800177308979343,160.9115087588092,129.3949053479917,study_results/v4p2_followups_20260806/pseudo65/gp_window_ensemble_20260806/runs/window_2p25eq2p5/draw_05/attempt_01/results_single.csv,1,1,1,1,single_attempt_outside_55_75MeV,False,,,,,,,window_2p25eq2p5,5
2021,0.093,0.002463107875,0.08745800728125,0.09854199271875,1647188801.3305027,1.64,0.088960503085,0.097039496915,0.0080789938299999,0.0,1.0,8000,0.000125,True,11789.722760180954,2.4991779766817623e-06,0.3104915925118511,0.4944573996605172,2940.723085478561,5959.748751081089,True,tilde_q_mu,asymptotic,default,sidak_approx,observed,7.99**2 * RBF(length_scale=0.318),0.0287544121970801,0.3921056208692741,0.106182704087187,0.3178622757702251,0.0261403747246182,63.90680603035856,1642.195855262643,398,76,322,416,18,0.04,0.3,0.000625,1.0,1e-08,1e+18,False,False,False,False,12,1.1,15.0,12.159820932898535,11.674036890113918,159.19141213791704,129.04927104348812,study_results/v4p2_followups_20260806/pseudo65/gp_window_ensemble_20260806/runs/window_2p25eq2p5/draw_05/attempt_01/results_single.csv,1,1,1,1,single_attempt_outside_55_75MeV,False,,,,,,,window_2p25eq2p5,5
2021,0.094,0.0024777915,0.088424969125,0.099575030875,1625450307.8031468,1.64,0.08993642194,0.09806357806,0.00812715612,0.0,1.0,8000,0.000125,True,10704.389416963932,2.274994082634207e-06,0.4163642897138983,0.2112033722561315,1503.2672822940551,5902.897902210015,True,tilde_q_mu,asymptotic,default,sidak_approx,observed,8.13**2 * RBF(length_scale=0.319),0.0286198656615447,0.3902708953847011,0.1056858580772325,0.3188628509778657,0.0260180596923134,66.07905246690079,1638.2829619025524,398,77,321,416,18,0.04,0.3,0.000625,1.0,1e-08,1e+18,False,False,False,False,12,1.1,15.0,12.25544313252799,11.550554460108833,157.50756081966588,128.68833030457392,study_results/v4p2_followups_20260806/pseudo65/gp_window_ensemble_20260806/runs/window_2p25eq2p5/draw_05/attempt_01/results_single.csv,1,1,1,1,single_attempt_outside_55_75MeV,False,,,,,,,window_2p25eq2p5,5
2021,0.095,0.002492646875,0.08939154453125,0.10060845546875,1603496027.5520115,1.64,0.090912059125,0.099087940875,0.00817588175,0.0,1.0,8000,0.000125,True,9406.865011530688,2.0052722337918852e-06,0.5,0.0,-438.5569508536914,5877.187302455296,True,tilde_q_mu,asymptotic,default,sidak_approx,observed,7.97**2 * RBF(length_scale=0.316),0.0284900735818755,0.3885010033892122,0.1052065690591188,0.3163605387645496,0.0259000668926141,63.554714434487295,1638.752964070443,398,79,319,416,18,0.04,0.3,0.000625,1.0,1e-08,1e+18,False,False,False,False,12,1.1,15.0,12.214661069264084,11.429646881640853,155.85882111328436,126.91751163692196,study_results/v4p2_followups_20260806/pseudo65/gp_window_ensemble_20260806/runs/window_2p25eq2p5/draw_05/attempt_01/results_single.csv,1,1,1,1,single_attempt_outside_55_75MeV,False,,,,,,,window_2p25eq2p5,5
2021,0.096,0.002507674,0.0903577335,0.1016422665,1581239228.7143855,1.64,0.09188741464,0.10011258536,0.00822517072,0.0,1.0,8000,0.000125,True,8056.673402637727,1.7234824589483203e-06,0.5,0.0,-3199.991596102698,5821.419009300393,True,tilde_q_mu,asymptotic,default,sidak_approx,observed,8.02**2 * RBF(length_scale=0.317),0.0283648885354218,0.3867939345739346,0.1047442926386298,0.3169267259318639,0.0257862623049289,64.30690008986947,1639.0199295779869,398,81,317,416,18,0.04,0.3,0.000625,1.0,1e-08,1e+18,False,False,False,False,12,1.1,15.0,12.290525946883127,11.311234448904392,154.24410612142353,126.3827458959434,study_results/v4p2_followups_20260806/pseudo65/gp_window_ensemble_20260806/runs/window_2p25eq2p5/draw_05/attempt_01/results_single.csv,1,1,1,1,single_attempt_outside_55_75MeV,False,,,,,,,window_2p25eq2p5,5
2021,0.097,0.002522872875,0.09132353603125,0.10267646396875,1558363770.3660083,1.64,0.092862488485,0.101137511515,0.0082750230299999,0.0,1.0,8000,0.000125,True,7473.452850948675,1.6054642667174575e-06,0.5,0.0,-4732.300109465521,5769.660942138049,True,tilde_q_mu,asymptotic,default,sidak_approx,observed,8.05**2 * RBF(length_scale=0.318),0.02824416912233,0.3851477607590459,0.104298506662201,0.3175663954316418,0.0256765173839363,64.83606403254699,1638.9887775896354,398,82,316,416,18,0.04,0.3,0.000625,1.0,1e-08,1e+18,False,False,False,False,12,1.1,15.0,12.367969950251744,11.195240712368449,152.66237335047882,125.87490974218898,study_results/v4p2_followups_20260806/pseudo65/gp_window_ensemble_20260806/runs/window_2p25eq2p5/draw_05/attempt_01/results_single.csv,1,1,1,1,single_attempt_outside_55_75MeV,False,,,,,,,window_2p25eq2p5,5
2021,0.098,0.0025382435,0.092288952125,0.103711047875,1534811175.2125387,1.64,0.09383728066,0.10216271934,0.0083254386799999,0.0,1.0,8000,0.000125,True,7487.847881023174,1.6165751799635512e-06,0.5,0.0,-4396.128352502161,5717.005642728366,True,tilde_q_mu,asymptotic,default,sidak_approx,observed,8.08**2 * RBF(length_scale=0.318),0.0281277796610786,0.3835606317419815,0.1038687100926096,0.318049856579169,0.0255707087827987,65.20921033351145,1639.2870803261983,398,84,314,416,18,0.04,0.3,0.000625,1.0,1e-08,1e+18,False,False,False,False,12,1.1,15.0,12.438053996888772,11.081592314164752,151.11262246588296,125.303130522808,study_results/v4p2_followups_20260806/pseudo65/gp_window_ensemble_20260806/runs/window_2p25eq2p5/draw_05/attempt_01/results_single.csv,1,1,1,1,single_attempt_outside_55_75MeV,False,,,,,,,window_2p25eq2p5,5
2021,0.099,0.002553785875,0.09325398178125,0.10474601821875,1511028905.8514876,1.64,0.094811791165,0.103188208835,0.0083764176699999,0.0,1.0,8000,0.000125,True,8164.626890862686,1.7723451373403513e-06,0.5,0.0,-2450.5740452963787,5711.510830950384,True,tilde_q_mu,asymptotic,default,sidak_approx,observed,8.05**2 * RBF(length_scale=0.318),0.0280155899022987,0.3820307713949833,0.1034544219521848,0.3176661483817675,0.0254687180929988,64.77507426391647,1633.8870389179551,397,85,312,416,19,0.04,0.3,0.000625,1.0,1e-08,1e+18,False,False,False,False,12,1.1,15.0,12.472796911953372,10.970218833361969,149.59389318220866,124.39028326200898,study_results/v4p2_followups_20260806/pseudo65/gp_window_ensemble_20260806/runs/window_2p25eq2p5/draw_05/attempt_01/results_single.csv,1,1,1,1,single_attempt_outside_55_75MeV,False,,,,,,,window_2p25eq2p5,5
2021,0.1,0.0025695,0.094218625,0.105781375,1487397833.440122,1.64,0.09578602,0.10421398,0.00842796,0.0,1.0,8000,0.000125,True,9062.80605319888,1.978588422671461e-06,0.5,0.0,-311.9170126881412,5621.978020546114,True,tilde_q_mu,asymptotic,default,sidak_approx,observed,8.03**2 * RBF(length_scale=0.318),0.027907474759607,0.3805564739946421,0.1030551803288439,0.317665131524644,0.0253704315996428,64.43851561790052,1640.3791248400044,398,87,311,416,18,0.04,0.3,0.000625,1.0,1e-08,1e+18,False,False,False,False,12,1.1,15.0,12.521077155388893,10.861052640438642,148.10526327870872,123.62916190879314,study_results/v4p2_followups_20260806/pseudo65/gp_window_ensemble_20260806/runs/window_2p25eq2p5/draw_05/attempt_01/results_single.csv,1,1,1,1,single_attempt_outside_55_75MeV,False,,,,,,,window_2p25eq2p5,5
2021,0.101,0.002585385875,0.09518288178125,0.10681711821875,1463545807.7925766,1.64,0.096759967165,0.105240032835,0.00848006567,0.0,1.0,8000,0.000125,True,10262.775267752932,2.254535339197171e-06,0.3857230534432901,0.2904838465337546,1629.9894230445016,5612.307937653402,True,tilde_q_mu,asymptotic,default,sidak_approx,observed,8.05**2 * RBF(length_scale=0.318),0.0278033140562975,0.3791361007676941,0.1026705414406892,0.3182083394142977,0.0252757400511796,64.77301422194563,1634.7331535660703,397,88,309,416,19,0.04,0.3,0.000625,1.0,1e-08,1e+18,False,False,False,False,12,1.1,15.0,12.589476659040375,10.754028760328694,146.64584673175492,123.07963097164274,study_results/v4p2_followups_20260806/pseudo65/gp_window_ensemble_20260806/runs/window_2p25eq2p5/draw_05/attempt_01/results_single.csv,1,1,1,1,single_attempt_outside_55_75MeV,False,,,,,,,window_2p25eq2p5,5
2021,0.102,0.0026014435,0.096146752125,0.1078532478749999,1439773239.9828668,1.64,0.09773363266,0.1062663673399999,0.0085327346799999,0.0,1.0,8000,0.000125,True,10847.734130614388,2.3986378658456182e-06,0.3190791920070843,0.4702752412250807,2553.664075898317,5562.801431897926,True,tilde_q_mu,asymptotic,default,sidak_approx,observed,8.12**2 * RBF(length_scale=0.319),0.0277029922867878,0.3777680766380165,0.1023000787550902,0.3188058058644917,0.0251845384425344,65.92966686893186,1635.025914797537,397,90,307,416,19,0.04,0.3,0.000625,1.0,1e-08,1e+18,False,False,False,False,12,1.1,15.0,12.658790892353908,10.649084743446428,145.21479195608765,122.549579056586,study_results/v4p2_followups_20260806/pseudo65/gp_window_ensemble_20260806/runs/window_2p25eq2p5/draw_05/attempt_01/results_single.csv,1,1,1,1,single_attempt_outside_55_75MeV,False,,,,,,,window_2p25eq2p5,5
2021,0.103,0.002617672875,0.0971102360312499,0.10888976396875,1415306075.6792226,1.64,0.098707016485,0.107292983515,0.00858596703,0.0,1.0,8000,0.000125,True,12087.056076781391,2.692482339136015e-06,0.2207154904955737,0.7697790298835635,4234.22297331699,5528.930372481741,True,tilde_q_mu,asymptotic,default,sidak_approx,observed,7.95**2 * RBF(length_scale=0.317),0.0276063983918545,0.3764508871616523,0.1019433821586847,0.3167085538029968,0.0250967258107768,63.21315522108657,1633.340714062284,397,91,306,416,19,0.04,0.3,0.000625,1.0,1e-08,1e+18,False,False,False,False,12,1.1,15.0,12.6195168322315,10.546160544164444,143.81128014769695,120.98859136590808,study_results/v4p2_followups_20260806/pseudo65/gp_window_ensemble_20260806/runs/window_2p25eq2p5/draw_05/attempt_01/results_single.csv,1,1,1,1,single_attempt_outside_55_75MeV,False,,,,,,,window_2p25eq2p5,5
2021,0.104,0.002634074,0.0980733335,0.1099266664999999,1390650623.4117515,1.64,0.09968011864,0.10831988136,0.00863976272,0.0,1.0,8000,0.000125,True,12802.024854742256,2.874400064645716e-06,0.1724795457204268,0.9444121179159508,5189.727235198063,5492.688614656273,True,tilde_q_mu,asymptotic,default,sidak_approx,observed,7.85**2 * RBF(length_scale=0.316),0.0275134255467139,0.3751830756370089,0.1016000571748166,0.3155278444159327,0.0250122050424672,61.62321385686695,1633.8204935241529,397,93,304,416,19,0.04,0.3,0.000625,1.0,1e-08,1e+18,False,False,False,False,12,1.1,15.0,12.61495513411193,10.445198406238394,142.4345237214326,119.7870084196316,study_results/v4p2_followups_20260806/pseudo65/gp_window_ensemble_20260806/runs/window_2p25eq2p5/draw_05/attempt_01/results_single.csv,1,1,1,1,single_attempt_outside_55_75MeV,False,,,,,,,window_2p25eq2p5,5
2021,0.105,0.002650646875,0.0990360445312499,0.11096395546875,1366191403.4118524,1.64,0.100652939125,0.109347060875,0.00869412175,0.0,1.0,8000,0.000125,True,12549.321838884814,2.840791318229532e-06,0.18457661382256,0.898060628379981,4935.825912232362,5480.823836440743,True,tilde_q_mu,asymptotic,default,sidak_approx,observed,7.85**2 * RBF(length_scale=0.315),0.0274239709611162,0.3739632403788584,0.1012697242253318,0.3154932775971444,0.0249308826919238,61.56736402663283,1628.4855155331709,396,94,302,416,20,0.04,0.3,0.000625,1.0,1e-08,1e+18,False,False,False,False,12,1.1,15.0,12.654717504219986,10.346142754725216,141.08376483716202,119.0250125630727,study_results/v4p2_followups_20260806/pseudo65/gp_window_ensemble_20260806/runs/window_2p25eq2p5/draw_05/attempt_01/results_single.csv,1,1,1,1,single_attempt_outside_55_75MeV,False,,,,,,,window_2p25eq2p5,5
2021,0.106,0.0026673915,0.099998369125,0.112001630875,1341676381.151068,1.64,0.10162547794,0.11037452206,0.0087490441199999,0.0,1.0,8000,0.000125,True,11689.669007443124,2.6691224402074423e-06,0.2297663944841607,0.7396163977812091,4004.356715716464,5388.105270357314,True,tilde_q_mu,asymptotic,default,sidak_approx,observed,8.01**2 * RBF(length_scale=0.318),0.0273379356906521,0.3727900321452559,0.1009520179337844,0.3175579362764278,0.0248526688096837,64.14633278127728,1631.5294481704725,397,96,301,416,19,0.04,0.3,0.000625,1.0,1e-08,1e+18,False,False,False,False,12,1.1,15.0,12.777619124457685,10.248940093965247,139.758274008617,119.0518663182468,study_results/v4p2_followups_20260806/pseudo65/gp_window_ensemble_20260806/runs/window_2p25eq2p5/draw_05/attempt_01/results_single.csv,1,1,1,1,single_attempt_outside_55_75MeV,False,,,,,,,window_2p25eq2p5,5
2021,0.107,0.002684307875,0.10096030728125,0.11303969271875,1317225676.2626095,1.64,0.102597735085,0.111402264915,0.0088045298299999,0.0,1.0,8000,0.000125,True,11006.146013520854,2.5357779832331532e-06,0.2730934699720361,0.6034837239053061,3225.559617096834,5343.081666507872,True,tilde_q_mu,asymptotic,default,sidak_approx,observed,7.99**2 * RBF(length_scale=0.317),0.0272552244585561,0.3716621517075835,0.1006465864674015,0.3172777878271778,0.0247774767805055,63.89034912422336,1631.8209931991096,397,98,299,416,19,0.04,0.3,0.000625,1.0,1e-08,1e+18,False,False,False,False,12,1.1,15.0,12.80508869558525,10.153538911238387,138.45734878961437,118.19724212043964,study_results/v4p2_followups_20260806/pseudo65/gp_window_ensemble_20260806/runs/window_2p25eq2p5/draw_05/attempt_01/results_single.csv,1,1,1,1,single_attempt_outside_55_75MeV,False,,,,,,,window_2p25eq2p5,5
2021,0.108,0.002701396,0.101921859,0.114078141,1292640439.8447058,1.64,0.10356971056,0.11243028944,0.0088605788799999,0.0,1.0,8000,0.000125,True,9942.302225751428,2.312625918676248e-06,0.3633780492875548,0.3494438759978225,1805.094029024153,5334.93085741288,True,tilde_q_mu,asymptotic,default,sidak_approx,observed,7.96**2 * RBF(length_scale=0.317),0.0271757454873275,0.3705783475544666,0.1003530909153006,0.3167429514054337,0.0247052231702977,63.41437077879211,1627.767869199496,396,99,297,416,20,0.04,0.3,0.000625,1.0,1e-08,1e+18,False,False,False,False,12,1.1,15.0,12.820890109838905,10.059889585728104,137.18031253265593,117.25158081430256,study_results/v4p2_followups_20260806/pseudo65/gp_window_ensemble_20260806/runs/window_2p25eq2p5/draw_05/attempt_01/results_single.csv,1,1,1,1,single_attempt_outside_55_75MeV,False,,,,,,,window_2p25eq2p5,5
2021,0.109,0.002718655875,0.10288302428125,0.11511697571875,1268214292.8765628,1.64,0.104541404365,0.1134585956349999,0.0089171912699999,0.0,1.0,8000,0.000125,True,9178.353807611662,2.156083497769312e-06,0.4465445340830546,0.1343964759165955,848.6840993261791,5248.76918382178,True,tilde_q_mu,asymptotic,default,sidak_approx,observed,7.98**2 * RBF(length_scale=0.317),0.0270994103395402,0.3695374137210039,0.1000712047006427,0.3172002568572241,0.0246358275814002,63.71190269574332,1633.8953031552046,397,101,296,416,19,0.04,0.3,0.000625,1.0,1e-08,1e+18,False,False,False,False,12,1.1,15.0,12.875567334166048,9.967944302454349,135.92651321528655,116.67539822678889,study_results/v4p2_followups_20260806/pseudo65/gp_window_ensemble_20260806/runs/window_2p25eq2p5/draw_05/attempt_01/results_single.csv,1,1,1,1,single_attempt_outside_55_75MeV,False,,,,,,,window_2p25eq2p5,5
2021,0.11,0.0027360875,0.103843803125,0.116156196875,1243647528.4440663,1.64,0.1055128165,0.1144871835,0.008974367,0.0,1.0,8000,0.000125,True,8239.336329336056,1.955789710194398e-06,0.5,0.0,-656.5598625205452,5240.0522143220005,True,tilde_q_mu,asymptotic,default,sidak_approx,observed,7.95**2 * RBF(length_scale=0.317),0.0270261337672677,0.3685381877354698,0.0998006130245964,0.316522006699045,0.0245692125156979,63.194113401284696,1628.295468862797,396,102,294,416,20,0.04,0.3,0.000625,1.0,1e-08,1e+18,False,False,False,False,12,1.1,15.0,12.882871459425484,9.87765697086361,134.69532232995832,115.68416825084908,study_results/v4p2_followups_20260806/pseudo65/gp_window_ensemble_20260806/runs/window_2p25eq2p5/draw_05/attempt_01/results_single.csv,1,1,1,1,single_attempt_outside_55_75MeV,False,,,,,,,window_2p25eq2p5,5
2021,0.111,0.002753690875,0.10480419553125,0.11719580446875,1219296431.1209323,1.64,0.106483946965,0.115516053035,0.0090321060699999,0.0,1.0,8000,0.000125,True,7593.927802719414,1.8220240472082384e-06,0.499831301689856,0.0004228639666916,-1841.8600534514255,5192.810134795048,True,tilde_q_mu,asymptotic,default,sidak_approx,observed,7.92**2 * RBF(length_scale=0.316),0.0269558335695793,0.3675795486760824,0.0995410123401082,0.3160335419902023,0.0245053032450721,62.784024057363375,1628.1605941729545,396,104,292,416,20,0.04,0.3,0.000625,1.0,1e-08,1e+18,False,False,False,False,12,1.1,15.0,12.896536673291497,9.788983147783204,133.4861338334073,114.76725469056228,study_results/v4p2_followups_20260806/pseudo65/gp_window_ensemble_20260806/runs/window_2p25eq2p5/draw_05/attempt_01/results_single.csv,1,1,1,1,single_attempt_outside_55_75MeV,False,,,,,,,window_2p25eq2p5,5
2021,0.112,0.002771466,0.1057642015,0.1182357985,1195083180.8359652,1.64,0.10745479576,0.11654520424,0.00909040848,0.0,1.0,8000,0.000125,True,6903.05189870094,1.674730399180624e-06,0.5,0.0,-3514.460379960109,5155.695733830588,True,tilde_q_mu,asymptotic,default,sidak_approx,observed,7.82**2 * RBF(length_scale=0.314),0.0268884304576102,0.3666604153310482,0.0992921098536402,0.3142525141476212,0.0244440276887365,61.1315382994068,1628.9527943067578,396,105,291,416,20,0.04,0.3,0.000625,1.0,1e-08,1e+18,False,False,False,False,12,1.1,15.0,12.85600385293395,9.70187996447014,132.29836315186554,113.38855109448257,study_results/v4p2_followups_20260806/pseudo65/gp_window_ensemble_20260806/runs/window_2p25eq2p5/draw_05/attempt_01/results_single.csv,1,1,1,1,single_attempt_outside_55_75MeV,False,,,,,,,window_2p25eq2p5,5
2021,0.113,0.002789412875,0.10672382103125,0.11927617896875,1171074447.656905,1.64,0.108425362885,0.117574637115,0.00914927423,0.0,1.0,8000,0.000125,True,6685.123358757393,1.6404628478074452e-06,0.5,0.0,-3927.4837860686257,5103.366593098681,True,tilde_q_mu,asymptotic,default,sidak_approx,observed,7.87**2 * RBF(length_scale=0.315),0.0268238479267369,0.3657797444555033,0.0990536230531478,0.3149798291703692,0.0243853162970335,61.97145018143738,1629.1825568332606,396,107,289,416,20,0.04,0.3,0.000625,1.0,1e-08,1e+18,False,False,False,False,12,1.1,15.0,12.916782597102754,9.616306057502122,131.1314462386653,112.91975884723382,study_results/v4p2_followups_20260806/pseudo65/gp_window_ensemble_20260806/runs/window_2p25eq2p5/draw_05/attempt_01/results_single.csv,1,1,1,1,single_attempt_outside_55_75MeV,False,,,,,,,window_2p25eq2p5,5
2021,0.114,0.0028075315,0.107683054125,0.120316945875,1146935681.7505815,1.64,0.10939564834,0.11860435166,0.00920870332,0.0,1.0,8000,0.000125,True,6527.765670130308,1.6212148107611463e-06,0.4999026019832914,0.000244140625,-4355.266545933204,5083.756467543476,True,tilde_q_mu,asymptotic,default,sidak_approx,observed,7.86**2 * RBF(length_scale=0.315),0.0267620121354335,0.3649365291195483,0.0988252792607253,0.3150776083363286,0.0243291019413032,61.834960396601375,1624.0728592744954,395,108,287,416,21,0.04,0.3,0.000625,1.0,1e-08,1e+18,False,False,False,False,12,1.1,15.0,12.950646887685778,9.532221503279144,129.9848386810792,112.22584976743042,study_results/v4p2_followups_20260806/pseudo65/gp_window_ensemble_20260806/runs/window_2p25eq2p5/draw_05/attempt_01/results_single.csv,1,1,1,1,single_attempt_outside_55_75MeV,False,,,,,,,window_2p25eq2p5,5
2021,0.115,0.002825821875,0.10864190078125,0.12135809921875,1123372222.1676126,1.64,0.110365652125,0.119634347875,0.00926869575,0.0,1.0,8000,0.000125,True,11952.36456931883,3.0043618070092395e-06,0.1189540996306401,1.1802313858209512,5569.121165602124,4720.241955837124,True,tilde_q_mu,asymptotic,default,sidak_approx,observed,4.3**2 * RBF(length_scale=0.354),0.026702851790388,0.3641297971416546,0.0986068152083701,0.3540957128520588,0.0242753198094436,18.523224985807715,1580.9694701778217,396,110,286,416,20,0.04,0.3,0.000625,1.0,1e-08,1e+18,False,False,False,False,12,1.1,15.0,14.586654908427104,9.4495877559119,128.85801485334406,125.3071596567136,study_results/v4p2_followups_20260806/pseudo65/gp_window_ensemble_20260806/runs/window_2p25eq2p5/draw_05/attempt_01/results_single.csv,1,1,1,1,single_attempt_outside_55_75MeV,False,,,,,,,window_2p25eq2p5,5
2021,0.116,0.002844284,0.109600361,0.122399639,1099793946.70252,1.64,0.11133537424,0.12066462576,0.0093292515199999,0.0,1.0,8000,0.000125,True,6372.662685805944,1.622077271816158e-06,0.5,0.0,-4416.841009892367,4991.7392899601755,True,tilde_q_mu,asymptotic,default,sidak_approx,observed,7.82**2 * RBF(length_scale=0.314),0.0266462980375249,0.3633586096026131,0.0983979766355584,0.3144141533507985,0.0242239073068408,61.13676617314387,1623.6350661450597,395,111,284,416,21,0.04,0.3,0.000625,1.0,1e-08,1e+18,False,False,False,False,12,1.1,15.0,12.979497872418271,9.368367588301648,127.75046711320428,110.542461073085,study_results/v4p2_followups_20260806/pseudo65/gp_window_ensemble_20260806/runs/window_2p25eq2p5/draw_05/attempt_01/results_single.csv,1,1,1,1,single_attempt_outside_55_75MeV,False,,,,,,,window_2p25eq2p5,5
2021,0.117,0.002862917875,0.11055843478125,0.12344156521875,1076409135.485572,1.64,0.112304814685,0.121695185315,0.00939037063,0.0,1.0,8000,0.000125,True,6663.083909375066,1.7180348445723206e-06,0.4999026019832914,0.000244140625,-3170.68227002113,4934.00875857162,True,tilde_q_mu,asymptotic,default,sidak_approx,observed,7.94**2 * RBF(length_scale=0.316),0.0265922843585697,0.3626220594350426,0.0981985179072823,0.3161016180027502,0.0241748039623361,62.998501833375634,1624.394646773556,395,113,282,416,21,0.04,0.3,0.000625,1.0,1e-08,1e+18,False,False,False,False,12,1.1,15.0,13.07566417064766,9.288525036216694,126.66170503931852,110.41239455838397,study_results/v4p2_followups_20260806/pseudo65/gp_window_ensemble_20260806/runs/window_2p25eq2p5/draw_05/attempt_01/results_single.csv,1,1,1,1,single_attempt_outside_55_75MeV,False,,,,,,,window_2p25eq2p5,5
2021,0.118,0.0028817235,0.1115161221249999,0.124483877875,1053178929.4199272,1.64,0.11327397346,0.1227260265399999,0.0094520530799999,0.0,1.0,8000,0.000125,True,7110.689139300168,1.8580074277630875e-06,0.5,0.0,-1786.7159473645406,4886.435452333,True,tilde_q_mu,asymptotic,default,sidak_approx,observed,7.94**2 * RBF(length_scale=0.316),0.0265407464728296,0.3619192700840412,0.0980082016513522,0.315980008330297,0.024127951338936,63.11357353552918,1625.5814246803402,395,114,281,416,21,0.04,0.3,0.000625,1.0,1e-08,1e+18,False,False,False,False,12,1.1,15.0,13.096014820802024,9.21002534519002,125.59125470713664,109.64966220051888,study_results/v4p2_followups_20260806/pseudo65/gp_window_ensemble_20260806/runs/window_2p25eq2p5/draw_05/attempt_01/results_single.csv,1,1,1,1,single_attempt_outside_55_75MeV,False,,,,,,,window_2p25eq2p5,5
2021,0.119,0.002900700875,0.1124734230312499,0.12552657696875,1030627124.242168,1.64,0.114242850565,0.1237571494349999,0.0095142988699999,0.0,1.0,8000,0.000125,True,7687.069857790827,2.035317751262205e-06,0.4999026019832914,0.000244140625,-479.02852036014286,4841.202874842821,True,tilde_q_mu,asymptotic,default,sidak_approx,observed,7.94**2 * RBF(length_scale=0.316),0.0264916222438949,0.3612493942349304,0.0978267984138683,0.3162076749783181,0.0240832929489953,63.095599838371854,1628.061720018968,395,116,279,416,21,0.04,0.3,0.000625,1.0,1e-08,1e+18,False,False,False,False,12,1.1,15.0,13.12975246566142,9.13283492007596,124.53865800103584,109.01078346395094,study_results/v4p2_followups_20260806/pseudo65/gp_window_ensemble_20260806/runs/window_2p25eq2p5/draw_05/attempt_01/results_single.csv,1,1,1,1,single_attempt_outside_55_75MeV,False,,,,,,,window_2p25eq2p5,5
2021,0.12,0.00291985,0.1134303374999999,0.1265696624999999,1008026180.837055,1.64,0.115211446,0.124788554,0.009577108,0.0,1.0,8000,0.000125,True,8310.089578600748,2.2308612988286804e-06,0.447039143225884,0.1331455318754115,605.6229830792952,4819.965938072373,True,tilde_q_mu,asymptotic,default,sidak_approx,observed,7.94**2 * RBF(length_scale=0.316),0.0264448515909636,0.3606116126040493,0.0976540863317667,0.3163308942615853,0.0240407741736032,63.066136227659506,1622.8930413862154,394,117,277,416,22,0.04,0.3,0.000625,1.0,1e-08,1e+18,False,False,False,False,12,1.1,15.0,13.158099318154068,9.05692127710794,123.5034719605628,108.33806334626276,study_results/v4p2_followups_20260806/pseudo65/gp_window_ensemble_20260806/runs/window_2p25eq2p5/draw_05/attempt_01/results_single.csv,1,1,1,1,single_attempt_outside_55_75MeV,False,,,,,,,window_2p25eq2p5,5
2021,0.121,0.002939170875,0.1143868655312499,0.12761313446875,985440224.1699862,1.64,0.116179759765,0.125820240235,0.0096404804699999,0.0,1.0,8000,0.000125,True,8885.412185444991,2.419813221370534e-06,0.3642550106202535,0.347108216113127,1645.708109046739,4745.350417146446,True,tilde_q_mu,asymptotic,default,sidak_approx,observed,7.99**2 * RBF(length_scale=0.317),0.0264003764045369,0.3600051327891407,0.0974898508215015,0.3168668600182165,0.0240003421859427,63.82281805173922,1627.125287319901,395,119,276,416,21,0.04,0.3,0.000625,1.0,1e-08,1e+18,False,False,False,False,12,1.1,15.0,13.202597594788012,8.982252998317762,122.48526815887854,107.80824711942496,study_results/v4p2_followups_20260806/pseudo65/gp_window_ensemble_20260806/runs/window_2p25eq2p5/draw_05/attempt_01/results_single.csv,1,1,1,1,single_attempt_outside_55_75MeV,False,,,,,,,window_2p25eq2p5,5
2021,0.122,0.0029586635,0.115343007125,0.128656992875,963312661.4875358,1.64,0.11714779186,0.12685220814,0.00970441628,0.0,1.0,8000,0.000125,True,9433.124544314342,2.606443956648394e-06,0.2956081822624645,0.5370741954033009,2495.033629357551,4703.785169705312,True,tilde_q_mu,asymptotic,default,sidak_approx,observed,7.94**2 * RBF(length_scale=0.316),0.0263581404662262,0.3594291881758127,0.0973338842829142,0.3160084601246299,0.0239619458783875,63.045493083332794,1628.0603793356008,395,121,274,416,21,0.04,0.3,0.000625,1.0,1e-08,1e+18,False,False,False,False,12,1.1,15.0,13.187929800377937,8.908799688178892,121.48363211153033,106.80784081212003,study_results/v4p2_followups_20260806/pseudo65/gp_window_ensemble_20260806/runs/window_2p25eq2p5/draw_05/attempt_01/results_single.csv,1,1,1,1,single_attempt_outside_55_75MeV,False,,,,,,,window_2p25eq2p5,5
2021,0.123,0.002978327875,0.11629876228125,0.12970123771875,941612336.1342888,1.64,0.118115542285,0.127884457715,0.00976891543,0.0,1.0,8000,0.000125,True,9304.25111005777,2.608699734313497e-06,0.3048780556129337,0.5104216231540144,2378.1709928061914,4678.9392505417145,True,tilde_q_mu,asymptotic,default,sidak_approx,observed,8.02**2 * RBF(length_scale=0.317),0.026318089372443,0.3588830368969509,0.0971859858174404,0.3171751124581697,0.02392553579313,64.24150505201473,1623.6553876313956,394,122,272,416,22,0.04,0.3,0.000625,1.0,1e-08,1e+18,False,False,False,False,12,1.1,15.0,13.256761110831338,8.836531932349143,120.49816271385194,106.49435715944126,study_results/v4p2_followups_20260806/pseudo65/gp_window_ensemble_20260806/runs/window_2p25eq2p5/draw_05/attempt_01/results_single.csv,1,1,1,1,single_attempt_outside_55_75MeV,False,,,,,,,window_2p25eq2p5,5
2021,0.124,0.002998164,0.117254131,0.130745869,920037116.668702,1.64,0.1190830110399999,0.12891698896,0.00983397792,0.0,1.0,8000,0.000125,True,8959.910684719736,2.5503311129103145e-06,0.327119918749081,0.4478799523972226,2064.6006617533853,4608.355918037182,True,tilde_q_mu,asymptotic,default,sidak_approx,observed,7.99**2 * RBF(length_scale=0.317),0.0262801704617562,0.3583659608421308,0.0970459609598579,0.3167496030820748,0.023891064056142,63.901082382288834,1629.905380293083,395,124,271,416,21,0.04,0.3,0.000625,1.0,1e-08,1e+18,False,False,False,False,12,1.1,15.0,13.25807851578896,8.765421258395557,119.52847170539395,105.64785751615814,study_results/v4p2_followups_20260806/pseudo65/gp_window_ensemble_20260806/runs/window_2p25eq2p5/draw_05/attempt_01/results_single.csv,1,1,1,1,single_attempt_outside_55_75MeV,False,,,,,,,window_2p25eq2p5,5
2021,0.125,0.003018171875,0.11820911328125,0.13179088671875,898531012.9433209,1.64,0.120050198125,0.129949801875,0.00989960375,0.0,1.0,8000,0.000125,True,9014.77968198554,2.6063453142002155e-06,0.3184699133393563,0.4719817337688118,2169.525105985404,4596.582800333581,True,tilde_q_mu,asymptotic,default,sidak_approx,observed,7.9**2 * RBF(length_scale=0.315),0.0262443327457108,0.3578772647142392,0.0969136214228183,0.315085415060626,0.0238584843142826,62.46960153892746,1625.386053150576,394,125,269,416,22,0.04,0.3,0.000625,1.0,1e-08,1e+18,False,False,False,False,12,1.1,15.0,13.206430505394833,8.695440098390975,118.57418315987692,104.3961139756582,study_results/v4p2_followups_20260806/pseudo65/gp_window_ensemble_20260806/runs/window_2p25eq2p5/draw_05/attempt_01/results_single.csv,1,1,1,1,single_attempt_outside_55_75MeV,False,,,,,,,window_2p25eq2p5,5
2021,0.126,0.0030383515,0.119163709125,0.132836290875,877660484.0400469,1.64,0.12101710354,0.13098289646,0.0099657929199999,0.0,1.0,8000,0.000125,True,8598.39387205866,2.5248766565846355e-06,0.3566081955217927,0.3675398252278377,1694.1619897212245,4548.948472528983,True,tilde_q_mu,asymptotic,default,sidak_approx,observed,7.89**2 * RBF(length_scale=0.315),0.0262105268429174,0.3574162751306931,0.0967887848534561,0.3151862301555094,0.0238277516753795,62.258849090067685,1624.4737569220774,394,127,267,416,22,0.04,0.3,0.000625,1.0,1e-08,1e+18,False,False,False,False,12,1.1,15.0,13.227694935279242,8.626561753278871,117.63493299925732,103.73593382974596,study_results/v4p2_followups_20260806/pseudo65/gp_window_ensemble_20260806/runs/window_2p25eq2p5/draw_05/attempt_01/results_single.csv,1,1,1,1,single_attempt_outside_55_75MeV,False,,,,,,,window_2p25eq2p5,5
2021,0.127,0.003058702875,0.12011791853125,0.13388208146875,857126402.643784,1.64,0.121983727285,0.132016272715,0.0100325454299999,0.0,1.0,8000,0.000125,True,8702.224471537505,2.595981597729745e-06,0.3344502928121822,0.427657377376053,1940.8094967426057,4501.335890661182,True,tilde_q_mu,asymptotic,default,sidak_approx,observed,7.89**2 * RBF(length_scale=0.315),0.0261787049162304,0.3569823397667782,0.0966712746014036,0.3152558353062152,0.0237988226511185,62.247391661179826,1624.5037033625713,394,128,266,416,22,0.04,0.3,0.000625,1.0,1e-08,1e+18,False,False,False,False,12,1.1,15.0,13.246698793790884,8.558760358908806,116.71036853057464,103.06847320245684,study_results/v4p2_followups_20260806/pseudo65/gp_window_ensemble_20260806/runs/window_2p25eq2p5/draw_05/attempt_01/results_single.csv,1,1,1,1,single_attempt_outside_55_75MeV,False,,,,,,,window_2p25eq2p5,5
2021,0.128,0.003079226,0.1210717415,0.1349282585,836870911.2847852,1.64,0.12295006936,0.13304993064,0.01009986128,0.0,1.0,8000,0.000125,True,8633.358541160742,2.6171659254623805e-06,0.3296314702112423,0.440931013723312,1969.3962756411588,4450.481400938646,True,tilde_q_mu,asymptotic,default,sidak_approx,observed,7.96**2 * RBF(length_scale=0.316),0.0261488206128557,0.3565748265389423,0.0965609194976257,0.3162911621156176,0.0237716551025961,63.39850538054984,1624.5499355254296,394,130,264,416,22,0.04,0.3,0.000625,1.0,1e-08,1e+18,False,False,False,False,12,1.1,15.0,13.30539084260375,8.492010853654708,115.80014800438238,102.71774858864454,study_results/v4p2_followups_20260806/pseudo65/gp_window_ensemble_20260806/runs/window_2p25eq2p5/draw_05/attempt_01/results_single.csv,1,1,1,1,single_attempt_outside_55_75MeV,False,,,,,,,window_2p25eq2p5,5
2021,0.129,0.003099920875,0.12202517803125,0.13597482196875,816661383.882061,1.64,0.123916129765,0.134083870235,0.01016774047,0.0,1.0,8000,0.000125,True,8897.266823602786,2.7424884450647615e-06,0.2905009381862883,0.5519218808541774,2385.125317578836,4427.700297608037,True,tilde_q_mu,asymptotic,default,sidak_approx,observed,7.95**2 * RBF(length_scale=0.316),0.0261208290072193,0.3561931228257187,0.096457553643445,0.3160117499126627,0.0237462081883812,63.186519536018395,1619.5129003578268,393,131,262,416,23,0.04,0.3,0.000625,1.0,1e-08,1e+18,False,False,False,False,12,1.1,15.0,13.307882564058533,8.426288947526562,114.90394019354402,101.94187614955258,study_results/v4p2_followups_20260806/pseudo65/gp_window_ensemble_20260806/runs/window_2p25eq2p5/draw_05/attempt_01/results_single.csv,1,1,1,1,single_attempt_outside_55_75MeV,False,,,,,,,window_2p25eq2p5,5
2021,0.13,0.0031207875,0.122978228125,0.137021771875,796778619.4646972,1.64,0.1248819085,0.1351180915,0.010236183,0.0,1.0,8000,0.000125,True,8698.128819386326,2.7268718785542572e-06,0.3018157186500657,0.5191854315510246,2263.5988737622697,4356.261204213316,True,tilde_q_mu,asymptotic,default,sidak_approx,observed,7.96**2 * RBF(length_scale=0.316),0.0260946865464589,0.3558366347244401,0.0963610162092589,0.3162092052491126,0.0237224423149626,63.37908056944753,1625.1676089580424,394,133,261,416,22,0.04,0.3,0.000625,1.0,1e-08,1e+18,False,False,False,False,12,1.1,15.0,13.329538377659668,8.36157109269982,114.0214239913612,101.32352979788358,study_results/v4p2_followups_20260806/pseudo65/gp_window_ensemble_20260806/runs/window_2p25eq2p5/draw_05/attempt_01/results_single.csv,1,1,1,1,single_attempt_outside_55_75MeV,False,,,,,,,window_2p25eq2p5,5
2021,0.131,0.003141825875,0.12393089178125,0.13806910821875,777717056.7816086,1.64,0.125847405565,0.136152594435,0.0103051888699999,0.0,1.0,8000,0.000125,True,8068.641209859403,2.571742052939273e-06,0.369131825187306,0.3341536065274166,1450.668840424494,4327.436373091158,True,tilde_q_mu,asymptotic,default,sidak_approx,observed,8.03**2 * RBF(length_scale=0.317),0.0260703509983903,0.3555047863416871,0.0962711512423922,0.3172776684950541,0.0237003190894458,64.41875861143126,1618.5637438112944,393,134,259,416,23,0.04,0.3,0.000625,1.0,1e-08,1e+18,False,False,False,False,12,1.1,15.0,13.38706315715149,8.297834455383493,113.1522880279567,100.98512174709684,study_results/v4p2_followups_20260806/pseudo65/gp_window_ensemble_20260806/runs/window_2p25eq2p5/draw_05/attempt_01/results_single.csv,1,1,1,1,single_attempt_outside_55_75MeV,False,,,,,,,window_2p25eq2p5,5
2021,0.132,0.003163036,0.124883169,0.139116831,758729637.4451472,1.64,0.12681262096,0.13718737904,0.0103747580799999,0.0,1.0,8000,0.000125,True,7160.6358800949565,2.3217236879093045e-06,0.480740273720133,0.0482957426868349,204.26320097521108,4275.475768594295,True,tilde_q_mu,asymptotic,default,sidak_approx,observed,8.12**2 * RBF(length_scale=0.319),0.0260477814018274,0.3551970191158293,0.0961878074836403,0.3186575272072725,0.0236798012743886,65.9169607307067,1617.9889484556911,393,136,257,416,23,0.04,0.3,0.000625,1.0,1e-08,1e+18,False,False,False,False,12,1.1,15.0,13.456934182632825,8.235056888959685,112.2962303039957,100.74419867724316,study_results/v4p2_followups_20260806/pseudo65/gp_window_ensemble_20260806/runs/window_2p25eq2p5/draw_05/attempt_01/results_single.csv,1,1,1,1,single_attempt_outside_55_75MeV,False,,,,,,,window_2p25eq2p5,5
2021,0.133,0.003184417875,0.12583505978125,0.14016494021875,740120080.2932594,1.64,0.127777554685,0.138222445315,0.0104448906299999,0.0,1.0,8000,0.000125,True,6655.795543565853,2.1956649360159046e-06,0.5,0.0,-543.8802855334588,4236.226005682764,True,tilde_q_mu,asymptotic,default,sidak_approx,observed,8.01**2 * RBF(length_scale=0.317),0.0260269380191233,0.3549127911698635,0.0961108381920171,0.3170003757201766,0.0236608527446575,64.13811370957754,1614.9574167830533,393,137,256,416,23,0.04,0.3,0.000625,1.0,1e-08,1e+18,False,False,False,False,12,1.1,15.0,13.397673327380508,8.173216908325301,111.45295784079954,99.54735470142296,study_results/v4p2_followups_20260806/pseudo65/gp_window_ensemble_20260806/runs/window_2p25eq2p5/draw_05/attempt_01/results_single.csv,1,1,1,1,single_attempt_outside_55_75MeV,False,,,,,,,window_2p25eq2p5,5
2021,0.134,0.0032059715,0.126786564125,0.141213435875,721731213.3148873,1.64,0.12874220674,0.13925779326,0.01051558652,0.0,1.0,8000,0.000125,True,6218.486456311723,2.087970356008918e-06,0.5,0.0,-1301.045823534079,4197.311789903024,True,tilde_q_mu,asymptotic,default,sidak_approx,observed,7.94**2 * RBF(length_scale=0.316),0.0260077822908281,0.3546515766931113,0.0960401009773177,0.3161158364699832,0.0236434384462074,63.08142870133574,1616.7092398299503,393,139,254,416,23,0.04,0.3,0.000625,1.0,1e-08,1e+18,False,False,False,False,12,1.1,15.0,13.370129610766934,8.112293665376676,110.62218634604557,98.6021979515361,study_results/v4p2_followups_20260806/pseudo65/gp_window_ensemble_20260806/runs/window_2p25eq2p5/draw_05/attempt_01/results_single.csv,1,1,1,1,single_attempt_outside_55_75MeV,False,,,,,,,window_2p25eq2p5,5
2021,0.135,0.003227696875,0.12773768203125,0.14226231796875,703839749.1336825,1.64,0.129706577125,0.140293422875,0.01058684575,0.0,1.0,8000,0.000125,True,5761.5177790815405,1.969016112994528e-06,0.4916034647259943,0.0210485468528228,-2312.9143567911874,4171.092726806503,True,tilde_q_mu,asymptotic,default,sidak_approx,observed,7.99**2 * RBF(length_scale=0.317),0.025990276792342,0.3544128653501188,0.0959754576400479,0.3166563349354863,0.0236275243566745,63.76726840503816,1611.4798788954558,392,140,252,416,24,0.04,0.3,0.000625,1.0,1e-08,1e+18,False,False,False,False,12,1.1,15.0,13.402010729322702,8.052266925574306,109.80363989419509,98.10597066537926,study_results/v4p2_followups_20260806/pseudo65/gp_window_ensemble_20260806/runs/window_2p25eq2p5/draw_05/attempt_01/results_single.csv,1,1,1,1,single_attempt_outside_55_75MeV,False,,,,,,,window_2p25eq2p5,5
2021,0.136,0.003249594,0.1286884135,0.1433115865,686424779.2721932,1.64,0.13067066584,0.14132933416,0.01065866832,0.0,1.0,8000,0.000125,True,5464.839181539623,1.90092703413206e-06,0.4999311292015692,0.0001726334915006,-2868.703314413709,4102.605497417828,True,tilde_q_mu,asymptotic,default,sidak_approx,observed,8.07**2 * RBF(length_scale=0.318),0.0259743851924713,0.3541961617155187,0.0959167740183841,0.3177376268565396,0.0236130774477012,65.08914711369992,1616.7561843283788,393,142,251,416,23,0.04,0.3,0.000625,1.0,1e-08,1e+18,False,False,False,False,12,1.1,15.0,13.456002402070286,7.993117045535957,108.99705062094486,97.7776383316007,study_results/v4p2_followups_20260806/pseudo65/gp_window_ensemble_20260806/runs/window_2p25eq2p5/draw_05/attempt_01/results_single.csv,1,1,1,1,single_attempt_outside_55_75MeV,False,,,,,,,window_2p25eq2p5,5
2021,0.137,0.003271662875,0.12963875853125,0.14436124146875,669116428.5880822,1.64,0.131634472885,0.142365527115,0.0107310542299999,0.0,1.0,8000,0.000125,True,5473.518234436369,1.938939378865038e-06,0.5,0.0,-2743.33290327223,4082.0180194875934,True,tilde_q_mu,asymptotic,default,sidak_approx,observed,8.04**2 * RBF(length_scale=0.317),0.0259600722137896,0.3540009847334957,0.0958639198417955,0.3173244476721805,0.0236000656488997,64.68373511918527,1612.7579939562777,392,143,249,416,24,0.04,0.3,0.000625,1.0,1e-08,1e+18,False,False,False,False,12,1.1,15.0,13.44591376960745,7.93482495160498,108.20215843097698,96.99179279655468,study_results/v4p2_followups_20260806/pseudo65/gp_window_ensemble_20260806/runs/window_2p25eq2p5/draw_05/attempt_01/results_single.csv,1,1,1,1,single_attempt_outside_55_75MeV,False,,,,,,,window_2p25eq2p5,5
2021,0.138,0.0032939035,0.130588717125,0.145411282875,652262296.7982231,1.64,0.13259799826,0.14340200174,0.0108040034799999,0.0,1.0,8000,0.000125,True,5636.853122724904,2.0335519847417177e-06,0.5,0.0,-2102.657826263544,4042.151827667925,True,tilde_q_mu,asymptotic,default,sidak_approx,observed,8.01**2 * RBF(length_scale=0.317),0.0259473035947063,0.3538268672005407,0.095816768590974,0.3170124773928144,0.0235884578133693,64.11055862600146,1611.9557179433514,392,145,247,416,24,0.04,0.3,0.000625,1.0,1e-08,1e+18,False,False,False,False,12,1.1,15.0,13.43930493044523,7.877372119342997,107.41871071831358,96.24218723858012,study_results/v4p2_followups_20260806/pseudo65/gp_window_ensemble_20260806/runs/window_2p25eq2p5/draw_05/attempt_01/results_single.csv,1,1,1,1,single_attempt_outside_55_75MeV,False,,,,,,,window_2p25eq2p5,5
2021,0.139,0.003316315875,0.13153828928125,0.14646171071875,635785521.2448627,1.64,0.133561241965,0.144438758035,0.0108775160699999,0.0,1.0,8000,0.000125,True,5729.336336072003,2.1052263936134417e-06,0.4999311292015692,0.0001726334915006,-1685.909005360817,3997.769102385524,True,tilde_q_mu,asymptotic,default,sidak_approx,observed,8.02**2 * RBF(length_scale=0.317),0.0259360460531648,0.3536733552704296,0.0957751973637809,0.3171679250284685,0.0235782236846953,64.33890925269894,1612.082233530426,392,146,246,416,24,0.04,0.3,0.000625,1.0,1e-08,1e+18,False,False,False,False,12,1.1,15.0,13.451731108749431,7.820740553903008,106.64646209867738,95.63863545672304,study_results/v4p2_followups_20260806/pseudo65/gp_window_ensemble_20260806/runs/window_2p25eq2p5/draw_05/attempt_01/results_single.csv,1,1,1,1,single_attempt_outside_55_75MeV,False,,,,,,,window_2p25eq2p5,5
2021,0.14,0.0033389,0.132487475,0.147512525,619834689.867921,1.64,0.134524204,0.145475796,0.010951592,0.0,1.0,8000,0.000125,True,5897.6499078574925,2.206962717462499e-06,0.5,0.0,-1139.618045430526,3956.694036096908,True,tilde_q_mu,asymptotic,default,sidak_approx,observed,8.09**2 * RBF(length_scale=0.318),0.0259262672518869,0.3535400079802764,0.0957390867469023,0.3179894458017669,0.0235693338653517,65.37789021577937,1611.7706090654424,392,148,244,416,24,0.04,0.3,0.000625,1.0,1e-08,1e+18,False,False,False,False,12,1.1,15.0,13.49166029122398,7.764912771238112,105.88517415324698,95.23778663684654,study_results/v4p2_followups_20260806/pseudo65/gp_window_ensemble_20260806/runs/window_2p25eq2p5/draw_05/attempt_01/results_single.csv,1,1,1,1,single_attempt_outside_55_75MeV,False,,,,,,,window_2p25eq2p5,5
2021,0.141,0.003361655875,0.13343627428125,0.1485637257187499,604132627.2786524,1.64,0.1354868843649999,0.146513115635,0.01102623127,0.0,1.0,8000,0.000125,True,5914.537589644229,2.254702853438703e-06,0.5,0.0,-1048.9004978907476,3938.675826647847,True,tilde_q_mu,asymptotic,default,sidak_approx,observed,8.02**2 * RBF(length_scale=0.317),0.0259179357650831,0.3534263967965889,0.0957083206929198,0.3169352541076792,0.0235617597864392,64.3326141017115,1608.9929748801742,391,149,242,416,25,0.04,0.3,0.000625,1.0,1e-08,1e+18,False,False,False,False,12,1.1,15.0,13.451255635416848,7.709871780103963,105.13461518323584,94.27950566405885,study_results/v4p2_followups_20260806/pseudo65/gp_window_ensemble_20260806/runs/window_2p25eq2p5/draw_05/attempt_01/results_single.csv,1,1,1,1,single_attempt_outside_55_75MeV,False,,,,,,,window_2p25eq2p5,5
2021,0.142,0.0033845835,0.1343846871249999,0.149615312875,588792286.6909375,1.64,0.1364492830599999,0.14755071694,0.01110143388,0.0,1.0,8000,0.000125,True,6025.0485087016195,2.340076274940427e-06,0.5,0.0,-630.7110934430054,3879.3041689827446,True,tilde_q_mu,asymptotic,default,sidak_approx,observed,8.01**2 * RBF(length_scale=0.317),0.0259110210465671,0.3533321051804605,0.0956827864025644,0.3169022987074927,0.0235554736786973,64.12766120052821,1614.0658958667318,392,151,241,416,24,0.04,0.3,0.000625,1.0,1e-08,1e+18,False,False,False,False,12,1.1,15.0,13.453446236323686,7.6556010648184945,104.39455997479764,93.63110666570724,study_results/v4p2_followups_20260806/pseudo65/gp_window_ensemble_20260806/runs/window_2p25eq2p5/draw_05/attempt_01/results_single.csv,1,1,1,1,single_attempt_outside_55_75MeV,False,,,,,,,window_2p25eq2p5,5
2021,0.143,0.003407682875,0.1353327135312499,0.15066728646875,573696429.0826498,1.64,0.137411400085,0.1485885999149999,0.0111771998299999,0.0,1.0,8000,0.000125,True,6222.640909811695,2.463068430122903e-06,0.5,0.0,-149.18255890369144,3837.710317852307,True,tilde_q_mu,asymptotic,default,sidak_approx,observed,8.04**2 * RBF(length_scale=0.317),0.025905493399191,0.3532567281707865,0.0956623742118505,0.3174655260556156,0.0235504485447191,64.62730948480672,1614.7021593443856,392,153,239,416,24,0.04,0.3,0.000625,1.0,1e-08,1e+18,False,False,False,False,12,1.1,15.0,13.480232678065205,7.602084568738228,103.66478957370308,93.1616989317457,study_results/v4p2_followups_20260806/pseudo65/gp_window_ensemble_20260806/runs/window_2p25eq2p5/draw_05/attempt_01/results_single.csv,1,1,1,1,single_attempt_outside_55_75MeV,False,,,,,,,window_2p25eq2p5,5
2021,0.144,0.003430954,0.1362803534999999,0.1517196465,559083772.4170778,1.64,0.13837323544,0.14962676456,0.0112535291199999,0.0,1.0,8000,0.000125,True,6278.806920323275,2.53254791789262e-06,0.5,0.0,-0.7089846254116225,3817.451307189552,True,tilde_q_mu,asymptotic,default,sidak_approx,observed,8.01**2 * RBF(length_scale=0.317),0.0259013239455544,0.3531998719848339,0.0956469774839098,0.3170992582557821,0.0235466581323222,64.1455522031854,1609.5513288743375,391,154,237,416,25,0.04,0.3,0.000625,1.0,1e-08,1e+18,False,False,False,False,12,1.1,15.0,13.466847672133278,7.5493066784207805,102.94509106937429,92.42305733501009,study_results/v4p2_followups_20260806/pseudo65/gp_window_ensemble_20260806/runs/window_2p25eq2p5/draw_05/attempt_01/results_single.csv,1,1,1,1,single_attempt_outside_55_75MeV,False,,,,,,,window_2p25eq2p5,5
2021,0.145,0.003454396875,0.1372276070312499,0.15277239296875,544779001.7566646,1.64,0.139334789125,0.1506652108749999,0.0113304217499999,0.0,1.0,8000,0.000125,True,6379.941691239636,2.6226979078916267e-06,0.4657094968684659,0.0860596568871461,323.2330762512013,3755.941513181176,True,tilde_q_mu,asymptotic,default,sidak_approx,observed,8.03**2 * RBF(length_scale=0.318),0.0258984845999115,0.3531611536351575,0.095636492505252,0.3175235108848785,0.0235440769090105,64.56057320805374,1615.4665690649213,392,156,236,416,24,0.04,0.3,0.000625,1.0,1e-08,1e+18,False,False,False,False,12,1.1,15.0,13.486343597669771,7.49725220843698,102.235257387777,91.91865392851784,study_results/v4p2_followups_20260806/pseudo65/gp_window_ensemble_20260806/runs/window_2p25eq2p5/draw_05/attempt_01/results_single.csv,1,1,1,1,single_attempt_outside_55_75MeV,False,,,,,,,window_2p25eq2p5,5
2021,0.146,0.0034780115,0.138174474125,0.1538255258749999,530723198.11642635,1.64,0.1402960611399999,0.15170393886,0.01140787772,0.0,1.0,8000,0.000125,True,6292.21581634426,2.6369543110396423e-06,0.4749360960017875,0.06286727756225,236.17820286944703,3736.462617931221,True,tilde_q_mu,asymptotic,default,sidak_approx,observed,8.01**2 * RBF(length_scale=0.317),0.0258969480412312,0.3531402005622441,0.0956308183862839,0.3170710198692957,0.0235426800374829,64.08217398115028,1610.3727707391265,391,157,234,416,25,0.04,0.3,0.000625,1.0,1e-08,1e+18,False,False,False,False,12,1.1,15.0,13.467923760781622,7.445906386805,101.53508709279544,91.16445413400608,study_results/v4p2_followups_20260806/pseudo65/gp_window_ensemble_20260806/runs/window_2p25eq2p5/draw_05/attempt_01/results_single.csv,1,1,1,1,single_attempt_outside_55_75MeV,False,,,,,,,window_2p25eq2p5,5
2021,0.147,0.0035017978749999,0.13912095478125,0.1548790452187499,517058895.8195766,1.64,0.141257051485,0.1527429485149999,0.0114858970299999,0.0,1.0,8000,0.000125,True,6175.414242452205,2.63832727955635e-06,0.4752371701804179,0.0621111215789701,149.69185342243583,3697.713137674437,True,tilde_q_mu,asymptotic,default,sidak_approx,observed,7.99**2 * RBF(length_scale=0.317),0.025896687687343,0.353136650281951,0.0956298569658356,0.316822277123071,0.02354244335213,63.805522607082224,1611.5404367696492,391,159,232,416,25,0.04,0.3,0.000625,1.0,1e-08,1e+18,False,False,False,False,12,1.1,15.0,13.457493446380347,7.3952548410130845,100.84438419563295,90.47417596113284,study_results/v4p2_followups_20260806/pseudo65/gp_window_ensemble_20260806/runs/window_2p25eq2p5/draw_05/attempt_01/results_single.csv,1,1,1,1,single_attempt_outside_55_75MeV,False,,,,,,,window_2p25eq2p5,5
2021,0.148,0.0035257559999999,0.140067049,0.155932951,503681799.08701915,1.64,0.1422177601599999,0.15378223984,0.01156447968,0.0,1.0,8000,0.000125,True,5925.6830509498,2.5813112107972723e-06,0.5,0.0,-153.72868270867514,3657.781490394845,True,tilde_q_mu,asymptotic,default,sidak_approx,observed,7.95**2 * RBF(length_scale=0.316),0.0258976776701328,0.3531501500472667,0.0956335127195648,0.3163522954996052,0.0235433433364844,63.26942177800413,1612.1587802738686,391,160,231,416,25,0.04,0.3,0.000625,1.0,1e-08,1e+18,False,False,False,False,12,1.1,15.0,13.437016611373252,7.345283584607923,100.16295797192622,89.72608867420357,study_results/v4p2_followups_20260806/pseudo65/gp_window_ensemble_20260806/runs/window_2p25eq2p5/draw_05/attempt_01/results_single.csv,1,1,1,1,single_attempt_outside_55_75MeV,False,,,,,,,window_2p25eq2p5,5
2021,0.149,0.003549885875,0.14101275678125,0.15698724321875,490644352.2917579,1.64,0.143178187165,0.154821812835,0.0116436256699999,0.0,1.0,8000,0.000125,True,5680.123539921475,2.5230428767925818e-06,0.5,0.0,-481.6318830457724,3620.8015288911,True,tilde_q_mu,asymptotic,default,sidak_approx,observed,7.93**2 * RBF(length_scale=0.316),0.0258998928117245,0.353180356523517,0.0956416926720024,0.316011416599965,0.0235453571015678,62.957712986614474,1611.1003738951645,391,162,229,416,25,0.04,0.3,0.000625,1.0,1e-08,1e+18,False,False,False,False,12,1.1,15.0,13.42138984075646,7.295979004317872,99.49062278615278,89.0201622608403,study_results/v4p2_followups_20260806/pseudo65/gp_window_ensemble_20260806/runs/window_2p25eq2p5/draw_05/attempt_01/results_single.csv,1,1,1,1,single_attempt_outside_55_75MeV,False,,,,,,,window_2p25eq2p5,5
2021,0.15,0.0035741875,0.141958078125,0.158041921875,477946931.2512179,1.64,0.1441383325,0.1558616675,0.011723335,0.0,1.0,8000,0.000125,True,5561.058061545878,2.5188738338954205e-06,0.4999311292015692,0.0001726334915006,-629.6322126250745,3595.9890783686083,True,tilde_q_mu,asymptotic,default,sidak_approx,observed,7.96**2 * RBF(length_scale=0.316),0.0259033086016125,0.3532269354765349,0.0956543063121079,0.3164640227644697,0.0235484623651023,63.424083040815745,1606.2382584666468,390,163,227,416,26,0.04,0.3,0.000625,1.0,1e-08,1e+18,False,False,False,False,12,1.1,15.0,13.438840203573289,7.247327847689178,98.82719792303423,88.54152804363781,study_results/v4p2_followups_20260806/pseudo65/gp_window_ensemble_20260806/runs/window_2p25eq2p5/draw_05/attempt_01/results_single.csv,1,1,1,1,single_attempt_outside_55_75MeV,False,,,,,,,window_2p25eq2p5,5
2021,0.151,0.003598660875,0.14290301303125,0.15909698696875,465470649.96646106,1.64,0.145098196165,0.156901803835,0.0118036076699999,0.0,1.0,8000,0.000125,True,5535.268170799278,2.5573451082446746e-06,0.5,0.0,-540.9058636003665,3551.870842567737,True,tilde_q_mu,asymptotic,default,sidak_approx,observed,8.05**2 * RBF(length_scale=0.318),0.0259079011746969,0.3532895614731401,0.0956712655121596,0.3176564044072968,0.0235526374315426,64.81099389126034,1607.3591061565296,390,165,225,416,26,0.04,0.3,0.000625,1.0,1e-08,1e+18,False,False,False,False,12,1.1,15.0,13.487084210020493,7.199317211210392,98.17250742559624,88.27072498385856,study_results/v4p2_followups_20260806/pseudo65/gp_window_ensemble_20260806/runs/window_2p25eq2p5/draw_05/attempt_01/results_single.csv,1,1,1,1,single_attempt_outside_55_75MeV,False,,,,,,,window_2p25eq2p5,5
2021,0.152,0.003623306,0.1438475615,0.1601524385,453362715.5960102,1.64,0.1460577781599999,0.15794222184,0.01188444368,0.0,1.0,8000,0.000125,True,23368.273293325816,1.101177061775818e-05,0.5,0.0,-2738.0298758110885,15120.513849589908,True,tilde_q_mu,asymptotic,default,sidak_approx,observed,3.15**2 * RBF(length_scale=0.0921),0.0259136472901786,0.3533679175933457,0.0956924844498192,0.0920652849226132,0.0235578611728897,9.919959991534164,1401.646336947503,390,166,224,416,26,0.04,0.3,0.000625,1.0,1e-08,1e+18,False,False,False,False,12,1.1,15.0,3.908049387291645,7.151934528902247,97.5263799395761,25.40919395784217,study_results/v4p2_followups_20260806/pseudo65/gp_window_ensemble_20260806/runs/window_2p25eq2p5/draw_05/attempt_01/results_single.csv,1,1,1,1,single_attempt_outside_55_75MeV,False,,,,,,,window_2p25eq2p5,5
2021,0.153,0.003648122875,0.14479172353125,0.16120827646875,441644549.5313737,1.64,0.147017078485,0.158982921515,0.0119658430299999,0.0,1.0,8000,0.000125,True,5281.342890338332,2.5380488754674856e-06,0.4999311292015692,0.0001726334915006,-801.870138569371,3477.562585240218,True,tilde_q_mu,asymptotic,default,sidak_approx,observed,8.02**2 * RBF(length_scale=0.317),0.0259205243112793,0.3534616951538094,0.0957178795332425,0.3172824502077817,0.0235641130102539,64.39874678988124,1606.8207022270683,390,168,222,416,26,0.04,0.3,0.000625,1.0,1e-08,1e+18,False,False,False,False,12,1.1,15.0,13.464646433740825,7.105167561352867,96.88864856390272,86.97142642372805,study_results/v4p2_followups_20260806/pseudo65/gp_window_ensemble_20260806/runs/window_2p25eq2p5/draw_05/attempt_01/results_single.csv,1,1,1,1,single_attempt_outside_55_75MeV,False,,,,,,,window_2p25eq2p5,5
2021,0.154,0.0036731115,0.145735499125,0.162264500875,430164399.9517347,1.64,0.1479760971399999,0.16002390286,0.01204780572,0.0,1.0,8000,0.000125,True,5504.543885942502,2.698274158285494e-06,0.5,0.0,-313.04097570626334,3455.354283951937,True,tilde_q_mu,asymptotic,default,sidak_approx,observed,8.04**2 * RBF(length_scale=0.317),0.0259285101857464,0.3535705934419964,0.0957473693290902,0.3173679190171236,0.023571372896133,64.63060204615061,1603.7913735867307,389,169,220,416,27,0.04,0.3,0.000625,1.0,1e-08,1e+18,False,False,False,False,12,1.1,15.0,13.464125336084608,7.0590043851776345,96.25915070696774,86.4030179909114,study_results/v4p2_followups_20260806/pseudo65/gp_window_ensemble_20260806/runs/window_2p25eq2p5/draw_05/attempt_01/results_single.csv,1,1,1,1,single_attempt_outside_55_75MeV,False,,,,,,,window_2p25eq2p5,5
2021,0.155,0.003698271875,0.14667888828125,0.16332111171875,419006242.6242384,1.64,0.148934834125,0.161065165875,0.01213033175,0.0,1.0,8000,0.000125,True,5826.820830157243,2.9133951611759106e-06,0.457974700475664,0.1055373922135795,359.04429392909253,3405.4480225893717,True,tilde_q_mu,asymptotic,default,sidak_approx,observed,8.01**2 * RBF(length_scale=0.317),0.0259375834271065,0.3536943194605435,0.0957808744933012,0.3169168067878065,0.0235796212973695,64.15076493856503,1609.1431030145711,390,171,219,416,26,0.04,0.3,0.000625,1.0,1e-08,1e+18,False,False,False,False,12,1.1,15.0,13.440283997400766,7.01343338288414,95.63772794842008,85.69321496619456,study_results/v4p2_followups_20260806/pseudo65/gp_window_ensemble_20260806/runs/window_2p25eq2p5/draw_05/attempt_01/results_single.csv,1,1,1,1,single_attempt_outside_55_75MeV,False,,,,,,,window_2p25eq2p5,5
2021,0.156,0.003723604,0.147621891,0.164378109,408018948.64312065,1.64,0.14989328944,0.16210671056,0.01221342112,0.0,1.0,8000,0.000125,True,6460.591126045606,3.2960003397488368e-06,0.3411560608095541,0.4093100765667368,1353.9079154793096,3385.13587678323,True,tilde_q_mu,asymptotic,default,sidak_approx,observed,8.01**2 * RBF(length_scale=0.317),0.0259477230966391,0.353832587681443,0.0958183177045254,0.3169813650161451,0.0235888391787628,64.22568369414569,1605.133538628824,389,172,217,416,27,0.04,0.3,0.000625,1.0,1e-08,1e+18,False,False,False,False,12,1.1,15.0,13.43776870976868,6.968443233125529,95.0242259062572,85.12757130353957,study_results/v4p2_followups_20260806/pseudo65/gp_window_ensemble_20260806/runs/window_2p25eq2p5/draw_05/attempt_01/results_single.csv,1,1,1,1,single_attempt_outside_55_75MeV,False,,,,,,,window_2p25eq2p5,5
2021,0.157,0.003749107875,0.14856450728125,0.16543549271875,397354285.67265946,1.64,0.150851463085,0.163148536915,0.01229707383,0.0,1.0,8000,0.000125,True,7198.195710695009,3.746847511529739e-06,0.2354976888716082,0.7208604511680025,2413.2278546102434,3347.8779768754707,True,tilde_q_mu,asymptotic,default,sidak_approx,observed,8.08**2 * RBF(length_scale=0.318),0.0259589087860322,0.3539851198095312,0.0958596236000764,0.3179450170936119,0.023599007987302,65.34729360747869,1603.786184179199,389,174,215,416,27,0.04,0.3,0.000625,1.0,1e-08,1e+18,False,False,False,False,12,1.1,15.0,13.472812809109968,6.924022901323501,94.41849410895684,84.80551312320185,study_results/v4p2_followups_20260806/pseudo65/gp_window_ensemble_20260806/runs/window_2p25eq2p5/draw_05/attempt_01/results_single.csv,1,1,1,1,single_attempt_outside_55_75MeV,False,,,,,,,window_2p25eq2p5,5
2021,0.158,0.0037747835,0.149506737125,0.166493262875,387039666.85970527,1.64,0.15180935506,0.16419064494,0.0123812898799999,0.0,1.0,8000,0.000125,True,7763.074985367843,4.122314662216792e-06,0.1689437860705375,0.958347474215018,3175.459155237536,3313.6731830587596,True,tilde_q_mu,asymptotic,default,sidak_approx,observed,8.06**2 * RBF(length_scale=0.318),0.0259711206006934,0.3541516445549109,0.0959047187143026,0.3176264859789435,0.023610109636994,64.96115032800783,1603.8191739943748,389,175,214,416,27,0.04,0.3,0.000625,1.0,1e-08,1e+18,False,False,False,False,12,1.1,15.0,13.452986490213622,6.880161630645431,93.82038587243768,84.14429224323554,study_results/v4p2_followups_20260806/pseudo65/gp_window_ensemble_20260806/runs/window_2p25eq2p5/draw_05/attempt_01/results_single.csv,1,1,1,1,single_attempt_outside_55_75MeV,False,,,,,,,window_2p25eq2p5,5
2021,0.159,0.003800630875,0.15044858053125,0.16755141946875,376812670.72105056,1.64,0.152766965365,0.165233034635,0.0124660692699999,0.0,1.0,8000,0.000125,True,8266.717968533092,4.480540641647128e-06,0.1227046726716111,1.1615720388181423,3812.2608791830166,3284.703619569255,True,tilde_q_mu,asymptotic,default,sidak_approx,observed,8**2 * RBF(length_scale=0.317),0.0259843391436889,0.3543318974139398,0.0959535314192792,0.3168278659564647,0.0236221264942626,64.0026130069152,1603.5595212714736,389,177,212,416,27,0.04,0.3,0.000625,1.0,1e-08,1e+18,False,False,False,False,12,1.1,15.0,13.412334661463095,6.836848933320556,93.22975818164392,83.3619144759657,study_results/v4p2_followups_20260806/pseudo65/gp_window_ensemble_20260806/runs/window_2p25eq2p5/draw_05/attempt_01/results_single.csv,1,1,1,1,single_attempt_outside_55_75MeV,False,,,,,,,window_2p25eq2p5,5
2021,0.16,0.00382665,0.1513900375,0.1686099625,367005424.0565123,1.64,0.153724294,0.166275706,0.0125514119999999,0.0,1.0,8000,0.000125,True,8464.269569930984,4.680766133401759e-06,0.1059758738401548,1.248216596593848,4075.018176122632,3264.522940234291,True,tilde_q_mu,asymptotic,default,sidak_approx,observed,8.04**2 * RBF(length_scale=0.317),0.0259985455002782,0.3545256204583391,0.0960059918676979,0.3173371461275986,0.0236350413638892,64.5697646731338,1598.800220677174,388,178,210,416,28,0.04,0.3,0.000625,1.0,1e-08,1e+18,False,False,False,False,12,1.1,15.0,13.426553448408226,6.7940745822790705,92.64647157653278,82.92818682858339,study_results/v4p2_followups_20260806/pseudo65/gp_window_ensemble_20260806/runs/window_2p25eq2p5/draw_05/attempt_01/results_single.csv,1,1,1,1,single_attempt_outside_55_75MeV,False,,,,,,,window_2p25eq2p5,5
2021,0.161,0.003852840875,0.15233110803125,0.16966889196875,357410945.39902496,1.64,0.154681340965,0.167318659035,0.01263731807,0.0,1.0,8000,0.000125,True,8107.763419869324,4.575381011752804e-06,0.1220089164709789,1.16500286548082,3748.337155276588,3218.5453027724507,True,tilde_q_mu,asymptotic,default,sidak_approx,observed,8.01**2 * RBF(length_scale=0.317),0.0260137212230255,0.3547325621321662,0.0960620319378876,0.3171164445713204,0.0236488374754777,64.2361183202921,1604.0885421516984,389,180,209,416,27,0.04,0.3,0.000625,1.0,1e-08,1e+18,False,False,False,False,12,1.1,15.0,13.409388300805436,6.751828603101996,92.07039004229992,82.307174072254,study_results/v4p2_followups_20260806/pseudo65/gp_window_ensemble_20260806/runs/window_2p25eq2p5/draw_05/attempt_01/results_single.csv,1,1,1,1,single_attempt_outside_55_75MeV,False,,,,,,,window_2p25eq2p5,5
2021,0.162,0.0038792035,0.153271792125,0.170728207875,348034765.9525295,1.64,0.15563810626,0.16836189374,0.01272378748,0.0,1.0,8000,0.000125,True,7694.569979127969,4.4316620295291e-06,0.1513761816065986,1.03054899896665,3298.911196976267,3200.75604217726,True,tilde_q_mu,asymptotic,default,sidak_approx,observed,8.02**2 * RBF(length_scale=0.317),0.0260298483174566,0.3549524770562273,0.0961215851808485,0.3171538913658432,0.0236634984704151,64.30439784503031,1599.3310505212064,388,181,207,416,28,0.04,0.3,0.000625,1.0,1e-08,1e+18,False,False,False,False,12,1.1,15.0,13.40266282952028,6.710101266266818,91.50138090363842,81.75747711246478,study_results/v4p2_followups_20260806/pseudo65/gp_window_ensemble_20260806/runs/window_2p25eq2p5/draw_05/attempt_01/results_single.csv,1,1,1,1,single_attempt_outside_55_75MeV,False,,,,,,,window_2p25eq2p5,5
2021,0.163,0.003905737875,0.15421208978125,0.17178791021875,338899709.6922806,1.64,0.156594589885,0.169405410115,0.01281082023,0.0,1.0,8000,0.000125,True,7042.762852914753,4.140036649540711e-06,0.2076510478822697,0.8145986285241194,2574.8671973891305,3169.740078857835,True,tilde_q_mu,asymptotic,default,sidak_approx,observed,8.04**2 * RBF(length_scale=0.317),0.0260469092282431,0.3551851258396787,0.0961845867692335,0.3172867938401201,0.0236790083893119,64.5705474415826,1599.5885709643342,388,183,205,416,28,0.04,0.3,0.000625,1.0,1e-08,1e+18,False,False,False,False,12,1.1,15.0,13.399496660651344,6.668883079677514,90.93931472287518,81.23606959673916,study_results/v4p2_followups_20260806/pseudo65/gp_window_ensemble_20260806/runs/window_2p25eq2p5/draw_05/attempt_01/results_single.csv,1,1,1,1,single_attempt_outside_55_75MeV,False,,,,,,,window_2p25eq2p5,5
2021,0.164,0.003932444,0.155152001,0.172847999,329984866.4340829,1.64,0.15755079184,0.17044920816,0.0128984163199999,0.0,1.0,8000,0.000125,True,6240.606132600035,3.744629243330156e-06,0.3110158313274609,0.4929730035806919,1563.6097793940569,3152.0955724290225,True,tilde_q_mu,asymptotic,default,sidak_approx,observed,8.01**2 * RBF(length_scale=0.317),0.0260648868258862,0.3554302748984483,0.096250973448177,0.316957142036665,0.0236953516598965,64.16436661912263,1594.7400343347429,387,184,203,416,29,0.04,0.3,0.000625,1.0,1e-08,1e+18,False,False,False,False,12,1.1,15.0,13.376342608710988,6.6281647814657285,90.38406520180536,80.60054816716143,study_results/v4p2_followups_20260806/pseudo65/gp_window_ensemble_20260806/runs/window_2p25eq2p5/draw_05/attempt_01/results_single.csv,1,1,1,1,single_attempt_outside_55_75MeV,False,,,,,,,window_2p25eq2p5,5
2021,0.165,0.003959321875,0.15609152578125,0.17390847421875,321257494.71634173,1.64,0.158506712125,0.171493287875,0.01298657575,0.0,1.0,8000,0.000125,True,5563.733274046215,3.4083878719340105e-06,0.4109478285146794,0.2251074865350278,700.4391341350305,3108.198738908295,True,tilde_q_mu,asymptotic,default,sidak_approx,observed,7.99**2 * RBF(length_scale=0.317),0.0260837643938859,0.3556876962802624,0.0963206834879114,0.3166557411877942,0.0237125130853508,63.86483659526783,1600.1597840845282,388,186,202,416,28,0.04,0.3,0.000625,1.0,1e-08,1e+18,False,False,False,False,12,1.1,15.0,13.353951141661936,6.587937333053001,89.83550908708638,79.97726660901856,study_results/v4p2_followups_20260806/pseudo65/gp_window_ensemble_20260806/runs/window_2p25eq2p5/draw_05/attempt_01/results_single.csv,1,1,1,1,single_attempt_outside_55_75MeV,False,,,,,,,window_2p25eq2p5,5
2021,0.166,0.0039863715,0.157030664125,0.174969335875,312800005.7109213,1.64,0.15946235074,0.17253764926,0.01307529852,0.0,1.0,8000,0.000125,True,4869.050058227871,3.0450141927023884e-06,0.5,0.0,-363.901530133004,3088.0754251387452,True,tilde_q_mu,asymptotic,default,sidak_approx,observed,8.03**2 * RBF(length_scale=0.317),0.0261035256163684,0.3559571674959338,0.09639365663808,0.3171941097220974,0.0237304778330622,64.4579820295458,1597.2857581977426,387,187,200,416,29,0.04,0.3,0.000625,1.0,1e-08,1e+18,False,False,False,False,12,1.1,15.0,13.366528561012364,6.548191912461868,89.29352607902545,79.56963110991974,study_results/v4p2_followups_20260806/pseudo65/gp_window_ensemble_20260806/runs/window_2p25eq2p5/draw_05/attempt_01/results_single.csv,1,1,1,1,single_attempt_outside_55_75MeV,False,,,,,,,window_2p25eq2p5,5
2021,0.167,0.004013592875,0.15796941603125,0.17603058396875,304614329.32244956,1.64,0.160417707685,0.173582292315,0.0131645846299999,0.0,1.0,8000,0.000125,True,4231.087210391084,2.7008788179510676e-06,0.5,0.0,-1657.3296564353896,3052.4835063743544,True,tilde_q_mu,asymptotic,default,sidak_approx,observed,8.14**2 * RBF(length_scale=0.319),0.0261241545661564,0.3562384713566791,0.0964698340836822,0.3187628295795495,0.0237492314237786,66.28388610272386,1600.9409891029934,387,189,198,416,29,0.04,0.3,0.000625,1.0,1e-08,1e+18,False,False,False,False,12,1.1,15.0,13.422027176020206,6.508919907865958,88.7579987436267,79.42081808174166,study_results/v4p2_followups_20260806/pseudo65/gp_window_ensemble_20260806/runs/window_2p25eq2p5/draw_05/attempt_01/results_single.csv,1,1,1,1,single_attempt_outside_55_75MeV,False,,,,,,,window_2p25eq2p5,5
2021,0.168,0.004040986,0.1589077815,0.1770922185,296547392.151297,1.64,0.16137278296,0.17462721704,0.0132544340799999,0.0,1.0,8000,0.000125,True,3892.015799328956,2.536828602802461e-06,0.4999513009912829,0.0001220703125,-2531.6810189423436,3018.2251173323775,True,tilde_q_mu,asymptotic,default,sidak_approx,observed,8.16**2 * RBF(length_scale=0.319),0.0261456356932645,0.3565313958172433,0.0965491584025916,0.3190184761743326,0.0237687597211495,66.58346691087458,1601.0830141294662,387,190,197,416,29,0.04,0.3,0.000625,1.0,1e-08,1e+18,False,False,False,False,12,1.1,15.0,13.4217552752855,6.470112911369777,88.22881242776968,78.94570190897285,study_results/v4p2_followups_20260806/pseudo65/gp_window_ensemble_20260806/runs/window_2p25eq2p5/draw_05/attempt_01/results_single.csv,1,1,1,1,single_attempt_outside_55_75MeV,False,,,,,,,window_2p25eq2p5,5
2021,0.169,0.004068550875,0.15984576053125,0.17815423946875,288615660.9608933,1.64,0.162327576565,0.175672423435,0.0133448468699999,0.0,1.0,8000,0.000125,True,3608.276770821456,2.402222147493764e-06,0.5,0.0,-3435.4475258659586,2985.0527038444725,True,tilde_q_mu,asymptotic,default,sidak_approx,observed,8.22**2 * RBF(length_scale=0.32),0.026167953813799,0.356835733824532,0.0966315735245651,0.3197775348563713,0.0237890489216354,67.63299521942074,1601.8173444739966,387,192,195,416,29,0.04,0.3,0.000625,1.0,1e-08,1e+18,False,False,False,False,12,1.1,15.0,13.442216034351112,6.431762713007495,87.70585517737493,78.59740351811905,study_results/v4p2_followups_20260806/pseudo65/gp_window_ensemble_20260806/runs/window_2p25eq2p5/draw_05/attempt_01/results_single.csv,1,1,1,1,single_attempt_outside_55_75MeV,False,,,,,,,window_2p25eq2p5,5
2021,0.17,0.0040962875,0.160783353125,0.179216646875,280901072.63455325,1.64,0.1632820885,0.1767179115,0.013435823,0.0,1.0,8000,0.000125,True,3499.571245108153,2.37975606597628e-06,0.5,0.0,-3805.298246575043,2966.996943942224,True,tilde_q_mu,asymptotic,default,sidak_approx,observed,8.15**2 * RBF(length_scale=0.319),0.026191094099248,0.3571512831715639,0.0967170246916933,0.3189383464330697,0.0238100855447709,66.45535622769562,1598.3794914989053,386,193,193,416,30,0.04,0.3,0.000625,1.0,1e-08,1e+18,False,False,False,False,12,1.1,15.0,13.395094521326218,6.39386129495257,87.18901765844413,77.86034218376265,study_results/v4p2_followups_20260806/pseudo65/gp_window_ensemble_20260806/runs/window_2p25eq2p5/draw_05/attempt_01/results_single.csv,1,1,1,1,single_attempt_outside_55_75MeV,False,,,,,,,window_2p25eq2p5,5
2021,0.171,0.004124195875,0.16172055928125,0.18027944071875,273501986.67337126,1.64,0.164236318765,0.177763681235,0.01352736247,0.0,1.0,8000,0.000125,True,3374.179941556134,2.342780311957502e-06,0.5,0.0,-4109.057768585829,2923.4150270155296,True,tilde_q_mu,asymptotic,default,sidak_approx,observed,8.13**2 * RBF(length_scale=0.319),0.0262150420661463,0.3574778463565409,0.0968054584202363,0.3186769209468753,0.0238318564237693,66.11310291907817,1603.9761331989178,387,195,192,416,29,0.04,0.3,0.000625,1.0,1e-08,1e+18,False,False,False,False,12,1.1,15.0,13.371888252441536,6.356400825929815,86.67819308086109,77.27007412005506,study_results/v4p2_followups_20260806/pseudo65/gp_window_ensemble_20260806/runs/window_2p25eq2p5/draw_05/attempt_01/results_single.csv,1,1,1,1,single_attempt_outside_55_75MeV,False,,,,,,,window_2p25eq2p5,5
2021,0.172,0.004152276,0.162657379,0.1813426209999999,266350991.61926585,1.64,0.1651902673599999,0.17880973264,0.01361946528,0.0,1.0,8000,0.000125,True,3235.062579818049,2.293083362624652e-06,0.5,0.0,-4697.2069124784775,2901.794625357,True,tilde_q_mu,asymptotic,default,sidak_approx,observed,8.19**2 * RBF(length_scale=0.319),0.0262397835660971,0.3578152304467796,0.0968968224637768,0.3194211328693325,0.0238543486964519,67.05648560652536,1599.9059267084044,386,196,190,416,30,0.04,0.3,0.000625,1.0,1e-08,1e+18,False,False,False,False,12,1.1,15.0,13.39047806058282,6.31937365582085,86.17327712482977,76.92675844990376,study_results/v4p2_followups_20260806/pseudo65/gp_window_ensemble_20260806/runs/window_2p25eq2p5/draw_05/attempt_01/results_single.csv,1,1,1,1,single_attempt_outside_55_75MeV,False,,,,,,,window_2p25eq2p5,5
2021,0.173,0.004180527875,0.1635938122812499,0.18240618771875,259386988.21142492,1.64,0.166143934285,0.1798560657149999,0.0137121314299999,0.0,1.0,8000,0.000125,True,3203.54053393284,2.318226445714253e-06,0.5,0.0,-4639.558906155084,2872.2000950998945,True,tilde_q_mu,asymptotic,default,sidak_approx,observed,8.18**2 * RBF(length_scale=0.319),0.0262653047761392,0.3581632469473539,0.0969910657776472,0.3192822461026322,0.0238775497964902,66.84282875549127,1600.8699546522655,386,198,188,416,30,0.04,0.3,0.000625,1.0,1e-08,1e+18,False,False,False,False,12,1.1,15.0,13.371650308507084,6.282772310455958,85.67416786985397,76.3736675485347,study_results/v4p2_followups_20260806/pseudo65/gp_window_ensemble_20260806/runs/window_2p25eq2p5/draw_05/attempt_01/results_single.csv,1,1,1,1,single_attempt_outside_55_75MeV,False,,,,,,,window_2p25eq2p5,5
2021,0.174,0.0042089515,0.1645298591249999,0.183470140875,252502277.02987137,1.64,0.1670973195399999,0.18090268046,0.01380536092,0.0,1.0,8000,0.000125,True,3300.298016949816,2.43926246702067e-06,0.5,0.0,-3989.5332650018977,2855.741388888498,True,tilde_q_mu,asymptotic,default,sidak_approx,observed,8.09**2 * RBF(length_scale=0.318),0.0262915921894454,0.3585217116742556,0.0970881384845824,0.3181688399111824,0.0239014474449503,65.37507422721998,1596.3790278094398,385,199,186,416,31,0.04,0.3,0.000625,1.0,1e-08,1e+18,False,False,False,False,12,1.1,15.0,13.3116975716214,6.246589486584821,85.18076572615664,75.59337281771539,study_results/v4p2_followups_20260806/pseudo65/gp_window_ensemble_20260806/runs/window_2p25eq2p5/draw_05/attempt_01/results_single.csv,1,1,1,1,single_attempt_outside_55_75MeV,False,,,,,,,window_2p25eq2p5,5
2021,0.175,0.0042375468749999,0.16546551953125,0.1845344804687499,245918579.9416027,1.64,0.168050423125,0.181949576875,0.01389915375,0.0,1.0,8000,0.000125,True,3451.3579161595235,2.6042371523555527e-06,0.4999311292015692,0.0001726334915006,-3039.459069149969,2816.547247317433,True,tilde_q_mu,asymptotic,default,sidak_approx,observed,8.03**2 * RBF(length_scale=0.317),0.0263186326063351,0.358890444631843,0.0971879918415323,0.3174421226104987,0.0239260296421228,64.47029652625636,1601.9890710610157,386,201,185,416,30,0.04,0.3,0.000625,1.0,1e-08,1e+18,False,False,False,False,12,1.1,15.0,13.267647301231598,6.210818047018103,84.69297336842865,74.91176663632747,study_results/v4p2_followups_20260806/pseudo65/gp_window_ensemble_20260806/runs/window_2p25eq2p5/draw_05/attempt_01/results_single.csv,1,1,1,1,single_attempt_outside_55_75MeV,False,,,,,,,window_2p25eq2p5,5
2021,0.176,0.004266314,0.1664007934999999,0.1855992065,239463041.25493088,1.64,0.16900324504,0.1829967549599999,0.0139935099199999,0.0,1.0,8000,0.000125,True,3642.5771292465015,2.806580586497959e-06,0.4999513009912829,0.0001220703125,-2221.956180365882,2796.960042976707,True,tilde_q_mu,asymptotic,default,sidak_approx,observed,8.07**2 * RBF(length_scale=0.318),0.0263464131255956,0.3592692698944855,0.0972905782076107,0.3178931708190507,0.0239512846596323,65.08110552822531,1598.2202300264794,385,202,183,416,31,0.04,0.3,0.000625,1.0,1e-08,1e+18,False,False,False,False,12,1.1,15.0,13.27248936065754,6.175451015934506,84.21069567183416,74.51237082386592,study_results/v4p2_followups_20260806/pseudo65/gp_window_ensemble_20260806/runs/window_2p25eq2p5/draw_05/attempt_01/results_single.csv,1,1,1,1,single_attempt_outside_55_75MeV,False,,,,,,,window_2p25eq2p5,5
2021,0.177,0.004295252875,0.16733568103125,0.18666431896875,233151670.99112496,1.64,0.169955785285,0.184044214715,0.0140884294299999,0.0,1.0,8000,0.000125,True,4063.986513572495,3.1978668821522824e-06,0.5,0.0,-942.0288762810156,2768.8842571606688,True,tilde_q_mu,asymptotic,default,sidak_approx,observed,8.06**2 * RBF(length_scale=0.318),0.026374921136093,0.359658015492178,0.0973958510131203,0.3178411086041089,0.0239772010328118,64.97606237761626,1598.5960860413602,385,204,181,416,31,0.04,0.3,0.000625,1.0,1e-08,1e+18,False,False,False,False,12,1.1,15.0,13.255972128237811,6.140481574345738,83.73383965016914,73.99822963953176,study_results/v4p2_followups_20260806/pseudo65/gp_window_ensemble_20260806/runs/window_2p25eq2p5/draw_05/attempt_01/results_single.csv,1,1,1,1,single_attempt_outside_55_75MeV,False,,,,,,,window_2p25eq2p5,5
2021,0.178,0.0043243635,0.168270182125,0.1877298178749999,227019370.79188985,1.64,0.17090804386,0.1850919561399999,0.0141839122799999,0.0,1.0,8000,0.000125,True,4846.7368962463825,3.894811547098852e-06,0.4231563737826476,0.1938252087719266,531.3011154373729,2740.5939507908843,True,tilde_q_mu,asymptotic,default,sidak_approx,observed,8.02**2 * RBF(length_scale=0.317),0.0264041443086661,0.3600565132999933,0.0975037647296154,0.3173325691417338,0.0240037675533328,64.35488306433611,1598.3782389676476,385,205,180,416,31,0.04,0.3,0.000625,1.0,1e-08,1e+18,False,False,False,False,12,1.1,15.0,13.220115068881038,6.105903055713559,83.26231439609397,73.38249181451417,study_results/v4p2_followups_20260806/pseudo65/gp_window_ensemble_20260806/runs/window_2p25eq2p5/draw_05/attempt_01/results_single.csv,1,1,1,1,single_attempt_outside_55_75MeV,False,,,,,,,window_2p25eq2p5,5
2021,0.179,0.004353645875,0.1692042967812499,0.18879570321875,220993245.42708975,1.64,0.1718600207649999,0.186139979235,0.01427995847,0.0,1.0,8000,0.000125,True,5664.012642382972,4.649562664362037e-06,0.2613521941368727,0.6391822339026841,1735.6066797571125,2714.787945271094,True,tilde_q_mu,asymptotic,default,sidak_approx,observed,8.01**2 * RBF(length_scale=0.317),0.0264340705882899,0.3604645989312272,0.0976142748409662,0.3171524746402007,0.0240309732620818,64.15684185951065,1598.93406063667,385,207,178,416,31,0.04,0.3,0.000625,1.0,1e-08,1e+18,False,False,False,False,12,1.1,15.0,13.197654176605152,6.0717089417131325,82.79603102336088,72.84755897611923,study_results/v4p2_followups_20260806/pseudo65/gp_window_ensemble_20260806/runs/window_2p25eq2p5/draw_05/attempt_01/results_single.csv,1,1,1,1,single_attempt_outside_55_75MeV,False,,,,,,,window_2p25eq2p5,5
2021,0.18,0.0043831,0.170138025,0.189861975,215155115.9948604,1.64,0.172811716,0.1871882839999999,0.0143765679999999,0.0,1.0,8000,0.000125,True,6498.028936557021,5.448505337296507e-06,0.1501103557219702,1.0359601983507978,2796.0627804058295,2698.1379627590823,True,tilde_q_mu,asymptotic,default,sidak_approx,observed,8.01**2 * RBF(length_scale=0.317),0.0264646881865,0.360882111634091,0.0977273378153825,0.3172371633615028,0.0240588074422727,64.23540800609155,1595.3420985447317,384,208,176,416,32,0.04,0.3,0.000625,1.0,1e-08,1e+18,False,False,False,False,12,1.1,15.0,13.185905582506075,6.037892858136936,82.33490261095821,72.37735013152854,study_results/v4p2_followups_20260806/pseudo65/gp_window_ensemble_20260806/runs/window_2p25eq2p5/draw_05/attempt_01/results_single.csv,1,1,1,1,single_attempt_outside_55_75MeV,False,,,,,,,window_2p25eq2p5,5
2021,0.181,0.004412725875,0.1710713667812499,0.19092863321875,209423665.4643851,1.64,0.173763129565,0.1882368704349999,0.0144737408699999,0.0,1.0,8000,0.000125,True,7174.052359842966,6.145824191834347e-06,0.0861409371234533,1.364908296776174,3630.335505696759,2662.1262310643906,True,tilde_q_mu,asymptotic,default,sidak_approx,observed,7.99**2 * RBF(length_scale=0.317),0.0264959855740647,0.3613088941917919,0.0978429110783556,0.316887307127923,0.0240872596127861,63.8031264503001,1600.66905887258,385,210,175,416,31,0.04,0.3,0.000625,1.0,1e-08,1e+18,False,False,False,False,12,1.1,15.0,13.155805692388157,6.004448570933435,81.87884414909227,71.81214426285271,study_results/v4p2_followups_20260806/pseudo65/gp_window_ensemble_20260806/runs/window_2p25eq2p5/draw_05/attempt_01/results_single.csv,1,1,1,1,single_attempt_outside_55_75MeV,False,,,,,,,window_2p25eq2p5,5
2021,0.182,0.0044425235,0.172004322125,0.191995677875,203890389.41582435,1.64,0.17471426146,0.18928573854,0.01457147708,0.0,1.0,8000,0.000125,True,7345.245539162612,6.4277369726071636e-06,0.073638153851779,1.4492194491896266,3838.983431945499,2646.968854347814,True,tilde_q_mu,asymptotic,default,sidak_approx,observed,8.01**2 * RBF(length_scale=0.317),0.0265279514739,0.3617447928259099,0.0979609529864923,0.3172167391844566,0.0241163195217273,64.21916336586685,1596.2256874269374,384,211,173,416,32,0.04,0.3,0.000625,1.0,1e-08,1e+18,False,False,False,False,12,1.1,15.0,13.153613216090612,5.971369982376021,81.42777248694574,71.40462828940727,study_results/v4p2_followups_20260806/pseudo65/gp_window_ensemble_20260806/runs/window_2p25eq2p5/draw_05/attempt_01/results_single.csv,1,1,1,1,single_attempt_outside_55_75MeV,False,,,,,,,window_2p25eq2p5,5
2021,0.183,0.004472492875,0.1729368910312499,0.19306310896875,198621214.40460417,1.64,0.1756651116849999,0.190334888315,0.01466977663,0.0,1.0,8000,0.000125,True,7154.108715411488,6.391440273654409e-06,0.0811487600499892,1.397386022408427,3666.5974983526216,2623.5365539755553,True,tilde_q_mu,asymptotic,default,sidak_approx,observed,8.02**2 * RBF(length_scale=0.317),0.0265605748542153,0.3621896571029359,0.098081422802206,0.3173348424123681,0.0241459771401957,64.38852250003521,1596.953958214894,384,213,171,416,32,0.04,0.3,0.000625,1.0,1e-08,1e+18,False,False,False,False,12,1.1,15.0,13.142348332803722,5.938651127357089,80.98160628214212,70.95256522065854,study_results/v4p2_followups_20260806/pseudo65/gp_window_ensemble_20260806/runs/window_2p25eq2p5/draw_05/attempt_01/results_single.csv,1,1,1,1,single_attempt_outside_55_75MeV,False,,,,,,,window_2p25eq2p5,5
2021,0.184,0.004502634,0.1738690735,0.1941309265,193360941.65798712,1.64,0.17661568024,0.19138431976,0.01476863952,0.0,1.0,8000,0.000125,True,6627.140064324318,6.048664498272963e-06,0.1176451485278734,1.18684111686902,3097.9441246211313,2609.3745353955483,True,tilde_q_mu,asymptotic,default,sidak_approx,observed,8.03**2 * RBF(length_scale=0.317),0.026593844921878,0.3626433398437911,0.0982042806692136,0.3174103369024027,0.0241762226562527,64.5269568525444,1595.2553676597213,383,214,169,416,33,0.04,0.3,0.000625,1.0,1e-08,1e+18,False,False,False,False,12,1.1,15.0,13.129029353157048,5.906286169801502,80.54026595183866,70.49436771951767,study_results/v4p2_followups_20260806/pseudo65/gp_window_ensemble_20260806/runs/window_2p25eq2p5/draw_05/attempt_01/results_single.csv,1,1,1,1,single_attempt_outside_55_75MeV,False,,,,,,,window_2p25eq2p5,5
2021,0.185,0.004532946875,0.1748008695312499,0.19519913046875,188216407.4390779,1.64,0.177565967125,0.192434032875,0.0148680657499999,0.0,1.0,8000,0.000125,True,6048.114416615005,5.640410501186881e-06,0.1673843494746279,0.964553101967359,2482.790030458817,2576.1234752966734,True,tilde_q_mu,asymptotic,default,sidak_approx,observed,8**2 * RBF(length_scale=0.317),0.0266277511159985,0.3631056970363433,0.0983294875888454,0.3170301522118201,0.0242070464690895,64.03535438541401,1598.461064393307,384,216,168,416,32,0.04,0.3,0.000625,1.0,1e-08,1e+18,False,False,False,False,12,1.1,15.0,13.096606090158172,5.874269399197075,80.10367362541467,69.93908398977655,study_results/v4p2_followups_20260806/pseudo65/gp_window_ensemble_20260806/runs/window_2p25eq2p5/draw_05/attempt_01/results_single.csv,1,1,1,1,single_attempt_outside_55_75MeV,False,,,,,,,window_2p25eq2p5,5
2021,0.186,0.0045634315,0.175732279125,0.196267720875,183203373.0638776,1.64,0.17851597234,0.19348402766,0.01496805532,0.0,1.0,8000,0.000125,True,5269.5699053323515,5.021675931546029e-06,0.2753068268325188,0.596840832016901,1530.3078159558756,2564.8405874037685,True,tilde_q_mu,asymptotic,default,sidak_approx,observed,7.93**2 * RBF(length_scale=0.316),0.0266622831017154,0.3635765877506647,0.0984570053970965,0.3159611327643636,0.0242384391833776,62.813487831941494,1592.46199705731,383,217,166,416,33,0.04,0.3,0.000625,1.0,1e-08,1e+18,False,False,False,False,12,1.1,15.0,13.03553955656703,5.84259522723534,79.67175309866373,69.2376192705782,study_results/v4p2_followups_20260806/pseudo65/gp_window_ensemble_20260806/runs/window_2p25eq2p5/draw_05/attempt_01/results_single.csv,1,1,1,1,single_attempt_outside_55_75MeV,False,,,,,,,window_2p25eq2p5,5
2021,0.187,0.004594087875,0.17666330228125,0.19733669771875,178278504.14348978,1.64,0.179465695885,0.194534304115,0.01506860823,0.0,1.0,8000,0.000125,True,4497.515815960997,4.380785947268069e-06,0.4228379051753833,0.194638692147576,494.7630405177554,2542.370014440563,True,tilde_q_mu,asymptotic,default,sidak_approx,observed,7.91**2 * RBF(length_scale=0.316),0.0266974307641825,0.3640558740570343,0.0985867967424219,0.3157431351586999,0.0242703916038022,62.5702156259207,1592.6715774077238,383,219,164,416,33,0.04,0.3,0.000625,1.0,1e-08,1e+18,False,False,False,False,12,1.1,15.0,13.009395988041431,5.811258184560199,79.24442978945724,68.72814446517307,study_results/v4p2_followups_20260806/pseudo65/gp_window_ensemble_20260806/runs/window_2p25eq2p5/draw_05/attempt_01/results_single.csv,1,1,1,1,single_attempt_outside_55_75MeV,False,,,,,,,window_2p25eq2p5,5
2021,0.188,0.004624916,0.177593939,0.198406061,173567784.67781383,1.64,0.18041513776,0.19558486224,0.0151697244799999,0.0,1.0,8000,0.000125,True,3869.881751112368,3.851151886578634e-06,0.5,0.0,-483.6343327372481,2516.688098220264,True,tilde_q_mu,asymptotic,default,sidak_approx,observed,7.92**2 * RBF(length_scale=0.316),0.0267331842027451,0.3645434209465248,0.0987188250642313,0.3159166702901749,0.0243028947297683,62.72323437997379,1593.2374235911907,383,220,163,416,33,0.04,0.3,0.000625,1.0,1e-08,1e+18,False,False,False,False,12,1.1,15.0,12.999137502052893,5.78025291761951,78.8216306948115,68.30754770252584,study_results/v4p2_followups_20260806/pseudo65/gp_window_ensemble_20260806/runs/window_2p25eq2p5/draw_05/attempt_01/results_single.csv,1,1,1,1,single_attempt_outside_55_75MeV,False,,,,,,,window_2p25eq2p5,5
2021,0.189,0.004655915875,0.17852418928125,0.19947581071875,168874228.16818193,1.64,0.181364297965,0.196635702035,0.0152714040699999,0.0,1.0,8000,0.000125,True,3501.216918684399,3.5621627608294616e-06,0.4999513009912829,0.0001220703125,-1232.2422038102295,2492.940967269389,True,tilde_q_mu,asymptotic,default,sidak_approx,observed,7.96**2 * RBF(length_scale=0.316),0.0267695337253012,0.3650390962541072,0.0988530545720656,0.31642257368701,0.0243359397502738,63.294446175149886,1594.4798073721508,383,222,161,416,33,0.04,0.3,0.000625,1.0,1e-08,1e+18,False,False,False,False,12,1.1,15.0,13.002274698820694,5.749574185616315,78.40328434931338,67.96140269330145,study_results/v4p2_followups_20260806/pseudo65/gp_window_ensemble_20260806/runs/window_2p25eq2p5/draw_05/attempt_01/results_single.csv,1,1,1,1,single_attempt_outside_55_75MeV,False,,,,,,,window_2p25eq2p5,5
2021,0.19,0.0046870875,0.179454053125,0.200545946875,164378838.92039412,1.64,0.1823131765,0.1976868235,0.0153736469999999,0.0,1.0,8000,0.000125,True,3323.8980344502693,3.4559552099159468e-06,0.5,0.0,-1658.0345373651649,2476.3903488543515,True,tilde_q_mu,asymptotic,default,sidak_approx,observed,8.02**2 * RBF(length_scale=0.317),0.0268064698428396,0.3655427705841774,0.0989894502254296,0.3173219989134979,0.0243695180389451,64.37621102529695,1591.097104668564,382,223,159,416,34,0.04,0.3,0.000625,1.0,1e-08,1e+18,False,False,False,False,12,1.1,15.0,13.021266912475763,5.719216857555929,77.98932078485358,67.70131748415149,study_results/v4p2_followups_20260806/pseudo65/gp_window_ensemble_20260806/runs/window_2p25eq2p5/draw_05/attempt_01/results_single.csv,1,1,1,1,single_attempt_outside_55_75MeV,False,,,,,,,window_2p25eq2p5,5
2021,0.191,0.004718430875,0.18038353053125,0.20161646946875,160024504.07567304,1.64,0.183261773365,0.198738226635,0.01547645327,0.0,1.0,8000,0.000125,True,3135.4662846646343,3.331211445909538e-06,0.4999513009912829,0.0001220703125,-2166.896811166244,2455.471657741537,True,tilde_q_mu,asymptotic,default,sidak_approx,observed,7.95**2 * RBF(length_scale=0.316),0.026843983264149,0.3660543172383967,0.099127977714251,0.3163968879925902,0.0244036211492264,63.281109351685146,1592.4388872979505,382,225,157,416,34,0.04,0.3,0.000625,1.0,1e-08,1e+18,False,False,False,False,12,1.1,15.0,12.965161442961485,5.68917590938515,77.57967149161568,67.05553103871425,study_results/v4p2_followups_20260806/pseudo65/gp_window_ensemble_20260806/runs/window_2p25eq2p5/draw_05/attempt_01/results_single.csv,1,1,1,1,single_attempt_outside_55_75MeV,False,,,,,,,window_2p25eq2p5,5
2021,0.192,0.004749946,0.1813126215,0.2026873785,155718995.1526329,1.64,0.18421008856,0.19978991144,0.0155798228799999,0.0,1.0,8000,0.000125,True,3032.2396273558315,3.2933707186858057e-06,0.5,0.0,-2409.3104844860013,2430.5478420754616,True,tilde_q_mu,asymptotic,default,sidak_approx,observed,7.95**2 * RBF(length_scale=0.316),0.0268820648906906,0.3665736121457819,0.0992686034399486,0.3163175990388492,0.0244382408097187,63.251804193668015,1591.8622460224035,382,226,156,416,34,0.04,0.3,0.000625,1.0,1e-08,1e+18,False,False,False,False,12,1.1,15.0,12.94355029487448,5.659446421220509,77.17426938027965,66.59393581292275,study_results/v4p2_followups_20260806/pseudo65/gp_window_ensemble_20260806/runs/window_2p25eq2p5/draw_05/attempt_01/results_single.csv,1,1,1,1,single_attempt_outside_55_75MeV,False,,,,,,,window_2p25eq2p5,5
2021,0.193,0.004781632875,0.18224132603125,0.20375867396875,151601184.85939226,1.64,0.185158122085,0.200841877915,0.0156837558299999,0.0,1.0,8000,0.000125,True,3026.376861601213,3.3587913442148337e-06,0.5,0.0,-2298.424468339554,2406.616428593769,True,tilde_q_mu,asymptotic,default,sidak_approx,observed,7.97**2 * RBF(length_scale=0.316),0.0269207058116312,0.3671005337949717,0.0994112944970904,0.3164541229095426,0.0244733689196647,63.45918753958403,1591.7245003138885,382,228,154,416,34,0.04,0.3,0.000625,1.0,1e-08,1e+18,False,False,False,False,12,1.1,15.0,12.930550099102463,5.630023574662507,76.77304874539782,66.1811835375468,study_results/v4p2_followups_20260806/pseudo65/gp_window_ensemble_20260806/runs/window_2p25eq2p5/draw_05/attempt_01/results_single.csv,1,1,1,1,single_attempt_outside_55_75MeV,False,,,,,,,window_2p25eq2p5,5
2021,0.194,0.0048134915,0.183169644125,0.204830355875,147523768.56605715,1.64,0.18610587394,0.20189412606,0.01578825212,0.0,1.0,8000,0.000125,True,3030.9790943450344,3.439055106656285e-06,0.5,0.0,-2199.7615738271893,2392.908647996214,True,tilde_q_mu,asymptotic,default,sidak_approx,observed,7.92**2 * RBF(length_scale=0.316),0.0269598972990275,0.3676349631685571,0.0995560186556095,0.3157212661152005,0.0245089975445704,62.700431556203625,1587.9089422473453,381,229,152,416,35,0.04,0.3,0.000625,1.0,1e-08,1e+18,False,False,False,False,12,1.1,15.0,12.88185147275201,5.600902650192177,76.37594522989332,65.59090550283521,study_results/v4p2_followups_20260806/pseudo65/gp_window_ensemble_20260806/runs/window_2p25eq2p5/draw_05/attempt_01/results_single.csv,1,1,1,1,single_attempt_outside_55_75MeV,False,,,,,,,window_2p25eq2p5,5
2021,0.195,0.004845521875,0.18409757578125,0.20590242421875,143578408.5209931,1.64,0.187053344125,0.202946655875,0.0158933117499999,0.0,1.0,8000,0.000125,True,3045.290992832569,3.5320347970300885e-06,0.5,0.0,-1977.0831055222432,2360.359973887385,True,tilde_q_mu,asymptotic,default,sidak_approx,observed,7.88**2 * RBF(length_scale=0.315),0.0269996308031587,0.368176783679438,0.09970274434357,0.315094149048899,0.0245451189119625,62.140563436949606,1591.96179507615,382,231,151,416,34,0.04,0.3,0.000625,1.0,1e-08,1e+18,False,False,False,False,12,1.1,15.0,12.837344572624248,5.572079024647637,75.9828957906496,65.02790765935795,study_results/v4p2_followups_20260806/pseudo65/gp_window_ensemble_20260806/runs/window_2p25eq2p5/draw_05/attempt_01/results_single.csv,1,1,1,1,single_attempt_outside_55_75MeV,False,,,,,,,window_2p25eq2p5,5
2021,0.196,0.004877724,0.185025121,0.206974879,139755894.5302579,1.64,0.18800053264,0.20399946736,0.01599893472,0.0,1.0,8000,0.000125,True,3176.5173385718763,3.7656933081161927e-06,0.5,0.0,-1475.712491321686,2343.226079021291,True,tilde_q_mu,asymptotic,default,sidak_approx,observed,7.9**2 * RBF(length_scale=0.315),0.0270398979480013,0.3687258811091098,0.0998514406304547,0.3153526587677109,0.0245817254072739,62.37090061593588,1587.5629008573983,381,232,149,416,35,0.04,0.3,0.000625,1.0,1e-08,1e+18,False,False,False,False,12,1.1,15.0,12.828743855156514,5.543548168777362,75.59383866514584,64.65159955087883,study_results/v4p2_followups_20260806/pseudo65/gp_window_ensemble_20260806/runs/window_2p25eq2p5/draw_05/attempt_01/results_single.csv,1,1,1,1,single_attempt_outside_55_75MeV,False,,,,,,,window_2p25eq2p5,5
2021,0.197,0.004910097875,0.18595227978125,0.20804772021875,136004179.86803293,1.64,0.188947439485,0.205052560515,0.01610512103,0.0,1.0,8000,0.000125,True,3312.181526010596,4.014353103691987e-06,0.5,0.0,-1000.5460535658084,2316.9645826026053,True,tilde_q_mu,asymptotic,default,sidak_approx,observed,7.93**2 * RBF(length_scale=0.316),0.0270806905268411,0.3692821435478344,0.1000020772109632,0.3158028945994336,0.0246188095698556,62.81541711933709,1587.002930271849,381,234,147,416,35,0.04,0.3,0.000625,1.0,1e-08,1e+18,False,False,False,False,12,1.1,15.0,12.827707761553054,5.51530564486786,75.20871333910718,64.31702638909893,study_results/v4p2_followups_20260806/pseudo65/gp_window_ensemble_20260806/runs/window_2p25eq2p5/draw_05/attempt_01/results_single.csv,1,1,1,1,single_attempt_outside_55_75MeV,False,,,,,,,window_2p25eq2p5,5
2021,0.198,0.0049426435,0.186879052125,0.209120947875,132354320.73115931,1.64,0.18989406466,0.20610593534,0.01621187068,0.0,1.0,8000,0.000125,True,3516.3436493145273,4.357204264460928e-06,0.5,0.0,-478.074599626889,2298.033977298615,True,tilde_q_mu,asymptotic,default,sidak_approx,observed,7.97**2 * RBF(length_scale=0.316),0.0271220004980165,0.3698454613365898,0.1001546243892919,0.3164751582046657,0.0246563640891059,63.56639448549149,1583.5803970991733,380,235,145,416,36,0.04,0.3,0.000625,1.0,1e-08,1e+18,False,False,False,False,12,1.1,15.0,12.83543498388293,5.487347104442508,74.82746051512511,64.0295336300637,study_results/v4p2_followups_20260806/pseudo65/gp_window_ensemble_20260806/runs/window_2p25eq2p5/draw_05/attempt_01/results_single.csv,1,1,1,1,single_attempt_outside_55_75MeV,False,,,,,,,window_2p25eq2p5,5
2021,0.199,0.004975360875,0.18780543803125,0.21019456196875,128788002.15036236,1.64,0.190840408165,0.207159591835,0.01631918367,0.0,1.0,8000,0.000125,True,3796.770354114596,4.810672247570851e-06,0.482236906960548,0.0445401935631169,101.01927095766568,2269.7709966151574,True,tilde_q_mu,asymptotic,default,sidak_approx,observed,8.02**2 * RBF(length_scale=0.317),0.0271638199807916,0.3704157270107955,0.100309053063895,0.3171466187762408,0.0246943818007197,64.3870166348077,1586.4749281405625,380,236,144,416,36,0.04,0.3,0.000625,1.0,1e-08,1e+18,False,False,False,False,12,1.1,15.0,12.842865285536236,5.459668286029939,74.45002208222643,63.743440273815466,study_results/v4p2_followups_20260806/pseudo65/gp_window_ensemble_20260806/runs/window_2p25eq2p5/draw_05/attempt_01/results_single.csv,1,1,1,1,single_attempt_outside_55_75MeV,False,,,,,,,window_2p25eq2p5,5
2021,0.2,0.00500825,0.1887314375,0.2112685625,125353032.55969112,1.64,0.19178647,0.20821353,0.0164270599999999,0.0,1.0,8000,0.000125,True,3926.884653120572,5.086314685948357e-06,0.4355597286349427,0.1622367037113962,364.4528460315255,2246.7463889935034,True,tilde_q_mu,asymptotic,default,sidak_approx,observed,8.02**2 * RBF(length_scale=0.317),0.027206141251351,0.3709928352456959,0.1004653347126938,0.3171237816886665,0.0247328556830463,64.30703836923726,1587.4200315525363,380,238,142,416,36,0.04,0.3,0.000625,1.0,1e-08,1e+18,False,False,False,False,12,1.1,15.0,12.821963858627331,5.432265012998759,74.0763410863467,63.32027787923256,study_results/v4p2_followups_20260806/pseudo65/gp_window_ensemble_20260806/runs/window_2p25eq2p5/draw_05/attempt_01/results_single.csv,1,1,1,1,single_attempt_outside_55_75MeV,False,,,,,,,window_2p25eq2p5,5
2021,0.201,0.005041310875,0.18965705053125,0.21234294946875,122019355.53382406,1.64,0.192732250165,0.209267749835,0.01653549967,0.0,1.0,8000,0.000125,True,4085.9317557167233,5.409862742254403e-06,0.3864894053561306,0.2884806886454078,643.3145636988695,2230.1178235075204,True,tilde_q_mu,asymptotic,default,sidak_approx,observed,8.03**2 * RBF(length_scale=0.317),0.027248956738914,0.3715766828033728,0.1006234413787278,0.3172862657859297,0.0247717788535581,64.48340176995723,1583.5395313170206,379,239,140,416,37,0.04,0.3,0.000625,1.0,1e-08,1e+18,False,False,False,False,12,1.1,15.0,12.808376324591444,5.405133191456678,73.70636170168197,62.93725454610646,study_results/v4p2_followups_20260806/pseudo65/gp_window_ensemble_20260806/runs/window_2p25eq2p5/draw_05/attempt_01/results_single.csv,1,1,1,1,single_attempt_outside_55_75MeV,False,,,,,,,window_2p25eq2p5,5
2021,0.202,0.0050745435,0.190582277125,0.213417722875,118808713.66471364,1.64,0.19367774866,0.21032225134,0.01664450268,0.0,1.0,8000,0.000125,True,4094.078855808799,5.539575197377018e-06,0.3711282013842065,0.328866755998054,723.4416167555477,2201.1366325350277,True,tilde_q_mu,asymptotic,default,sidak_approx,observed,7.97**2 * RBF(length_scale=0.316),0.0272922590219629,0.3721671684813132,0.100783345656227,0.3164718640983707,0.0248111445654208,63.54294743283949,1588.0562480090616,380,241,139,416,36,0.04,0.3,0.000625,1.0,1e-08,1e+18,False,False,False,False,12,1.1,15.0,12.755230346746488,5.37826880821161,73.34002920288559,62.364597741328,study_results/v4p2_followups_20260806/pseudo65/gp_window_ensemble_20260806/runs/window_2p25eq2p5/draw_05/attempt_01/results_single.csv,1,1,1,1,single_attempt_outside_55_75MeV,False,,,,,,,window_2p25eq2p5,5
2021,0.203,0.005107947875,0.19150711728125,0.21449288271875,115574322.00533302,1.64,0.194622965485,0.211377034515,0.0167540690299999,0.0,1.0,8000,0.000125,True,4386.934731934753,6.07188731088452e-06,0.2961646006218574,0.5354637738172775,1168.9858468590123,2184.2656024662747,True,tilde_q_mu,asymptotic,default,sidak_approx,observed,8.02**2 * RBF(length_scale=0.317),0.0273360408245852,0.3727641930625258,0.1009450206771031,0.3171589817252166,0.0248509462041683,64.35730855156159,1583.874187669026,379,242,137,416,37,0.04,0.3,0.000625,1.0,1e-08,1e+18,False,False,False,False,12,1.1,15.0,12.7624509392732,5.351667928793269,72.97728993809002,62.09127216773264,study_results/v4p2_followups_20260806/pseudo65/gp_window_ensemble_20260806/runs/window_2p25eq2p5/draw_05/attempt_01/results_single.csv,1,1,1,1,single_attempt_outside_55_75MeV,False,,,,,,,window_2p25eq2p5,5
2021,0.204,0.005141524,0.192431571,0.2155684289999999,112452833.18684237,1.64,0.19556790064,0.21243209936,0.01686419872,0.0,1.0,8000,0.000125,True,4746.122033899526,6.718282375208233e-06,0.2183723000064076,0.7777021913944178,1680.0865045202877,2162.057558476974,True,tilde_q_mu,asymptotic,default,sidak_approx,observed,8.06**2 * RBF(length_scale=0.318),0.0273802950129184,0.3733676592670698,0.1011084400978236,0.3176305470991454,0.0248911772844713,64.98595022363536,1586.1393349080531,379,244,135,416,37,0.04,0.3,0.000625,1.0,1e-08,1e+18,False,False,False,False,12,1.1,15.0,12.760768342496329,5.325326695531998,72.61809130270905,61.77750937254118,study_results/v4p2_followups_20260806/pseudo65/gp_window_ensemble_20260806/runs/window_2p25eq2p5/draw_05/attempt_01/results_single.csv,1,1,1,1,single_attempt_outside_55_75MeV,False,,,,,,,window_2p25eq2p5,5
2021,0.205,0.005175271875,0.19335563828125,0.2166443617187499,109447447.25856656,1.64,0.196512554125,0.213487445875,0.01697489175,0.0,1.0,8000,0.000125,True,4990.902226880209,7.223363767597126e-06,0.1747254617781249,0.9356548509823978,2008.3390504616648,2147.687209319762,True,tilde_q_mu,asymptotic,default,sidak_approx,observed,8.08**2 * RBF(length_scale=0.318),0.0274250145917023,0.3739774717050326,0.1012735780866781,0.3178710900114314,0.0249318314470021,65.26902704232447,1584.8847981718484,378,245,133,416,38,0.04,0.3,0.000625,1.0,1e-08,1e+18,False,False,False,False,12,1.1,15.0,12.749608494952849,5.2992413256941004,72.26238171401046,61.42113838443153,study_results/v4p2_followups_20260806/pseudo65/gp_window_ensemble_20260806/runs/window_2p25eq2p5/draw_05/attempt_01/results_single.csv,1,1,1,1,single_attempt_outside_55_75MeV,False,,,,,,,window_2p25eq2p5,5
2021,0.206,0.0052091915,0.194279319125,0.217720680875,106491864.68179588,1.64,0.19745692594,0.2145430740599999,0.0170861481199999,0.0,1.0,8000,0.000125,True,5220.947483035207,7.728328871131675e-06,0.1356206331991566,1.10020854948083,2331.5901421778226,2118.9173793957393,True,tilde_q_mu,asymptotic,default,sidak_approx,observed,8.1**2 * RBF(length_scale=0.318),0.0274701927009294,0.3745935368308561,0.1014404093114096,0.3181555893225262,0.0249729024553904,65.64160455030505,1587.3385542624887,379,247,132,416,37,0.04,0.3,0.000625,1.0,1e-08,1e+18,False,False,False,False,12,1.1,15.0,12.740032516879197,5.273408109671041,71.91011058642329,61.07580981089411,study_results/v4p2_followups_20260806/pseudo65/gp_window_ensemble_20260806/runs/window_2p25eq2p5/draw_05/attempt_01/results_single.csv,1,1,1,1,single_attempt_outside_55_75MeV,False,,,,,,,window_2p25eq2p5,5
2021,0.207,0.005243282875,0.1952026135312499,0.21879738646875,103594993.30477582,1.64,0.198401016085,0.215598983915,0.0171979678299999,0.0,1.0,8000,0.000125,True,5344.253533536046,8.092782396444215e-06,0.1181473029938959,1.1842992996189994,2494.585147305768,2107.400534699502,True,tilde_q_mu,asymptotic,default,sidak_approx,observed,8.08**2 * RBF(length_scale=0.318),0.0275158226125923,0.375215762898986,0.1016089089272047,0.3179384094411387,0.0250143841932657,65.32552384236118,1583.1459064232042,378,248,130,416,38,0.04,0.3,0.000625,1.0,1e-08,1e+18,False,False,False,False,12,1.1,15.0,12.710223325295082,5.247823409220947,71.56122830755837,60.63727954809967,study_results/v4p2_followups_20260806/pseudo65/gp_window_ensemble_20260806/runs/window_2p25eq2p5/draw_05/attempt_01/results_single.csv,1,1,1,1,single_attempt_outside_55_75MeV,False,,,,,,,window_2p25eq2p5,5
2021,0.208,0.005277546,0.1961255214999999,0.2198744785,100755569.91566654,1.64,0.19934482456,0.21665517544,0.0173103508799999,0.0,1.0,8000,0.000125,True,5427.751816618209,8.410222866959248e-06,0.1046883740918706,1.2552810601050035,2621.2653347338787,2088.503445035254,True,tilde_q_mu,asymptotic,default,sidak_approx,observed,8.13**2 * RBF(length_scale=0.319),0.0275618977275242,0.3758440599207857,0.1017790525650254,0.3185428781074252,0.0250562706613857,66.13086625367758,1583.8220198007614,378,250,128,416,38,0.04,0.3,0.000625,1.0,1e-08,1e+18,False,False,False,False,12,1.1,15.0,12.713100142166509,5.222483655760516,71.21568621491612,60.35814336955571,study_results/v4p2_followups_20260806/pseudo65/gp_window_ensemble_20260806/runs/window_2p25eq2p5/draw_05/attempt_01/results_single.csv,1,1,1,1,single_attempt_outside_55_75MeV,False,,,,,,,window_2p25eq2p5,5
2021,0.209,0.005311980875,0.1970480430312499,0.22095195696875,97975291.24730824,1.64,0.200288351365,0.2177116486349999,0.0174232972699999,0.0,1.0,8000,0.000125,True,5468.8038784291075,8.672602109053255e-06,0.0980246043296524,1.2928897049820092,2685.818157859371,2077.548363723928,True,tilde_q_mu,asymptotic,default,sidak_approx,observed,8.13**2 * RBF(length_scale=0.318),0.0276084115723308,0.3764783396226934,0.101950816320278,0.3184614375941327,0.0250985559748462,66.03611124348494,1580.041698040416,377,251,126,416,39,0.04,0.3,0.000625,1.0,1e-08,1e+18,False,False,False,False,12,1.1,15.0,12.68843665401686,5.197385348705882,70.87343657326201,59.95154069415445,study_results/v4p2_followups_20260806/pseudo65/gp_window_ensemble_20260806/runs/window_2p25eq2p5/draw_05/attempt_01/results_single.csv,1,1,1,1,single_attempt_outside_55_75MeV,False,,,,,,,window_2p25eq2p5,5
2021,0.21,0.0053465875,0.197970178125,0.2220298218749999,95309478.67396852,1.64,0.2012315965,0.2187684034999999,0.0175368069999999,0.0,1.0,8000,0.000125,True,5186.956625740835,8.415446233956951e-06,0.1205363356014898,1.1723098679163342,2407.582039692746,2053.575275092395,True,tilde_q_mu,asymptotic,default,sidak_approx,observed,8.09**2 * RBF(length_scale=0.318),0.0276553577964078,0.3771185154055612,0.1021241767418025,0.3181097269676045,0.0251412343603707,65.51761314624528,1584.962517156115,378,253,125,416,38,0.04,0.3,0.000625,1.0,1e-08,1e+18,False,False,False,False,12,1.1,15.0,12.65290806361639,5.172525053860584,70.53443255264432,59.49771269386398,study_results/v4p2_followups_20260806/pseudo65/gp_window_ensemble_20260806/runs/window_2p25eq2p5/draw_05/attempt_01/results_single.csv,1,1,1,1,single_attempt_outside_55_75MeV,False,,,,,,,window_2p25eq2p5,5
2021,0.211,0.005381365875,0.19889192678125,0.2231080732187499,92716703.49811862,1.64,0.202174559965,0.2198254400349999,0.0176508800699999,0.0,1.0,8000,0.000125,True,4810.646210700761,7.985146777273635e-06,0.1661722944603214,0.9694021321895384,1982.4769482872848,2045.1969571621516,True,tilde_q_mu,asymptotic,default,sidak_approx,observed,8.05**2 * RBF(length_scale=0.318),0.0277027301690448,0.3777645023051568,0.1022991108211761,0.3175287535670462,0.0251843001536771,64.74097917504928,1578.8740305468698,377,254,123,416,39,0.04,0.3,0.000625,1.0,1e-08,1e+18,False,False,False,False,12,1.1,15.0,12.608202397106687,5.147899401849318,70.19862820703615,59.00523416223695,study_results/v4p2_followups_20260806/pseudo65/gp_window_ensemble_20260806/runs/window_2p25eq2p5/draw_05/attempt_01/results_single.csv,1,1,1,1,single_attempt_outside_55_75MeV,False,,,,,,,window_2p25eq2p5,5
2021,0.212,0.005416316,0.199813289,0.2241867109999999,90185144.73372865,1.64,0.2031172417599999,0.22088275824,0.01776551648,0.0,1.0,8000,0.000125,True,4496.560557427931,7.637118005364601e-06,0.2109369908690716,0.8031743275674875,1629.9221267173184,2029.3158884073716,True,tilde_q_mu,asymptotic,default,sidak_approx,observed,8.05**2 * RBF(length_scale=0.318),0.0277505225766093,0.3784162169537641,0.1024755959823144,0.3175221003075725,0.0252277477969176,64.73005681509098,1579.2411192208417,377,256,121,416,39,0.04,0.3,0.000625,1.0,1e-08,1e+18,False,False,False,False,12,1.1,15.0,12.58622461519804,5.123505086595644,69.86597845357696,58.623259851820414,study_results/v4p2_followups_20260806/pseudo65/gp_window_ensemble_20260806/runs/window_2p25eq2p5/draw_05/attempt_01/results_single.csv,1,1,1,1,single_attempt_outside_55_75MeV,False,,,,,,,window_2p25eq2p5,5
2021,0.213,0.005451437875,0.20073426478125,0.2252657352187499,87692400.078589,1.64,0.204059641885,0.2219403581149999,0.0178807162299999,0.0,1.0,8000,0.000125,True,4092.43683229258,7.1147615071505595e-06,0.2840190167794706,0.5709433658968752,1144.9955476967798,2012.1528649109057,True,tilde_q_mu,asymptotic,default,sidak_approx,observed,8.01**2 * RBF(length_scale=0.317),0.0277987290198092,0.3790735775428533,0.1026536100713629,0.3170478945982993,0.0252715718361902,64.12568788395221,1578.322994856451,377,257,120,416,39,0.04,0.3,0.000625,1.0,1e-08,1e+18,False,False,False,False,12,1.1,15.0,12.545634147863728,5.0993388638422745,69.53643905239464,58.15858161977115,study_results/v4p2_followups_20260806/pseudo65/gp_window_ensemble_20260806/runs/window_2p25eq2p5/draw_05/attempt_01/results_single.csv,1,1,1,1,single_attempt_outside_55_75MeV,False,,,,,,,window_2p25eq2p5,5
2021,0.214,0.0054867315,0.201654854125,0.226345145875,85297275.72952412,1.64,0.20500176034,0.2229982396599999,0.0179964793199999,0.0,1.0,8000,0.000125,True,3746.5944819627703,6.665115461316514e-06,0.3614937814260489,0.3544688256502512,707.3777844019677,1995.074473500562,True,tilde_q_mu,asymptotic,default,sidak_approx,observed,8.07**2 * RBF(length_scale=0.318),0.0278473436110351,0.3797365037868427,0.1028331313468833,0.3177930247027744,0.0253157669191228,65.1074137208971,1577.3286969169824,377,259,118,416,39,0.04,0.3,0.000625,1.0,1e-08,1e+18,False,False,False,False,12,1.1,15.0,12.553166005913967,5.075397549713366,69.20996658700044,57.9202799886917,study_results/v4p2_followups_20260806/pseudo65/gp_window_ensemble_20260806/runs/window_2p25eq2p5/draw_05/attempt_01/results_single.csv,1,1,1,1,single_attempt_outside_55_75MeV,False,,,,,,,window_2p25eq2p5,5
2021,0.215,0.005522196875,0.20257505703125,0.22742494296875,82936171.06195708,1.64,0.205943597125,0.224056402875,0.01811280575,0.0,1.0,8000,0.000125,True,3227.0068160010815,5.876751996762235e-06,0.4999655646006563,8.631674575031098e-05,-64.26517689016255,1985.054290991268,True,tilde_q_mu,asymptotic,default,sidak_approx,observed,8.1**2 * RBF(length_scale=0.318),0.0278963605717713,0.380404916887791,0.1030141384702921,0.3181273755959239,0.0253603277925194,65.60320539516182,1574.595336658271,376,260,116,416,40,0.04,0.3,0.000625,1.0,1e-08,1e+18,False,False,False,False,12,1.1,15.0,12.544292731490753,5.051678019315698,68.88651844521407,57.608843508666816,study_results/v4p2_followups_20260806/pseudo65/gp_window_ensemble_20260806/runs/window_2p25eq2p5/draw_05/attempt_01/results_single.csv,1,1,1,1,single_attempt_outside_55_75MeV,False,,,,,,,window_2p25eq2p5,5
2021,0.216,0.0055578339999999,0.2034948735,0.2285051265,80666190.61149085,1.64,0.20688515224,0.22511484776,0.0182296955199999,0.0,1.0,8000,0.000125,True,2850.6875950681506,5.3128095576630015e-06,0.5,0.0,-761.4967779414292,1968.893933856342,True,tilde_q_mu,asymptotic,default,sidak_approx,observed,8.1**2 * RBF(length_scale=0.318),0.0279457742300831,0.3810787395011339,0.1031966104965824,0.3180963358184398,0.0254052493000755,65.58050451177483,1575.636697033147,376,262,114,416,40,0.04,0.3,0.000625,1.0,1e-08,1e+18,False,False,False,False,12,1.1,15.0,12.5208901538901,5.028177205379499,68.56605280062952,57.23386769350072,study_results/v4p2_followups_20260806/pseudo65/gp_window_ensemble_20260806/runs/window_2p25eq2p5/draw_05/attempt_01/results_single.csv,1,1,1,1,single_attempt_outside_55_75MeV,False,,,,,,,window_2p25eq2p5,5
2021,0.217,0.005593642875,0.20441430353125,0.22958569646875,78431109.94118327,1.64,0.207826425685,0.226173574315,0.0183471486299999,0.0,1.0,8000,0.000125,True,2644.9519857823107,5.0464923557148545e-06,0.5,0.0,-1223.3260233353703,1950.373799722834,True,tilde_q_mu,asymptotic,default,sidak_approx,observed,8.07**2 * RBF(length_scale=0.318),0.0279955790181704,0.3817578957023249,0.1033805268652899,0.3177617082468333,0.0254505263801549,65.09152046217449,1577.1229559304772,376,263,113,416,40,0.04,0.3,0.000625,1.0,1e-08,1e+18,False,False,False,False,12,1.1,15.0,12.485467039086764,5.0048920969361115,68.24852859458333,56.80765028225605,study_results/v4p2_followups_20260806/pseudo65/gp_window_ensemble_20260806/runs/window_2p25eq2p5/draw_05/attempt_01/results_single.csv,1,1,1,1,single_attempt_outside_55_75MeV,False,,,,,,,window_2p25eq2p5,5
2021,0.218,0.0056296235,0.205333347125,0.230666652875,76236851.52538474,1.64,0.20876741746,0.22723258254,0.01846516508,0.0,1.0,8000,0.000125,True,2486.937062448753,4.8591831747929805e-06,0.5,0.0,-1640.7601232569066,1933.0901271670016,True,tilde_q_mu,asymptotic,default,sidak_approx,observed,8.07**2 * RBF(length_scale=0.318),0.0280457694699898,0.3824423109544073,0.103565867391711,0.3177236739344648,0.0254961540636271,65.05868703593428,1577.3122770057005,376,265,111,416,40,0.04,0.3,0.000625,1.0,1e-08,1e+18,False,False,False,False,12,1.1,15.0,12.46163139513382,4.981819738032192,67.93390551862079,56.43781932032663,study_results/v4p2_followups_20260806/pseudo65/gp_window_ensemble_20260806/runs/window_2p25eq2p5/draw_05/attempt_01/results_single.csv,1,1,1,1,single_attempt_outside_55_75MeV,False,,,,,,,window_2p25eq2p5,5
2021,0.219,0.005665775875,0.20625200428125,0.23174799571875,74103158.47642389,1.64,0.209708127565,0.228291872435,0.0185837448699999,0.0,1.0,8000,0.000125,True,2329.9976796149585,4.662239468070392e-06,0.5,0.0,-2171.8913005369263,1920.6602890830495,True,tilde_q_mu,asymptotic,default,sidak_approx,observed,8.11**2 * RBF(length_scale=0.318),0.0280963402189413,0.3831319120764731,0.1037526122583625,0.3182058013547963,0.0255421274717648,65.76982202314892,1574.5024881053855,375,266,109,416,41,0.04,0.3,0.000625,1.0,1e-08,1e+18,False,False,False,False,12,1.1,15.0,12.458077413737431,4.958957226478954,67.62214399744026,56.16279365353406,study_results/v4p2_followups_20260806/pseudo65/gp_window_ensemble_20260806/runs/window_2p25eq2p5/draw_05/attempt_01/results_single.csv,1,1,1,1,single_attempt_outside_55_75MeV,False,,,,,,,window_2p25eq2p5,5
2021,0.22,0.0057021,0.207170275,0.232829725,72056230.15568508,1.64,0.210648556,0.229351444,0.018702888,0.0,1.0,8000,0.000125,True,2289.6503508373808,4.690237894754483e-06,0.5,0.0,-2271.7629875124812,1909.004948747745,True,tilde_q_mu,asymptotic,default,sidak_approx,observed,8.04**2 * RBF(length_scale=0.317),0.0281472859956161,0.3838266272129476,0.1039407420066625,0.3173645911864096,0.0255884418141965,64.6080276939155,1572.8010148238766,374,267,107,416,42,0.04,0.3,0.000625,1.0,1e-08,1e+18,False,False,False,False,12,1.1,15.0,12.402654037743527,4.936301712635021,67.31320517229574,55.65749306157548,study_results/v4p2_followups_20260806/pseudo65/gp_window_ensemble_20260806/runs/window_2p25eq2p5/draw_05/attempt_01/results_single.csv,1,1,1,1,single_attempt_outside_55_75MeV,False,,,,,,,window_2p25eq2p5,5
2021,0.221,0.005738595875,0.20808815928125,0.23391184071875,70072537.02592257,1.64,0.211588702765,0.230411297235,0.01882259447,0.0,1.0,8000,0.000125,True,2214.555399782392,4.643723532655872e-06,0.5,0.0,-2433.9397617796867,1881.706763911106,True,tilde_q_mu,asymptotic,default,sidak_approx,observed,8.07**2 * RBF(length_scale=0.318),0.0281986016256085,0.3845263858037528,0.1041302375288517,0.3177362355177118,0.0256350923869168,65.10594871620006,1578.2419357977835,375,269,106,416,41,0.04,0.3,0.000625,1.0,1e-08,1e+18,False,False,False,False,12,1.1,15.0,12.394581252996453,4.913850398222813,67.00705088485654,55.368289114401485,study_results/v4p2_followups_20260806/pseudo65/gp_window_ensemble_20260806/runs/window_2p25eq2p5/draw_05/attempt_01/results_single.csv,1,1,1,1,single_attempt_outside_55_75MeV,False,,,,,,,window_2p25eq2p5,5
2021,0.222,0.0057752635,0.209005657125,0.234994342875,68109664.16035153,1.64,0.21252856786,0.23147143214,0.01894286428,0.0,1.0,8000,0.000125,True,2159.8573345095315,4.638561022468577e-06,0.5,0.0,-2596.9545961867498,1866.8105771682756,True,tilde_q_mu,asymptotic,default,sidak_approx,observed,8.13**2 * RBF(length_scale=0.318),0.0282502820273846,0.3852311185552448,0.1043210800601226,0.3183656411278955,0.0256820745703496,66.07996120766461,1576.582393019162,374,270,104,416,42,0.04,0.3,0.000625,1.0,1e-08,1e+18,False,False,False,False,12,1.1,15.0,12.396414481852394,4.891600535176381,66.7036436614961,55.12573428517946,study_results/v4p2_followups_20260806/pseudo65/gp_window_ensemble_20260806/runs/window_2p25eq2p5/draw_05/attempt_01/results_single.csv,1,1,1,1,single_attempt_outside_55_75MeV,False,,,,,,,window_2p25eq2p5,5
2021,0.223,0.005812102875,0.20992276853125,0.23607723146875,66214738.059975564,1.64,0.213468151285,0.232531848715,0.01906369743,0.0,1.0,8000,0.000125,True,2151.4770998419363,4.7314812292310536e-06,0.4999655646006563,8.631674575031098e-05,-2502.1659011276074,1847.430515006396,True,tilde_q_mu,asymptotic,default,sidak_approx,observed,8.12**2 * RBF(length_scale=0.318),0.0283023222102076,0.3859407574119222,0.1045132511709582,0.318218272336744,0.0257293838274614,65.94873575326483,1575.1576644713462,374,272,102,416,42,0.04,0.3,0.000625,1.0,1e-08,1e+18,False,False,False,False,12,1.1,15.0,12.36789324107728,4.869549424520059,66.40294669800079,54.750970376921266,study_results/v4p2_followups_20260806/pseudo65/gp_window_ensemble_20260806/runs/window_2p25eq2p5/draw_05/attempt_01/results_single.csv,1,1,1,1,single_attempt_outside_55_75MeV,False,,,,,,,window_2p25eq2p5,5
2021,0.224,0.005849114,0.2108394935,0.2371605065,64362913.74671155,1.64,0.21440745304,0.23359254696,0.01918509392,0.0,1.0,8000,0.000125,True,2175.177716568792,4.899265243898393e-06,0.5,0.0,-2231.935250735445,1824.4229316389544,True,tilde_q_mu,asymptotic,default,sidak_approx,observed,8.12**2 * RBF(length_scale=0.318),0.0283547172721207,0.3866552355289188,0.1047067327596833,0.3182808662757997,0.0257770157019279,66.00216471234297,1574.8569458340396,374,273,101,416,42,0.04,0.3,0.000625,1.0,1e-08,1e+18,False,False,False,False,12,1.1,15.0,12.347467602775865,4.847694415277375,66.10492384469147,54.41522703708625,study_results/v4p2_followups_20260806/pseudo65/gp_window_ensemble_20260806/runs/window_2p25eq2p5/draw_05/attempt_01/results_single.csv,1,1,1,1,single_attempt_outside_55_75MeV,False,,,,,,,window_2p25eq2p5,5
2021,0.225,0.005886296875,0.21175583203125,0.23824416796875,62544678.25081808,1.64,0.215346473125,0.234653526875,0.01930705375,0.0,1.0,8000,0.000125,True,2254.6798478984365,5.202737618984209e-06,0.5,0.0,-1778.6360777949194,1804.6772342233992,True,tilde_q_mu,asymptotic,default,sidak_approx,observed,8.07**2 * RBF(length_scale=0.318),0.0284074623979809,0.3873744872451945,0.1049015070452041,0.3177668426414441,0.0258249658163463,65.18896631535034,1575.2169110620075,374,275,99,416,42,0.04,0.3,0.000625,1.0,1e-08,1e+18,False,False,False,False,12,1.1,15.0,12.304637493084648,4.82603290340855,65.80953959193478,53.984168551037286,study_results/v4p2_followups_20260806/pseudo65/gp_window_ensemble_20260806/runs/window_2p25eq2p5/draw_05/attempt_01/results_single.csv,1,1,1,1,single_attempt_outside_55_75MeV,False,,,,,,,window_2p25eq2p5,5
2021,0.226,0.0059236515,0.212671784125,0.239328215875,60771554.15297639,1.64,0.21628521154,0.23571478846,0.01942957692,0.0,1.0,8000,0.000125,True,2299.929547191675,5.437830578640109e-06,0.5,0.0,-1525.634320887091,1789.0215409584025,True,tilde_q_mu,asymptotic,default,sidak_approx,observed,8.1**2 * RBF(length_scale=0.318),0.0284605528575465,0.3880984480574534,0.1050975565599455,0.3180669142928259,0.0258732298704968,65.6437095150656,1572.2672185786096,373,276,97,416,43,0.04,0.3,0.000625,1.0,1e-08,1e+18,False,False,False,False,12,1.1,15.0,12.293282125379946,4.804562330776309,65.51675905604058,53.69440020109656,study_results/v4p2_followups_20260806/pseudo65/gp_window_ensemble_20260806/runs/window_2p25eq2p5/draw_05/attempt_01/results_single.csv,1,1,1,1,single_attempt_outside_55_75MeV,False,,,,,,,window_2p25eq2p5,5
2021,0.227,0.005961177875,0.21358734978125,0.24041265021875,59077484.03982016,1.64,0.217223668285,0.236776331715,0.01955266343,0.0,1.0,8000,0.000125,True,2334.6141373736464,5.653106722808973e-06,0.5,0.0,-1302.9404747605677,1768.0318369248887,True,tilde_q_mu,asymptotic,default,sidak_approx,observed,8.13**2 * RBF(length_scale=0.318),0.0285139840036164,0.3888270545947703,0.1052948641429799,0.3183971963603513,0.0259218036396513,66.13849864429986,1573.3123596591622,373,278,95,416,43,0.04,0.3,0.000625,1.0,1e-08,1e+18,False,False,False,False,12,1.1,15.0,12.282987742153647,4.783280184139193,65.22654796553445,53.41179260824377,study_results/v4p2_followups_20260806/pseudo65/gp_window_ensemble_20260806/runs/window_2p25eq2p5/draw_05/attempt_01/results_single.csv,1,1,1,1,single_attempt_outside_55_75MeV,False,,,,,,,window_2p25eq2p5,5
2021,0.228,0.005998876,0.214502529,0.241497471,57436780.43420136,1.64,0.21816184336,0.23783815664,0.01967631328,0.0,1.0,8000,0.000125,True,2401.415541722696,5.954733149377549e-06,0.5,0.0,-1003.0031807988032,1746.1496801590215,True,tilde_q_mu,asymptotic,default,sidak_approx,observed,8.14**2 * RBF(length_scale=0.318),0.0285677512702127,0.3895602445938106,0.1054934129333165,0.3184231622103248,0.0259706829729207,66.18315512257013,1573.6158117332138,373,279,94,416,43,0.04,0.3,0.000625,1.0,1e-08,1e+18,False,False,False,False,12,1.1,15.0,12.260869786995606,4.762183994170372,64.9388726477778,53.08047077657961,study_results/v4p2_followups_20260806/pseudo65/gp_window_ensemble_20260806/runs/window_2p25eq2p5/draw_05/attempt_01/results_single.csv,1,1,1,1,single_attempt_outside_55_75MeV,False,,,,,,,window_2p25eq2p5,5
2021,0.229,0.006036745875,0.21541732178125,0.24258267821875,55831675.293223605,1.64,0.219099736765,0.238900263235,0.01980052647,0.0,1.0,8000,0.000125,True,2491.6026397810037,6.328234477000319e-06,0.499975650495596,6.103515625e-05,-691.5407587046313,1727.017891538345,True,tilde_q_mu,asymptotic,default,sidak_approx,observed,8.15**2 * RBF(length_scale=0.319),0.0286218501708174,0.3902979568747833,0.1056931863633896,0.3185102371084404,0.0260198637916522,66.37049017234507,1573.6924658345847,373,281,92,416,43,0.04,0.3,0.000625,1.0,1e-08,1e+18,False,False,False,False,12,1.1,15.0,12.241041677190715,4.741271334503118,64.6537000159516,52.76190909865664,study_results/v4p2_followups_20260806/pseudo65/gp_window_ensemble_20260806/runs/window_2p25eq2p5/draw_05/attempt_01/results_single.csv,1,1,1,1,single_attempt_outside_55_75MeV,False,,,,,,,window_2p25eq2p5,5
2021,0.23,0.0060747875,0.216331728125,0.243668271875,54262302.35414737,1.64,0.2200373485,0.2399626515,0.019925303,0.0,1.0,8000,0.000125,True,2495.7356749168057,6.493703515877918e-06,0.5,0.0,-630.6684087368225,1712.9372836346329,True,tilde_q_mu,asymptotic,default,sidak_approx,observed,8.22**2 * RBF(length_scale=0.319),0.0286762762966508,0.3910401313179656,0.1058941681527014,0.3191814968367445,0.0260693420878643,67.54889621337335,1571.4804271130415,372,282,90,416,44,0.04,0.3,0.000625,1.0,1e-08,1e+18,False,False,False,False,12,1.1,15.0,12.243557806751394,4.720539820800449,64.37099755636976,52.54200197731106,study_results/v4p2_followups_20260806/pseudo65/gp_window_ensemble_20260806/runs/window_2p25eq2p5/draw_05/attempt_01/results_single.csv,1,1,1,1,single_attempt_outside_55_75MeV,False,,,,,,,window_2p25eq2p5,5
2021,0.231,0.006113000875,0.21724574803125,0.24475425196875,52721717.822498925,1.64,0.220974678565,0.241025321435,0.02005064287,0.0,1.0,8000,0.000125,True,2628.422683396249,7.0083147200927886e-06,0.499975650495596,6.103515625e-05,-288.95238823859563,1695.870090039944,True,tilde_q_mu,asymptotic,default,sidak_approx,observed,8.14**2 * RBF(length_scale=0.318),0.0287310253149946,0.3917867088408355,0.1060963423016291,0.3184644743533963,0.0261191139227223,66.2183071201214,1569.0748344038311,372,284,88,416,44,0.04,0.3,0.000625,1.0,1e-08,1e+18,False,False,False,False,12,1.1,15.0,12.19277481217874,4.699987109848828,64.09073331612038,52.09625859139049,study_results/v4p2_followups_20260806/pseudo65/gp_window_ensemble_20260806/runs/window_2p25eq2p5/draw_05/attempt_01/results_single.csv,1,1,1,1,single_attempt_outside_55_75MeV,False,,,,,,,window_2p25eq2p5,5
2021,0.232,0.006151386,0.2181593815,0.2458406185,51251552.38699205,1.64,0.22191172696,0.24208827304,0.02017654608,0.0,1.0,8000,0.000125,True,2639.69042897669,7.209047887176344e-06,0.5,0.0,-210.87535499411732,1677.4362345446325,True,tilde_q_mu,asymptotic,default,sidak_approx,observed,8.14**2 * RBF(length_scale=0.318),0.0287860929675617,0.3925376313758422,0.1062996930854058,0.3184807622561789,0.0261691754250561,66.21049778904549,1569.8708974401834,372,285,87,416,44,0.04,0.3,0.000625,1.0,1e-08,1e+18,False,False,False,False,12,1.1,15.0,12.17007250259952,4.679610898675804,63.81287589103368,51.773821746217656,study_results/v4p2_followups_20260806/pseudo65/gp_window_ensemble_20260806/runs/window_2p25eq2p5/draw_05/attempt_01/results_single.csv,1,1,1,1,single_attempt_outside_55_75MeV,False,,,,,,,window_2p25eq2p5,5
2021,0.233,0.006189942875,0.21907262853125,0.24692737146875,49805482.399550624,1.64,0.222848493685,0.243151506315,0.02030301263,0.0,1.0,8000,0.000125,True,2652.7741415562123,7.423131013817515e-06,0.499975650495596,6.103515625e-05,-141.49260974731484,1662.3780038382945,True,tilde_q_mu,asymptotic,default,sidak_approx,observed,8.11**2 * RBF(length_scale=0.318),0.0288414750689017,0.3932928418486603,0.1065042050482311,0.3182140250436245,0.0262195227899106,65.77261922038632,1570.8810735731813,372,287,85,416,44,0.04,0.3,0.000625,1.0,1e-08,1e+18,False,False,False,False,12,1.1,15.0,12.136530004507703,4.659408923689259,63.53739441394444,51.40823291420512,study_results/v4p2_followups_20260806/pseudo65/gp_window_ensemble_20260806/runs/window_2p25eq2p5/draw_05/attempt_01/results_single.csv,1,1,1,1,single_attempt_outside_55_75MeV,False,,,,,,,window_2p25eq2p5,5
2021,0.234,0.0062286715,0.219985489125,0.248014510875,48395595.20414742,1.64,0.22378497874,0.24421502126,0.02043004252,0.0,1.0,8000,0.000125,True,8457.966403674765,2.4252928413516463e-05,0.3252256437474149,0.4531353423155061,1940.8816734547408,4354.586825413856,True,tilde_q_mu,asymptotic,default,sidak_approx,observed,1**2 * RBF(length_scale=0.107),0.0288971675048537,0.394052284157097,0.1067098629975592,0.1067098629975592,0.0262701522771398,1.0,882.7001034724167,371,288,83,416,45,0.04,0.3,0.000625,1.0,1e-08,1e+18,False,False,False,False,12,1.1,15.0,4.06201920231798,4.639378959839796,63.26425854326993,17.132042201544785,study_results/v4p2_followups_20260806/pseudo65/gp_window_ensemble_20260806/runs/window_2p25eq2p5/draw_05/attempt_01/results_single.csv,1,1,1,1,single_attempt_outside_55_75MeV,False,,,,,,,window_2p25eq2p5,5
2021,0.235,0.006267571875,0.22089796328125,0.2491020367187499,47012739.219878465,1.64,0.2247211821249999,0.245278817875,0.02055763575,0.0,1.0,8000,0.000125,True,2658.8972343805053,7.815163275241504e-06,0.5,0.0,-79.6483664560305,1644.9797703838494,True,tilde_q_mu,asymptotic,default,sidak_approx,observed,8.07**2 * RBF(length_scale=0.318),0.0289531662310341,0.394815903150465,0.1069166519985136,0.3177511595269094,0.026321060210031,65.09960213541058,1564.346188453229,370,289,81,416,46,0.04,0.3,0.000625,1.0,1e-08,1e+18,False,False,False,False,12,1.1,15.0,12.072126160245396,4.619518819803578,62.993438451866965,50.6976490839061,study_results/v4p2_followups_20260806/pseudo65/gp_window_ensemble_20260806/runs/window_2p25eq2p5/draw_05/attempt_01/results_single.csv,1,1,1,1,single_attempt_outside_55_75MeV,False,,,,,,,window_2p25eq2p5,5
2021,0.236,0.006306644,0.2218100509999999,0.2501899489999999,45679826.44124699,1.64,0.2256571038399999,0.24634289616,0.02068579232,0.0,1.0,8000,0.000125,True,2657.257291882988,8.004184327841465e-06,0.4999655646006563,8.631674575031098e-05,-30.044911442068923,1626.7147717850962,True,tilde_q_mu,asymptotic,default,sidak_approx,observed,8.04**2 * RBF(length_scale=0.317),0.0290094672713634,0.3955836446095018,0.1071245573684485,0.3173976609939387,0.0263722429739667,64.61733985086248,1568.7439350332306,371,291,80,416,45,0.04,0.3,0.000625,1.0,1e-08,1e+18,False,False,False,False,12,1.1,15.0,12.035292610767163,4.599826353186174,62.7249048161751,50.32750556301239,study_results/v4p2_followups_20260806/pseudo65/gp_window_ensemble_20260806/runs/window_2p25eq2p5/draw_05/attempt_01/results_single.csv,1,1,1,1,single_attempt_outside_55_75MeV,False,,,,,,,window_2p25eq2p5,5
2021,0.237,0.006345887875,0.22272175228125,0.25127824771875,44384391.87212218,1.64,0.226592743885,0.2474072561149999,0.0208145122299999,0.0,1.0,8000,0.000125,True,2747.158995408991,8.480571064086659e-06,0.4681437844746115,0.0799367400857269,129.05593935379622,1620.8043123163202,True,tilde_q_mu,asymptotic,default,sidak_approx,observed,8.01**2 * RBF(length_scale=0.317),0.0290660667166324,0.3963554552268056,0.1073335646716512,0.3169714471232353,0.0264236970151203,64.10129571347188,1567.0768779783425,370,292,78,416,46,0.04,0.3,0.000625,1.0,1e-08,1e+18,False,False,False,False,12,1.1,15.0,11.995726674501888,4.580299445746575,62.458628805635115,49.949109307771266,study_results/v4p2_followups_20260806/pseudo65/gp_window_ensemble_20260806/runs/window_2p25eq2p5/draw_05/attempt_01/results_single.csv,1,1,1,1,single_attempt_outside_55_75MeV,False,,,,,,,window_2p25eq2p5,5
2021,0.238,0.0063853035,0.223633067125,0.252366932875,43150069.97440755,1.64,0.2275281022599999,0.24847189774,0.02094379548,0.0,1.0,8000,0.000125,True,2769.678773932212,8.75771611769149e-06,0.4531250305972105,0.1177697973495382,188.869854182896,1611.4742907059715,True,tilde_q_mu,asymptotic,default,sidak_approx,observed,8**2 * RBF(length_scale=0.317),0.0291229607231004,0.3971312825877338,0.1075436597141695,0.316944038981424,0.0264754188391822,64.07346012248445,1568.0458948637156,370,294,76,416,46,0.04,0.3,0.000625,1.0,1e-08,1e+18,False,False,False,False,12,1.1,15.0,11.971256844192515,4.560936018640379,62.1945820723688,49.636487753702546,study_results/v4p2_followups_20260806/pseudo65/gp_window_ensemble_20260806/runs/window_2p25eq2p5/draw_05/attempt_01/results_single.csv,1,1,1,1,single_attempt_outside_55_75MeV,False,,,,,,,window_2p25eq2p5,5
2021,0.239,0.006424890875,0.2245439955312499,0.25345600446875,41910564.95451811,1.64,0.2284631789649999,0.249536821035,0.02107364207,0.0,1.0,8000,0.000125,True,2730.5428061495086,8.852124129279681e-06,0.4658983858938598,0.0855844354258308,137.26296447977063,1607.671789152966,True,tilde_q_mu,asymptotic,default,sidak_approx,observed,8.02**2 * RBF(length_scale=0.317),0.0291801455111333,0.3979110751518178,0.1077548285387784,0.3171404454491766,0.0265274050101211,64.29913984211854,1564.5410741743667,369,295,74,416,47,0.04,0.3,0.000625,1.0,1e-08,1e+18,False,False,False,False,12,1.1,15.0,11.955200492780042,4.541734027682346,61.9327367411229,49.361218987112615,study_results/v4p2_followups_20260806/pseudo65/gp_window_ensemble_20260806/runs/window_2p25eq2p5/draw_05/attempt_01/results_single.csv,1,1,1,1,single_attempt_outside_55_75MeV,False,,,,,,,window_2p25eq2p5,5
2021,0.24,0.00646465,0.2254545375,0.2545454625,40722504.22475857,1.64,0.229397974,0.250602026,0.0212040519999999,0.0,1.0,8000,0.000125,True,2708.7515182760926,9.0000178557461e-06,0.4644973236662283,0.0891098022330295,141.39691487003188,1593.4488625235676,True,tilde_q_mu,asymptotic,default,sidak_approx,observed,8**2 * RBF(length_scale=0.317),0.0292376173638717,0.3986947822346143,0.1079670574200659,0.3169294864877468,0.0265796521489742,64.00694446861878,1569.0496592739164,370,297,73,416,46,0.04,0.3,0.000625,1.0,1e-08,1e+18,False,False,False,False,12,1.1,15.0,11.923763513209757,4.522691462627012,61.673065399459254,49.025003130524745,study_results/v4p2_followups_20260806/pseudo65/gp_window_ensemble_20260806/runs/window_2p25eq2p5/draw_05/attempt_01/results_single.csv,1,1,1,1,single_attempt_outside_55_75MeV,False,,,,,,,window_2p25eq2p5,5
2021,0.241,0.006504580875,0.2263646930312499,0.25563530696875,39555789.66735767,1.64,0.230332487365,0.251667512635,0.0213350252699999,0.0,1.0,8000,0.000125,True,2779.2855214911924,9.467296649180483e-06,0.4358463345438838,0.1615088150619945,256.5222552513939,1590.6638478403877,True,tilde_q_mu,asymptotic,default,sidak_approx,observed,8.02**2 * RBF(length_scale=0.317),0.0292953726259335,0.3994823539900027,0.1081803328596386,0.3171847495895082,0.0266321569326668,64.36879408801973,1565.988953809393,369,298,71,416,47,0.04,0.3,0.000625,1.0,1e-08,1e+18,False,False,False,False,12,1.1,15.0,11.909840813548648,4.503806346467102,61.41554108818776,48.763287855884826,study_results/v4p2_followups_20260806/pseudo65/gp_window_ensemble_20260806/runs/window_2p25eq2p5/draw_05/attempt_01/results_single.csv,1,1,1,1,single_attempt_outside_55_75MeV,False,,,,,,,window_2p25eq2p5,5
2021,0.242,0.0065446835,0.227274462125,0.256725537875,38433549.77614895,1.64,0.23126671906,0.2527332809399999,0.0214665618799999,0.0,1.0,8000,0.000125,True,2905.5894649030697,1.0144445420732214e-05,0.3856873450504988,0.2905772126297284,460.736558125378,1583.937841360852,True,tilde_q_mu,asymptotic,default,sidak_approx,observed,8.01**2 * RBF(length_scale=0.317),0.0293534077021493,0.4002737413929458,0.1083946415814538,0.316930541200087,0.026684916092863,64.0982725572571,1567.5327219510625,369,300,69,416,47,0.04,0.3,0.000625,1.0,1e-08,1e+18,False,False,False,False,12,1.1,15.0,11.876767387882133,4.4850767347495655,61.16013729203953,48.42564826856593,study_results/v4p2_followups_20260806/pseudo65/gp_window_ensemble_20260806/runs/window_2p25eq2p5/draw_05/attempt_01/results_single.csv,1,1,1,1,single_attempt_outside_55_75MeV,False,,,,,,,window_2p25eq2p5,5
2021,0.243,0.006584957875,0.22818384478125,0.25781615521875,37332878.58161166,1.64,0.232200669085,0.253799330915,0.02159866183,0.0,1.0,8000,0.000125,True,2951.445931455575,1.0564695940296422e-05,0.3684110062140726,0.3360647858624777,532.4388038674743,1581.9440952889795,True,tilde_q_mu,asymptotic,default,sidak_approx,observed,8.02**2 * RBF(length_scale=0.317),0.0294117190563266,0.4010688962226361,0.108609970527255,0.3170925088971162,0.0267379264148424,64.314798044684,1563.8492169626006,368,301,67,416,48,0.04,0.3,0.000625,1.0,1e-08,1e+18,False,False,False,False,12,1.1,15.0,11.859278239358758,4.466500714908013,60.90682793056381,48.15406794035357,study_results/v4p2_followups_20260806/pseudo65/gp_window_ensemble_20260806/runs/window_2p25eq2p5/draw_05/attempt_01/results_single.csv,1,1,1,1,single_attempt_outside_55_75MeV,False,,,,,,,window_2p25eq2p5,5
2021,0.244,0.006625404,0.229092841,0.258907159,36240747.78783116,1.64,0.23313433744,0.25486566256,0.0217313251199999,0.0,1.0,8000,0.000125,True,3086.918484457597,1.1335954830674344e-05,0.3144669957838523,0.4832278095006198,756.2138650900822,1567.0281518362326,True,tilde_q_mu,asymptotic,default,sidak_approx,observed,8.07**2 * RBF(length_scale=0.318),0.029470303210048,0.4018677710461094,0.1088263068521347,0.3176084490653138,0.0267911847364072,65.1435097974167,1568.9300414157633,369,303,66,416,47,0.04,0.3,0.000625,1.0,1e-08,1e+18,False,False,False,False,12,1.1,15.0,11.85496095787458,4.448076405612099,60.65558734925589,47.93797466015866,study_results/v4p2_followups_20260806/pseudo65/gp_window_ensemble_20260806/runs/window_2p25eq2p5/draw_05/attempt_01/results_single.csv,1,1,1,1,single_attempt_outside_55_75MeV,False,,,,,,,window_2p25eq2p5,5
2021,0.245,0.006666021875,0.23000145078125,0.25999854921875,35231160.94273463,1.64,0.234067724125,0.255932275875,0.02186455175,0.0,1.0,8000,0.000125,True,3274.133259388138,1.2317518829423155e-05,0.2586753824840495,0.6474345131339443,1011.5319812527284,1564.24202160393,True,tilde_q_mu,asymptotic,default,sidak_approx,observed,8.09**2 * RBF(length_scale=0.318),0.0295291567414944,0.4026703192021974,0.1090436379201891,0.3177535164730047,0.0268446879468131,65.47921406052367,1568.2840320603573,368,304,64,416,48,0.04,0.3,0.000625,1.0,1e-08,1e+18,False,False,False,False,12,1.1,15.0,11.836737201138764,4.429801956132116,60.40639031089249,47.66763782529662,study_results/v4p2_followups_20260806/pseudo65/gp_window_ensemble_20260806/runs/window_2p25eq2p5/draw_05/attempt_01/results_single.csv,1,1,1,1,single_attempt_outside_55_75MeV,False,,,,,,,window_2p25eq2p5,5
2021,0.246,0.0067068115,0.230909674125,0.261090325875,34231611.46534635,1.64,0.23500082914,0.25699917086,0.02199834172,0.0,1.0,8000,0.000125,True,3424.326130512842,1.320482319572046e-05,0.2187460993316433,0.7764349781885305,1210.7709055081928,1560.6106180885115,True,tilde_q_mu,asymptotic,default,sidak_approx,observed,8.11**2 * RBF(length_scale=0.318),0.0295882762843003,0.4034764947859137,0.1092619513002888,0.3178876695308398,0.0268984329857275,65.7413435741932,1564.8143325877518,367,305,62,416,49,0.04,0.3,0.000625,1.0,1e-08,1e+18,False,False,False,False,12,1.1,15.0,11.818073926444429,4.411675545719503,60.159211987084134,47.39773430800013,study_results/v4p2_followups_20260806/pseudo65/gp_window_ensemble_20260806/runs/window_2p25eq2p5/draw_05/attempt_01/results_single.csv,1,1,1,1,single_attempt_outside_55_75MeV,False,,,,,,,window_2p25eq2p5,5
2021,0.247,0.006747772875,0.23181751103125,0.26218248896875,33240766.184267055,1.64,0.235933652485,0.258066347515,0.02213269503,0.0,1.0,8000,0.000125,True,3651.6755844816703,1.4442558357545871e-05,0.1621405728197471,0.9856983780502832,1519.5745874565778,1543.646496210029,True,tilde_q_mu,asymptotic,default,sidak_approx,observed,8.13**2 * RBF(length_scale=0.318),0.0296476585264336,0.4042862526331858,0.1094812347619452,0.3179261134376522,0.0269524168422123,66.08881543586743,1569.4800357267954,368,307,61,416,48,0.04,0.3,0.000625,1.0,1e-08,1e+18,False,False,False,False,12,1.1,15.0,11.7958294908723,4.393695383001999,59.91402795002726,47.115710520658595,study_results/v4p2_followups_20260806/pseudo65/gp_window_ensemble_20260806/runs/window_2p25eq2p5/draw_05/attempt_01/results_single.csv,1,1,1,1,single_attempt_outside_55_75MeV,False,,,,,,,window_2p25eq2p5,5
2021,0.248,0.006788906,0.2327249615,0.2632750385,32306957.309929177,1.64,0.23686619416,0.25913380584,0.02226761168,0.0,1.0,8000,0.000125,True,3796.073432372242,1.538532902609717e-05,0.1343631104203398,1.1060006897247945,1699.4823170772927,1538.0615828287184,True,tilde_q_mu,asymptotic,default,sidak_approx,observed,8.16**2 * RBF(length_scale=0.318),0.0297073002091074,0.4050995483060104,0.1097014762712903,0.3181574884941296,0.027006636553734,66.53586627083735,1565.8328402652369,367,308,59,416,49,0.04,0.3,0.000625,1.0,1e-08,1e+18,False,False,False,False,12,1.1,15.0,11.78071500540633,4.375859705393982,59.67081416446339,46.86432372080709,study_results/v4p2_followups_20260806/pseudo65/gp_window_ensemble_20260806/runs/window_2p25eq2p5/draw_05/attempt_01/results_single.csv,1,1,1,1,single_attempt_outside_55_75MeV,False,,,,,,,window_2p25eq2p5,5
2021,0.249,0.006830210875,0.23363202553125,0.26436797446875,31367919.80580777,1.64,0.237798454165,0.260201545835,0.0224030916699999,0.0,1.0,8000,0.000125,True,3867.486348530707,1.6079170684000157e-05,0.1188938371831841,1.1805345576263937,1801.5965517943816,1526.896908939988,True,tilde_q_mu,asymptotic,default,sidak_approx,observed,8.16**2 * RBF(length_scale=0.318),0.029767198125712,0.4059163380778918,0.1099226639871329,0.3182540800487554,0.0270610892051927,66.55332957829162,1564.2780714436053,367,310,57,416,49,0.04,0.3,0.000625,1.0,1e-08,1e+18,False,False,False,False,12,1.1,15.0,11.760579097004168,4.358166778520153,59.429546979820266,46.59505919702009,study_results/v4p2_followups_20260806/pseudo65/gp_window_ensemble_20260806/runs/window_2p25eq2p5/draw_05/attempt_01/results_single.csv,1,1,1,1,single_attempt_outside_55_75MeV,False,,,,,,,window_2p25eq2p5,5
2021,0.25,0.0068716875,0.234538703125,0.265461296875,30463229.35640608,1.64,0.2387304325,0.2612695675,0.022539135,0.0,1.0,8000,0.000125,True,3875.14677275142,1.6523122753707367e-05,0.115280216437401,1.1989164546098243,1822.3008567991535,1519.4911927438477,True,tilde_q_mu,asymptotic,default,sidak_approx,observed,8.11**2 * RBF(length_scale=0.318),0.0298273491207752,0.4067365789196631,0.1101447862571196,0.3179024509998158,0.0271157719279775,65.78464051539405,1563.038750100089,366,311,55,416,50,0.04,0.3,0.000625,1.0,1e-08,1e+18,False,False,False,False,12,1.1,15.0,11.723894560117984,4.3406148956534025,59.19020312254639,46.262646693380006,study_results/v4p2_followups_20260806/pseudo65/gp_window_ensemble_20260806/runs/window_2p25eq2p5/draw_05/attempt_01/results_single.csv,1,1,1,1,single_attempt_outside_55_75MeV,False,,,,,,,window_2p25eq2p5,5
2021,0.05,0.0019941875,0.045513078125,0.054486921875,432274745.5035101,1.64,0.0467295325,0.0532704675,0.0065409349999999,0.0,1.0,8000,0.000125,True,20558.99443904952,3.08881518027693e-05,0.0011553969124721,3.0470758616434392,14447.481710697735,4749.254220311099,True,tilde_q_mu,asymptotic,default,sidak_approx,observed,7.24**2 * RBF(length_scale=0.323),0.0430198208653474,0.586633920891102,0.1588612167593829,0.3232631768080169,0.0391089280594068,52.48414769505506,1678.3844778270966,402,9,393,416,14,0.04,0.3,0.000625,1.0,1e-08,1e+18,False,False,False,False,12,1.1,15.0,8.265713044269006,21.57260581833327,294.1718975227264,162.10269937406431,study_results/v4p2_followups_20260806/pseudo65/gp_window_ensemble_20260806/runs/window_2p25eq2p5/draw_06/attempt_01/results_single.csv,1,1,1,1,single_attempt_outside_55_75MeV,False,,,,,,,window_2p25eq2p5,6
2021,0.051,0.002001485875,0.04649665678125,0.0555033432187499,505722115.71658146,1.64,0.047717563165,0.0542824368349999,0.0065648736699999,0.0,1.0,8000,0.000125,True,16184.738316992509,2.0377151844266353e-05,0.0235505061891108,1.9853907673685256,9773.78565668615,4940.639581401905,True,tilde_q_mu,asymptotic,default,sidak_approx,observed,7.21**2 * RBF(length_scale=0.324),0.0423437473933882,0.5774147371825666,0.1563646500091317,0.3236906251882007,0.0384943158121711,52.044421209562806,1672.2762050169215,401,10,391,416,15,0.04,0.3,0.000625,1.0,1e-08,1e+18,False,False,False,False,12,1.1,15.0,8.40879019041706,21.15615599504954,288.4930362961301,161.72516090736875,study_results/v4p2_followups_20260806/pseudo65/gp_window_ensemble_20260806/runs/window_2p25eq2p5/draw_06/attempt_01/results_single.csv,1,1,1,1,single_attempt_outside_55_75MeV,False,,,,,,,window_2p25eq2p5,6
2021,0.052,0.002008956,0.047479849,0.056520151,582496150.2912881,1.64,0.04870531216,0.0552946878399999,0.0065893756799999,0.0,1.0,8000,0.000125,True,7695.76802130954,8.250409160730491e-06,0.5,0.0,-818.9599273909779,4959.359760126346,True,tilde_q_mu,asymptotic,default,sidak_approx,observed,7.5**2 * RBF(length_scale=0.318),0.0416967826910809,0.5685924912420126,0.1539755745145915,0.3178118988280978,0.0379061660828008,56.19928200412715,1670.2700412524505,402,12,390,416,14,0.04,0.3,0.000625,1.0,1e-08,1e+18,False,False,False,False,12,1.1,15.0,8.384174177200647,20.75544844739304,283.02884246445046,158.19754082622904,study_results/v4p2_followups_20260806/pseudo65/gp_window_ensemble_20260806/runs/window_2p25eq2p5/draw_06/attempt_01/results_single.csv,1,1,1,1,single_attempt_outside_55_75MeV,False,,,,,,,window_2p25eq2p5,6
2021,0.053,0.002016597875,0.0484626547812499,0.05753734521875,661992830.0519445,1.64,0.049692779485,0.056307220515,0.00661444103,0.0,1.0,8000,0.000125,True,5951.330434120249,5.508138234039778e-06,0.5,0.0,-6752.390975770537,5103.73464362159,True,tilde_q_mu,asymptotic,default,sidak_approx,observed,7.53**2 * RBF(length_scale=0.317),0.0410773062694674,0.5601450854927381,0.1516880062237032,0.3172323889201475,0.0373430056995158,56.739566287389295,1666.408474246807,402,14,388,416,14,0.04,0.3,0.000625,1.0,1e-08,1e+18,False,False,False,False,12,1.1,15.0,8.495095212013428,20.369607039017364,277.76736871387317,157.3106829343195,study_results/v4p2_followups_20260806/pseudo65/gp_window_ensemble_20260806/runs/window_2p25eq2p5/draw_06/attempt_01/results_single.csv,1,1,1,1,single_attempt_outside_55_75MeV,False,,,,,,,window_2p25eq2p5,6
2021,0.054,0.0020244115,0.049445074125,0.058554925875,743432117.467634,1.64,0.05067996514,0.05732003486,0.00664006972,0.0,1.0,8000,0.000125,True,5638.38357149056,4.560783531841838e-06,0.5,0.0,-12307.285281901108,5509.330682365775,True,tilde_q_mu,asymptotic,default,sidak_approx,observed,7.37**2 * RBF(length_scale=0.315),0.0404838157112043,0.552052032425514,0.1494963970927404,0.3153520313814748,0.0368034688283676,54.33286820447891,1660.5736102658868,401,15,386,416,15,0.04,0.3,0.000625,1.0,1e-08,1e+18,False,False,False,False,12,1.1,15.0,8.568540994114278,19.99781947059892,272.6975382354398,155.7746690242941,study_results/v4p2_followups_20260806/pseudo65/gp_window_ensemble_20260806/runs/window_2p25eq2p5/draw_06/attempt_01/results_single.csv,1,1,1,1,single_attempt_outside_55_75MeV,False,,,,,,,window_2p25eq2p5,6
2021,0.055,0.002032396875,0.05042710703125,0.05957289296875,825863093.242175,1.64,0.051666869125,0.058333130875,0.0066662617499999,0.0,1.0,8000,0.000125,True,5859.639474312979,4.1890936566449e-06,0.5,0.0,-11564.60070931738,5616.178842242366,True,tilde_q_mu,asymptotic,default,sidak_approx,observed,7.44**2 * RBF(length_scale=0.316),0.0399149161083646,0.5442943105686093,0.1473955960828078,0.315841742622794,0.0362862873712406,55.39484792946815,1665.184614646669,402,17,385,416,14,0.04,0.3,0.000625,1.0,1e-08,1e+18,False,False,False,False,12,1.1,15.0,8.704162522648165,19.639331569216612,267.8090668529538,155.4035761951238,study_results/v4p2_followups_20260806/pseudo65/gp_window_ensemble_20260806/runs/window_2p25eq2p5/draw_06/attempt_01/results_single.csv,2,2,1,2,stable_reproduced,False,attempt_01_full,False,1665.184614646669,1665.1846142085008,study_results/v4p2_followups_20260806/pseudo65/gp_window_ensemble_20260806/runs/window_2p25eq2p5/draw_06/attempt_01/results_single.csv|study_results/v4p2_followups_20260806/pseudo65/gp_window_ensemble_20260806/central_repeat/window_2p25eq2p5/draw_06/attempt_02/results_single.csv,1665.18461465|1665.18461421,window_2p25eq2p5,6
2021,0.056,0.002040554,0.0514087535,0.0605912465,908527012.009006,1.64,0.05265349144,0.05934650856,0.00669301712,0.0,1.0,8000,0.000125,True,7061.3754196631335,4.506956354748369e-06,0.4999311292015692,0.0001726334915006,-6777.168459364252,5871.259769035084,True,tilde_q_mu,asymptotic,default,sidak_approx,observed,7.45**2 * RBF(length_scale=0.316),0.0393693106142212,0.5368542356484718,0.1453808142699889,0.3164820342002288,0.0357902823765647,55.51188236893363,1659.0508925741208,401,18,383,416,15,0.04,0.3,0.000625,1.0,1e-08,1e+18,False,False,False,False,12,1.1,15.0,8.842680559778398,19.293442180026243,263.0923933639942,155.09613281502416,study_results/v4p2_followups_20260806/pseudo65/gp_window_ensemble_20260806/runs/window_2p25eq2p5/draw_06/attempt_01/results_single.csv,2,2,1,2,stable_reproduced,False,attempt_01_full,False,1659.0508925741208,1659.0508925553393,study_results/v4p2_followups_20260806/pseudo65/gp_window_ensemble_20260806/runs/window_2p25eq2p5/draw_06/attempt_01/results_single.csv|study_results/v4p2_followups_20260806/pseudo65/gp_window_ensemble_20260806/central_repeat/window_2p25eq2p5/draw_06/attempt_02/results_single.csv,1659.05089257|1659.05089256,window_2p25eq2p5,6
2021,0.057,0.002048882875,0.05239001353125,0.06160998646875,990586701.194622,1.64,0.053639832085,0.060360167915,0.0067203358299999,0.0,1.0,8000,0.000125,True,10270.278777207464,5.906562522669413e-06,0.4379104667628701,0.156269072322317,920.8092796715732,5900.852520351309,True,tilde_q_mu,asymptotic,default,sidak_approx,observed,7.7**2 * RBF(length_scale=0.318),0.0388457919743114,0.5297153451042469,0.1434475935717297,0.3178464445200301,0.0353143563402831,59.3518237523684,1656.428154248869,401,20,381,416,15,0.04,0.3,0.000625,1.0,1e-08,1e+18,False,False,False,False,12,1.1,15.0,9.000488114729201,18.959498587400432,258.53861710091496,155.1315833610206,study_results/v4p2_followups_20260806/pseudo65/gp_window_ensemble_20260806/central_repeat/window_2p25eq2p5/draw_06/attempt_02/results_single.csv,2,2,1,2,stable_reproduced,False,attempt_02_55_75MeV,False,1656.4281536422277,1656.428154248869,study_results/v4p2_followups_20260806/pseudo65/gp_window_ensemble_20260806/runs/window_2p25eq2p5/draw_06/attempt_01/results_single.csv|study_results/v4p2_followups_20260806/pseudo65/gp_window_ensemble_20260806/central_repeat/window_2p25eq2p5/draw_06/attempt_02/results_single.csv,1656.42815364|1656.42815425,window_2p25eq2p5,6
2021,0.058,0.0020573835,0.053370887125,0.062629112875,1071624485.9706048,1.64,0.05462589106,0.06137410894,0.00674821788,0.0,1.0,8000,0.000125,True,15012.435761643084,7.84332953503157e-06,0.1210703286117629,1.1696529556990778,6923.012947564914,5986.591249873505,True,tilde_q_mu,asymptotic,default,sidak_approx,observed,7.89**2 * RBF(length_scale=0.318),0.0383432349203511,0.5228622943684247,0.1415917786595051,0.3176283420533281,0.0348574862912283,62.24959337952099,1654.9020156157642,401,21,380,416,15,0.04,0.3,0.000625,1.0,1e-08,1e+18,False,False,False,False,12,1.1,15.0,9.11219872252399,18.63689240258374,254.13944185341464,154.38460649330963,study_results/v4p2_followups_20260806/pseudo65/gp_window_ensemble_20260806/runs/window_2p25eq2p5/draw_06/attempt_01/results_single.csv,2,2,1,2,stable_reproduced,False,attempt_01_full,False,1654.9020156157642,1654.9020149703722,study_results/v4p2_followups_20260806/pseudo65/gp_window_ensemble_20260806/runs/window_2p25eq2p5/draw_06/attempt_01/results_single.csv|study_results/v4p2_followups_20260806/pseudo65/gp_window_ensemble_20260806/central_repeat/window_2p25eq2p5/draw_06/attempt_02/results_single.csv,1654.90201562|1654.90201497,window_2p25eq2p5,6
2021,0.059,0.002066055875,0.0543513742812499,0.0636486257187499,1150518639.7784464,1.64,0.055611668365,0.0623883316349999,0.0067766632699999,0.0,1.0,8000,0.000125,True,16187.792035448509,7.743938007052375e-06,0.0925986611645594,1.3249210981952364,8079.703621740284,6062.95469448102,True,tilde_q_mu,asymptotic,default,sidak_approx,observed,7.83**2 * RBF(length_scale=0.317),0.0378605893261601,0.516280763538548,0.139809491685398,0.3171099862021791,0.0344187175692365,61.29060748633137,1653.5761706748378,401,23,378,416,15,0.04,0.3,0.000625,1.0,1e-08,1e+18,False,False,False,False,12,1.1,15.0,9.213300453867353,18.325055863341635,249.88712540920412,153.48567772988187,study_results/v4p2_followups_20260806/pseudo65/gp_window_ensemble_20260806/central_repeat/window_2p25eq2p5/draw_06/attempt_02/results_single.csv,2,2,1,2,stable_reproduced,False,attempt_02_55_75MeV,False,1653.576170412972,1653.5761706748378,study_results/v4p2_followups_20260806/pseudo65/gp_window_ensemble_20260806/runs/window_2p25eq2p5/draw_06/attempt_01/results_single.csv|study_results/v4p2_followups_20260806/pseudo65/gp_window_ensemble_20260806/central_repeat/window_2p25eq2p5/draw_06/attempt_02/results_single.csv,1653.57617041|1653.57617067,window_2p25eq2p5,6
2021,0.06,0.0020749,0.055331475,0.064668525,1227208269.685639,1.64,0.056597164,0.063402836,0.006805672,0.0,1.0,8000,0.000125,True,13056.483507969342,5.758065794339357e-06,0.2380667127580438,0.7125351947323724,4340.2650851114295,6093.16833274294,True,tilde_q_mu,asymptotic,default,sidak_approx,observed,7.87**2 * RBF(length_scale=0.316),0.0373968740379758,0.5099573732451246,0.1380971094990222,0.3156806644195462,0.0339971582163416,61.92034943030434,1658.9256305862802,402,25,377,416,14,0.04,0.3,0.000625,1.0,1e-08,1e+18,False,False,False,False,12,1.1,15.0,9.28550152370694,18.023458498229218,245.77443406676204,152.14259213434195,study_results/v4p2_followups_20260806/pseudo65/gp_window_ensemble_20260806/central_repeat/window_2p25eq2p5/draw_06/attempt_02/results_single.csv,2,2,1,2,stable_reproduced,False,attempt_02_55_75MeV,False,1658.9256298896255,1658.9256305862802,study_results/v4p2_followups_20260806/pseudo65/gp_window_ensemble_20260806/runs/window_2p25eq2p5/draw_06/attempt_01/results_single.csv|study_results/v4p2_followups_20260806/pseudo65/gp_window_ensemble_20260806/central_repeat/window_2p25eq2p5/draw_06/attempt_02/results_single.csv,1658.92562989|1658.92563059,window_2p25eq2p5,6
2021,0.061,0.002083915875,0.05631118928125,0.06568881071875,1300194093.028558,1.64,0.057582377965,0.064417622035,0.0068352440699999,0.0,1.0,8000,0.000125,True,10508.121680732484,4.302362420853749e-06,0.486268210672464,0.0344272909384203,214.82647119688932,6345.1367019722575,True,tilde_q_mu,asymptotic,default,sidak_approx,observed,7.66**2 * RBF(length_scale=0.315),0.0369511713028735,0.5038796086755482,0.136451243073103,0.3147073912244521,0.0335919739117032,58.65761608630833,1655.8565561160692,401,26,375,416,15,0.04,0.3,0.000625,1.0,1e-08,1e+18,False,False,False,False,12,1.1,15.0,9.368529281776151,17.731604114236877,241.7946015577755,151.01732032462786,study_results/v4p2_followups_20260806/pseudo65/gp_window_ensemble_20260806/central_repeat/window_2p25eq2p5/draw_06/attempt_02/results_single.csv,2,2,1,2,stable_reproduced,False,attempt_02_55_75MeV,False,1655.8565549455268,1655.8565561160692,study_results/v4p2_followups_20260806/pseudo65/gp_window_ensemble_20260806/runs/window_2p25eq2p5/draw_06/attempt_01/results_single.csv|study_results/v4p2_followups_20260806/pseudo65/gp_window_ensemble_20260806/central_repeat/window_2p25eq2p5/draw_06/attempt_02/results_single.csv,1655.85655495|1655.85655612,window_2p25eq2p5,6
2021,0.062,0.0020931035,0.057290517125,0.066709482875,1369951933.273456,1.64,0.05856731026,0.06543268974,0.0068653794799999,0.0,1.0,8000,0.000125,True,8678.80832994488,3.318050565108168e-06,0.5,0.0,-3819.91422268394,6390.020973129018,True,tilde_q_mu,asymptotic,default,sidak_approx,observed,7.9**2 * RBF(length_scale=0.318),0.0365226217287332,0.4980357508463617,0.1348687188919183,0.318305307441361,0.0332023833897574,62.47297986121277,1654.497455389145,401,28,373,416,15,0.04,0.3,0.000625,1.0,1e-08,1e+18,False,False,False,False,12,1.1,15.0,9.586821033442872,17.449028071824063,237.9412918885099,152.07337212008915,study_results/v4p2_followups_20260806/pseudo65/gp_window_ensemble_20260806/runs/window_2p25eq2p5/draw_06/attempt_01/results_single.csv,2,2,1,2,stable_reproduced,False,attempt_01_full,False,1654.497455389145,1654.4974544304143,study_results/v4p2_followups_20260806/pseudo65/gp_window_ensemble_20260806/runs/window_2p25eq2p5/draw_06/attempt_01/results_single.csv|study_results/v4p2_followups_20260806/pseudo65/gp_window_ensemble_20260806/central_repeat/window_2p25eq2p5/draw_06/attempt_02/results_single.csv,1654.49745539|1654.49745443,window_2p25eq2p5,6
2021,0.063,0.002102462875,0.05826945853125,0.06773054146875,1435521102.450955,1.64,0.059551960885,0.066448039115,0.0068960782299999,0.0,1.0,8000,0.000125,True,9042.040609626612,3.246655771199142e-06,0.5,0.0,-3412.343816221858,6479.36324479667,True,tilde_q_mu,asymptotic,default,sidak_approx,observed,7.89**2 * RBF(length_scale=0.318),0.0361104197174945,0.4924148143294715,0.133346562087477,0.3180979151582757,0.0328276542886314,62.26959008419594,1654.2550736594346,401,29,372,416,15,0.04,0.3,0.000625,1.0,1e-08,1e+18,False,False,False,False,12,1.1,15.0,9.689937403429898,17.17529481584524,234.20856567061688,151.29775604635856,study_results/v4p2_followups_20260806/pseudo65/gp_window_ensemble_20260806/central_repeat/window_2p25eq2p5/draw_06/attempt_02/results_single.csv,2,2,1,2,stable_reproduced,False,attempt_02_55_75MeV,False,1654.255073521487,1654.2550736594346,study_results/v4p2_followups_20260806/pseudo65/gp_window_ensemble_20260806/runs/window_2p25eq2p5/draw_06/attempt_01/results_single.csv|study_results/v4p2_followups_20260806/pseudo65/gp_window_ensemble_20260806/central_repeat/window_2p25eq2p5/draw_06/attempt_02/results_single.csv,1654.25507352|1654.25507366,window_2p25eq2p5,6
2021,0.064,0.002111994,0.0592480135,0.0687519865,1496335744.2122245,1.64,0.06053632984,0.06746367016,0.00692734032,0.0,1.0,8000,0.000125,True,10050.784423618728,3.408088436009577e-06,0.4999026019832914,0.000244140625,-1132.89228586883,6503.882303075041,True,tilde_q_mu,asymptotic,default,sidak_approx,observed,8.13**2 * RBF(length_scale=0.319),0.0357138093206567,0.4870064907362281,0.1318819811349368,0.31923611315344,0.0324670993824152,66.13478838937965,1654.7563135527146,401,31,370,416,15,0.04,0.3,0.000625,1.0,1e-08,1e+18,False,False,False,False,12,1.1,15.0,9.832603442435769,16.909995634768247,230.59084956502153,151.15389208181463,study_results/v4p2_followups_20260806/pseudo65/gp_window_ensemble_20260806/runs/window_2p25eq2p5/draw_06/attempt_01/results_single.csv,2,2,1,2,stable_reproduced,False,attempt_01_full,False,1654.7563135527146,1654.7563129932398,study_results/v4p2_followups_20260806/pseudo65/gp_window_ensemble_20260806/runs/window_2p25eq2p5/draw_06/attempt_01/results_single.csv|study_results/v4p2_followups_20260806/pseudo65/gp_window_ensemble_20260806/central_repeat/window_2p25eq2p5/draw_06/attempt_02/results_single.csv,1654.75631355|1654.75631299,window_2p25eq2p5,6
2021,0.065,0.002121696875,0.06022618203125,0.06977381796875,1552315009.9748652,1.64,0.061520417125,0.068479582875,0.0069591657499999,0.0,1.0,8000,0.000125,True,12740.141946228869,4.100161612994114e-06,0.3338388096882167,0.429337515048479,2834.6045914946976,6603.358665283084,True,tilde_q_mu,asymptotic,default,sidak_approx,observed,8.15**2 * RBF(length_scale=0.319),0.0353320804721528,0.4818010973475384,0.1304723539415717,0.3194778502169814,0.0321200731565025,66.35785696794797,1648.8060880463347,400,32,368,416,16,0.04,0.3,0.000625,1.0,1e-08,1e+18,False,False,False,False,12,1.1,15.0,9.94636122590227,16.652746623927047,227.08290850809607,150.57657575000266,study_results/v4p2_followups_20260806/pseudo65/gp_window_ensemble_20260806/central_repeat/window_2p25eq2p5/draw_06/attempt_02/results_single.csv,2,2,1,2,stable_reproduced,False,attempt_02_55_75MeV,False,1648.8060875870326,1648.8060880463347,study_results/v4p2_followups_20260806/pseudo65/gp_window_ensemble_20260806/runs/window_2p25eq2p5/draw_06/attempt_01/results_single.csv|study_results/v4p2_followups_20260806/pseudo65/gp_window_ensemble_20260806/central_repeat/window_2p25eq2p5/draw_06/attempt_02/results_single.csv,1648.80608759|1648.80608805,window_2p25eq2p5,6
2021,0.066,0.0021315715,0.061203964125,0.070796035875,1603517033.7681742,1.64,0.06250422274,0.06949577726,0.0069915545199999,0.0,1.0,8000,0.000125,True,15341.16374319972,4.707179007082737e-06,0.1645356392061513,0.9759862496607342,6351.089905870197,6508.519713889151,True,tilde_q_mu,asymptotic,default,sidak_approx,observed,8.32**2 * RBF(length_scale=0.321),0.0349645655591176,0.4767895303516045,0.1291152151834926,0.32132825514511,0.0317859686901069,69.19620971935298,1655.7455257579293,401,34,367,416,15,0.04,0.3,0.000625,1.0,1e-08,1e+18,False,False,False,False,12,1.1,15.0,10.109122621929714,16.403186831461046,223.67982042901423,150.74711551787493,study_results/v4p2_followups_20260806/pseudo65/gp_window_ensemble_20260806/central_repairs/window_2p25eq2p5/draw_06/m066/attempt_04/results_single.csv,4,4,3,2,resolved_reproduced_max_lml,False,attempt_04_targeted,False,1655.7455257428117,1603.099163695482,study_results/v4p2_followups_20260806/pseudo65/gp_window_ensemble_20260806/runs/window_2p25eq2p5/draw_06/attempt_01/results_single.csv|study_results/v4p2_followups_20260806/pseudo65/gp_window_ensemble_20260806/central_repeat/window_2p25eq2p5/draw_06/attempt_02/results_single.csv|study_results/v4p2_followups_20260806/pseudo65/gp_window_ensemble_20260806/central_repairs/window_2p25eq2p5/draw_06/m066/attempt_03/results_single.csv|study_results/v4p2_followups_20260806/pseudo65/gp_window_ensemble_20260806/central_repairs/window_2p25eq2p5/draw_06/m066/attempt_04/results_single.csv,1655.74552574|1603.0991637|1442.25094453|1655.74552576,window_2p25eq2p5,6
2021,0.067,0.002141617875,0.06218135978125,0.07181864021875,1648968294.487998,1.64,0.063487746685,0.070512253315,0.00702450663,0.0,1.0,8000,0.000125,True,16292.545314193709,4.788745441565898e-06,0.1328312463661687,1.1131069649247889,7313.060301814477,6606.1166763336305,True,tilde_q_mu,asymptotic,default,sidak_approx,observed,8.19**2 * RBF(length_scale=0.321),0.034610636295701,0.4719632222141046,0.1278082447614374,0.3209968514138288,0.0314642148142736,67.06169051734958,1650.0822291724246,400,35,365,416,16,0.04,0.3,0.000625,1.0,1e-08,1e+18,False,False,False,False,12,1.1,15.0,10.201966052819143,16.16097656810088,220.37695320137564,149.8852130256098,study_results/v4p2_followups_20260806/pseudo65/gp_window_ensemble_20260806/central_repeat/window_2p25eq2p5/draw_06/attempt_02/results_single.csv,2,2,1,2,stable_reproduced,False,attempt_02_55_75MeV,False,1650.082228789742,1650.0822291724246,study_results/v4p2_followups_20260806/pseudo65/gp_window_ensemble_20260806/runs/window_2p25eq2p5/draw_06/attempt_01/results_single.csv|study_results/v4p2_followups_20260806/pseudo65/gp_window_ensemble_20260806/central_repeat/window_2p25eq2p5/draw_06/attempt_02/results_single.csv,1650.08222879|1650.08222917,window_2p25eq2p5,6
2021,0.068,0.002151836,0.063158369,0.072841631,1689224972.6788974,1.64,0.06447098896,0.07152901104,0.00705802208,0.0,1.0,8000,0.000125,True,15584.607673814276,4.405745334441158e-06,0.1656933601161297,0.971324483845766,6432.083552989646,6623.0000232743205,True,tilde_q_mu,asymptotic,default,sidak_approx,observed,8.13**2 * RBF(length_scale=0.321),0.0342697008691363,0.4673141027609495,0.1265492572619316,0.3207635411617336,0.0311542735173966,66.13599990608944,1650.6482179684049,400,37,363,416,16,0.04,0.3,0.000625,1.0,1e-08,1e+18,False,False,False,False,12,1.1,15.0,10.29597242839312,15.92579586415336,217.1699436020912,149.06505010685464,study_results/v4p2_followups_20260806/pseudo65/gp_window_ensemble_20260806/runs/window_2p25eq2p5/draw_06/attempt_01/results_single.csv,2,2,1,2,stable_reproduced,False,attempt_01_full,False,1650.6482179684049,1650.6482172887106,study_results/v4p2_followups_20260806/pseudo65/gp_window_ensemble_20260806/runs/window_2p25eq2p5/draw_06/attempt_01/results_single.csv|study_results/v4p2_followups_20260806/pseudo65/gp_window_ensemble_20260806/central_repeat/window_2p25eq2p5/draw_06/attempt_02/results_single.csv,1650.64821797|1650.64821729,window_2p25eq2p5,6
2021,0.069,0.002162225875,0.06413499178125,0.07386500821875,1724254893.831223,1.64,0.065453949565,0.072546050435,0.00709210087,0.0,1.0,8000,0.000125,True,13301.87474439729,3.630631890493124e-06,0.2848068380112059,0.5686205496556219,3720.3802231260825,6542.915929768092,True,tilde_q_mu,asymptotic,default,sidak_approx,observed,8.18**2 * RBF(length_scale=0.322),0.0339412013307978,0.4628345636017883,0.1253361923231284,0.3221943137899808,0.0308556375734525,66.9780907644827,1656.4492584774189,401,39,362,416,15,0.04,0.3,0.000625,1.0,1e-08,1e+18,False,False,False,False,12,1.1,15.0,10.441991776154028,15.697343058942815,214.05467807649293,149.01047920813582,study_results/v4p2_followups_20260806/pseudo65/gp_window_ensemble_20260806/runs/window_2p25eq2p5/draw_06/attempt_01/results_single.csv,2,2,1,2,stable_reproduced,False,attempt_01_full,False,1656.4492584774189,1656.449257323666,study_results/v4p2_followups_20260806/pseudo65/gp_window_ensemble_20260806/runs/window_2p25eq2p5/draw_06/attempt_01/results_single.csv|study_results/v4p2_followups_20260806/pseudo65/gp_window_ensemble_20260806/central_repeat/window_2p25eq2p5/draw_06/attempt_02/results_single.csv,1656.44925848|1656.44925732,window_2p25eq2p5,6
2021,0.07,0.0021727875,0.065111228125,0.074888771875,1753989643.902694,1.64,0.0664366285,0.0735633715,0.0071267429999999,0.0,1.0,8000,0.000125,True,10085.113292936554,2.6673231760385617e-06,0.5,0.0,-1616.2943719777304,6677.838646181827,True,tilde_q_mu,asymptotic,default,sidak_approx,observed,7.95**2 * RBF(length_scale=0.319),0.0336246112080568,0.4585174255644109,0.1241671058160028,0.3192017268830453,0.0305678283709607,63.17105267224709,1647.487807239463,400,40,360,416,16,0.04,0.3,0.000625,1.0,1e-08,1e+18,False,False,False,False,12,1.1,15.0,10.442407717333472,15.475333509630737,211.02727513132825,146.9088564266157,study_results/v4p2_followups_20260806/pseudo65/gp_window_ensemble_20260806/runs/window_2p25eq2p5/draw_06/attempt_01/results_single.csv,2,2,1,2,stable_reproduced,False,attempt_01_full,False,1647.487807239463,1647.487805204313,study_results/v4p2_followups_20260806/pseudo65/gp_window_ensemble_20260806/runs/window_2p25eq2p5/draw_06/attempt_01/results_single.csv|study_results/v4p2_followups_20260806/pseudo65/gp_window_ensemble_20260806/central_repeat/window_2p25eq2p5/draw_06/attempt_02/results_single.csv,1647.48780724|1647.4878052,window_2p25eq2p5,6
2021,0.071,0.002183520875,0.06608707803125,0.0759129219687499,1779457865.7114818,1.64,0.0674190257649999,0.074580974235,0.00716194847,0.0,1.0,8000,0.000125,True,8055.056204039681,2.070343652696943e-06,0.5,0.0,-7068.271905372983,6570.857261801663,True,tilde_q_mu,asymptotic,default,sidak_approx,observed,8.02**2 * RBF(length_scale=0.321),0.0333194333154327,0.4543559088468107,0.1230401617614922,0.3210467594028244,0.0302903939231207,64.31046713308284,1654.7106458708374,401,42,359,416,15,0.04,0.3,0.000625,1.0,1e-08,1e+18,False,False,False,False,12,1.1,15.0,10.598962833486588,15.259498407787282,208.08406919709927,147.03168771071375,study_results/v4p2_followups_20260806/pseudo65/gp_window_ensemble_20260806/central_repeat/window_2p25eq2p5/draw_06/attempt_02/results_single.csv,2,2,1,2,stable_reproduced,False,attempt_02_55_75MeV,False,1654.710645415563,1654.7106458708374,study_results/v4p2_followups_20260806/pseudo65/gp_window_ensemble_20260806/runs/window_2p25eq2p5/draw_06/attempt_01/results_single.csv|study_results/v4p2_followups_20260806/pseudo65/gp_window_ensemble_20260806/central_repeat/window_2p25eq2p5/draw_06/attempt_02/results_single.csv,1654.71064542|1654.71064587,window_2p25eq2p5,6
2021,0.072,0.002194426,0.0670625414999999,0.0769374585,1799927992.0906496,1.64,0.06840114136,0.0755988586399999,0.0071977172799999,0.0,1.0,8000,0.000125,True,7322.62866942679,1.8348446764086191e-06,0.5,0.0,-11162.979076942907,6643.237312801756,True,tilde_q_mu,asymptotic,default,sidak_approx,observed,7.97**2 * RBF(length_scale=0.321),0.0330251977459068,0.4503436056260024,0.1219536249129291,0.3206674540207157,0.0300229070417334,63.5461587489158,1648.758620476924,400,43,357,416,16,0.04,0.3,0.000625,1.0,1e-08,1e+18,False,False,False,False,12,1.1,15.0,10.680759647124454,15.049583693369856,205.22159581867984,146.1281692892427,study_results/v4p2_followups_20260806/pseudo65/gp_window_ensemble_20260806/runs/window_2p25eq2p5/draw_06/attempt_01/results_single.csv,2,2,1,2,stable_reproduced,False,attempt_01_full,False,1648.758620476924,1648.7586197962826,study_results/v4p2_followups_20260806/pseudo65/gp_window_ensemble_20260806/runs/window_2p25eq2p5/draw_06/attempt_01/results_single.csv|study_results/v4p2_followups_20260806/pseudo65/gp_window_ensemble_20260806/central_repeat/window_2p25eq2p5/draw_06/attempt_02/results_single.csv,1648.75862048|1648.7586198,window_2p25eq2p5,6
2021,0.073,0.002205502875,0.06803761853125,0.07796238146875,1816667854.6579592,1.64,0.069382975285,0.076617024715,0.00723404943,0.0,1.0,8000,0.000125,True,7415.119460076194,1.8156815579406408e-06,0.4999026019832914,0.000244140625,-10450.713463507424,6625.997721739804,True,tilde_q_mu,asymptotic,default,sidak_approx,observed,8**2 * RBF(length_scale=0.319),0.0327414600253253,0.4464744548907995,0.1209058539407253,0.319211734758707,0.0297649636593866,64.07823528548295,1648.2005212600957,400,45,355,416,16,0.04,0.3,0.000625,1.0,1e-08,1e+18,False,False,False,False,12,1.1,15.0,10.724412044025492,14.845349056879057,202.43657804835075,144.73421838486928,study_results/v4p2_followups_20260806/pseudo65/gp_window_ensemble_20260806/runs/window_2p25eq2p5/draw_06/attempt_01/results_single.csv,2,2,1,2,stable_reproduced,False,attempt_01_full,False,1648.2005212600957,1648.2005211525673,study_results/v4p2_followups_20260806/pseudo65/gp_window_ensemble_20260806/runs/window_2p25eq2p5/draw_06/attempt_01/results_single.csv|study_results/v4p2_followups_20260806/pseudo65/gp_window_ensemble_20260806/central_repeat/window_2p25eq2p5/draw_06/attempt_02/results_single.csv,1648.20052126|1648.20052115,window_2p25eq2p5,6
2021,0.074,0.0022167515,0.0690123091249999,0.078987690875,1829474701.9884825,1.64,0.07036452754,0.07763547246,0.0072709449199999,0.0,1.0,8000,0.000125,True,7470.6204426347695,1.7919193771995697e-06,0.4999026019832914,0.000244140625,-9681.799091450592,6557.179885309516,True,tilde_q_mu,asymptotic,default,sidak_approx,observed,8.12**2 * RBF(length_scale=0.322),0.0324677994146582,0.442742719290794,0.1198952951630456,0.3223830059858763,0.0295161812860529,65.85510258742703,1649.3801469931298,400,46,354,416,16,0.04,0.3,0.000625,1.0,1e-08,1e+18,False,False,False,False,12,1.1,15.0,10.922246440402832,14.646567021453794,199.72591392891536,145.43037683108653,study_results/v4p2_followups_20260806/pseudo65/gp_window_ensemble_20260806/runs/window_2p25eq2p5/draw_06/attempt_01/results_single.csv,2,2,1,2,stable_reproduced,False,attempt_01_full,False,1649.3801469931298,1649.3801463232387,study_results/v4p2_followups_20260806/pseudo65/gp_window_ensemble_20260806/runs/window_2p25eq2p5/draw_06/attempt_01/results_single.csv|study_results/v4p2_followups_20260806/pseudo65/gp_window_ensemble_20260806/central_repeat/window_2p25eq2p5/draw_06/attempt_02/results_single.csv,1649.38014699|1649.38014632,window_2p25eq2p5,6
2021,0.075,0.002228171875,0.06998661328125,0.08001338671875,1838368958.6354597,1.64,0.071345798125,0.078654201875,0.0073084037499999,0.0,1.0,8000,0.000125,True,8444.737671258501,1.9888963170692685e-06,0.5,0.0,-5408.055908680056,6527.5998002822025,True,tilde_q_mu,asymptotic,default,sidak_approx,observed,8.14**2 * RBF(length_scale=0.322),0.032203817346461,0.4391429638153776,0.1189204767720596,0.3219558196365635,0.0292761975876918,66.27972316284824,1649.1875152005434,400,48,352,416,16,0.04,0.3,0.000625,1.0,1e-08,1e+18,False,False,False,False,12,1.1,15.0,10.99718700395432,14.45302209752604,197.08666496626415,144.49326070797997,study_results/v4p2_followups_20260806/pseudo65/gp_window_ensemble_20260806/runs/window_2p25eq2p5/draw_06/attempt_01/results_single.csv,2,2,1,2,stable_reproduced,False,attempt_01_full,False,1649.1875152005434,1649.1875151243603,study_results/v4p2_followups_20260806/pseudo65/gp_window_ensemble_20260806/runs/window_2p25eq2p5/draw_06/attempt_01/results_single.csv|study_results/v4p2_followups_20260806/pseudo65/gp_window_ensemble_20260806/central_repeat/window_2p25eq2p5/draw_06/attempt_02/results_single.csv,1649.1875152|1649.18751512,window_2p25eq2p5,6
2021,0.076,0.002239764,0.070960531,0.081039469,1844398591.748667,1.64,0.0723267870399999,0.07967321296,0.00734642592,0.0,1.0,8000,0.000125,True,10108.029740931295,2.34162884311239e-06,0.5,0.0,-999.0378587902878,6491.45525802194,True,tilde_q_mu,asymptotic,default,sidak_approx,observed,8.06**2 * RBF(length_scale=0.321),0.0319491359833398,0.4356700361364529,0.1179800035107226,0.3207739026803749,0.0290446690757635,64.9638218884135,1647.8770871595727,400,50,350,416,16,0.04,0.3,0.000625,1.0,1e-08,1e+18,False,False,False,False,12,1.1,15.0,11.04415759889123,14.264510003437811,194.51604550142468,143.21772413538878,study_results/v4p2_followups_20260806/pseudo65/gp_window_ensemble_20260806/runs/window_2p25eq2p5/draw_06/attempt_01/results_single.csv,1,1,1,1,single_attempt_outside_55_75MeV,False,,,,,,,window_2p25eq2p5,6
2021,0.077,0.002251527875,0.07193406228125,0.08206593771875,1847461207.5520144,1.64,0.073307494285,0.080692505715,0.00738501143,0.0,1.0,8000,0.000125,True,12908.218894653806,2.946593254923021e-06,0.3056370605599082,0.5082555745274601,3300.0115386992925,6493.356241432488,True,tilde_q_mu,asymptotic,default,sidak_approx,observed,7.85**2 * RBF(length_scale=0.318),0.0317033968874435,0.4323190484651396,0.1170725517595489,0.317802719425462,0.0288212698976759,61.601069421830815,1647.851919611265,400,51,349,416,16,0.04,0.3,0.000625,1.0,1e-08,1e+18,False,False,False,False,12,1.1,15.0,11.026673028418095,14.080836946086476,192.0114129011792,141.14980451905888,study_results/v4p2_followups_20260806/pseudo65/gp_window_ensemble_20260806/runs/window_2p25eq2p5/draw_06/attempt_01/results_single.csv,1,1,1,1,single_attempt_outside_55_75MeV,False,,,,,,,window_2p25eq2p5,6
2021,0.078,0.0022634635,0.072907207125,0.083092792875,1847769944.3645077,1.64,0.07428791986,0.08171208014,0.00742416028,0.0,1.0,8000,0.000125,True,14967.335847780429,3.3722667812033696e-06,0.1778256146324332,0.9236833003203094,5969.665878054436,6473.617481728497,True,tilde_q_mu,asymptotic,default,sidak_approx,observed,7.77**2 * RBF(length_scale=0.317),0.0314662597911359,0.4290853607882172,0.1161968649970184,0.3167556441504263,0.0286056907192144,60.38234657276037,1647.3414978365638,400,53,347,416,16,0.04,0.3,0.000625,1.0,1e-08,1e+18,False,False,False,False,12,1.1,15.0,11.073168876067763,13.901818956274722,189.57025849465532,139.94289907940922,study_results/v4p2_followups_20260806/pseudo65/gp_window_ensemble_20260806/runs/window_2p25eq2p5/draw_06/attempt_01/results_single.csv,1,1,1,1,single_attempt_outside_55_75MeV,False,,,,,,,window_2p25eq2p5,6
2021,0.079,0.002275570875,0.07387996553125,0.08412003446875,1845689661.7151537,1.64,0.075268063765,0.082731936235,0.0074638724699999,0.0,1.0,8000,0.000125,True,16377.62797812715,3.6474147743379687e-06,0.1234762472042215,1.1577832649442208,7565.450262334372,6518.052148626852,True,tilde_q_mu,asymptotic,default,sidak_approx,observed,7.72**2 * RBF(length_scale=0.316),0.0312374014599871,0.4259645653634614,0.1153517496008941,0.3159434804650011,0.0283976376908974,59.57367253104819,1641.1242818737644,399,54,345,416,17,0.04,0.3,0.000625,1.0,1e-08,1e+18,False,False,False,False,12,1.1,15.0,11.125695873156154,13.727281273973578,187.1901991905488,138.8414151086378,study_results/v4p2_followups_20260806/pseudo65/gp_window_ensemble_20260806/runs/window_2p25eq2p5/draw_06/attempt_01/results_single.csv,1,1,1,1,single_attempt_outside_55_75MeV,False,,,,,,,window_2p25eq2p5,6
2021,0.08,0.00228785,0.0748523375,0.0851476625,1840971776.2432177,1.64,0.076247926,0.083752074,0.0075041479999999,0.0,1.0,8000,0.000125,True,16459.953736133008,3.629204283875656e-06,0.1105115537332784,1.2238121297103333,7833.255927111902,6403.868768373507,True,tilde_q_mu,asymptotic,default,sidak_approx,observed,7.86**2 * RBF(length_scale=0.318),0.0310165146400847,0.4229524723647926,0.1145360709609101,0.3179268928379957,0.0281968314909861,61.77848601739102,1646.108134656308,400,56,344,416,16,0.04,0.3,0.000625,1.0,1e-08,1e+18,False,False,False,False,12,1.1,15.0,11.27527016429591,13.55705777917468,184.8689697160183,138.96317190287638,study_results/v4p2_followups_20260806/pseudo65/gp_window_ensemble_20260806/runs/window_2p25eq2p5/draw_06/attempt_01/results_single.csv,1,1,1,1,single_attempt_outside_55_75MeV,False,,,,,,,window_2p25eq2p5,6
2021,0.081,0.002300300875,0.07582432303125,0.08617567696875,1834117166.8439004,1.64,0.077227506565,0.084772493435,0.0075449868699999,0.0,1.0,8000,0.000125,True,16793.390396718194,3.670677346408531e-06,0.1037927629053595,1.2602324337997843,8121.460333177929,6432.298917529856,True,tilde_q_mu,asymptotic,default,sidak_approx,observed,7.78**2 * RBF(length_scale=0.318),0.030803307082474,0.4200450965791913,0.113748749876279,0.317566473918103,0.0280030064386127,60.544950663679494,1640.00003793036,399,57,342,416,17,0.04,0.3,0.000625,1.0,1e-08,1e+18,False,False,False,False,12,1.1,15.0,11.340442127678736,13.390990464442623,182.6044154242176,138.0543203584631,study_results/v4p2_followups_20260806/pseudo65/gp_window_ensemble_20260806/runs/window_2p25eq2p5/draw_06/attempt_01/results_single.csv,1,1,1,1,single_attempt_outside_55_75MeV,False,,,,,,,window_2p25eq2p5,6
2021,0.082,0.0023129235,0.076795922125,0.087204077875,1825600864.265104,1.64,0.07820680546,0.08579319454,0.00758638908,0.0,1.0,8000,0.000125,True,14930.167521618974,3.2386567206286163e-06,0.1687914027184376,0.9589522408813916,6119.017346555927,6375.237944151957,True,tilde_q_mu,asymptotic,default,sidak_approx,observed,7.94**2 * RBF(length_scale=0.319),0.0305975006382008,0.4172386450663756,0.1129887592139169,0.3193602882556502,0.0278159096710917,62.99367257113584,1639.05895045877,399,59,340,416,17,0.04,0.3,0.000625,1.0,1e-08,1e+18,False,False,False,False,12,1.1,15.0,11.481209567902516,13.228928945639955,180.39448562236305,138.07645962162184,study_results/v4p2_followups_20260806/pseudo65/gp_window_ensemble_20260806/runs/window_2p25eq2p5/draw_06/attempt_01/results_single.csv,1,1,1,1,single_attempt_outside_55_75MeV,False,,,,,,,window_2p25eq2p5,6
2021,0.083,0.002325717875,0.07776713478125,0.08823286521875,1815668681.2943528,1.64,0.079185822685,0.086814177315,0.00762835463,0.0,1.0,8000,0.000125,True,11926.458824164089,2.569903053264054e-06,0.3565104825309228,0.3678018827372535,2335.504289417575,6352.323708233043,True,tilde_q_mu,asymptotic,default,sidak_approx,observed,7.87**2 * RBF(length_scale=0.317),0.030398830418065,0.4145295057008868,0.1122551208056255,0.3172335749697039,0.0276353003800591,62.01312487564478,1641.7210049016046,399,60,339,416,17,0.04,0.3,0.000625,1.0,1e-08,1e+18,False,False,False,False,12,1.1,15.0,11.47928810640361,13.070730007639057,178.2372273768962,136.4024322897307,study_results/v4p2_followups_20260806/pseudo65/gp_window_ensemble_20260806/runs/window_2p25eq2p5/draw_06/attempt_01/results_single.csv,1,1,1,1,single_attempt_outside_55_75MeV,False,,,,,,,window_2p25eq2p5,6
2021,0.084,0.002338684,0.078737961,0.089262039,1803665927.1918256,1.64,0.08016455824,0.08783544176,0.00767088352,0.0,1.0,8000,0.000125,True,10690.626688687733,2.2913303060640997e-06,0.4622455231649507,0.0947781451855308,596.3987809897891,6296.88253149182,True,tilde_q_mu,asymptotic,default,sidak_approx,observed,7.91**2 * RBF(length_scale=0.318),0.0302070440117673,0.4119142365241002,0.111546902564603,0.3184016154765842,0.0274609491016066,62.55280334483959,1641.889700312757,399,62,337,416,17,0.04,0.3,0.000625,1.0,1e-08,1e+18,False,False,False,False,12,1.1,15.0,11.594705423271597,12.916257182144893,176.13077975652126,136.14563381653278,study_results/v4p2_followups_20260806/pseudo65/gp_window_ensemble_20260806/runs/window_2p25eq2p5/draw_06/attempt_01/results_single.csv,1,1,1,1,single_attempt_outside_55_75MeV,False,,,,,,,window_2p25eq2p5,6
2021,0.085,0.002351821875,0.07970840078125,0.09029159921875,1790440672.4133158,1.64,0.081143012125,0.088856987875,0.0077139757499999,0.0,1.0,8000,0.000125,True,9054.50938369169,1.931994939711001e-06,0.5,0.0,-2184.5182155254897,6193.035529502446,True,tilde_q_mu,asymptotic,default,sidak_approx,observed,7.88**2 * RBF(length_scale=0.318),0.0300219007615834,0.4093895558397742,0.1108632158033061,0.3175097845835407,0.0272926370559849,62.036935660763966,1647.4491271766672,400,64,336,416,16,0.04,0.3,0.000625,1.0,1e-08,1e+18,False,False,False,False,12,1.1,15.0,11.633532660557425,12.76538035499965,174.07336847726796,135.0058811675696,study_results/v4p2_followups_20260806/pseudo65/gp_window_ensemble_20260806/runs/window_2p25eq2p5/draw_06/attempt_01/results_single.csv,1,1,1,1,single_attempt_outside_55_75MeV,False,,,,,,,window_2p25eq2p5,6
2021,0.086,0.0023651315,0.080678454125,0.091321545875,1775696555.8627672,1.64,0.0821211843399999,0.08987881566,0.00775763132,0.0,1.0,8000,0.000125,True,8364.04748695551,1.7785628158250663e-06,0.5,0.0,-4036.077396099035,6212.479990588923,True,tilde_q_mu,asymptotic,default,sidak_approx,observed,7.86**2 * RBF(length_scale=0.317),0.0298431710861948,0.4069523329935665,0.1102032127365311,0.3171435613865234,0.0271301555329044,61.76478743397878,1641.695773793807,399,65,334,416,17,0.04,0.3,0.000625,1.0,1e-08,1e+18,False,False,False,False,12,1.1,15.0,11.68970671774735,12.61797540060452,172.0633009173344,134.09130164074318,study_results/v4p2_followups_20260806/pseudo65/gp_window_ensemble_20260806/runs/window_2p25eq2p5/draw_06/attempt_01/results_single.csv,1,1,1,1,single_attempt_outside_55_75MeV,False,,,,,,,window_2p25eq2p5,6
2021,0.087,0.002378612875,0.0816481210312499,0.09235187896875,1760136602.064715,1.64,0.083099074885,0.0909009251149999,0.0078018502299999,0.0,1.0,8000,0.000125,True,10365.592595604869,2.198104982963177e-06,0.5,0.0,-11581.99835653846,8860.0788547524,True,tilde_q_mu,asymptotic,default,sidak_approx,observed,0.907**2 * RBF(length_scale=0.174),0.0296706358506726,0.4045995797818991,0.1095660841549239,0.1739624858854384,0.0269733053187932,0.822337894447963,1159.257440955442,399,67,332,416,17,0.04,0.3,0.000625,1.0,1e-08,1e+18,False,False,False,False,12,1.1,15.0,6.4494315334885,12.47392384129452,170.098961472198,73.13610706216261,study_results/v4p2_followups_20260806/pseudo65/gp_window_ensemble_20260806/runs/window_2p25eq2p5/draw_06/attempt_01/results_single.csv,1,1,1,1,single_attempt_outside_55_75MeV,False,,,,,,,window_2p25eq2p5,6
2021,0.088,0.002392266,0.0826174014999999,0.0933825985,1743632625.119082,1.64,0.0840766837599999,0.09192331624,0.00784663248,0.0,1.0,8000,0.000125,True,7664.462013753087,1.622048887871508e-06,0.5,0.0,-6078.380825796666,6142.957016501908,True,tilde_q_mu,asymptotic,default,sidak_approx,observed,7.74**2 * RBF(length_scale=0.315),0.0295040857789749,0.4023284424405671,0.1089510572554845,0.3148213689251425,0.0268218961627044,59.95308705308198,1640.9580427379751,399,68,331,416,17,0.04,0.3,0.000625,1.0,1e-08,1e+18,False,False,False,False,12,1.1,15.0,11.73747624013614,12.33311252969984,168.17880722317963,131.59965025843383,study_results/v4p2_followups_20260806/pseudo65/gp_window_ensemble_20260806/runs/window_2p25eq2p5/draw_06/attempt_01/results_single.csv,1,1,1,1,single_attempt_outside_55_75MeV,False,,,,,,,window_2p25eq2p5,6
2021,0.089,0.002406090875,0.08358629553125,0.09441370446875,1725874782.225614,1.64,0.085054010965,0.092945989035,0.00789197807,0.0,1.0,8000,0.000125,True,8139.838169430308,1.720823796109776e-06,0.4998622584051908,0.0003452669830012,-4118.419538575118,6081.163416340786,True,tilde_q_mu,asymptotic,default,sidak_approx,observed,7.91**2 * RBF(length_scale=0.317),0.0293433209056615,0.4001361941681125,0.1083573936168872,0.3174198582466411,0.0266757462778741,62.645161992723374,1639.9213128779954,399,70,329,416,17,0.04,0.3,0.000625,1.0,1e-08,1e+18,False,False,False,False,12,1.1,15.0,11.899193182457305,12.1954333523091,166.3013638951241,131.92347036628078,study_results/v4p2_followups_20260806/pseudo65/gp_window_ensemble_20260806/runs/window_2p25eq2p5/draw_06/attempt_01/results_single.csv,1,1,1,1,single_attempt_outside_55_75MeV,False,,,,,,,window_2p25eq2p5,6
2021,0.09,0.0024200875,0.084554803125,0.095445196875,1707421799.183081,1.64,0.0860310565,0.0939689435,0.007937887,0.0,1.0,8000,0.000125,True,9148.400531237996,1.9332221442714222e-06,0.5,0.0,-1603.1122983888788,6085.376102393208,True,tilde_q_mu,asymptotic,default,sidak_approx,observed,7.97**2 * RBF(length_scale=0.318),0.0291881500637943,0.3980202281426503,0.1077843873084286,0.3179957396098761,0.0265346818761766,63.52680827889091,1635.0200606921312,398,71,327,416,18,0.04,0.3,0.000625,1.0,1e-08,1e+18,False,False,False,False,12,1.1,15.0,11.98415496721588,12.060782952597524,164.46522208087532,131.39844720898566,study_results/v4p2_followups_20260806/pseudo65/gp_window_ensemble_20260806/runs/window_2p25eq2p5/draw_06/attempt_01/results_single.csv,1,1,1,1,single_attempt_outside_55_75MeV,False,,,,,,,window_2p25eq2p5,6
2021,0.091,0.002434255875,0.08552292428125,0.09647707571875,1688209960.037576,1.64,0.087007820365,0.094992179635,0.0079843592699999,0.0,1.0,8000,0.000125,True,11059.36831143389,2.337665638790299e-06,0.3914876244028477,0.2754438632881846,1804.6733906809864,5997.1007902585325,True,tilde_q_mu,asymptotic,default,sidak_approx,observed,7.97**2 * RBF(length_scale=0.318),0.0290383904062669,0.3959780509945498,0.1072313631224206,0.3175997964419045,0.0263985367329699,63.49031431890242,1641.7223419159325,399,73,326,416,17,0.04,0.3,0.000625,1.0,1e-08,1e+18,False,False,False,False,12,1.1,15.0,12.030962157279111,11.929062472229626,162.66903371222216,130.47099925019367,study_results/v4p2_followups_20260806/pseudo65/gp_window_ensemble_20260806/runs/window_2p25eq2p5/draw_06/attempt_01/results_single.csv,1,1,1,1,single_attempt_outside_55_75MeV,False,,,,,,,window_2p25eq2p5,6
2021,0.092,0.002448596,0.086490659,0.097509341,1668257878.789034,1.64,0.08798430256,0.0960156974399999,0.0080313948799999,0.0,1.0,8000,0.000125,True,11999.451725631756,2.538810658974591e-06,0.3004944255223576,0.5229790231170395,3143.8296182923555,5998.032781778516,True,tilde_q_mu,asymptotic,default,sidak_approx,observed,7.93**2 * RBF(length_scale=0.318),0.0288938669580575,0.3940072767007851,0.1066976749207735,0.3182649708758228,0.0262671517800523,62.92818134811245,1638.717182150708,398,74,324,416,18,0.04,0.3,0.000625,1.0,1e-08,1e+18,False,False,False,False,12,1.1,15.0,12.11646293213708,11.800177308979343,160.9115087588092,129.97855541535753,study_results/v4p2_followups_20260806/pseudo65/gp_window_ensemble_20260806/runs/window_2p25eq2p5/draw_06/attempt_01/results_single.csv,1,1,1,1,single_attempt_outside_55_75MeV,False,,,,,,,window_2p25eq2p5,6
2021,0.093,0.002463107875,0.08745800728125,0.09854199271875,1647188801.3305027,1.64,0.088960503085,0.097039496915,0.0080789938299999,0.0,1.0,8000,0.000125,True,11943.486081665516,2.5317726283536014e-06,0.2944891939104921,0.5403170706454703,3174.3930116921542,5948.312430234343,True,tilde_q_mu,asymptotic,default,sidak_approx,observed,7.96**2 * RBF(length_scale=0.319),0.0287544121970801,0.3921056208692741,0.106182704087187,0.3190906751471965,0.0261403747246182,63.38625994186855,1639.5058147875725,398,76,322,416,18,0.04,0.3,0.000625,1.0,1e-08,1e+18,False,False,False,False,12,1.1,15.0,12.2068133494156,11.674036890113918,159.19141213791704,129.54799031982978,study_results/v4p2_followups_20260806/pseudo65/gp_window_ensemble_20260806/runs/window_2p25eq2p5/draw_06/attempt_01/results_single.csv,1,1,1,1,single_attempt_outside_55_75MeV,False,,,,,,,window_2p25eq2p5,6
2021,0.094,0.0024777915,0.088424969125,0.099575030875,1625450307.8031468,1.64,0.08993642194,0.09806357806,0.00812715612,0.0,1.0,8000,0.000125,True,10680.351289230395,2.269885281354544e-06,0.3970441725048109,0.2610053973461998,1537.2849171467722,5890.029246396528,True,tilde_q_mu,asymptotic,default,sidak_approx,observed,8.11**2 * RBF(length_scale=0.32),0.0286198656615447,0.3902708953847011,0.1056858580772325,0.3203614789799048,0.0260180596923134,65.75617572672067,1635.7436863893772,398,77,321,416,18,0.04,0.3,0.000625,1.0,1e-08,1e+18,False,False,False,False,12,1.1,15.0,12.313042662230115,11.550554460108833,157.50756081966588,129.2931543997567,study_results/v4p2_followups_20260806/pseudo65/gp_window_ensemble_20260806/runs/window_2p25eq2p5/draw_06/attempt_01/results_single.csv,1,1,1,1,single_attempt_outside_55_75MeV,False,,,,,,,window_2p25eq2p5,6
2021,0.095,0.002492646875,0.08939154453125,0.10060845546875,1603496027.5520115,1.64,0.090912059125,0.099087940875,0.00817588175,0.0,1.0,8000,0.000125,True,9263.459114203804,1.974702233720755e-06,0.4999026019832914,0.000244140625,-653.5939401962333,5863.323425103074,True,tilde_q_mu,asymptotic,default,sidak_approx,observed,7.97**2 * RBF(length_scale=0.318),0.0284900735818755,0.3885010033892122,0.1052065690591188,0.3180634482299554,0.0259000668926141,63.51004722708631,1636.100725426929,398,79,319,416,18,0.04,0.3,0.000625,1.0,1e-08,1e+18,False,False,False,False,12,1.1,15.0,12.280410299660527,11.429646881640853,155.85882111328436,127.60068480616832,study_results/v4p2_followups_20260806/pseudo65/gp_window_ensemble_20260806/runs/window_2p25eq2p5/draw_06/attempt_01/results_single.csv,1,1,1,1,single_attempt_outside_55_75MeV,False,,,,,,,window_2p25eq2p5,6
2021,0.096,0.002507674,0.0903577335,0.1016422665,1581239228.7143855,1.64,0.09188741464,0.10011258536,0.00822517072,0.0,1.0,8000,0.000125,True,7894.1261781849025,1.6887103791959675e-06,0.5,0.0,-3590.2767307748404,5806.811305714798,True,tilde_q_mu,asymptotic,default,sidak_approx,observed,8.02**2 * RBF(length_scale=0.319),0.0283648885354218,0.3867939345739346,0.1047442926386298,0.3187735828369856,0.0257862623049289,64.39129758401397,1636.4142665795623,398,81,317,416,18,0.04,0.3,0.000625,1.0,1e-08,1e+18,False,False,False,False,12,1.1,15.0,12.362147684197447,11.311234448904392,154.24410612142353,127.11922795267074,study_results/v4p2_followups_20260806/pseudo65/gp_window_ensemble_20260806/runs/window_2p25eq2p5/draw_06/attempt_01/results_single.csv,1,1,1,1,single_attempt_outside_55_75MeV,False,,,,,,,window_2p25eq2p5,6
2021,0.097,0.002522872875,0.09132353603125,0.10267646396875,1558363770.3660083,1.64,0.092862488485,0.101137511515,0.0082750230299999,0.0,1.0,8000,0.000125,True,7296.017202731016,1.567347134176889e-06,0.5,0.0,-5241.616009529014,5755.436351742137,True,tilde_q_mu,asymptotic,default,sidak_approx,observed,8.05**2 * RBF(length_scale=0.319),0.02824416912233,0.3851477607590459,0.104298506662201,0.319362299260568,0.0256765173839363,64.82240461291481,1636.3988630056283,398,82,316,416,18,0.04,0.3,0.000625,1.0,1e-08,1e+18,False,False,False,False,12,1.1,15.0,12.437913385417517,11.195240712368449,152.66237335047882,126.58675846303512,study_results/v4p2_followups_20260806/pseudo65/gp_window_ensemble_20260806/runs/window_2p25eq2p5/draw_06/attempt_01/results_single.csv,1,1,1,1,single_attempt_outside_55_75MeV,False,,,,,,,window_2p25eq2p5,6
2021,0.098,0.0025382435,0.092288952125,0.103711047875,1534811175.2125387,1.64,0.09383728066,0.10216271934,0.0083254386799999,0.0,1.0,8000,0.000125,True,7286.64147195142,1.5731360914399544e-06,0.4999026019832914,0.000244140625,-5013.187228980257,5702.798786591551,True,tilde_q_mu,asymptotic,default,sidak_approx,observed,8.07**2 * RBF(length_scale=0.32),0.0281277796610786,0.3835606317419815,0.1038687100926096,0.3198429019045842,0.0255707087827987,65.19683965464394,1636.7111541891627,398,84,314,416,18,0.04,0.3,0.000625,1.0,1e-08,1e+18,False,False,False,False,12,1.1,15.0,12.508175061605654,11.081592314164752,151.11262246588296,126.00954238810584,study_results/v4p2_followups_20260806/pseudo65/gp_window_ensemble_20260806/runs/window_2p25eq2p5/draw_06/attempt_01/results_single.csv,1,1,1,1,single_attempt_outside_55_75MeV,False,,,,,,,window_2p25eq2p5,6
2021,0.099,0.002553785875,0.09325398178125,0.10474601821875,1511028905.8514876,1.64,0.094811791165,0.103188208835,0.0083764176699999,0.0,1.0,8000,0.000125,True,7871.097488417241,1.7086269275501627e-06,0.5,0.0,-3156.0891119261023,5696.346500836976,True,tilde_q_mu,asymptotic,default,sidak_approx,observed,8.05**2 * RBF(length_scale=0.32),0.0280155899022987,0.3820307713949833,0.1034544219521848,0.3195281502961208,0.0254687180929988,64.86613064026224,1631.2936816596653,397,85,312,416,19,0.04,0.3,0.000625,1.0,1e-08,1e+18,False,False,False,False,12,1.1,15.0,12.545906281162855,10.970218833361969,149.59389318220866,125.1193976065518,study_results/v4p2_followups_20260806/pseudo65/gp_window_ensemble_20260806/runs/window_2p25eq2p5/draw_06/attempt_01/results_single.csv,1,1,1,1,single_attempt_outside_55_75MeV,False,,,,,,,window_2p25eq2p5,6
2021,0.1,0.0025695,0.094218625,0.105781375,1487397833.440122,1.64,0.09578602,0.10421398,0.00842796,0.0,1.0,8000,0.000125,True,8659.218557625023,1.890477351818792e-06,0.5,0.0,-1016.531623731744,5608.392272874887,True,tilde_q_mu,asymptotic,default,sidak_approx,observed,8.02**2 * RBF(length_scale=0.319),0.027907474759607,0.3805564739946421,0.1030551803288439,0.3193531165742477,0.0253704315996428,64.36034593189298,1637.7595955744364,398,87,311,416,18,0.04,0.3,0.000625,1.0,1e-08,1e+18,False,False,False,False,12,1.1,15.0,12.587610712099352,10.861052640438642,148.10526327870872,124.28609323769123,study_results/v4p2_followups_20260806/pseudo65/gp_window_ensemble_20260806/runs/window_2p25eq2p5/draw_06/attempt_01/results_single.csv,1,1,1,1,single_attempt_outside_55_75MeV,False,,,,,,,window_2p25eq2p5,6
2021,0.101,0.002585385875,0.09518288178125,0.10681711821875,1463545807.7925766,1.64,0.096759967165,0.105240032835,0.00848006567,0.0,1.0,8000,0.000125,True,9771.329044689664,2.1465740082409577e-06,0.4341246190962173,0.1658827305870229,928.4952016798594,5599.251438682997,True,tilde_q_mu,asymptotic,default,sidak_approx,observed,8.04**2 * RBF(length_scale=0.32),0.0278033140562975,0.3791361007676941,0.1026705414406892,0.3197893338700869,0.0252757400511796,64.57452893901409,1632.1250973628107,397,88,309,416,19,0.04,0.3,0.000625,1.0,1e-08,1e+18,False,False,False,False,12,1.1,15.0,12.652026537009844,10.754028760328694,146.64584673175492,123.6911429594961,study_results/v4p2_followups_20260806/pseudo65/gp_window_ensemble_20260806/runs/window_2p25eq2p5/draw_06/attempt_01/results_single.csv,1,1,1,1,single_attempt_outside_55_75MeV,False,,,,,,,window_2p25eq2p5,6
2021,0.102,0.0026014435,0.096146752125,0.1078532478749999,1439773239.9828668,1.64,0.09773363266,0.1062663673399999,0.0085327346799999,0.0,1.0,8000,0.000125,True,10341.345358250755,2.286665792267366e-06,0.360465261544091,0.3572154465202989,1878.64422683228,5549.007970008106,True,tilde_q_mu,asymptotic,default,sidak_approx,observed,8.12**2 * RBF(length_scale=0.321),0.0277029922867878,0.3777680766380165,0.1023000787550902,0.3205344219499912,0.0251845384425344,65.8909953109902,1632.4829092087848,397,90,307,416,19,0.04,0.3,0.000625,1.0,1e-08,1e+18,False,False,False,False,12,1.1,15.0,12.727428881866553,10.649084743446428,145.21479195608765,123.21406248107684,study_results/v4p2_followups_20260806/pseudo65/gp_window_ensemble_20260806/runs/window_2p25eq2p5/draw_06/attempt_01/results_single.csv,1,1,1,1,single_attempt_outside_55_75MeV,False,,,,,,,window_2p25eq2p5,6
2021,0.103,0.002617672875,0.0971102360312499,0.10888976396875,1415306075.6792226,1.64,0.098707016485,0.107292983515,0.00858596703,0.0,1.0,8000,0.000125,True,11627.89702623395,2.5902012190187458e-06,0.2517940029231502,0.668854956545975,3671.953569833992,5516.507231900943,True,tilde_q_mu,asymptotic,default,sidak_approx,observed,7.94**2 * RBF(length_scale=0.318),0.0276063983918545,0.3764508871616523,0.1019433821586847,0.3182427181721324,0.0250967258107768,63.05385488052232,1630.6546461367284,397,91,306,416,19,0.04,0.3,0.000625,1.0,1e-08,1e+18,False,False,False,False,12,1.1,15.0,12.680646892810032,10.546160544164444,143.81128014769695,121.57467085039512,study_results/v4p2_followups_20260806/pseudo65/gp_window_ensemble_20260806/runs/window_2p25eq2p5/draw_06/attempt_01/results_single.csv,1,1,1,1,single_attempt_outside_55_75MeV,False,,,,,,,window_2p25eq2p5,6
2021,0.104,0.002634074,0.0980733335,0.1099266664999999,1390650623.4117515,1.64,0.09968011864,0.10831988136,0.00863976272,0.0,1.0,8000,0.000125,True,12428.071658671342,2.7904374803547992e-06,0.1929357682486003,0.8671286279438304,4755.740873515702,5482.096993416188,True,tilde_q_mu,asymptotic,default,sidak_approx,observed,7.83**2 * RBF(length_scale=0.317),0.0275134255467139,0.3751830756370089,0.1016000571748166,0.3168259429956029,0.0250122050424672,61.24714574615701,1631.0408575822994,397,93,304,416,19,0.04,0.3,0.000625,1.0,1e-08,1e+18,False,False,False,False,12,1.1,15.0,12.666853740311035,10.445198406238394,142.4345237214326,120.2798186366833,study_results/v4p2_followups_20260806/pseudo65/gp_window_ensemble_20260806/runs/window_2p25eq2p5/draw_06/attempt_01/results_single.csv,1,1,1,1,single_attempt_outside_55_75MeV,False,,,,,,,window_2p25eq2p5,6
2021,0.105,0.002650646875,0.0990360445312499,0.11096395546875,1366191403.4118524,1.64,0.100652939125,0.109347060875,0.00869412175,0.0,1.0,8000,0.000125,True,12286.783466759189,2.781360479032657e-06,0.2001042449103076,0.8412489380057492,4611.364064037625,5470.702662810171,True,tilde_q_mu,asymptotic,default,sidak_approx,observed,7.82**2 * RBF(length_scale=0.317),0.0274239709611162,0.3739632403788584,0.1012697242253318,0.3167482675059472,0.0249308826919238,61.143284557327576,1625.701567980232,396,94,302,416,20,0.04,0.3,0.000625,1.0,1e-08,1e+18,False,False,False,False,12,1.1,15.0,12.705056271776314,10.346142754725216,141.08376483716202,119.49847808601336,study_results/v4p2_followups_20260806/pseudo65/gp_window_ensemble_20260806/runs/window_2p25eq2p5/draw_06/attempt_01/results_single.csv,1,1,1,1,single_attempt_outside_55_75MeV,False,,,,,,,window_2p25eq2p5,6
2021,0.106,0.0026673915,0.099998369125,0.112001630875,1341676381.151068,1.64,0.10162547794,0.11037452206,0.0087490441199999,0.0,1.0,8000,0.000125,True,11493.181302061748,2.6242580609573233e-06,0.2443239698315551,0.692460888333076,3777.0785544445735,5378.153449456571,True,tilde_q_mu,asymptotic,default,sidak_approx,observed,7.98**2 * RBF(length_scale=0.319),0.0273379356906521,0.3727900321452559,0.1009520179337844,0.3188856275670517,0.0248526688096837,63.70648261880005,1628.880050411858,397,96,301,416,19,0.04,0.3,0.000625,1.0,1e-08,1e+18,False,False,False,False,12,1.1,15.0,12.831041608006274,10.248940093965247,139.758274008617,119.54961525784712,study_results/v4p2_followups_20260806/pseudo65/gp_window_ensemble_20260806/runs/window_2p25eq2p5/draw_06/attempt_01/results_single.csv,1,1,1,1,single_attempt_outside_55_75MeV,False,,,,,,,window_2p25eq2p5,6
2021,0.107,0.002684307875,0.10096030728125,0.11303969271875,1317225676.2626095,1.64,0.102597735085,0.111402264915,0.0088045298299999,0.0,1.0,8000,0.000125,True,10919.151735776257,2.515734802459337e-06,0.2784782920755722,0.587367994615369,3132.170893422935,5333.362711562696,True,tilde_q_mu,asymptotic,default,sidak_approx,observed,7.97**2 * RBF(length_scale=0.319),0.0272552244585561,0.3716621517075835,0.1006465864674015,0.3186096179263105,0.0247774767805055,63.44608661971458,1629.1605219114415,397,98,299,416,19,0.04,0.3,0.000625,1.0,1e-08,1e+18,False,False,False,False,12,1.1,15.0,12.858840339101288,10.153538911238387,138.45734878961437,118.69339612406068,study_results/v4p2_followups_20260806/pseudo65/gp_window_ensemble_20260806/runs/window_2p25eq2p5/draw_06/attempt_01/results_single.csv,1,1,1,1,single_attempt_outside_55_75MeV,False,,,,,,,window_2p25eq2p5,6
2021,0.108,0.002701396,0.101921859,0.114078141,1292640439.8447058,1.64,0.10356971056,0.11243028944,0.0088605788799999,0.0,1.0,8000,0.000125,True,9955.895780202196,2.3157878429102907e-06,0.3610395613965464,0.3556814710032031,1844.2079038356271,5324.728285077643,True,tilde_q_mu,asymptotic,default,sidak_approx,observed,7.94**2 * RBF(length_scale=0.318),0.0271757454873275,0.3705783475544666,0.1003530909153006,0.3181486371157778,0.0247052231702977,63.05260274839004,1625.090163933182,396,99,297,416,20,0.04,0.3,0.000625,1.0,1e-08,1e+18,False,False,False,False,12,1.1,15.0,12.877788430516055,10.059889585728104,137.18031253265593,117.77193610850756,study_results/v4p2_followups_20260806/pseudo65/gp_window_ensemble_20260806/runs/window_2p25eq2p5/draw_06/attempt_01/results_single.csv,1,1,1,1,single_attempt_outside_55_75MeV,False,,,,,,,window_2p25eq2p5,6
2021,0.109,0.002718655875,0.10288302428125,0.11511697571875,1268214292.8765628,1.64,0.104541404365,0.1134585956349999,0.0089171912699999,0.0,1.0,8000,0.000125,True,32458.38839785303,7.624787304533902e-06,0.3685738906261122,0.3356328070387877,5839.401963972453,17407.322917337486,True,tilde_q_mu,asymptotic,default,sidak_approx,observed,1**2 * RBF(length_scale=0.1),0.0270994103395402,0.3695374137210039,0.1000712047006427,0.1000712047006427,0.0246358275814002,1.0,897.3218627766164,397,101,296,416,19,0.04,0.3,0.000625,1.0,1e-08,1e+18,False,False,False,False,12,1.1,15.0,4.06201920231798,9.967944302454349,135.92651321528655,36.80907378564151,study_results/v4p2_followups_20260806/pseudo65/gp_window_ensemble_20260806/runs/window_2p25eq2p5/draw_06/attempt_01/results_single.csv,1,1,1,1,single_attempt_outside_55_75MeV,False,,,,,,,window_2p25eq2p5,6
2021,0.11,0.0027360875,0.103843803125,0.116156196875,1243647528.4440663,1.64,0.1055128165,0.1144871835,0.008974367,0.0,1.0,8000,0.000125,True,8372.223539096907,1.9873334446747284e-06,0.5,0.0,-393.30752812105027,5229.573681512544,True,tilde_q_mu,asymptotic,default,sidak_approx,observed,7.93**2 * RBF(length_scale=0.318),0.0270261337672677,0.3685381877354698,0.0998006130245964,0.3179909281388722,0.0245692125156979,62.8835204407868,1625.6090709314758,396,102,294,416,20,0.04,0.3,0.000625,1.0,1e-08,1e+18,False,False,False,False,12,1.1,15.0,12.942658538025931,9.87765697086361,134.69532232995832,116.22103757239933,study_results/v4p2_followups_20260806/pseudo65/gp_window_ensemble_20260806/runs/window_2p25eq2p5/draw_06/attempt_01/results_single.csv,1,1,1,1,single_attempt_outside_55_75MeV,False,,,,,,,window_2p25eq2p5,6
2021,0.111,0.002753690875,0.10480419553125,0.11719580446875,1219296431.1209323,1.64,0.106483946965,0.115516053035,0.0090321060699999,0.0,1.0,8000,0.000125,True,7722.607729019946,1.8528984413562303e-06,0.5,0.0,-1477.5486012352967,5181.59558509644,True,tilde_q_mu,asymptotic,default,sidak_approx,observed,7.91**2 * RBF(length_scale=0.318),0.0269558335695793,0.3675795486760824,0.0995410123401082,0.3176208717243387,0.0245053032450721,62.606622977600615,1625.461653212997,396,104,292,416,20,0.04,0.3,0.000625,1.0,1e-08,1e+18,False,False,False,False,12,1.1,15.0,12.961311620912504,9.788983147783204,133.4861338334073,115.34369184570824,study_results/v4p2_followups_20260806/pseudo65/gp_window_ensemble_20260806/runs/window_2p25eq2p5/draw_06/attempt_01/results_single.csv,1,1,1,1,single_attempt_outside_55_75MeV,False,,,,,,,window_2p25eq2p5,6
2021,0.112,0.002771466,0.1057642015,0.1182357985,1195083180.8359652,1.64,0.10745479576,0.11654520424,0.00909040848,0.0,1.0,8000,0.000125,True,7025.968019855479,1.7045507406278051e-06,0.5,0.0,-3070.7816029522432,5143.468988753798,True,tilde_q_mu,asymptotic,default,sidak_approx,observed,7.82**2 * RBF(length_scale=0.316),0.0268884304576102,0.3666604153310482,0.0992921098536402,0.3159578286787521,0.0244440276887365,61.093583850547866,1626.1853139794905,396,105,291,416,20,0.04,0.3,0.000625,1.0,1e-08,1e+18,False,False,False,False,12,1.1,15.0,12.92576790953076,9.70187996447014,132.29836315186554,114.00386246078868,study_results/v4p2_followups_20260806/pseudo65/gp_window_ensemble_20260806/runs/window_2p25eq2p5/draw_06/attempt_01/results_single.csv,1,1,1,1,single_attempt_outside_55_75MeV,False,,,,,,,window_2p25eq2p5,6
2021,0.113,0.002789412875,0.10672382103125,0.11927617896875,1171074447.656905,1.64,0.108425362885,0.117574637115,0.00914927423,0.0,1.0,8000,0.000125,True,6822.213929179643,1.674103511635709e-06,0.5,0.0,-3432.509716922895,5090.38464901936,True,tilde_q_mu,asymptotic,default,sidak_approx,observed,7.88**2 * RBF(length_scale=0.317),0.0268238479267369,0.3657797444555033,0.0990536230531478,0.3168054714560354,0.0243853162970335,62.071422114008975,1626.4599014074138,396,107,289,416,20,0.04,0.3,0.000625,1.0,1e-08,1e+18,False,False,False,False,12,1.1,15.0,12.991649056222183,9.616306057502122,131.1314462386653,113.57424865117376,study_results/v4p2_followups_20260806/pseudo65/gp_window_ensemble_20260806/runs/window_2p25eq2p5/draw_06/attempt_01/results_single.csv,1,1,1,1,single_attempt_outside_55_75MeV,False,,,,,,,window_2p25eq2p5,6
2021,0.114,0.0028075315,0.107683054125,0.120316945875,1146935681.7505815,1.64,0.10939564834,0.11860435166,0.00920870332,0.0,1.0,8000,0.000125,True,6659.21285084452,1.6538606082630082e-06,0.5,0.0,-3847.8870389672,5071.235985546267,True,tilde_q_mu,asymptotic,default,sidak_approx,observed,7.86**2 * RBF(length_scale=0.317),0.0267620121354335,0.3649365291195483,0.0988252792607253,0.3167776563857674,0.0243291019413032,61.8086692261382,1621.3370306830188,395,108,287,416,21,0.04,0.3,0.000625,1.0,1e-08,1e+18,False,False,False,False,12,1.1,15.0,13.020524027151938,9.532221503279144,129.9848386810792,112.83138101416402,study_results/v4p2_followups_20260806/pseudo65/gp_window_ensemble_20260806/runs/window_2p25eq2p5/draw_06/attempt_01/results_single.csv,1,1,1,1,single_attempt_outside_55_75MeV,False,,,,,,,window_2p25eq2p5,6
2021,0.115,0.002825821875,0.10864190078125,0.12135809921875,1123372222.1676126,1.64,0.110365652125,0.119634347875,0.00926869575,0.0,1.0,8000,0.000125,True,6528.86756110832,1.641104588958607e-06,0.4999026019832914,0.000244140625,-3870.414142933983,4991.036252214215,True,tilde_q_mu,asymptotic,default,sidak_approx,observed,7.89**2 * RBF(length_scale=0.317),0.026702851790388,0.3641297971416546,0.0986068152083701,0.3171420648467347,0.0242753198094436,62.21723284403316,1626.3914869778964,396,110,286,416,20,0.04,0.3,0.000625,1.0,1e-08,1e+18,False,False,False,False,12,1.1,15.0,13.06438256369992,9.4495877559119,128.85801485334406,112.2300268295342,study_results/v4p2_followups_20260806/pseudo65/gp_window_ensemble_20260806/runs/window_2p25eq2p5/draw_06/attempt_01/results_single.csv,1,1,1,1,single_attempt_outside_55_75MeV,False,,,,,,,window_2p25eq2p5,6
2021,0.116,0.002844284,0.109600361,0.122399639,1099793946.70252,1.64,0.11133537424,0.12066462576,0.0093292515199999,0.0,1.0,8000,0.000125,True,6488.672911510379,1.651606145332806e-06,0.5,0.0,-3946.896382123179,4979.708209392116,True,tilde_q_mu,asymptotic,default,sidak_approx,observed,7.82**2 * RBF(length_scale=0.316),0.0266462980375249,0.3633586096026131,0.0983979766355584,0.31606184575479,0.0242239073068408,61.09411345208922,1620.8653434725477,395,111,284,416,21,0.04,0.3,0.000625,1.0,1e-08,1e+18,False,False,False,False,12,1.1,15.0,13.04751713880335,9.368367588301648,127.75046711320428,111.12176060997776,study_results/v4p2_followups_20260806/pseudo65/gp_window_ensemble_20260806/runs/window_2p25eq2p5/draw_06/attempt_01/results_single.csv,1,1,1,1,single_attempt_outside_55_75MeV,False,,,,,,,window_2p25eq2p5,6
2021,0.117,0.002862917875,0.11055843478125,0.12344156521875,1076409135.485572,1.64,0.112304814685,0.121695185315,0.00939037063,0.0,1.0,8000,0.000125,True,6799.914109206194,1.7533156626284928e-06,0.5,0.0,-2724.6665469754507,4922.214616462505,True,tilde_q_mu,asymptotic,default,sidak_approx,observed,7.94**2 * RBF(length_scale=0.318),0.0265922843585697,0.3626220594350426,0.0981985179072823,0.3178022821015585,0.0241748039623361,62.985315899168185,1621.7136936998063,395,113,282,416,21,0.04,0.3,0.000625,1.0,1e-08,1e+18,False,False,False,False,12,1.1,15.0,13.146012790700912,9.288525036216694,126.66170503931852,111.0064263025912,study_results/v4p2_followups_20260806/pseudo65/gp_window_ensemble_20260806/runs/window_2p25eq2p5/draw_06/attempt_01/results_single.csv,1,1,1,1,single_attempt_outside_55_75MeV,False,,,,,,,window_2p25eq2p5,6
2021,0.118,0.0028817235,0.1115161221249999,0.124483877875,1053178929.4199272,1.64,0.11327397346,0.1227260265399999,0.0094520530799999,0.0,1.0,8000,0.000125,True,7267.786342133114,1.8990565812313752e-06,0.5,0.0,-1390.4079637905888,4874.222390479096,True,tilde_q_mu,asymptotic,default,sidak_approx,observed,7.95**2 * RBF(length_scale=0.318),0.0265407464728296,0.3619192700840412,0.0980082016513522,0.317821818664931,0.024127951338936,63.25496785779392,1622.913507685972,395,114,281,416,21,0.04,0.3,0.000625,1.0,1e-08,1e+18,False,False,False,False,12,1.1,15.0,13.17234995215078,9.21002534519002,125.59125470713664,110.28879719547383,study_results/v4p2_followups_20260806/pseudo65/gp_window_ensemble_20260806/runs/window_2p25eq2p5/draw_06/attempt_01/results_single.csv,1,1,1,1,single_attempt_outside_55_75MeV,False,,,,,,,window_2p25eq2p5,6
2021,0.119,0.002900700875,0.1124734230312499,0.12552657696875,1030627124.242168,1.64,0.114242850565,0.1237571494349999,0.0095142988699999,0.0,1.0,8000,0.000125,True,7851.356193792162,2.078816106570432e-06,0.5,0.0,-161.73374682525116,4830.756959944322,True,tilde_q_mu,asymptotic,default,sidak_approx,observed,7.94**2 * RBF(length_scale=0.318),0.0264916222438949,0.3612493942349304,0.0978267984138683,0.3178052280932026,0.0240832929489953,62.974126654679566,1625.3806827550277,395,116,279,416,21,0.04,0.3,0.000625,1.0,1e-08,1e+18,False,False,False,False,12,1.1,15.0,13.1960869622881,9.13283492007596,124.53865800103584,109.5615307432217,study_results/v4p2_followups_20260806/pseudo65/gp_window_ensemble_20260806/runs/window_2p25eq2p5/draw_06/attempt_01/results_single.csv,1,1,1,1,single_attempt_outside_55_75MeV,False,,,,,,,window_2p25eq2p5,6
2021,0.12,0.00291985,0.1134303374999999,0.1265696624999999,1008026180.837055,1.64,0.115211446,0.124788554,0.009577108,0.0,1.0,8000,0.000125,True,8454.282696865725,2.269570249442535e-06,0.4279765645634361,0.1815280360277021,851.5672814054578,4810.4534159294035,True,tilde_q_mu,asymptotic,default,sidak_approx,observed,7.92**2 * RBF(length_scale=0.318),0.0264448515909636,0.3606116126040493,0.0976540863317667,0.3177902679615848,0.0240407741736032,62.7937824469734,1620.2041362837083,394,117,277,416,22,0.04,0.3,0.000625,1.0,1e-08,1e+18,False,False,False,False,12,1.1,15.0,13.218803423997793,9.05692127710794,123.5034719605628,108.83787453519354,study_results/v4p2_followups_20260806/pseudo65/gp_window_ensemble_20260806/runs/window_2p25eq2p5/draw_06/attempt_01/results_single.csv,1,1,1,1,single_attempt_outside_55_75MeV,False,,,,,,,window_2p25eq2p5,6
2021,0.121,0.002939170875,0.1143868655312499,0.12761313446875,985440224.1699862,1.64,0.116179759765,0.125820240235,0.0096404804699999,0.0,1.0,8000,0.000125,True,8993.380613222263,2.4492168577548997e-06,0.3500657793088976,0.3851428820783673,1821.0731131844504,4736.054727703364,True,tilde_q_mu,asymptotic,default,sidak_approx,observed,7.97**2 * RBF(length_scale=0.318),0.0264003764045369,0.3600051327891407,0.0974898508215015,0.3183925231773915,0.0240003421859427,63.594792711570165,1624.4733292028686,395,119,276,416,21,0.04,0.3,0.000625,1.0,1e-08,1e+18,False,False,False,False,12,1.1,15.0,13.26616598674488,8.982252998317762,122.48526815887854,108.32732655510937,study_results/v4p2_followups_20260806/pseudo65/gp_window_ensemble_20260806/runs/window_2p25eq2p5/draw_06/attempt_01/results_single.csv,1,1,1,1,single_attempt_outside_55_75MeV,False,,,,,,,window_2p25eq2p5,6
2021,0.122,0.0029586635,0.115343007125,0.128656992875,963312661.4875358,1.64,0.11714779186,0.12685220814,0.00970441628,0.0,1.0,8000,0.000125,True,9463.493455187152,2.614835117375954e-06,0.2891804808528414,0.5557804354537559,2577.3602116290576,4694.278218531157,True,tilde_q_mu,asymptotic,default,sidak_approx,observed,7.93**2 * RBF(length_scale=0.318),0.0263581404662262,0.3594291881758127,0.0973338842829142,0.3176322652124569,0.0239619458783875,62.93373058199535,1625.3833686178575,395,121,274,416,21,0.04,0.3,0.000625,1.0,1e-08,1e+18,False,False,False,False,12,1.1,15.0,13.255695794678571,8.908799688178892,121.48363211153033,107.35667142020608,study_results/v4p2_followups_20260806/pseudo65/gp_window_ensemble_20260806/runs/window_2p25eq2p5/draw_06/attempt_01/results_single.csv,1,1,1,1,single_attempt_outside_55_75MeV,False,,,,,,,window_2p25eq2p5,6
2021,0.123,0.002978327875,0.11629876228125,0.12970123771875,941612336.1342888,1.64,0.118115542285,0.127884457715,0.00976891543,0.0,1.0,8000,0.000125,True,9308.539060426016,2.6099019777669554e-06,0.3025594351503514,0.5170534173312283,2403.4817099175784,4669.845342070758,True,tilde_q_mu,asymptotic,default,sidak_approx,observed,8**2 * RBF(length_scale=0.319),0.026318089372443,0.3588830368969509,0.0971859858174404,0.3187184102268622,0.02392553579313,64.01121951077897,1621.0213833560229,394,122,272,416,22,0.04,0.3,0.000625,1.0,1e-08,1e+18,False,False,False,False,12,1.1,15.0,13.321265320142947,8.836531932349143,120.49816271385194,107.01253307339852,study_results/v4p2_followups_20260806/pseudo65/gp_window_ensemble_20260806/runs/window_2p25eq2p5/draw_06/attempt_01/results_single.csv,1,1,1,1,single_attempt_outside_55_75MeV,False,,,,,,,window_2p25eq2p5,6
2021,0.124,0.002998164,0.117254131,0.130745869,920037116.668702,1.64,0.1190830110399999,0.12891698896,0.00983397792,0.0,1.0,8000,0.000125,True,8906.182123504417,2.5350379223707014e-06,0.3311432977648249,0.4367583664615176,2010.641919001791,4599.1337454839495,True,tilde_q_mu,asymptotic,default,sidak_approx,observed,7.99**2 * RBF(length_scale=0.318),0.0262801704617562,0.3583659608421308,0.0970459609598579,0.3183886659137381,0.023891064056142,63.77005386676163,1627.2639618517878,395,124,271,416,21,0.04,0.3,0.000625,1.0,1e-08,1e+18,False,False,False,False,12,1.1,15.0,13.326684201488504,8.765421258395557,119.52847170539395,106.19454636695592,study_results/v4p2_followups_20260806/pseudo65/gp_window_ensemble_20260806/runs/window_2p25eq2p5/draw_06/attempt_01/results_single.csv,1,1,1,1,single_attempt_outside_55_75MeV,False,,,,,,,window_2p25eq2p5,6
2021,0.125,0.003018171875,0.11820911328125,0.13179088671875,898531012.9433209,1.64,0.120050198125,0.129949801875,0.00989960375,0.0,1.0,8000,0.000125,True,8884.158693807074,2.5685802869355484e-06,0.3300381099966455,0.4398079351069283,2014.203634525427,4585.602943104073,True,tilde_q_mu,asymptotic,default,sidak_approx,observed,7.92**2 * RBF(length_scale=0.317),0.0262443327457108,0.3578772647142392,0.0969136214228183,0.3170596453468711,0.0238584843142826,62.71690129027772,1622.7083573415057,394,125,269,416,22,0.04,0.3,0.000625,1.0,1e-08,1e+18,False,False,False,False,12,1.1,15.0,13.289178020293056,8.695440098390975,118.57418315987692,105.05022857482928,study_results/v4p2_followups_20260806/pseudo65/gp_window_ensemble_20260806/runs/window_2p25eq2p5/draw_06/attempt_01/results_single.csv,1,1,1,1,single_attempt_outside_55_75MeV,False,,,,,,,window_2p25eq2p5,6
2021,0.126,0.0030383515,0.119163709125,0.132836290875,877660484.0400469,1.64,0.12101710354,0.13098289646,0.0099657929199999,0.0,1.0,8000,0.000125,True,8441.426852405635,2.4787840525852456e-06,0.3728902151511359,0.3242081789798235,1492.7638312168156,4539.083881248031,True,tilde_q_mu,asymptotic,default,sidak_approx,observed,7.89**2 * RBF(length_scale=0.317),0.0262105268429174,0.3574162751306931,0.0967887848534561,0.3169195719361641,0.0238277516753795,62.237539575375834,1621.7706431510196,394,127,267,416,22,0.04,0.3,0.000625,1.0,1e-08,1e+18,False,False,False,False,12,1.1,15.0,13.300439598907989,8.626561753278871,117.63493299925732,104.306421405214,study_results/v4p2_followups_20260806/pseudo65/gp_window_ensemble_20260806/runs/window_2p25eq2p5/draw_06/attempt_01/results_single.csv,1,1,1,1,single_attempt_outside_55_75MeV,False,,,,,,,window_2p25eq2p5,6
2021,0.127,0.003058702875,0.12011791853125,0.13388208146875,857126402.643784,1.64,0.121983727285,0.132016272715,0.0100325454299999,0.0,1.0,8000,0.000125,True,8510.023540985992,2.538645673977125e-06,0.3543342236023985,0.3736450033796352,1694.2245713554537,4491.59823878869,True,tilde_q_mu,asymptotic,default,sidak_approx,observed,7.89**2 * RBF(length_scale=0.317),0.0261787049162304,0.3569823397667782,0.0966712746014036,0.316953805867391,0.0237988226511185,62.19942104628555,1621.797390918221,394,128,266,416,22,0.04,0.3,0.000625,1.0,1e-08,1e+18,False,False,False,False,12,1.1,15.0,13.318045624097048,8.558760358908806,116.71036853057464,103.62360085969154,study_results/v4p2_followups_20260806/pseudo65/gp_window_ensemble_20260806/runs/window_2p25eq2p5/draw_06/attempt_01/results_single.csv,1,1,1,1,single_attempt_outside_55_75MeV,False,,,,,,,window_2p25eq2p5,6
2021,0.128,0.003079226,0.1210717415,0.1349282585,836870911.2847852,1.64,0.12295006936,0.13304993064,0.01009986128,0.0,1.0,8000,0.000125,True,8407.692154448308,2.548756120053489e-06,0.3510465228900041,0.3824966061510102,1680.0809552420717,4440.320969564881,True,tilde_q_mu,asymptotic,default,sidak_approx,observed,7.96**2 * RBF(length_scale=0.318),0.0261488206128557,0.3565748265389423,0.0965609194976257,0.3180579997939723,0.0237716551025961,63.40516959807182,1621.8912702075509,394,130,264,416,22,0.04,0.3,0.000625,1.0,1e-08,1e+18,False,False,False,False,12,1.1,15.0,13.379716238573415,8.492010853654708,115.80014800438238,103.291541378896,study_results/v4p2_followups_20260806/pseudo65/gp_window_ensemble_20260806/runs/window_2p25eq2p5/draw_06/attempt_01/results_single.csv,1,1,1,1,single_attempt_outside_55_75MeV,False,,,,,,,window_2p25eq2p5,6
2021,0.129,0.003099920875,0.12202517803125,0.13597482196875,816661383.882061,1.64,0.123916129765,0.134083870235,0.01016774047,0.0,1.0,8000,0.000125,True,8635.845866345579,2.6619081984800756e-06,0.3158905549284537,0.4792214307035301,2050.386767461937,4416.707216433174,True,tilde_q_mu,asymptotic,default,sidak_approx,observed,7.96**2 * RBF(length_scale=0.318),0.0261208290072193,0.3561931228257187,0.096457553643445,0.3178922217134482,0.0237462081883812,63.32088753950786,1616.850984625411,393,131,262,416,23,0.04,0.3,0.000625,1.0,1e-08,1e+18,False,False,False,False,12,1.1,15.0,13.387072967253328,8.426288947526562,114.90394019354402,102.54849543972576,study_results/v4p2_followups_20260806/pseudo65/gp_window_ensemble_20260806/runs/window_2p25eq2p5/draw_06/attempt_01/results_single.csv,1,1,1,1,single_attempt_outside_55_75MeV,False,,,,,,,window_2p25eq2p5,6
2021,0.13,0.0031207875,0.122978228125,0.137021771875,796778619.4646972,1.64,0.1248819085,0.1351180915,0.010236183,0.0,1.0,8000,0.000125,True,8426.85623599977,2.641827658766334e-06,0.332215691863961,0.4338031641124987,1915.5092607650824,4345.608188131493,True,tilde_q_mu,asymptotic,default,sidak_approx,observed,7.97**2 * RBF(length_scale=0.318),0.0260946865464589,0.3558366347244401,0.0963610162092589,0.3180757984758179,0.0237224423149626,63.50399681944399,1622.5119371843552,394,133,261,416,22,0.04,0.3,0.000625,1.0,1e-08,1e+18,False,False,False,False,12,1.1,15.0,13.4082230763902,8.36157109269982,114.0214239913612,101.92164589092268,study_results/v4p2_followups_20260806/pseudo65/gp_window_ensemble_20260806/runs/window_2p25eq2p5/draw_06/attempt_01/results_single.csv,1,1,1,1,single_attempt_outside_55_75MeV,False,,,,,,,window_2p25eq2p5,6
2021,0.131,0.003141825875,0.12393089178125,0.13806910821875,777717056.7816086,1.64,0.125847405565,0.136152594435,0.0103051888699999,0.0,1.0,8000,0.000125,True,7811.334544072027,2.4897299327202705e-06,0.3998090698816472,0.2538413331601095,1099.3964868125065,4317.349789756141,True,tilde_q_mu,asymptotic,default,sidak_approx,observed,8.02**2 * RBF(length_scale=0.319),0.0260703509983903,0.3555047863416871,0.0962711512423922,0.3190191133444676,0.0237003190894458,64.38390710861714,1615.9411188293952,393,134,259,416,23,0.04,0.3,0.000625,1.0,1e-08,1e+18,False,False,False,False,12,1.1,15.0,13.460540853499849,8.297834455383493,113.1522880279567,101.53939971115288,study_results/v4p2_followups_20260806/pseudo65/gp_window_ensemble_20260806/runs/window_2p25eq2p5/draw_06/attempt_01/results_single.csv,1,1,1,1,single_attempt_outside_55_75MeV,False,,,,,,,window_2p25eq2p5,6
2021,0.132,0.003163036,0.124883169,0.139116831,758729637.4451472,1.64,0.12681262096,0.13718737904,0.0103747580799999,0.0,1.0,8000,0.000125,True,6933.972204459161,2.2482315520537333e-06,0.5,0.0,-140.85582284011505,4266.156403607253,True,tilde_q_mu,asymptotic,default,sidak_approx,observed,8.11**2 * RBF(length_scale=0.32),0.0260477814018274,0.3551970191158293,0.0961878074836403,0.3203046512471222,0.0236798012743886,65.76650822359068,1615.417498563805,393,136,257,416,23,0.04,0.3,0.000625,1.0,1e-08,1e+18,False,False,False,False,12,1.1,15.0,13.526492369408285,8.235056888959685,112.2962303039957,101.26494015468754,study_results/v4p2_followups_20260806/pseudo65/gp_window_ensemble_20260806/runs/window_2p25eq2p5/draw_06/attempt_01/results_single.csv,1,1,1,1,single_attempt_outside_55_75MeV,False,,,,,,,window_2p25eq2p5,6
2021,0.133,0.003184417875,0.12583505978125,0.14016494021875,740120080.2932594,1.64,0.127777554685,0.138222445315,0.0104448906299999,0.0,1.0,8000,0.000125,True,6466.56471250564,2.1332400165825377e-06,0.5,0.0,-877.5732639691469,4226.260172305046,True,tilde_q_mu,asymptotic,default,sidak_approx,observed,8.01**2 * RBF(length_scale=0.319),0.0260269380191233,0.3549127911698635,0.0961108381920171,0.3187871524726964,0.0236608527446575,64.1767527609792,1612.3264806169636,393,137,256,416,23,0.04,0.3,0.000625,1.0,1e-08,1e+18,False,False,False,False,12,1.1,15.0,13.47318948784194,8.173216908325301,111.45295784079954,100.10845466463677,study_results/v4p2_followups_20260806/pseudo65/gp_window_ensemble_20260806/runs/window_2p25eq2p5/draw_06/attempt_01/results_single.csv,1,1,1,1,single_attempt_outside_55_75MeV,False,,,,,,,window_2p25eq2p5,6
2021,0.134,0.0032059715,0.126786564125,0.141213435875,721731213.3148873,1.64,0.12874220674,0.13925779326,0.01051558652,0.0,1.0,8000,0.000125,True,6072.99845176463,2.039120102368679e-06,0.4999311292015692,0.0001726334915006,-1598.266525463516,4188.011968366869,True,tilde_q_mu,asymptotic,default,sidak_approx,observed,7.94**2 * RBF(length_scale=0.318),0.0260077822908281,0.3546515766931113,0.0960401009773177,0.3177926079722274,0.0236434384462074,63.01444452422924,1614.0337116865958,393,139,254,416,23,0.04,0.3,0.000625,1.0,1e-08,1e+18,False,False,False,False,12,1.1,15.0,13.441048716127144,8.112293665376676,110.62218634604557,99.12521305077956,study_results/v4p2_followups_20260806/pseudo65/gp_window_ensemble_20260806/runs/window_2p25eq2p5/draw_06/attempt_01/results_single.csv,1,1,1,1,single_attempt_outside_55_75MeV,False,,,,,,,window_2p25eq2p5,6
2021,0.135,0.003227696875,0.12773768203125,0.14226231796875,703839749.1336825,1.64,0.129706577125,0.140293422875,0.01058684575,0.0,1.0,8000,0.000125,True,5651.777165664009,1.9315119267098732e-06,0.5,0.0,-2591.025064934617,4161.610926582994,True,tilde_q_mu,asymptotic,default,sidak_approx,observed,7.99**2 * RBF(length_scale=0.318),0.025990276792342,0.3544128653501188,0.0959754576400479,0.3184187483159408,0.0236275243566745,63.79244508887192,1608.835342095037,392,140,252,416,24,0.04,0.3,0.000625,1.0,1e-08,1e+18,False,False,False,False,12,1.1,15.0,13.476602267303983,8.052266925574306,109.80363989419509,98.65199882375596,study_results/v4p2_followups_20260806/pseudo65/gp_window_ensemble_20260806/runs/window_2p25eq2p5/draw_06/attempt_01/results_single.csv,1,1,1,1,single_attempt_outside_55_75MeV,False,,,,,,,window_2p25eq2p5,6
2021,0.136,0.003249594,0.1286884135,0.1433115865,686424779.2721932,1.64,0.13067066584,0.14132933416,0.01065866832,0.0,1.0,8000,0.000125,True,5371.050760985649,1.8683030285214567e-06,0.5,0.0,-3121.5232676607775,4093.52679934834,True,tilde_q_mu,asymptotic,default,sidak_approx,observed,8.07**2 * RBF(length_scale=0.32),0.0259743851924713,0.3541961617155187,0.0959167740183841,0.3195556992120914,0.0236130774477012,65.16253725315715,1614.16429618571,393,142,251,416,23,0.04,0.3,0.000625,1.0,1e-08,1e+18,False,False,False,False,12,1.1,15.0,13.53299670150366,7.993117045535957,108.99705062094486,98.3371151017916,study_results/v4p2_followups_20260806/pseudo65/gp_window_ensemble_20260806/runs/window_2p25eq2p5/draw_06/attempt_01/results_single.csv,1,1,1,1,single_attempt_outside_55_75MeV,False,,,,,,,window_2p25eq2p5,6
2021,0.137,0.003271662875,0.12963875853125,0.14436124146875,669116428.5880822,1.64,0.131634472885,0.142365527115,0.0107310542299999,0.0,1.0,8000,0.000125,True,5389.647878311011,1.9092291396284567e-06,0.4999311292015692,0.0001726334915006,-2958.3124181430835,4072.775431598746,True,tilde_q_mu,asymptotic,default,sidak_approx,observed,8.05**2 * RBF(length_scale=0.319),0.0259600722137896,0.3540009847334957,0.0958639198417955,0.3192059954556002,0.0236000656488997,64.82465211006782,1610.1554549574837,392,143,249,416,24,0.04,0.3,0.000625,1.0,1e-08,1e+18,False,False,False,False,12,1.1,15.0,13.525640148822308,7.93482495160498,108.20215843097698,97.5668972175503,study_results/v4p2_followups_20260806/pseudo65/gp_window_ensemble_20260806/runs/window_2p25eq2p5/draw_06/attempt_01/results_single.csv,1,1,1,1,single_attempt_outside_55_75MeV,False,,,,,,,window_2p25eq2p5,6
2021,0.138,0.0032939035,0.130588717125,0.145411282875,652262296.7982231,1.64,0.13259799826,0.14340200174,0.0108040034799999,0.0,1.0,8000,0.000125,True,5562.995254559457,2.006907009056414e-06,0.5,0.0,-2266.444384564348,4034.181096883345,True,tilde_q_mu,asymptotic,default,sidak_approx,observed,8**2 * RBF(length_scale=0.319),0.0259473035947063,0.3538268672005407,0.095816768590974,0.3186508969577575,0.0235884578133693,64.00229413408422,1609.3205656960404,392,145,247,416,24,0.04,0.3,0.000625,1.0,1e-08,1e+18,False,False,False,False,12,1.1,15.0,13.508763458760484,7.877372119342997,107.41871071831358,96.7395969425812,study_results/v4p2_followups_20260806/pseudo65/gp_window_ensemble_20260806/runs/window_2p25eq2p5/draw_06/attempt_01/results_single.csv,1,1,1,1,single_attempt_outside_55_75MeV,False,,,,,,,window_2p25eq2p5,6
2021,0.139,0.003316315875,0.13153828928125,0.14646171071875,635785521.2448627,1.64,0.133561241965,0.144438758035,0.0108775160699999,0.0,1.0,8000,0.000125,True,5666.491813394145,2.0821343738619585e-06,0.5,0.0,-1810.7474765085803,3989.972758203673,True,tilde_q_mu,asymptotic,default,sidak_approx,observed,8.01**2 * RBF(length_scale=0.319),0.0259360460531648,0.3536733552704296,0.0957751973637809,0.3188276249610552,0.0235782236846953,64.23918730460638,1609.4565036439371,392,146,246,416,24,0.04,0.3,0.000625,1.0,1e-08,1e+18,False,False,False,False,12,1.1,15.0,13.522122328833747,7.820740553903008,106.64646209867738,96.13910042904315,study_results/v4p2_followups_20260806/pseudo65/gp_window_ensemble_20260806/runs/window_2p25eq2p5/draw_06/attempt_01/results_single.csv,1,1,1,1,single_attempt_outside_55_75MeV,False,,,,,,,window_2p25eq2p5,6
2021,0.14,0.0033389,0.132487475,0.147512525,619834689.867921,1.64,0.134524204,0.145475796,0.010951592,0.0,1.0,8000,0.000125,True,5843.956068415522,2.186869917167933e-06,0.5,0.0,-1229.0150324836725,3948.881657330946,True,tilde_q_mu,asymptotic,default,sidak_approx,observed,8.08**2 * RBF(length_scale=0.32),0.0259262672518869,0.3535400079802764,0.0957390867469023,0.3196955592090798,0.0235693338653517,65.29805421045909,1609.1852961668155,392,148,244,416,24,0.04,0.3,0.000625,1.0,1e-08,1e+18,False,False,False,False,12,1.1,15.0,13.564047292785402,7.764912771238112,105.88517415324698,95.74876732129736,study_results/v4p2_followups_20260806/pseudo65/gp_window_ensemble_20260806/runs/window_2p25eq2p5/draw_06/attempt_01/results_single.csv,1,1,1,1,single_attempt_outside_55_75MeV,False,,,,,,,window_2p25eq2p5,6
2021,0.141,0.003361655875,0.13343627428125,0.1485637257187499,604132627.2786524,1.64,0.1354868843649999,0.146513115635,0.01102623127,0.0,1.0,8000,0.000125,True,5886.287560116472,2.243933554703078e-06,0.5,0.0,-1079.7156057787845,3930.0058751884912,True,tilde_q_mu,asymptotic,default,sidak_approx,observed,8.03**2 * RBF(length_scale=0.319),0.0259179357650831,0.3534263967965889,0.0957083206929198,0.3188455658619616,0.0235617597864392,64.48596275364801,1606.3821310197632,391,149,242,416,25,0.04,0.3,0.000625,1.0,1e-08,1e+18,False,False,False,False,12,1.1,15.0,13.53233242134444,7.709871780103963,105.13461518323584,94.84777077664492,study_results/v4p2_followups_20260806/pseudo65/gp_window_ensemble_20260806/runs/window_2p25eq2p5/draw_06/attempt_01/results_single.csv,1,1,1,1,single_attempt_outside_55_75MeV,False,,,,,,,window_2p25eq2p5,6
2021,0.142,0.0033845835,0.1343846871249999,0.149615312875,588792286.6909375,1.64,0.1364492830599999,0.14755071694,0.01110143388,0.0,1.0,8000,0.000125,True,6018.603956070323,2.3375732669242553e-06,0.5,0.0,-619.2224200810851,3871.603441869844,True,tilde_q_mu,asymptotic,default,sidak_approx,observed,8**2 * RBF(length_scale=0.319),0.0259110210465671,0.3533321051804605,0.0956827864025644,0.318610937296747,0.0235554736786973,64.04910872420378,1611.435582154806,392,151,241,416,24,0.04,0.3,0.000625,1.0,1e-08,1e+18,False,False,False,False,12,1.1,15.0,13.525983032338086,7.6556010648184945,104.39455997479764,94.13593645916755,study_results/v4p2_followups_20260806/pseudo65/gp_window_ensemble_20260806/runs/window_2p25eq2p5/draw_06/attempt_01/results_single.csv,1,1,1,1,single_attempt_outside_55_75MeV,False,,,,,,,window_2p25eq2p5,6
2021,0.143,0.003407682875,0.1353327135312499,0.15066728646875,573696429.0826498,1.64,0.137411400085,0.1485885999149999,0.0111771998299999,0.0,1.0,8000,0.000125,True,6237.456912798736,2.4689329544859353e-06,0.4980814889422384,0.0048090125985332,-103.78243439565976,3830.5183937751026,True,tilde_q_mu,asymptotic,default,sidak_approx,observed,8.03**2 * RBF(length_scale=0.319),0.025905493399191,0.3532567281707865,0.0956623742118505,0.3190354310836916,0.0235504485447191,64.40738289771198,1612.0824282670487,392,153,239,416,24,0.04,0.3,0.000625,1.0,1e-08,1e+18,False,False,False,False,12,1.1,15.0,13.546894042289116,7.602084568738228,103.66478957370308,93.62239468474355,study_results/v4p2_followups_20260806/pseudo65/gp_window_ensemble_20260806/runs/window_2p25eq2p5/draw_06/attempt_01/results_single.csv,1,1,1,1,single_attempt_outside_55_75MeV,False,,,,,,,window_2p25eq2p5,6
2021,0.144,0.003430954,0.1362803534999999,0.1517196465,559083772.4170778,1.64,0.13837323544,0.14962676456,0.0112535291199999,0.0,1.0,8000,0.000125,True,6319.754591838333,2.5490641034600323e-06,0.4914000847849459,0.0215584604653511,85.1840735754468,3810.189638896831,True,tilde_q_mu,asymptotic,default,sidak_approx,observed,7.99**2 * RBF(length_scale=0.319),0.0259013239455544,0.3531998719848339,0.0956469774839098,0.3186298914711181,0.0235466581323222,63.87880752009339,1606.9126949234883,391,154,237,416,25,0.04,0.3,0.000625,1.0,1e-08,1e+18,False,False,False,False,12,1.1,15.0,13.531851937568076,7.5493066784207805,102.94509106937429,92.86918200334895,study_results/v4p2_followups_20260806/pseudo65/gp_window_ensemble_20260806/runs/window_2p25eq2p5/draw_06/attempt_01/results_single.csv,1,1,1,1,single_attempt_outside_55_75MeV,False,,,,,,,window_2p25eq2p5,6
2021,0.145,0.003454396875,0.1372276070312499,0.15277239296875,544779001.7566646,1.64,0.139334789125,0.1506652108749999,0.0113304217499999,0.0,1.0,8000,0.000125,True,6440.34481466693,2.6475287218880005e-06,0.4537714519679363,0.11613833940675,435.27126602642534,3749.036138245071,True,tilde_q_mu,asymptotic,default,sidak_approx,observed,8.01**2 * RBF(length_scale=0.319),0.0258984845999115,0.3531611536351575,0.095636492505252,0.31898083124465,0.0235440769090105,64.21549931102888,1612.8382795496077,392,156,236,416,24,0.04,0.3,0.000625,1.0,1e-08,1e+18,False,False,False,False,12,1.1,15.0,13.548241134167109,7.49725220843698,102.235257387777,92.3405279668828,study_results/v4p2_followups_20260806/pseudo65/gp_window_ensemble_20260806/runs/window_2p25eq2p5/draw_06/attempt_01/results_single.csv,1,1,1,1,single_attempt_outside_55_75MeV,False,,,,,,,window_2p25eq2p5,6
2021,0.146,0.0034780115,0.138174474125,0.1538255258749999,530723198.11642635,1.64,0.1402960611399999,0.15170393886,0.01140787772,0.0,1.0,8000,0.000125,True,6374.711204365145,2.6715266422234363e-06,0.4587773886717519,0.1035143294343306,385.58943820144174,3729.0020818905314,True,tilde_q_mu,asymptotic,default,sidak_approx,observed,7.99**2 * RBF(length_scale=0.319),0.0258969480412312,0.3531402005622441,0.0956308183862839,0.3186128315746462,0.0235426800374829,63.8621214006256,1607.7322693101733,391,157,234,416,25,0.04,0.3,0.000625,1.0,1e-08,1e+18,False,False,False,False,12,1.1,15.0,13.533413828305616,7.445906386805,101.53508709279544,91.60775678132352,study_results/v4p2_followups_20260806/pseudo65/gp_window_ensemble_20260806/runs/window_2p25eq2p5/draw_06/attempt_01/results_single.csv,1,1,1,1,single_attempt_outside_55_75MeV,False,,,,,,,window_2p25eq2p5,6
2021,0.147,0.0035017978749999,0.13912095478125,0.1548790452187499,517058895.8195766,1.64,0.141257051485,0.1527429485149999,0.0114858970299999,0.0,1.0,8000,0.000125,True,6274.131278943178,2.68050223982714e-06,0.4634580989230179,0.0917254230729683,326.5997959570758,3690.116243486836,True,tilde_q_mu,asymptotic,default,sidak_approx,observed,7.97**2 * RBF(length_scale=0.318),0.025896687687343,0.353136650281951,0.0956298569658356,0.3183666651105298,0.02354244335213,63.56529712074072,1608.8890046926526,391,159,232,416,25,0.04,0.3,0.000625,1.0,1e-08,1e+18,False,False,False,False,12,1.1,15.0,13.523093603694482,7.3952548410130845,100.84438419563295,90.91520312563154,study_results/v4p2_followups_20260806/pseudo65/gp_window_ensemble_20260806/runs/window_2p25eq2p5/draw_06/attempt_01/results_single.csv,1,1,1,1,single_attempt_outside_55_75MeV,False,,,,,,,window_2p25eq2p5,6
2021,0.148,0.0035257559999999,0.140067049,0.155932951,503681799.08701915,1.64,0.1422177601599999,0.15378223984,0.01156447968,0.0,1.0,8000,0.000125,True,6031.778686413476,2.6275279677321793e-06,0.4965113459040612,0.0087448704534044,43.25268562209689,3650.127453961588,True,tilde_q_mu,asymptotic,default,sidak_approx,observed,7.94**2 * RBF(length_scale=0.318),0.0258976776701328,0.3531501500472667,0.0956335127195648,0.3178988724671018,0.0235433433364844,63.045588226508826,1609.4885406149783,391,160,231,416,25,0.04,0.3,0.000625,1.0,1e-08,1e+18,False,False,False,False,12,1.1,15.0,13.502707237610684,7.345283584607923,100.16295797192622,90.16473983653486,study_results/v4p2_followups_20260806/pseudo65/gp_window_ensemble_20260806/runs/window_2p25eq2p5/draw_06/attempt_01/results_single.csv,1,1,1,1,single_attempt_outside_55_75MeV,False,,,,,,,window_2p25eq2p5,6
2021,0.149,0.003549885875,0.14101275678125,0.15698724321875,490644352.2917579,1.64,0.143178187165,0.154821812835,0.0116436256699999,0.0,1.0,8000,0.000125,True,5786.703893821308,2.570384594067401e-06,0.5,0.0,-264.99082388783665,3612.7640972146937,True,tilde_q_mu,asymptotic,default,sidak_approx,observed,7.93**2 * RBF(length_scale=0.318),0.0258998928117245,0.353180356523517,0.0956416926720024,0.3176369182579092,0.0235453571015678,62.82001565608405,1608.421826022689,391,162,229,416,25,0.04,0.3,0.000625,1.0,1e-08,1e+18,False,False,False,False,12,1.1,15.0,13.49042687642053,7.295979004317872,99.49062278615278,89.47806477240883,study_results/v4p2_followups_20260806/pseudo65/gp_window_ensemble_20260806/runs/window_2p25eq2p5/draw_06/attempt_01/results_single.csv,1,1,1,1,single_attempt_outside_55_75MeV,False,,,,,,,window_2p25eq2p5,6
2021,0.15,0.0035741875,0.141958078125,0.158041921875,477946931.2512179,1.64,0.1441383325,0.1558616675,0.011723335,0.0,1.0,8000,0.000125,True,5668.404687905002,2.5674963451694317e-06,0.5,0.0,-402.7704359258851,3587.940311576824,True,tilde_q_mu,asymptotic,default,sidak_approx,observed,7.95**2 * RBF(length_scale=0.318),0.0259033086016125,0.3532269354765349,0.0956543063121079,0.3180725698661091,0.0235484623651023,63.26682511487647,1603.5754867737055,390,163,227,416,26,0.04,0.3,0.000625,1.0,1e-08,1e+18,False,False,False,False,12,1.1,15.0,13.507148149828971,7.247327847689178,98.82719792303423,88.99157357192625,study_results/v4p2_followups_20260806/pseudo65/gp_window_ensemble_20260806/runs/window_2p25eq2p5/draw_06/attempt_01/results_single.csv,1,1,1,1,single_attempt_outside_55_75MeV,False,,,,,,,window_2p25eq2p5,6
2021,0.151,0.003598660875,0.14290301303125,0.15909698696875,465470649.96646106,1.64,0.145098196165,0.156901803835,0.0118036076699999,0.0,1.0,8000,0.000125,True,5649.987597481901,2.610346544777618e-06,0.4999311292015692,0.0001726334915006,-306.100979171399,3543.858143618264,True,tilde_q_mu,asymptotic,default,sidak_approx,observed,8.04**2 * RBF(length_scale=0.319),0.0259079011746969,0.3532895614731401,0.0956712655121596,0.3193095446552488,0.0235526374315426,64.68818395575897,1604.7453589325198,390,165,225,416,26,0.04,0.3,0.000625,1.0,1e-08,1e+18,False,False,False,False,12,1.1,15.0,13.55727338746429,7.199317211210392,98.17250742559624,88.73010148677842,study_results/v4p2_followups_20260806/pseudo65/gp_window_ensemble_20260806/runs/window_2p25eq2p5/draw_06/attempt_01/results_single.csv,1,1,1,1,single_attempt_outside_55_75MeV,False,,,,,,,window_2p25eq2p5,6
2021,0.152,0.003623306,0.1438475615,0.1601524385,453362715.5960102,1.64,0.1460577781599999,0.15794222184,0.01188444368,0.0,1.0,8000,0.000125,True,5361.531347670839,2.5265004657975092e-06,0.5,0.0,-739.3502339557112,3508.2376576040524,True,tilde_q_mu,asymptotic,default,sidak_approx,observed,7.98**2 * RBF(length_scale=0.318),0.0259136472901786,0.3533679175933457,0.0956924844498192,0.3184737268809788,0.0235578611728897,63.728226055129525,1605.0833331493948,390,166,224,416,26,0.04,0.3,0.000625,1.0,1e-08,1e+18,False,False,False,False,12,1.1,15.0,13.518787828135988,7.151934528902247,97.5263799395761,87.8958958699538,study_results/v4p2_followups_20260806/pseudo65/gp_window_ensemble_20260806/runs/window_2p25eq2p5/draw_06/attempt_01/results_single.csv,1,1,1,1,single_attempt_outside_55_75MeV,False,,,,,,,window_2p25eq2p5,6
2021,0.153,0.003648122875,0.14479172353125,0.16120827646875,441644549.5313737,1.64,0.147017078485,0.158982921515,0.0119658430299999,0.0,1.0,8000,0.000125,True,5383.882353528264,2.5873261472985468e-06,0.5,0.0,-573.4188899424764,3469.805670110557,True,tilde_q_mu,asymptotic,default,sidak_approx,observed,8.02**2 * RBF(length_scale=0.319),0.0259205243112793,0.3534616951538094,0.0957178795332425,0.3189600958618021,0.0235641130102539,64.30205450965526,1604.1942497400685,390,168,222,416,26,0.04,0.3,0.000625,1.0,1e-08,1e+18,False,False,False,False,12,1.1,15.0,13.535841375527529,7.105167561352867,96.88864856390272,87.43129187001469,study_results/v4p2_followups_20260806/pseudo65/gp_window_ensemble_20260806/runs/window_2p25eq2p5/draw_06/attempt_01/results_single.csv,1,1,1,1,single_attempt_outside_55_75MeV,False,,,,,,,window_2p25eq2p5,6
2021,0.154,0.0036731115,0.145735499125,0.162264500875,430164399.9517347,1.64,0.1479760971399999,0.16002390286,0.01204780572,0.0,1.0,8000,0.000125,True,5622.546002653602,2.7561176542666384e-06,0.5,0.0,-85.69988185259716,3447.0587364699054,True,tilde_q_mu,asymptotic,default,sidak_approx,observed,8.05**2 * RBF(length_scale=0.319),0.0259285101857464,0.3535705934419964,0.0957473693290902,0.3192327028879231,0.023571372896133,64.75085891311848,1601.18077018935,389,169,220,416,27,0.04,0.3,0.000625,1.0,1e-08,1e+18,False,False,False,False,12,1.1,15.0,13.543237565949903,7.0590043851776345,96.25915070696774,86.9107030614026,study_results/v4p2_followups_20260806/pseudo65/gp_window_ensemble_20260806/runs/window_2p25eq2p5/draw_06/attempt_01/results_single.csv,1,1,1,1,single_attempt_outside_55_75MeV,False,,,,,,,window_2p25eq2p5,6
2021,0.155,0.003698271875,0.14667888828125,0.16332111171875,419006242.6242384,1.64,0.148934834125,0.161065165875,0.01213033175,0.0,1.0,8000,0.000125,True,5945.763280560001,2.9728660750005334e-06,0.4341050044859101,0.1659325784646644,563.3173628233822,3397.434771274081,True,tilde_q_mu,asymptotic,default,sidak_approx,observed,8.02**2 * RBF(length_scale=0.319),0.0259375834271065,0.3536943194605435,0.0957808744933012,0.3188163200939358,0.0235796212973695,64.30568474844675,1606.517837226814,390,171,219,416,26,0.04,0.3,0.000625,1.0,1e-08,1e+18,False,False,False,False,12,1.1,15.0,13.520841411032396,7.01343338288414,95.63772794842008,86.2068368334699,study_results/v4p2_followups_20260806/pseudo65/gp_window_ensemble_20260806/runs/window_2p25eq2p5/draw_06/attempt_01/results_single.csv,1,1,1,1,single_attempt_outside_55_75MeV,False,,,,,,,window_2p25eq2p5,6
2021,0.156,0.003723604,0.147621891,0.164378109,408018948.64312065,1.64,0.14989328944,0.16210671056,0.01221342112,0.0,1.0,8000,0.000125,True,6579.27596516309,3.35654979450031e-06,0.3217006288806343,0.4629485339547649,1536.526718053748,3377.3495895318083,True,tilde_q_mu,asymptotic,default,sidak_approx,observed,8.02**2 * RBF(length_scale=0.319),0.0259477230966391,0.353832587681443,0.0958183177045254,0.3188721169131529,0.0235888391787628,64.37105028133205,1602.5108524193345,389,172,217,416,27,0.04,0.3,0.000625,1.0,1e-08,1e+18,False,False,False,False,12,1.1,15.0,13.517923221937725,6.968443233125529,95.0242259062572,85.6353460016567,study_results/v4p2_followups_20260806/pseudo65/gp_window_ensemble_20260806/runs/window_2p25eq2p5/draw_06/attempt_01/results_single.csv,1,1,1,1,single_attempt_outside_55_75MeV,False,,,,,,,window_2p25eq2p5,6
2021,0.157,0.003749107875,0.14856450728125,0.16543549271875,397354285.67265946,1.64,0.150851463085,0.163148536915,0.01229707383,0.0,1.0,8000,0.000125,True,7315.659814405313,3.807990623271907e-06,0.2202799277649603,0.7712481559595354,2576.247080338802,3340.5800110919813,True,tilde_q_mu,asymptotic,default,sidak_approx,observed,8.09**2 * RBF(length_scale=0.32),0.0259589087860322,0.3539851198095312,0.0958596236000764,0.3198119260665908,0.023599007987302,65.4493303584606,1601.200494128653,389,174,215,416,27,0.04,0.3,0.000625,1.0,1e-08,1e+18,False,False,False,False,12,1.1,15.0,13.551922446853364,6.924022901323501,94.41849410895684,85.30347398088428,study_results/v4p2_followups_20260806/pseudo65/gp_window_ensemble_20260806/runs/window_2p25eq2p5/draw_06/attempt_01/results_single.csv,1,1,1,1,single_attempt_outside_55_75MeV,False,,,,,,,window_2p25eq2p5,6
2021,0.158,0.0037747835,0.149506737125,0.166493262875,387039666.85970527,1.64,0.15180935506,0.16419064494,0.0123812898799999,0.0,1.0,8000,0.000125,True,7863.980498148027,4.175897073260906e-06,0.1585077360352763,1.0006098377858912,3308.5400297815613,3306.6864178581923,True,tilde_q_mu,asymptotic,default,sidak_approx,observed,8.07**2 * RBF(length_scale=0.319),0.0259711206006934,0.3541516445549109,0.0959047187143026,0.3194780376879763,0.023610109636994,65.05088628576038,1601.2200177176808,389,175,214,416,27,0.04,0.3,0.000625,1.0,1e-08,1e+18,False,False,False,False,12,1.1,15.0,13.531408477129416,6.880161630645431,93.82038587243768,84.63479764812375,study_results/v4p2_followups_20260806/pseudo65/gp_window_ensemble_20260806/runs/window_2p25eq2p5/draw_06/attempt_01/results_single.csv,1,1,1,1,single_attempt_outside_55_75MeV,False,,,,,,,window_2p25eq2p5,6
2021,0.159,0.003800630875,0.15044858053125,0.16755141946875,376812670.72105056,1.64,0.152766965365,0.165233034635,0.0124660692699999,0.0,1.0,8000,0.000125,True,8339.880184217309,4.52019438114252e-06,0.1167459660585515,1.1914118782285734,3907.718559746107,3278.0389032299036,True,tilde_q_mu,asymptotic,default,sidak_approx,observed,8**2 * RBF(length_scale=0.319),0.0259843391436889,0.3543318974139398,0.0959535314192792,0.3186376468747991,0.0236221264942626,64.07342710155949,1600.92753883335,389,177,212,416,27,0.04,0.3,0.000625,1.0,1e-08,1e+18,False,False,False,False,12,1.1,15.0,13.488948463305787,6.836848933320556,93.22975818164392,83.83809355724374,study_results/v4p2_followups_20260806/pseudo65/gp_window_ensemble_20260806/runs/window_2p25eq2p5/draw_06/attempt_01/results_single.csv,1,1,1,1,single_attempt_outside_55_75MeV,False,,,,,,,window_2p25eq2p5,6
2021,0.16,0.00382665,0.1513900375,0.1686099625,367005424.0565123,1.64,0.153724294,0.166275706,0.0125514119999999,0.0,1.0,8000,0.000125,True,8519.49562325207,4.711306304403057e-06,0.1015342712833528,1.272857697843639,4147.533701268809,3258.1812057756,True,tilde_q_mu,asymptotic,default,sidak_approx,observed,8.03**2 * RBF(length_scale=0.319),0.0259985455002782,0.3545256204583391,0.0960059918676979,0.3190719964263805,0.0236350413638892,64.53955093498438,1596.1836088832697,388,178,210,416,28,0.04,0.3,0.000625,1.0,1e-08,1e+18,False,False,False,False,12,1.1,15.0,13.499955067304162,6.7940745822790705,92.64647157653278,83.3815468951643,study_results/v4p2_followups_20260806/pseudo65/gp_window_ensemble_20260806/runs/window_2p25eq2p5/draw_06/attempt_01/results_single.csv,1,1,1,1,single_attempt_outside_55_75MeV,False,,,,,,,window_2p25eq2p5,6
2021,0.161,0.003852840875,0.15233110803125,0.16966889196875,357410945.39902496,1.64,0.154681340965,0.167318659035,0.01263731807,0.0,1.0,8000,0.000125,True,8137.361787115693,4.5920839914112935e-06,0.1188580706244972,1.1807145454209305,3792.1228750795262,3212.7905993819154,True,tilde_q_mu,asymptotic,default,sidak_approx,observed,8**2 * RBF(length_scale=0.319),0.0260137212230255,0.3547325621321662,0.0960620319378876,0.3187297909738983,0.0236488374754777,64.07762369305702,1601.4553763313977,389,180,209,416,27,0.04,0.3,0.000625,1.0,1e-08,1e+18,False,False,False,False,12,1.1,15.0,13.477609261106377,6.751828603101996,92.07039004229992,82.72591610051852,study_results/v4p2_followups_20260806/pseudo65/gp_window_ensemble_20260806/runs/window_2p25eq2p5/draw_06/attempt_01/results_single.csv,1,1,1,1,single_attempt_outside_55_75MeV,False,,,,,,,window_2p25eq2p5,6
2021,0.162,0.0038792035,0.153271792125,0.170728207875,348034765.9525295,1.64,0.15563810626,0.16836189374,0.01272378748,0.0,1.0,8000,0.000125,True,7702.065940417376,4.435979303543267e-06,0.1495435488893953,1.0383930631182146,3318.112906421283,3194.8695328639797,True,tilde_q_mu,asymptotic,default,sidak_approx,observed,8.01**2 * RBF(length_scale=0.319),0.0260298483174566,0.3549524770562273,0.0961215851808485,0.3187973719450593,0.0236634984704151,64.1707977427244,1596.701630111773,388,181,207,416,28,0.04,0.3,0.000625,1.0,1e-08,1e+18,False,False,False,False,12,1.1,15.0,13.472114968276127,6.710101266266818,91.50138090363842,82.18114155265619,study_results/v4p2_followups_20260806/pseudo65/gp_window_ensemble_20260806/runs/window_2p25eq2p5/draw_06/attempt_01/results_single.csv,1,1,1,1,single_attempt_outside_55_75MeV,False,,,,,,,window_2p25eq2p5,6
2021,0.163,0.003905737875,0.15421208978125,0.17178791021875,338899709.6922806,1.64,0.156594589885,0.169405410115,0.01281082023,0.0,1.0,8000,0.000125,True,7027.735338625481,4.131202835140253e-06,0.2077120187907304,0.8143856834829212,2568.684110672471,3163.40502794184,True,tilde_q_mu,asymptotic,default,sidak_approx,observed,8.04**2 * RBF(length_scale=0.319),0.0260469092282431,0.3551851258396787,0.0961845867692335,0.3190811636154539,0.0236790083893119,64.59997634062192,1596.9748141098346,388,183,205,416,28,0.04,0.3,0.000625,1.0,1e-08,1e+18,False,False,False,False,12,1.1,15.0,13.475275584575527,6.668883079677514,90.93931472287518,81.69548849087931,study_results/v4p2_followups_20260806/pseudo65/gp_window_ensemble_20260806/runs/window_2p25eq2p5/draw_06/attempt_01/results_single.csv,1,1,1,1,single_attempt_outside_55_75MeV,False,,,,,,,window_2p25eq2p5,6
2021,0.164,0.003932444,0.155152001,0.172847999,329984866.4340829,1.64,0.15755079184,0.17044920816,0.0128984163199999,0.0,1.0,8000,0.000125,True,6207.558007148411,3.7247989617238666e-06,0.3130316569606825,0.4872752087072468,1532.4348211133088,3145.687700622242,True,tilde_q_mu,asymptotic,default,sidak_approx,observed,8.01**2 * RBF(length_scale=0.319),0.0260648868258862,0.3554302748984483,0.096250973448177,0.3187265283234883,0.0236953516598965,64.17160632601937,1592.1118387204522,387,184,203,416,29,0.04,0.3,0.000625,1.0,1e-08,1e+18,False,False,False,False,12,1.1,15.0,13.451014903607458,6.6281647814657285,90.38406520180536,81.05049387187415,study_results/v4p2_followups_20260806/pseudo65/gp_window_ensemble_20260806/runs/window_2p25eq2p5/draw_06/attempt_01/results_single.csv,1,1,1,1,single_attempt_outside_55_75MeV,False,,,,,,,window_2p25eq2p5,6
2021,0.165,0.003959321875,0.15609152578125,0.17390847421875,321257494.71634173,1.64,0.158506712125,0.171493287875,0.01298657575,0.0,1.0,8000,0.000125,True,5516.095287517037,3.3792044572137498e-06,0.4177129662996197,0.2077477490501704,645.1028694408457,3101.602261767373,True,tilde_q_mu,asymptotic,default,sidak_approx,observed,8**2 * RBF(length_scale=0.318),0.0260837643938859,0.3556876962802624,0.0963206834879114,0.3184927607333719,0.0237125130853508,63.93434005767555,1597.5245995771486,388,186,202,416,28,0.04,0.3,0.000625,1.0,1e-08,1e+18,False,False,False,False,12,1.1,15.0,13.431421612166918,6.587937333053001,89.83550908708638,80.44123988615397,study_results/v4p2_followups_20260806/pseudo65/gp_window_ensemble_20260806/runs/window_2p25eq2p5/draw_06/attempt_01/results_single.csv,1,1,1,1,single_attempt_outside_55_75MeV,False,,,,,,,window_2p25eq2p5,6
2021,0.166,0.0039863715,0.157030664125,0.174969335875,312800005.7109213,1.64,0.15946235074,0.17253764926,0.01307529852,0.0,1.0,8000,0.000125,True,4820.392139773722,3.0145844270379613e-06,0.5,0.0,-433.8746073040947,3081.3947986018347,True,tilde_q_mu,asymptotic,default,sidak_approx,observed,8.03**2 * RBF(length_scale=0.319),0.0261035256163684,0.3559571674959338,0.09639365663808,0.3189833341051272,0.0237304778330622,64.47876336959926,1594.6671782870474,387,187,200,416,29,0.04,0.3,0.000625,1.0,1e-08,1e+18,False,False,False,False,12,1.1,15.0,13.441926300392772,6.548191912461868,89.29352607902545,80.01846644376401,study_results/v4p2_followups_20260806/pseudo65/gp_window_ensemble_20260806/runs/window_2p25eq2p5/draw_06/attempt_01/results_single.csv,1,1,1,1,single_attempt_outside_55_75MeV,False,,,,,,,window_2p25eq2p5,6
2021,0.167,0.004013592875,0.15796941603125,0.17603058396875,304614329.32244956,1.64,0.160417707685,0.173582292315,0.0131645846299999,0.0,1.0,8000,0.000125,True,4194.722249541307,2.6776655520477856e-06,0.5,0.0,-1730.3021804118127,3046.298468230377,True,tilde_q_mu,asymptotic,default,sidak_approx,observed,8.13**2 * RBF(length_scale=0.32),0.0261241545661564,0.3562384713566791,0.0964698340836822,0.3203454174940018,0.0237492314237786,66.05876027815961,1598.3686604725765,387,189,198,416,29,0.04,0.3,0.000625,1.0,1e-08,1e+18,False,False,False,False,12,1.1,15.0,13.48866461308976,6.508919907865958,88.7579987436267,79.81512511878819,study_results/v4p2_followups_20260806/pseudo65/gp_window_ensemble_20260806/runs/window_2p25eq2p5/draw_06/attempt_01/results_single.csv,1,1,1,1,single_attempt_outside_55_75MeV,False,,,,,,,window_2p25eq2p5,6
2021,0.168,0.004040986,0.1589077815,0.1770922185,296547392.151297,1.64,0.16137278296,0.17462721704,0.0132544340799999,0.0,1.0,8000,0.000125,True,3858.7502801991495,2.515146028844227e-06,0.5,0.0,-2615.717984404931,3012.2241513382955,True,tilde_q_mu,asymptotic,default,sidak_approx,observed,8.14**2 * RBF(length_scale=0.321),0.0261456356932645,0.3565313958172433,0.0965491584025916,0.3205178087854125,0.0237687597211495,66.26237869663436,1598.5155500130495,387,190,197,416,29,0.04,0.3,0.000625,1.0,1e-08,1e+18,False,False,False,False,12,1.1,15.0,13.484835243641855,6.470112911369777,88.22881242776968,79.31673328871035,study_results/v4p2_followups_20260806/pseudo65/gp_window_ensemble_20260806/runs/window_2p25eq2p5/draw_06/attempt_01/results_single.csv,1,1,1,1,single_attempt_outside_55_75MeV,False,,,,,,,window_2p25eq2p5,6
2021,0.169,0.004068550875,0.15984576053125,0.17815423946875,288615660.9608933,1.64,0.162327576565,0.175672423435,0.0133448468699999,0.0,1.0,8000,0.000125,True,3578.027508271557,2.3820836012962177e-06,0.5,0.0,-3529.007255011029,2979.0729982031035,True,tilde_q_mu,asymptotic,default,sidak_approx,observed,8.2**2 * RBF(length_scale=0.321),0.026167953813799,0.356835733824532,0.0966315735245651,0.3212465169780941,0.0237890489216354,67.27555489191677,1599.278145755476,387,192,195,416,29,0.04,0.3,0.000625,1.0,1e-08,1e+18,False,False,False,False,12,1.1,15.0,13.503966385387075,6.431762713007495,87.70585517737493,78.95846134112655,study_results/v4p2_followups_20260806/pseudo65/gp_window_ensemble_20260806/runs/window_2p25eq2p5/draw_06/attempt_01/results_single.csv,1,1,1,1,single_attempt_outside_55_75MeV,False,,,,,,,window_2p25eq2p5,6
2021,0.17,0.0040962875,0.160783353125,0.179216646875,280901072.63455325,1.64,0.1632820885,0.1767179115,0.013435823,0.0,1.0,8000,0.000125,True,3467.482051697434,2.3579349778134973e-06,0.4999513009912829,0.0001220703125,-3915.4904320348273,2960.800874381232,True,tilde_q_mu,asymptotic,default,sidak_approx,observed,8.13**2 * RBF(length_scale=0.32),0.026191094099248,0.3571512831715639,0.0967170246916933,0.3204320593573381,0.0238100855447709,66.1543864355225,1595.8077655634324,386,193,193,416,30,0.04,0.3,0.000625,1.0,1e-08,1e+18,False,False,False,False,12,1.1,15.0,13.45782898405882,6.39386129495257,87.18901765844413,78.22499259569504,study_results/v4p2_followups_20260806/pseudo65/gp_window_ensemble_20260806/runs/window_2p25eq2p5/draw_06/attempt_01/results_single.csv,1,1,1,1,single_attempt_outside_55_75MeV,False,,,,,,,window_2p25eq2p5,6
2021,0.171,0.004124195875,0.16172055928125,0.18027944071875,273501986.67337126,1.64,0.164236318765,0.177763681235,0.01352736247,0.0,1.0,8000,0.000125,True,3342.3004272121702,2.320645541478912e-06,0.5,0.0,-4228.1760708136835,2917.27844151368,True,tilde_q_mu,asymptotic,default,sidak_approx,observed,8.11**2 * RBF(length_scale=0.32),0.0262150420661463,0.3574778463565409,0.0968054584202363,0.3201760864538353,0.0238318564237693,65.79765835177496,1601.3946035384845,387,195,192,416,29,0.04,0.3,0.000625,1.0,1e-08,1e+18,False,False,False,False,12,1.1,15.0,13.434794199855048,6.356400825929815,86.67819308086109,77.63357904377791,study_results/v4p2_followups_20260806/pseudo65/gp_window_ensemble_20260806/runs/window_2p25eq2p5/draw_06/attempt_01/results_single.csv,1,1,1,1,single_attempt_outside_55_75MeV,False,,,,,,,window_2p25eq2p5,6
2021,0.172,0.004152276,0.162657379,0.1813426209999999,266350991.61926585,1.64,0.1651902673599999,0.17880973264,0.01361946528,0.0,1.0,8000,0.000125,True,3206.363845287946,2.2727410696841973e-06,0.5,0.0,-4818.194147731088,2896.075356602813,True,tilde_q_mu,asymptotic,default,sidak_approx,observed,8.16**2 * RBF(length_scale=0.321),0.0262397835660971,0.3578152304467796,0.0968968224637768,0.3207883643020614,0.0238543486964519,66.60666578992465,1597.346510128505,386,196,190,416,30,0.04,0.3,0.000625,1.0,1e-08,1e+18,False,False,False,False,12,1.1,15.0,13.44779387541084,6.31937365582085,86.17327712482977,77.25603122289111,study_results/v4p2_followups_20260806/pseudo65/gp_window_ensemble_20260806/runs/window_2p25eq2p5/draw_06/attempt_01/results_single.csv,1,1,1,1,single_attempt_outside_55_75MeV,False,,,,,,,window_2p25eq2p5,6
2021,0.173,0.004180527875,0.1635938122812499,0.18240618771875,259386988.21142492,1.64,0.166143934285,0.1798560657149999,0.0137121314299999,0.0,1.0,8000,0.000125,True,3174.3393006788465,2.2970951160307884e-06,0.5,0.0,-4765.2388659992075,2866.7220344461916,True,tilde_q_mu,asymptotic,default,sidak_approx,observed,8.14**2 * RBF(length_scale=0.321),0.0262653047761392,0.3581632469473539,0.0969910657776472,0.3205936695888104,0.0238775497964902,66.32051307426381,1598.3024445593414,386,198,188,416,30,0.04,0.3,0.000625,1.0,1e-08,1e+18,False,False,False,False,12,1.1,15.0,13.42657317527338,6.282772310455958,85.67416786985397,76.68736560901665,study_results/v4p2_followups_20260806/pseudo65/gp_window_ensemble_20260806/runs/window_2p25eq2p5/draw_06/attempt_01/results_single.csv,1,1,1,1,single_attempt_outside_55_75MeV,False,,,,,,,window_2p25eq2p5,6
2021,0.174,0.0042089515,0.1645298591249999,0.183470140875,252502277.02987137,1.64,0.1670973195399999,0.18090268046,0.01380536092,0.0,1.0,8000,0.000125,True,11267.026483239895,8.327500933050703e-06,0.5,0.0,-8041.183797908505,8872.434069987583,True,tilde_q_mu,asymptotic,default,sidak_approx,observed,1**2 * RBF(length_scale=0.0971),0.0262915921894454,0.3585217116742556,0.0970881384845824,0.0970881384845824,0.0239014474449503,1.0,834.2254184454576,385,199,186,416,31,0.04,0.3,0.000625,1.0,1e-08,1e+18,False,False,False,False,12,1.1,15.0,4.0620192023179795,6.246589486584821,85.18076572615664,23.0670604031865,study_results/v4p2_followups_20260806/pseudo65/gp_window_ensemble_20260806/runs/window_2p25eq2p5/draw_06/attempt_01/results_single.csv,1,1,1,1,single_attempt_outside_55_75MeV,False,,,,,,,window_2p25eq2p5,6
2021,0.175,0.0042375468749999,0.16546551953125,0.1845344804687499,245918579.9416027,1.64,0.168050423125,0.181949576875,0.01389915375,0.0,1.0,8000,0.000125,True,3412.716211049089,2.5750798854120713e-06,0.5,0.0,-3172.0717543246515,2811.1367829503833,True,tilde_q_mu,asymptotic,default,sidak_approx,observed,8**2 * RBF(length_scale=0.319),0.0263186326063351,0.358890444631843,0.0971879918415323,0.318791527461588,0.0239260296421228,64.04021765053898,1599.353050323247,386,201,185,416,30,0.04,0.3,0.000625,1.0,1e-08,1e+18,False,False,False,False,12,1.1,15.0,13.32404633071009,6.210818047018103,84.69297336842865,75.23020673643595,study_results/v4p2_followups_20260806/pseudo65/gp_window_ensemble_20260806/runs/window_2p25eq2p5/draw_06/attempt_01/results_single.csv,1,1,1,1,single_attempt_outside_55_75MeV,False,,,,,,,window_2p25eq2p5,6
2021,0.176,0.004266314,0.1664007934999999,0.1855992065,239463041.25493088,1.64,0.16900324504,0.1829967549599999,0.0139935099199999,0.0,1.0,8000,0.000125,True,3593.535719237134,2.768794517903373e-06,0.5,0.0,-2359.821360695703,2791.4314856747646,True,tilde_q_mu,asymptotic,default,sidak_approx,observed,8.04**2 * RBF(length_scale=0.319),0.0263464131255956,0.3592692698944855,0.0972905782076107,0.3193192951673852,0.0239512846596323,64.68327741945262,1595.6045065968588,385,202,183,416,31,0.04,0.3,0.000625,1.0,1e-08,1e+18,False,False,False,False,12,1.1,15.0,13.332032068641722,6.175451015934506,84.21069567183416,74.8466463479681,study_results/v4p2_followups_20260806/pseudo65/gp_window_ensemble_20260806/runs/window_2p25eq2p5/draw_06/attempt_01/results_single.csv,1,1,1,1,single_attempt_outside_55_75MeV,False,,,,,,,window_2p25eq2p5,6
2021,0.177,0.004295252875,0.16733568103125,0.18666431896875,233151670.99112496,1.64,0.169955785285,0.184044214715,0.0140884294299999,0.0,1.0,8000,0.000125,True,3996.8957293395106,3.145074532502558e-06,0.4999513009912829,0.0001220703125,-1078.2114366382264,2763.6789992871763,True,tilde_q_mu,asymptotic,default,sidak_approx,observed,8.04**2 * RBF(length_scale=0.319),0.026374921136093,0.359658015492178,0.0973958510131203,0.3192394555716772,0.0239772010328118,64.58205427760454,1595.9769920141955,385,204,181,416,31,0.04,0.3,0.000625,1.0,1e-08,1e+18,False,False,False,False,12,1.1,15.0,13.314291986575515,6.140481574345738,83.73383965016914,74.32378601729643,study_results/v4p2_followups_20260806/pseudo65/gp_window_ensemble_20260806/runs/window_2p25eq2p5/draw_06/attempt_01/results_single.csv,1,1,1,1,single_attempt_outside_55_75MeV,False,,,,,,,window_2p25eq2p5,6
2021,0.178,0.0043243635,0.168270182125,0.1877298178749999,227019370.79188985,1.64,0.17090804386,0.1850919561399999,0.0141839122799999,0.0,1.0,8000,0.000125,True,4752.3983348751535,3.819001589589106e-06,0.4522848915181051,0.1198906351460104,399.7107130364502,2735.6231363685292,True,tilde_q_mu,asymptotic,default,sidak_approx,observed,8**2 * RBF(length_scale=0.319),0.0264041443086661,0.3600565132999933,0.0975037647296154,0.3187204252823385,0.0240037675533328,63.958261347399365,1595.739691317689,385,205,180,416,31,0.04,0.3,0.000625,1.0,1e-08,1e+18,False,False,False,False,12,1.1,15.0,13.277933331681703,6.105903055713559,83.26231439609397,73.70343063952383,study_results/v4p2_followups_20260806/pseudo65/gp_window_ensemble_20260806/runs/window_2p25eq2p5/draw_06/attempt_01/results_single.csv,1,1,1,1,single_attempt_outside_55_75MeV,False,,,,,,,window_2p25eq2p5,6
2021,0.179,0.004353645875,0.1692042967812499,0.18879570321875,220993245.42708975,1.64,0.1718600207649999,0.186139979235,0.01427995847,0.0,1.0,8000,0.000125,True,5559.734262153653,4.56396100807576e-06,0.2763806912386234,0.5936273523445939,1609.0307697470478,2709.9247977104055,True,tilde_q_mu,asymptotic,default,sidak_approx,observed,7.99**2 * RBF(length_scale=0.319),0.0264340705882899,0.3604645989312272,0.0976142748409662,0.3185823129591003,0.0240309732620818,63.80625234380403,1596.2908619304217,385,207,178,416,31,0.04,0.3,0.000625,1.0,1e-08,1e+18,False,False,False,False,12,1.1,15.0,13.257153985593568,6.0717089417131325,82.79603102336088,73.1759821781785,study_results/v4p2_followups_20260806/pseudo65/gp_window_ensemble_20260806/runs/window_2p25eq2p5/draw_06/attempt_01/results_single.csv,1,1,1,1,single_attempt_outside_55_75MeV,False,,,,,,,window_2p25eq2p5,6
2021,0.18,0.0043831,0.170138025,0.189861975,215155115.9948604,1.64,0.172811716,0.1871882839999999,0.0143765679999999,0.0,1.0,8000,0.000125,True,6390.841527555636,5.3586302112025834e-06,0.1601841662371309,0.9937012531512354,2677.4994466401845,2693.598140679084,True,tilde_q_mu,asymptotic,default,sidak_approx,observed,7.99**2 * RBF(length_scale=0.319),0.0264646881865,0.360882111634091,0.0977273378153825,0.3186137676068333,0.0240588074422727,63.84611629615077,1592.6996386304545,384,208,176,416,32,0.04,0.3,0.000625,1.0,1e-08,1e+18,False,False,False,False,12,1.1,15.0,13.243123890131406,6.037892858136936,82.33490261095821,72.69142105058822,study_results/v4p2_followups_20260806/pseudo65/gp_window_ensemble_20260806/runs/window_2p25eq2p5/draw_06/attempt_01/results_single.csv,1,1,1,1,single_attempt_outside_55_75MeV,False,,,,,,,window_2p25eq2p5,6
2021,0.181,0.004412725875,0.1710713667812499,0.19092863321875,209423665.4643851,1.64,0.173763129565,0.1882368704349999,0.0144737408699999,0.0,1.0,8000,0.000125,True,7074.735671401813,6.060742166242904e-06,0.0920620414471224,1.3281635503222953,3526.8971085645417,2658.0212530564386,True,tilde_q_mu,asymptotic,default,sidak_approx,observed,7.96**2 * RBF(length_scale=0.318),0.0264959855740647,0.3613088941917919,0.0978429110783556,0.3181918011397076,0.0240872596127861,63.33915741080678,1598.0108976211427,385,210,175,416,31,0.04,0.3,0.000625,1.0,1e-08,1e+18,False,False,False,False,12,1.1,15.0,13.20996270454956,6.004448570933435,81.87884414909227,72.10776516674233,study_results/v4p2_followups_20260806/pseudo65/gp_window_ensemble_20260806/runs/window_2p25eq2p5/draw_06/attempt_01/results_single.csv,1,1,1,1,single_attempt_outside_55_75MeV,False,,,,,,,window_2p25eq2p5,6
2021,0.182,0.0044425235,0.172004322125,0.191995677875,203890389.41582435,1.64,0.17471426146,0.18928573854,0.01457147708,0.0,1.0,8000,0.000125,True,7252.097324456949,6.346224078258884e-06,0.0784867581476764,1.4153240172308588,3743.5489250225137,2642.8077500767395,True,tilde_q_mu,asymptotic,default,sidak_approx,observed,7.99**2 * RBF(length_scale=0.319),0.0265279514739,0.3617447928259099,0.0979609529864923,0.3185932547401007,0.0241163195217273,63.80205834459219,1593.583082744724,384,211,173,416,32,0.04,0.3,0.000625,1.0,1e-08,1e+18,False,False,False,False,12,1.1,15.0,13.210691393148432,5.971369982376021,81.42777248694574,71.71447821043618,study_results/v4p2_followups_20260806/pseudo65/gp_window_ensemble_20260806/runs/window_2p25eq2p5/draw_06/attempt_01/results_single.csv,1,1,1,1,single_attempt_outside_55_75MeV,False,,,,,,,window_2p25eq2p5,6
2021,0.183,0.004472492875,0.1729368910312499,0.19306310896875,198621214.40460417,1.64,0.1756651116849999,0.190334888315,0.01466977663,0.0,1.0,8000,0.000125,True,7072.753550175004,6.318758029052489e-06,0.0856193036282183,1.368234751016784,3584.053570748436,2619.3233931680224,True,tilde_q_mu,asymptotic,default,sidak_approx,observed,8**2 * RBF(length_scale=0.319),0.0265605748542153,0.3621896571029359,0.098081422802206,0.3187944707791641,0.0241459771401957,64.0626389947677,1594.3200352584297,384,213,171,416,32,0.04,0.3,0.000625,1.0,1e-08,1e+18,False,False,False,False,12,1.1,15.0,13.202798500478492,5.938651127357089,80.98160628214212,71.27892199921372,study_results/v4p2_followups_20260806/pseudo65/gp_window_ensemble_20260806/runs/window_2p25eq2p5/draw_06/attempt_01/results_single.csv,1,1,1,1,single_attempt_outside_55_75MeV,False,,,,,,,window_2p25eq2p5,6
2021,0.184,0.004502634,0.1738690735,0.1941309265,193360941.65798712,1.64,0.17661568024,0.19138431976,0.01476863952,0.0,1.0,8000,0.000125,True,6560.495207040274,5.987836995257518e-06,0.122523512424795,1.1624640364365095,3029.325362878439,2604.936655524319,True,tilde_q_mu,asymptotic,default,sidak_approx,observed,8.02**2 * RBF(length_scale=0.319),0.026593844921878,0.3626433398437911,0.0982042806692136,0.3189835520139897,0.0241762226562527,64.3133973007337,1592.6302842962864,383,214,169,416,33,0.04,0.3,0.000625,1.0,1e-08,1e+18,False,False,False,False,12,1.1,15.0,13.194102178385192,5.906286169801502,80.54026595183866,70.84376656285849,study_results/v4p2_followups_20260806/pseudo65/gp_window_ensemble_20260806/runs/window_2p25eq2p5/draw_06/attempt_01/results_single.csv,1,1,1,1,single_attempt_outside_55_75MeV,False,,,,,,,window_2p25eq2p5,6
2021,0.185,0.004532946875,0.1748008695312499,0.19519913046875,188216407.4390779,1.64,0.177565967125,0.192434032875,0.0148680657499999,0.0,1.0,8000,0.000125,True,6003.32861272915,5.598643712210814e-06,0.171470545010315,0.9483700714149184,2436.600350111341,2572.0719311339813,True,tilde_q_mu,asymptotic,default,sidak_approx,observed,7.98**2 * RBF(length_scale=0.318),0.0266277511159985,0.3631056970363433,0.0983294875888454,0.3184850016403632,0.0242070464690895,63.71808091577533,1595.8161046421842,384,216,168,416,32,0.04,0.3,0.000625,1.0,1e-08,1e+18,False,False,False,False,12,1.1,15.0,13.156706335365731,5.874269399197075,80.10367362541467,70.26003401823746,study_results/v4p2_followups_20260806/pseudo65/gp_window_ensemble_20260806/runs/window_2p25eq2p5/draw_06/attempt_01/results_single.csv,1,1,1,1,single_attempt_outside_55_75MeV,False,,,,,,,window_2p25eq2p5,6
2021,0.186,0.0045634315,0.175732279125,0.196267720875,183203373.0638776,1.64,0.17851597234,0.19348402766,0.01496805532,0.0,1.0,8000,0.000125,True,5246.831253324686,5.00000696357444e-06,0.2777859915676889,0.5894313027075625,1508.8300354952466,2560.796988819534,True,tilde_q_mu,asymptotic,default,sidak_approx,observed,7.9**2 * RBF(length_scale=0.317),0.0266622831017154,0.3635765877506647,0.0984570053970965,0.3173794718724371,0.0242384391833776,62.462204251076066,1589.777265288002,383,217,166,416,33,0.04,0.3,0.000625,1.0,1e-08,1e+18,False,False,False,False,12,1.1,15.0,13.094055663868453,5.84259522723534,79.67175309866373,69.54842466079245,study_results/v4p2_followups_20260806/pseudo65/gp_window_ensemble_20260806/runs/window_2p25eq2p5/draw_06/attempt_01/results_single.csv,1,1,1,1,single_attempt_outside_55_75MeV,False,,,,,,,window_2p25eq2p5,6
2021,0.187,0.004594087875,0.17666330228125,0.19733669771875,178278504.14348978,1.64,0.179465695885,0.194534304115,0.01506860823,0.0,1.0,8000,0.000125,True,4489.931105935343,4.373398093071633e-06,0.4229875588460983,0.1942564068330511,493.0318638791575,2538.449116093461,True,tilde_q_mu,asymptotic,default,sidak_approx,observed,7.88**2 * RBF(length_scale=0.317),0.0266974307641825,0.3640558740570343,0.0985867967424219,0.3170859295427903,0.0242703916038022,62.13391552192773,1589.9751405402817,383,219,164,416,33,0.04,0.3,0.000625,1.0,1e-08,1e+18,False,False,False,False,12,1.1,15.0,13.064722428834418,5.811258184560199,79.24442978945724,69.02043194870109,study_results/v4p2_followups_20260806/pseudo65/gp_window_ensemble_20260806/runs/window_2p25eq2p5/draw_06/attempt_01/results_single.csv,1,1,1,1,single_attempt_outside_55_75MeV,False,,,,,,,window_2p25eq2p5,6
2021,0.188,0.004624916,0.177593939,0.198406061,173567784.67781383,1.64,0.18041513776,0.19558486224,0.0151697244799999,0.0,1.0,8000,0.000125,True,3870.407217297602,3.851674809556841e-06,0.5,0.0,-470.2552606974231,2512.8433300145757,True,tilde_q_mu,asymptotic,default,sidak_approx,observed,7.89**2 * RBF(length_scale=0.317),0.0267331842027451,0.3645434209465248,0.0987188250642313,0.3172045575161382,0.0243028947297683,62.244524396764895,1590.544532905219,383,220,163,416,33,0.04,0.3,0.000625,1.0,1e-08,1e+18,False,False,False,False,12,1.1,15.0,13.05213066357886,5.78025291761951,78.8216306948115,68.58601486300253,study_results/v4p2_followups_20260806/pseudo65/gp_window_ensemble_20260806/runs/window_2p25eq2p5/draw_06/attempt_01/results_single.csv,1,1,1,1,single_attempt_outside_55_75MeV,False,,,,,,,window_2p25eq2p5,6
2021,0.189,0.004655915875,0.17852418928125,0.19947581071875,168874228.16818193,1.64,0.181364297965,0.196635702035,0.0152714040699999,0.0,1.0,8000,0.000125,True,3505.3814482482885,3.56639978254888e-06,0.5,0.0,-1205.08064758544,2488.9764424073105,True,tilde_q_mu,asymptotic,default,sidak_approx,observed,7.92**2 * RBF(length_scale=0.318),0.0267695337253012,0.3650390962541072,0.0988530545720656,0.3177057382700132,0.0243359397502738,62.79247394642677,1591.8042040968155,383,222,161,416,33,0.04,0.3,0.000625,1.0,1e-08,1e+18,False,False,False,False,12,1.1,15.0,13.0550018421392,5.749574185616315,78.40328434931338,68.23700144066997,study_results/v4p2_followups_20260806/pseudo65/gp_window_ensemble_20260806/runs/window_2p25eq2p5/draw_06/attempt_01/results_single.csv,1,1,1,1,single_attempt_outside_55_75MeV,False,,,,,,,window_2p25eq2p5,6
2021,0.19,0.0046870875,0.179454053125,0.200545946875,164378838.92039412,1.64,0.1823131765,0.1976868235,0.0153736469999999,0.0,1.0,8000,0.000125,True,3329.9144144537004,3.4622106183557333e-06,0.4999513009912829,0.0001220703125,-1620.3271828244513,2472.230292301615,True,tilde_q_mu,asymptotic,default,sidak_approx,observed,7.99**2 * RBF(length_scale=0.319),0.0268064698428396,0.3655427705841774,0.0989894502254296,0.3186061800128693,0.0243695180389451,63.87146395409162,1588.4537256418844,382,223,159,416,34,0.04,0.3,0.000625,1.0,1e-08,1e+18,False,False,False,False,12,1.1,15.0,13.07396311669774,5.719216857555929,77.98932078485358,67.97530022916561,study_results/v4p2_followups_20260806/pseudo65/gp_window_ensemble_20260806/runs/window_2p25eq2p5/draw_06/attempt_01/results_single.csv,1,1,1,1,single_attempt_outside_55_75MeV,False,,,,,,,window_2p25eq2p5,6
2021,0.191,0.004718430875,0.18038353053125,0.20161646946875,160024504.07567304,1.64,0.183261773365,0.198738226635,0.01547645327,0.0,1.0,8000,0.000125,True,3144.802128826471,3.341130120870657e-06,0.5,0.0,-2110.0402599861272,2451.0421061139355,True,tilde_q_mu,asymptotic,default,sidak_approx,observed,7.93**2 * RBF(length_scale=0.318),0.026843983264149,0.3660543172383967,0.099127977714251,0.3177200540614393,0.0244036211492264,62.82463714218478,1589.765076682333,382,225,157,416,34,0.04,0.3,0.000625,1.0,1e-08,1e+18,False,False,False,False,12,1.1,15.0,13.01938151385826,5.68917590938515,77.57967149161568,67.33595605794252,study_results/v4p2_followups_20260806/pseudo65/gp_window_ensemble_20260806/runs/window_2p25eq2p5/draw_06/attempt_01/results_single.csv,1,1,1,1,single_attempt_outside_55_75MeV,False,,,,,,,window_2p25eq2p5,6
2021,0.192,0.004749946,0.1813126215,0.2026873785,155718995.1526329,1.64,0.18421008856,0.19978991144,0.0155798228799999,0.0,1.0,8000,0.000125,True,3043.5808678009416,3.305688646615556e-06,0.5,0.0,-2337.6765250601984,2425.629429061617,True,tilde_q_mu,asymptotic,default,sidak_approx,observed,7.93**2 * RBF(length_scale=0.318),0.0268820648906906,0.3665736121457819,0.0992686034399486,0.3177730253682982,0.0244382408097187,62.930183794976465,1589.1906149169145,382,226,156,416,34,0.04,0.3,0.000625,1.0,1e-08,1e+18,False,False,False,False,12,1.1,15.0,13.003105577138095,5.659446421220509,77.17426938027965,66.90034483935149,study_results/v4p2_followups_20260806/pseudo65/gp_window_ensemble_20260806/runs/window_2p25eq2p5/draw_06/attempt_01/results_single.csv,1,1,1,1,single_attempt_outside_55_75MeV,False,,,,,,,window_2p25eq2p5,6
2021,0.193,0.004781632875,0.18224132603125,0.20375867396875,151601184.85939226,1.64,0.185158122085,0.200841877915,0.0156837558299999,0.0,1.0,8000,0.000125,True,3040.312050515728,3.3742571616085436e-06,0.5,0.0,-2214.499578459882,2401.262054003901,True,tilde_q_mu,asymptotic,default,sidak_approx,observed,7.95**2 * RBF(length_scale=0.318),0.0269207058116312,0.3671005337949717,0.0994112944970904,0.3180059850339675,0.0244733689196647,63.23037161740334,1589.0625484670954,382,228,154,416,34,0.04,0.3,0.000625,1.0,1e-08,1e+18,False,False,False,False,12,1.1,15.0,12.993960336144982,5.630023574662507,76.77304874539782,66.50573001884163,study_results/v4p2_followups_20260806/pseudo65/gp_window_ensemble_20260806/runs/window_2p25eq2p5/draw_06/attempt_01/results_single.csv,1,1,1,1,single_attempt_outside_55_75MeV,False,,,,,,,window_2p25eq2p5,6
2021,0.194,0.0048134915,0.183169644125,0.204830355875,147523768.56605715,1.64,0.18610587394,0.20189412606,0.01578825212,0.0,1.0,8000,0.000125,True,3048.9101605317596,3.4594003227787917e-06,0.5,0.0,-2103.400656251068,2387.1559123538,True,tilde_q_mu,asymptotic,default,sidak_approx,observed,7.91**2 * RBF(length_scale=0.317),0.0269598972990275,0.3676349631685571,0.0995560186556095,0.3173351706671616,0.0245089975445704,62.54543448924438,1585.2248489168828,381,229,152,416,35,0.04,0.3,0.000625,1.0,1e-08,1e+18,False,False,False,False,12,1.1,15.0,12.94770094493161,5.600902650192177,76.37594522989332,65.92619321487564,study_results/v4p2_followups_20260806/pseudo65/gp_window_ensemble_20260806/runs/window_2p25eq2p5/draw_06/attempt_01/results_single.csv,1,1,1,1,single_attempt_outside_55_75MeV,False,,,,,,,window_2p25eq2p5,6
2021,0.195,0.004845521875,0.18409757578125,0.20590242421875,143578408.5209931,1.64,0.187053344125,0.202946655875,0.0158933117499999,0.0,1.0,8000,0.000125,True,3067.053745233312,3.5572759969480895e-06,0.5,0.0,-1870.6422399856724,2354.1147680762433,True,tilde_q_mu,asymptotic,default,sidak_approx,observed,7.88**2 * RBF(length_scale=0.317),0.0269996308031587,0.368176783679438,0.09970274434357,0.3168642431614475,0.0245451189119625,62.138783665873014,1589.2640986683905,382,231,151,416,34,0.04,0.3,0.000625,1.0,1e-08,1e+18,False,False,False,False,12,1.1,15.0,12.909460504060446,5.572079024647637,75.9828957906496,65.3932128129021,study_results/v4p2_followups_20260806/pseudo65/gp_window_ensemble_20260806/runs/window_2p25eq2p5/draw_06/attempt_01/results_single.csv,1,1,1,1,single_attempt_outside_55_75MeV,False,,,,,,,window_2p25eq2p5,6
2021,0.196,0.004877724,0.185025121,0.206974879,139755894.5302579,1.64,0.18800053264,0.20399946736,0.01599893472,0.0,1.0,8000,0.000125,True,3204.869808658703,3.799304554489093e-06,0.5,0.0,-1366.563481873841,2336.883172946704,True,tilde_q_mu,asymptotic,default,sidak_approx,observed,7.9**2 * RBF(length_scale=0.317),0.0270398979480013,0.3687258811091098,0.0998514406304547,0.3171065814180431,0.0245817254072739,62.37020694086511,1584.872670948303,381,232,149,416,35,0.04,0.3,0.000625,1.0,1e-08,1e+18,False,False,False,False,12,1.1,15.0,12.900094528116728,5.543548168777362,75.59383866514584,65.01117763490576,study_results/v4p2_followups_20260806/pseudo65/gp_window_ensemble_20260806/runs/window_2p25eq2p5/draw_06/attempt_01/results_single.csv,1,1,1,1,single_attempt_outside_55_75MeV,False,,,,,,,window_2p25eq2p5,6
2021,0.197,0.004910097875,0.18595227978125,0.20804772021875,136004179.86803293,1.64,0.188947439485,0.205052560515,0.01610512103,0.0,1.0,8000,0.000125,True,3347.1791687815053,4.056770131495569e-06,0.5,0.0,-892.0248188841107,2310.803696787676,True,tilde_q_mu,asymptotic,default,sidak_approx,observed,7.92**2 * RBF(length_scale=0.317),0.0270806905268411,0.3692821435478344,0.1000020772109632,0.3174885779956184,0.0246188095698556,62.73296684150616,1584.324443001597,381,234,147,416,35,0.04,0.3,0.000625,1.0,1e-08,1e+18,False,False,False,False,12,1.1,15.0,12.89617912250175,5.51530564486786,75.20871333910718,64.66033591960087,study_results/v4p2_followups_20260806/pseudo65/gp_window_ensemble_20260806/runs/window_2p25eq2p5/draw_06/attempt_01/results_single.csv,1,1,1,1,single_attempt_outside_55_75MeV,False,,,,,,,window_2p25eq2p5,6
2021,0.198,0.0049426435,0.186879052125,0.209120947875,132354320.73115931,1.64,0.18989406466,0.20610593534,0.01621187068,0.0,1.0,8000,0.000125,True,3562.410122846896,4.414286579200854e-06,0.5,0.0,-367.0445660427311,2291.700903772641,True,tilde_q_mu,asymptotic,default,sidak_approx,observed,7.97**2 * RBF(length_scale=0.318),0.0271220004980165,0.3698454613365898,0.1001546243892919,0.3182228413300544,0.0246563640891059,63.549651559257256,1580.9276438459997,380,235,145,416,36,0.04,0.3,0.000625,1.0,1e-08,1e+18,False,False,False,False,12,1.1,15.0,12.90631660775386,5.487347104442508,74.82746051512511,64.38312642416035,study_results/v4p2_followups_20260806/pseudo65/gp_window_ensemble_20260806/runs/window_2p25eq2p5/draw_06/attempt_01/results_single.csv,1,1,1,1,single_attempt_outside_55_75MeV,False,,,,,,,window_2p25eq2p5,6
2021,0.199,0.004975360875,0.18780543803125,0.21019456196875,128788002.15036236,1.64,0.190840408165,0.207159591835,0.01631918367,0.0,1.0,8000,0.000125,True,3856.8880924066425,4.886844022056727e-06,0.4624132112562187,0.0943559297658167,213.3121539404428,2263.3236206094953,True,tilde_q_mu,asymptotic,default,sidak_approx,observed,8.03**2 * RBF(length_scale=0.319),0.0271638199807916,0.3704157270107955,0.100309053063895,0.3189982016857038,0.0246943818007197,64.48160745532816,1583.8503295425617,380,236,144,416,36,0.04,0.3,0.000625,1.0,1e-08,1e+18,False,False,False,False,12,1.1,15.0,12.917845211108173,5.459668286029939,74.45002208222643,64.1155907481191,study_results/v4p2_followups_20260806/pseudo65/gp_window_ensemble_20260806/runs/window_2p25eq2p5/draw_06/attempt_01/results_single.csv,1,1,1,1,single_attempt_outside_55_75MeV,False,,,,,,,window_2p25eq2p5,6
2021,0.2,0.00500825,0.1887314375,0.2112685625,125353032.55969112,1.64,0.19178647,0.20821353,0.0164270599999999,0.0,1.0,8000,0.000125,True,3988.2737145288647,5.165829138798266e-06,0.4164869238950774,0.2108890513129419,472.554778222969,2240.7377388711425,True,tilde_q_mu,asymptotic,default,sidak_approx,observed,8.02**2 * RBF(length_scale=0.319),0.027206141251351,0.3709928352456959,0.1004653347126938,0.3188764365305623,0.0247328556830463,64.3278477936844,1584.7891999822857,380,238,142,416,36,0.04,0.3,0.000625,1.0,1e-08,1e+18,False,False,False,False,12,1.1,15.0,12.892827282744475,5.432265012998759,74.0763410863467,63.67023142426243,study_results/v4p2_followups_20260806/pseudo65/gp_window_ensemble_20260806/runs/window_2p25eq2p5/draw_06/attempt_01/results_single.csv,1,1,1,1,single_attempt_outside_55_75MeV,False,,,,,,,window_2p25eq2p5,6
2021,0.201,0.005041310875,0.18965705053125,0.21234294946875,122019355.53382406,1.64,0.192732250165,0.209267749835,0.01653549967,0.0,1.0,8000,0.000125,True,4149.225353199646,5.493664845499773e-06,0.3681868993024504,0.3366592328073923,748.6548036897169,2224.3518393918735,True,tilde_q_mu,asymptotic,default,sidak_approx,observed,8.03**2 * RBF(length_scale=0.319),0.027248956738914,0.3715766828033728,0.1006234413787278,0.3189969446916462,0.0247717788535581,64.43655459156219,1580.913154578922,379,239,140,416,37,0.04,0.3,0.000625,1.0,1e-08,1e+18,False,False,False,False,12,1.1,15.0,12.87743389675166,5.405133191456678,73.70636170168197,63.27658670556519,study_results/v4p2_followups_20260806/pseudo65/gp_window_ensemble_20260806/runs/window_2p25eq2p5/draw_06/attempt_01/results_single.csv,1,1,1,1,single_attempt_outside_55_75MeV,False,,,,,,,window_2p25eq2p5,6
2021,0.202,0.0050745435,0.190582277125,0.213417722875,118808713.66471364,1.64,0.19367774866,0.21032225134,0.01664450268,0.0,1.0,8000,0.000125,True,4154.492569636917,5.621319179965151e-06,0.3538670094168702,0.3749011028534568,822.6702934198545,2195.5956778767772,True,tilde_q_mu,asymptotic,default,sidak_approx,observed,7.97**2 * RBF(length_scale=0.318),0.0272922590219629,0.3721671684813132,0.100783345656227,0.3181886583223127,0.0248111445654208,63.49606225959187,1585.4017280705616,380,241,139,416,36,0.04,0.3,0.000625,1.0,1e-08,1e+18,False,False,False,False,12,1.1,15.0,12.824424825840964,5.37826880821161,73.34002920288559,62.70291274915914,study_results/v4p2_followups_20260806/pseudo65/gp_window_ensemble_20260806/runs/window_2p25eq2p5/draw_06/attempt_01/results_single.csv,1,1,1,1,single_attempt_outside_55_75MeV,False,,,,,,,window_2p25eq2p5,6
2021,0.203,0.005107947875,0.19150711728125,0.21449288271875,115574322.00533302,1.64,0.194622965485,0.211377034515,0.0167540690299999,0.0,1.0,8000,0.000125,True,4457.435532847735,6.169466359725748e-06,0.2804077178227018,0.581630735396525,1266.567955595572,2178.8924816452763,True,tilde_q_mu,asymptotic,default,sidak_approx,observed,8.02**2 * RBF(length_scale=0.319),0.0273360408245852,0.3727641930625258,0.1009450206771031,0.3189417347500151,0.0248509462041683,64.37653398173872,1581.2467876228702,379,242,137,416,37,0.04,0.3,0.000625,1.0,1e-08,1e+18,False,False,False,False,12,1.1,15.0,12.834188772116743,5.351667928793269,72.97728993809002,62.44028767619621,study_results/v4p2_followups_20260806/pseudo65/gp_window_ensemble_20260806/runs/window_2p25eq2p5/draw_06/attempt_01/results_single.csv,1,1,1,1,single_attempt_outside_55_75MeV,False,,,,,,,window_2p25eq2p5,6
2021,0.204,0.005141524,0.192431571,0.2155684289999999,112452833.18684237,1.64,0.19556790064,0.21243209936,0.01686419872,0.0,1.0,8000,0.000125,True,4814.122038791817,6.8145384830619525e-06,0.2050066556557569,0.8238702055166944,1775.3184609722057,2156.6074179758284,True,tilde_q_mu,asymptotic,default,sidak_approx,observed,8.07**2 * RBF(length_scale=0.32),0.0273802950129184,0.3733676592670698,0.1011084400978236,0.3195631660973426,0.0248911772844713,65.15926201829195,1583.535995250239,379,244,135,416,37,0.04,0.3,0.000625,1.0,1e-08,1e+18,False,False,False,False,12,1.1,15.0,12.83841107414016,5.325326695531998,72.61809130270905,62.15339383757475,study_results/v4p2_followups_20260806/pseudo65/gp_window_ensemble_20260806/runs/window_2p25eq2p5/draw_06/attempt_01/results_single.csv,1,1,1,1,single_attempt_outside_55_75MeV,False,,,,,,,window_2p25eq2p5,6
2021,0.205,0.005175271875,0.19335563828125,0.2166443617187499,109447447.25856656,1.64,0.196512554125,0.213487445875,0.01697489175,0.0,1.0,8000,0.000125,True,5056.809800636407,7.318752208131324e-06,0.1637783525303953,0.9790471055543116,2096.488925591724,2142.644439290059,True,tilde_q_mu,asymptotic,default,sidak_approx,observed,8.09**2 * RBF(length_scale=0.32),0.0274250145917023,0.3739774717050326,0.1012735780866781,0.3197431695639911,0.0249318314470021,65.38593089896209,1582.2870335671637,378,245,133,416,38,0.04,0.3,0.000625,1.0,1e-08,1e+18,False,False,False,False,12,1.1,15.0,12.824696422469891,5.2992413256941004,72.26238171401046,61.782873883121574,study_results/v4p2_followups_20260806/pseudo65/gp_window_ensemble_20260806/runs/window_2p25eq2p5/draw_06/attempt_01/results_single.csv,1,1,1,1,single_attempt_outside_55_75MeV,False,,,,,,,window_2p25eq2p5,6
2021,0.206,0.0052091915,0.194279319125,0.217720680875,106491864.68179588,1.64,0.19745692594,0.2145430740599999,0.0170861481199999,0.0,1.0,8000,0.000125,True,5283.9967509912285,7.821657807963838e-06,0.1268741523210182,1.141292301706998,2412.7325465040803,2114.1988198365416,True,tilde_q_mu,asymptotic,default,sidak_approx,observed,8.11**2 * RBF(length_scale=0.32),0.0274701927009294,0.3745935368308561,0.1014404093114096,0.3200552029162422,0.0249729024553904,65.78308769531368,1584.7521921216653,379,247,132,416,37,0.04,0.3,0.000625,1.0,1e-08,1e+18,False,False,False,False,12,1.1,15.0,12.816099509777173,5.273408109671041,71.91011058642329,61.44047553564544,study_results/v4p2_followups_20260806/pseudo65/gp_window_ensemble_20260806/runs/window_2p25eq2p5/draw_06/attempt_01/results_single.csv,1,1,1,1,single_attempt_outside_55_75MeV,False,,,,,,,window_2p25eq2p5,6
2021,0.207,0.005243282875,0.1952026135312499,0.21879738646875,103594993.30477582,1.64,0.198401016085,0.215598983915,0.0171979678299999,0.0,1.0,8000,0.000125,True,5400.561888509987,8.178049919971365e-06,0.1110715080287538,1.2208494785313193,2566.2162554962833,2102.9879082725665,True,tilde_q_mu,asymptotic,default,sidak_approx,observed,8.09**2 * RBF(length_scale=0.32),0.0275158226125923,0.375215762898986,0.1016089089272047,0.3197860016204703,0.0250143841932657,65.4199875973313,1580.5496040870387,378,248,130,416,38,0.04,0.3,0.000625,1.0,1e-08,1e+18,False,False,False,False,12,1.1,15.0,12.784084515123167,5.247823409220947,71.56122830755837,60.989652712656714,study_results/v4p2_followups_20260806/pseudo65/gp_window_ensemble_20260806/runs/window_2p25eq2p5/draw_06/attempt_01/results_single.csv,1,1,1,1,single_attempt_outside_55_75MeV,False,,,,,,,window_2p25eq2p5,6
2021,0.208,0.005277546,0.1961255214999999,0.2198744785,100755569.91566654,1.64,0.19934482456,0.21665517544,0.0173103508799999,0.0,1.0,8000,0.000125,True,5479.185122274631,8.489918029518184e-06,0.098770948195123,1.2885864505859428,2685.649469397567,2084.520835629219,True,tilde_q_mu,asymptotic,default,sidak_approx,observed,8.13**2 * RBF(length_scale=0.32),0.0275618977275242,0.3758440599207857,0.1017790525650254,0.3203029442032284,0.0250562706613857,66.12756950276071,1581.2436115307326,378,250,128,416,38,0.04,0.3,0.000625,1.0,1e-08,1e+18,False,False,False,False,12,1.1,15.0,12.783344677739615,5.222483655760516,71.21568621491612,60.69164422313485,study_results/v4p2_followups_20260806/pseudo65/gp_window_ensemble_20260806/runs/window_2p25eq2p5/draw_06/attempt_01/results_single.csv,1,1,1,1,single_attempt_outside_55_75MeV,False,,,,,,,window_2p25eq2p5,6
2021,0.209,0.005311980875,0.1970480430312499,0.22095195696875,97975291.24730824,1.64,0.200288351365,0.2177116486349999,0.0174232972699999,0.0,1.0,8000,0.000125,True,5513.559881816991,8.743577594370174e-06,0.0929721818784123,1.322672346099414,2742.3432272565124,2073.5353421504433,True,tilde_q_mu,asymptotic,default,sidak_approx,observed,8.13**2 * RBF(length_scale=0.32),0.0276084115723308,0.3764783396226934,0.101950816320278,0.3203130627868008,0.0250985559748462,66.12830504609903,1577.464541963002,377,251,126,416,39,0.04,0.3,0.000625,1.0,1e-08,1e+18,False,False,False,False,12,1.1,15.0,12.762210826304852,5.197385348705882,70.87343657326201,60.30011596884765,study_results/v4p2_followups_20260806/pseudo65/gp_window_ensemble_20260806/runs/window_2p25eq2p5/draw_06/attempt_01/results_single.csv,1,1,1,1,single_attempt_outside_55_75MeV,False,,,,,,,window_2p25eq2p5,6
2021,0.21,0.0053465875,0.197970178125,0.2220298218749999,95309478.67396852,1.64,0.2012315965,0.2187684034999999,0.0175368069999999,0.0,1.0,8000,0.000125,True,5220.327385939267,8.469587777543901e-06,0.1158661167265362,1.1959085879283702,2451.767916809352,2050.011114740599,True,tilde_q_mu,asymptotic,default,sidak_approx,observed,8.09**2 * RBF(length_scale=0.32),0.0276553577964078,0.3771185154055612,0.1021241767418025,0.3198002643714525,0.0251412343603707,65.43620466543439,1582.365502736772,378,253,125,416,38,0.04,0.3,0.000625,1.0,1e-08,1e+18,False,False,False,False,12,1.1,15.0,12.720149686665447,5.172525053860584,70.53443255264432,59.81390267557625,study_results/v4p2_followups_20260806/pseudo65/gp_window_ensemble_20260806/runs/window_2p25eq2p5/draw_06/attempt_01/results_single.csv,1,1,1,1,single_attempt_outside_55_75MeV,False,,,,,,,window_2p25eq2p5,6
2021,0.211,0.005381365875,0.19889192678125,0.2231080732187499,92716703.49811862,1.64,0.202174559965,0.2198254400349999,0.0176508800699999,0.0,1.0,8000,0.000125,True,4832.542621586066,8.021492425479009e-06,0.1619054511940421,0.9866568253718786,2014.5636359509265,2041.9445368628744,True,tilde_q_mu,asymptotic,default,sidak_approx,observed,8.03**2 * RBF(length_scale=0.319),0.0277027301690448,0.3777645023051568,0.1022991108211761,0.3190463757609794,0.0251843001536771,64.47543677746584,1576.2486641036314,377,254,123,416,39,0.04,0.3,0.000625,1.0,1e-08,1e+18,False,False,False,False,12,1.1,15.0,12.668463043011975,5.147899401849318,70.19862820703615,59.28724847406504,study_results/v4p2_followups_20260806/pseudo65/gp_window_ensemble_20260806/runs/window_2p25eq2p5/draw_06/attempt_01/results_single.csv,1,1,1,1,single_attempt_outside_55_75MeV,False,,,,,,,window_2p25eq2p5,6
2021,0.212,0.005416316,0.199813289,0.2241867109999999,90185144.73372865,1.64,0.2031172417599999,0.22088275824,0.01776551648,0.0,1.0,8000,0.000125,True,4510.0801813897,7.660080214427619e-06,0.2072893134052468,0.8158627713410447,1653.0396789297015,2026.08461276281,True,tilde_q_mu,asymptotic,default,sidak_approx,observed,8.03**2 * RBF(length_scale=0.319),0.0277505225766093,0.3784162169537641,0.1024755959823144,0.3190402343301777,0.0252277477969176,64.46438001600195,1576.6157097330636,377,256,121,416,39,0.04,0.3,0.000625,1.0,1e-08,1e+18,False,False,False,False,12,1.1,15.0,12.646401767547353,5.123505086595644,69.86597845357696,58.90354889378273,study_results/v4p2_followups_20260806/pseudo65/gp_window_ensemble_20260806/runs/window_2p25eq2p5/draw_06/attempt_01/results_single.csv,1,1,1,1,single_attempt_outside_55_75MeV,False,,,,,,,window_2p25eq2p5,6
2021,0.213,0.005451437875,0.20073426478125,0.2252657352187499,87692400.078589,1.64,0.204059641885,0.2219403581149999,0.0178807162299999,0.0,1.0,8000,0.000125,True,4096.960272438233,7.122625574244824e-06,0.2816003250597372,0.5780940111979274,1157.8195179305876,2009.0156599653776,True,tilde_q_mu,asymptotic,default,sidak_approx,observed,7.99**2 * RBF(length_scale=0.319),0.0277987290198092,0.3790735775428533,0.1026536100713629,0.3185004712914789,0.0252715718361902,63.796153718276045,1575.6782892866106,377,257,120,416,39,0.04,0.3,0.000625,1.0,1e-08,1e+18,False,False,False,False,12,1.1,15.0,12.603112831920074,5.0993388638422745,69.53643905239464,58.425039153817536,study_results/v4p2_followups_20260806/pseudo65/gp_window_ensemble_20260806/runs/window_2p25eq2p5/draw_06/attempt_01/results_single.csv,1,1,1,1,single_attempt_outside_55_75MeV,False,,,,,,,window_2p25eq2p5,6
2021,0.214,0.0054867315,0.201654854125,0.226345145875,85297275.72952412,1.64,0.20500176034,0.2229982396599999,0.0179964793199999,0.0,1.0,8000,0.000125,True,3746.2727226017105,6.664543057950591e-06,0.3598427328480993,0.3588791930778501,714.9461718463754,1991.6253693761507,True,tilde_q_mu,asymptotic,default,sidak_approx,observed,8.06**2 * RBF(length_scale=0.319),0.0278473436110351,0.3797365037868427,0.1028331313468833,0.3193821757194802,0.0253157669191228,64.91911112593144,1574.7160480018945,377,259,118,416,39,0.04,0.3,0.000625,1.0,1e-08,1e+18,False,False,False,False,12,1.1,15.0,12.615939178924398,5.075397549713366,69.20996658700044,58.20991526913249,study_results/v4p2_followups_20260806/pseudo65/gp_window_ensemble_20260806/runs/window_2p25eq2p5/draw_06/attempt_01/results_single.csv,1,1,1,1,single_attempt_outside_55_75MeV,False,,,,,,,window_2p25eq2p5,6
2021,0.215,0.005522196875,0.20257505703125,0.22742494296875,82936171.06195708,1.64,0.205943597125,0.224056402875,0.01811280575,0.0,1.0,8000,0.000125,True,3222.4376639858356,5.868431043395801e-06,0.5,0.0,-62.42205094936755,1981.6120872305623,True,tilde_q_mu,asymptotic,default,sidak_approx,observed,8.08**2 * RBF(length_scale=0.32),0.0278963605717713,0.380404916887791,0.1030141384702921,0.3196147031396404,0.0253603277925194,65.3006376436371,1571.990155618814,376,260,116,416,40,0.04,0.3,0.000625,1.0,1e-08,1e+18,False,False,False,False,12,1.1,15.0,12.602940535883688,5.051678019315698,68.88651844521407,57.87817971260584,study_results/v4p2_followups_20260806/pseudo65/gp_window_ensemble_20260806/runs/window_2p25eq2p5/draw_06/attempt_01/results_single.csv,1,1,1,1,single_attempt_outside_55_75MeV,False,,,,,,,window_2p25eq2p5,6
2021,0.216,0.0055578339999999,0.2034948735,0.2285051265,80666190.61149085,1.64,0.20688515224,0.22511484776,0.0182296955199999,0.0,1.0,8000,0.000125,True,2842.7600546929107,5.298035047700143e-06,0.5,0.0,-766.9694059259343,1965.4033983423592,True,tilde_q_mu,asymptotic,default,sidak_approx,observed,8.08**2 * RBF(length_scale=0.32),0.0279457742300831,0.3810787395011339,0.1031966104965824,0.3195204142649045,0.0254052493000755,65.22443996991016,1573.0275795303717,376,262,114,416,40,0.04,0.3,0.000625,1.0,1e-08,1e+18,False,False,False,False,12,1.1,15.0,12.57694464993712,5.028177205379499,68.56605280062952,57.49009672921223,study_results/v4p2_followups_20260806/pseudo65/gp_window_ensemble_20260806/runs/window_2p25eq2p5/draw_06/attempt_01/results_single.csv,1,1,1,1,single_attempt_outside_55_75MeV,False,,,,,,,window_2p25eq2p5,6
2021,0.217,0.005593642875,0.20441430353125,0.22958569646875,78431109.94118327,1.64,0.207826425685,0.226173574315,0.0183471486299999,0.0,1.0,8000,0.000125,True,2634.284444566212,5.026138993729197e-06,0.4999655646006563,8.631674575031098e-05,-1237.0279827180457,1946.5642520798228,True,tilde_q_mu,asymptotic,default,sidak_approx,observed,8.05**2 * RBF(length_scale=0.319),0.0279955790181704,0.3817578957023249,0.1033805268652899,0.3192674492985735,0.0254505263801549,64.81947286010333,1574.5055888762315,376,263,113,416,40,0.04,0.3,0.000625,1.0,1e-08,1e+18,False,False,False,False,12,1.1,15.0,12.544630493282126,5.0048920969361115,68.24852859458333,57.07683819528315,study_results/v4p2_followups_20260806/pseudo65/gp_window_ensemble_20260806/runs/window_2p25eq2p5/draw_06/attempt_01/results_single.csv,1,1,1,1,single_attempt_outside_55_75MeV,False,,,,,,,window_2p25eq2p5,6
2021,0.218,0.0056296235,0.205333347125,0.230666652875,76236851.52538474,1.64,0.20876741746,0.22723258254,0.01846516508,0.0,1.0,8000,0.000125,True,2474.458596827558,4.834801717332998e-06,0.5,0.0,-1661.9223572166518,1928.890110639863,True,tilde_q_mu,asymptotic,default,sidak_approx,observed,8.05**2 * RBF(length_scale=0.319),0.0280457694699898,0.3824423109544073,0.103565867391711,0.3193148471283815,0.0254961540636271,64.87523177695995,1574.697299763484,376,265,111,416,40,0.04,0.3,0.000625,1.0,1e-08,1e+18,False,False,False,False,12,1.1,15.0,12.52403975640846,4.981819738032192,67.93390551862079,56.72046223488685,study_results/v4p2_followups_20260806/pseudo65/gp_window_ensemble_20260806/runs/window_2p25eq2p5/draw_06/attempt_01/results_single.csv,1,1,1,1,single_attempt_outside_55_75MeV,False,,,,,,,window_2p25eq2p5,6
2021,0.219,0.005665775875,0.20625200428125,0.23174799571875,74103158.47642389,1.64,0.209708127565,0.228291872435,0.0185837448699999,0.0,1.0,8000,0.000125,True,2317.8222884054985,4.637876959071961e-06,0.5,0.0,-2196.5873164864315,1916.3220049811655,True,tilde_q_mu,asymptotic,default,sidak_approx,observed,8.09**2 * RBF(length_scale=0.32),0.0280963402189413,0.3831319120764731,0.1037526122583625,0.3197338035755532,0.0255421274717648,65.51878009736708,1571.901491138011,375,266,109,416,41,0.04,0.3,0.000625,1.0,1e-08,1e+18,False,False,False,False,12,1.1,15.0,12.517900238693809,4.958957226478954,67.62214399744026,56.43248349910297,study_results/v4p2_followups_20260806/pseudo65/gp_window_ensemble_20260806/runs/window_2p25eq2p5/draw_06/attempt_01/results_single.csv,1,1,1,1,single_attempt_outside_55_75MeV,False,,,,,,,window_2p25eq2p5,6
2021,0.22,0.0057021,0.207170275,0.232829725,72056230.15568508,1.64,0.210648556,0.229351444,0.018702888,0.0,1.0,8000,0.000125,True,2275.160985763315,4.660557131874482e-06,0.5,0.0,-2305.886925351003,1904.325738803176,True,tilde_q_mu,asymptotic,default,sidak_approx,observed,8.03**2 * RBF(length_scale=0.319),0.0281472859956161,0.3838266272129476,0.1039407420066625,0.3189342113947729,0.0255884418141965,64.40740667671953,1570.1727324785631,374,267,107,416,42,0.04,0.3,0.000625,1.0,1e-08,1e+18,False,False,False,False,12,1.1,15.0,12.463995022073902,4.936301712635021,67.31320517229574,55.93276361248889,study_results/v4p2_followups_20260806/pseudo65/gp_window_ensemble_20260806/runs/window_2p25eq2p5/draw_06/attempt_01/results_single.csv,1,1,1,1,single_attempt_outside_55_75MeV,False,,,,,,,window_2p25eq2p5,6
2021,0.221,0.005738595875,0.20808815928125,0.23391184071875,70072537.02592257,1.64,0.211588702765,0.230411297235,0.01882259447,0.0,1.0,8000,0.000125,True,2199.970319296905,4.613139930420051e-06,0.5,0.0,-2471.4042390835943,1877.0474227907516,True,tilde_q_mu,asymptotic,default,sidak_approx,observed,8.05**2 * RBF(length_scale=0.319),0.0281986016256085,0.3845263858037528,0.1041302375288517,0.3192378460559144,0.0256350923869168,64.81594358211068,1575.6236305967188,375,269,106,416,41,0.04,0.3,0.000625,1.0,1e-08,1e+18,False,False,False,False,12,1.1,15.0,12.453157618376316,4.913850398222813,67.00705088485654,55.62995774744538,study_results/v4p2_followups_20260806/pseudo65/gp_window_ensemble_20260806/runs/window_2p25eq2p5/draw_06/attempt_01/results_single.csv,1,1,1,1,single_attempt_outside_55_75MeV,False,,,,,,,window_2p25eq2p5,6
2021,0.222,0.0057752635,0.209005657125,0.234994342875,68109664.16035153,1.64,0.21252856786,0.23147143214,0.01894286428,0.0,1.0,8000,0.000125,True,44636.140596302444,9.58616380143705e-05,0.5,0.0,-60129.20362049802,41877.19171393813,True,tilde_q_mu,asymptotic,default,sidak_approx,observed,2.92**2 * RBF(length_scale=0.0592),0.0282502820273846,0.3852311185552448,0.1043210800601226,0.0592269281924822,0.0256820745703496,8.527528901702103,1203.0496420143436,374,270,104,416,42,0.04,0.3,0.000625,1.0,1e-08,1e+18,False,False,False,False,12,1.1,15.0,2.30615825175045,4.891600535176381,66.7036436614961,10.255277216785393,study_results/v4p2_followups_20260806/pseudo65/gp_window_ensemble_20260806/runs/window_2p25eq2p5/draw_06/attempt_01/results_single.csv,1,1,1,1,single_attempt_outside_55_75MeV,False,,,,,,,window_2p25eq2p5,6
2021,0.223,0.005812102875,0.20992276853125,0.23607723146875,66214738.059975564,1.64,0.213468151285,0.232531848715,0.01906369743,0.0,1.0,8000,0.000125,True,2136.45396036832,4.698442670545602e-06,0.5,0.0,-2545.871628714483,1843.08697241798,True,tilde_q_mu,asymptotic,default,sidak_approx,observed,8.09**2 * RBF(length_scale=0.319),0.0283023222102076,0.3859407574119222,0.1045132511709582,0.3194687492259498,0.0257293838274614,65.42879375010882,1572.5465824618548,374,272,102,416,42,0.04,0.3,0.000625,1.0,1e-08,1e+18,False,False,False,False,12,1.1,15.0,12.416494361787803,4.869549424520059,66.40294669800079,54.96612088545486,study_results/v4p2_followups_20260806/pseudo65/gp_window_ensemble_20260806/runs/window_2p25eq2p5/draw_06/attempt_01/results_single.csv,1,1,1,1,single_attempt_outside_55_75MeV,False,,,,,,,window_2p25eq2p5,6
2021,0.224,0.005849114,0.2108394935,0.2371605065,64362913.74671155,1.64,0.21440745304,0.23359254696,0.01918509392,0.0,1.0,8000,0.000125,True,2157.7571121761566,4.860027915850011e-06,0.499975650495596,6.103515625e-05,-2281.1153261710456,1819.856699121636,True,tilde_q_mu,asymptotic,default,sidak_approx,observed,8.1**2 * RBF(length_scale=0.32),0.0283547172721207,0.3866552355289188,0.1047067327596833,0.319610129848615,0.0257770157019279,65.55967654125473,1572.2505060242613,374,273,101,416,42,0.04,0.3,0.000625,1.0,1e-08,1e+18,False,False,False,False,12,1.1,15.0,12.39903538657932,4.847694415277375,66.10492384469147,54.64248599849738,study_results/v4p2_followups_20260806/pseudo65/gp_window_ensemble_20260806/runs/window_2p25eq2p5/draw_06/attempt_01/results_single.csv,1,1,1,1,single_attempt_outside_55_75MeV,False,,,,,,,window_2p25eq2p5,6
2021,0.225,0.005886296875,0.21175583203125,0.23824416796875,62544678.25081808,1.64,0.215346473125,0.234653526875,0.01930705375,0.0,1.0,8000,0.000125,True,2232.9004640161716,5.152481073715409e-06,0.5,0.0,-1835.156796241014,1799.824119408934,True,tilde_q_mu,asymptotic,default,sidak_approx,observed,8.05**2 * RBF(length_scale=0.319),0.0284074623979809,0.3873744872451945,0.1049015070452041,0.3192011693780071,0.0258249658163463,64.85247747279442,1572.5962161872503,374,275,99,416,42,0.04,0.3,0.000625,1.0,1e-08,1e+18,False,False,False,False,12,1.1,15.0,12.360177808094674,4.82603290340855,65.80953959193478,54.22784072167734,study_results/v4p2_followups_20260806/pseudo65/gp_window_ensemble_20260806/runs/window_2p25eq2p5/draw_06/attempt_01/results_single.csv,1,1,1,1,single_attempt_outside_55_75MeV,False,,,,,,,window_2p25eq2p5,6
2021,0.226,0.0059236515,0.212671784125,0.239328215875,60771554.15297639,1.64,0.21628521154,0.23571478846,0.01942957692,0.0,1.0,8000,0.000125,True,2275.638768093656,5.380398757948259e-06,0.5,0.0,-1585.6789370680451,1784.2060640794014,True,tilde_q_mu,asymptotic,default,sidak_approx,observed,8.08**2 * RBF(length_scale=0.319),0.0284605528575465,0.3880984480574534,0.1050975565599455,0.3194901757914445,0.0258732298704968,65.30129717229028,1569.6564007308257,373,276,97,416,43,0.04,0.3,0.000625,1.0,1e-08,1e+18,False,False,False,False,12,1.1,15.0,12.348291163901322,4.804562330776309,65.51675905604058,53.93466779594386,study_results/v4p2_followups_20260806/pseudo65/gp_window_ensemble_20260806/runs/window_2p25eq2p5/draw_06/attempt_01/results_single.csv,1,1,1,1,single_attempt_outside_55_75MeV,False,,,,,,,window_2p25eq2p5,6
2021,0.227,0.005961177875,0.21358734978125,0.24041265021875,59077484.03982016,1.64,0.217223668285,0.236776331715,0.01955266343,0.0,1.0,8000,0.000125,True,2307.482976583321,5.587410492752754e-06,0.5,0.0,-1366.6786817969628,1763.189225292202,True,tilde_q_mu,asymptotic,default,sidak_approx,observed,8.12**2 * RBF(length_scale=0.32),0.0285139840036164,0.3888270545947703,0.1052948641429799,0.3198808333221321,0.0259218036396513,65.8671145057047,1570.714920352738,373,278,95,416,43,0.04,0.3,0.000625,1.0,1e-08,1e+18,False,False,False,False,12,1.1,15.0,12.34022283977283,4.783280184139193,65.22654796553445,53.66067579758841,study_results/v4p2_followups_20260806/pseudo65/gp_window_ensemble_20260806/runs/window_2p25eq2p5/draw_06/attempt_01/results_single.csv,1,1,1,1,single_attempt_outside_55_75MeV,False,,,,,,,window_2p25eq2p5,6
2021,0.228,0.005998876,0.214502529,0.241497471,57436780.43420136,1.64,0.21816184336,0.23783815664,0.01967631328,0.0,1.0,8000,0.000125,True,2370.855342470525,5.878953748279836e-06,0.5,0.0,-1068.100292902672,1741.5760509372656,True,tilde_q_mu,asymptotic,default,sidak_approx,observed,8.12**2 * RBF(length_scale=0.32),0.0285677512702127,0.3895602445938106,0.1054934129333165,0.3198647607640573,0.0259706829729207,65.87589766036191,1571.0177704237385,373,279,94,416,43,0.04,0.3,0.000625,1.0,1e-08,1e+18,False,False,False,False,12,1.1,15.0,12.316378475590191,4.762183994170372,64.9388726477778,53.32078222054554,study_results/v4p2_followups_20260806/pseudo65/gp_window_ensemble_20260806/runs/window_2p25eq2p5/draw_06/attempt_01/results_single.csv,1,1,1,1,single_attempt_outside_55_75MeV,False,,,,,,,window_2p25eq2p5,6
2021,0.229,0.006036745875,0.21541732178125,0.24258267821875,55831675.293223605,1.64,0.219099736765,0.238900263235,0.01980052647,0.0,1.0,8000,0.000125,True,2458.2037776222733,6.2434072145665155e-06,0.5,0.0,-756.6686285230624,1722.826459829013,True,tilde_q_mu,asymptotic,default,sidak_approx,observed,8.12**2 * RBF(length_scale=0.32),0.0286218501708174,0.3902979568747833,0.1056931863633896,0.3198642715684539,0.0260198637916522,65.9647210099158,1571.0946441942351,373,281,92,416,43,0.04,0.3,0.000625,1.0,1e-08,1e+18,False,False,False,False,12,1.1,15.0,12.29308016866229,4.741271334503118,64.6537000159516,52.98620783311569,study_results/v4p2_followups_20260806/pseudo65/gp_window_ensemble_20260806/runs/window_2p25eq2p5/draw_06/attempt_01/results_single.csv,1,1,1,1,single_attempt_outside_55_75MeV,False,,,,,,,window_2p25eq2p5,6
2021,0.23,0.0060747875,0.216331728125,0.243668271875,54262302.35414737,1.64,0.2200373485,0.2399626515,0.019925303,0.0,1.0,8000,0.000125,True,2461.112117848602,6.4036158048572026e-06,0.5,0.0,-697.1581061697342,1708.854855200031,True,tilde_q_mu,asymptotic,default,sidak_approx,observed,8.2**2 * RBF(length_scale=0.321),0.0286762762966508,0.3910401313179656,0.1058941681527014,0.3205798353909232,0.0260693420878643,67.18609400834815,1568.9076381359628,372,282,90,416,44,0.04,0.3,0.000625,1.0,1e-08,1e+18,False,False,False,False,12,1.1,15.0,12.297197002917745,4.720539820800449,64.37099755636976,52.77218921500104,study_results/v4p2_followups_20260806/pseudo65/gp_window_ensemble_20260806/runs/window_2p25eq2p5/draw_06/attempt_01/results_single.csv,1,1,1,1,single_attempt_outside_55_75MeV,False,,,,,,,window_2p25eq2p5,6
2021,0.231,0.006113000875,0.21724574803125,0.24475425196875,52721717.822498925,1.64,0.220974678565,0.241025321435,0.02005064287,0.0,1.0,8000,0.000125,True,2587.5512188896173,6.899336781292071e-06,0.5,0.0,-356.30192357861375,1691.861425840351,True,tilde_q_mu,asymptotic,default,sidak_approx,observed,8.12**2 * RBF(length_scale=0.32),0.0287310253149946,0.3917867088408355,0.1060963423016291,0.3199348420313067,0.0261191139227223,65.92729381802333,1566.4789629002453,372,284,88,416,44,0.04,0.3,0.000625,1.0,1e-08,1e+18,False,False,False,False,12,1.1,15.0,12.24906951200128,4.699987109848828,64.09073331612038,52.33678983095298,study_results/v4p2_followups_20260806/pseudo65/gp_window_ensemble_20260806/runs/window_2p25eq2p5/draw_06/attempt_01/results_single.csv,1,1,1,1,single_attempt_outside_55_75MeV,False,,,,,,,window_2p25eq2p5,6
2021,0.232,0.006151386,0.2181593815,0.2458406185,51251552.38699205,1.64,0.22191172696,0.24208827304,0.02017654608,0.0,1.0,8000,0.000125,True,2598.1160831445936,7.095507508845769e-06,0.5,0.0,-277.4138380079444,1673.589178974572,True,tilde_q_mu,asymptotic,default,sidak_approx,observed,8.12**2 * RBF(length_scale=0.32),0.0287860929675617,0.3925376313758422,0.1062996930854058,0.3200122296157452,0.0261691754250561,65.98579329611829,1567.2776447111935,372,285,87,416,44,0.04,0.3,0.000625,1.0,1e-08,1e+18,False,False,False,False,12,1.1,15.0,12.22859430677146,4.679610898675804,63.81287589103368,52.022784721320555,study_results/v4p2_followups_20260806/pseudo65/gp_window_ensemble_20260806/runs/window_2p25eq2p5/draw_06/attempt_01/results_single.csv,1,1,1,1,single_attempt_outside_55_75MeV,False,,,,,,,window_2p25eq2p5,6
2021,0.233,0.006189942875,0.21907262853125,0.24692737146875,49805482.399550624,1.64,0.222848493685,0.243151506315,0.02030301263,0.0,1.0,8000,0.000125,True,2611.5736015850407,7.307841513194361e-06,0.5,0.0,-205.59111480623295,1658.7320166174811,True,tilde_q_mu,asymptotic,default,sidak_approx,observed,8.1**2 * RBF(length_scale=0.32),0.0288414750689017,0.3932928418486603,0.1065042050482311,0.3197855151440694,0.0262195227899106,65.57903794099448,1568.2800348325245,372,287,85,416,44,0.04,0.3,0.000625,1.0,1e-08,1e+18,False,False,False,False,12,1.1,15.0,12.196465881794133,4.659408923689259,63.53739441394444,51.662110879184695,study_results/v4p2_followups_20260806/pseudo65/gp_window_ensemble_20260806/runs/window_2p25eq2p5/draw_06/attempt_01/results_single.csv,1,1,1,1,single_attempt_outside_55_75MeV,False,,,,,,,window_2p25eq2p5,6
2021,0.234,0.0062286715,0.219985489125,0.248014510875,48395595.20414742,1.64,0.22378497874,0.24421502126,0.02043004252,0.0,1.0,8000,0.000125,True,2693.333098407518,7.723040233530798e-06,0.5,0.0,-35.79529128227731,1650.181574087712,True,tilde_q_mu,asymptotic,default,sidak_approx,observed,8.04**2 * RBF(length_scale=0.319),0.0288971675048537,0.394052284157097,0.1067098629975592,0.3190709419328544,0.0262701522771398,64.58912145826334,1564.494003323818,371,288,83,416,45,0.04,0.3,0.000625,1.0,1e-08,1e+18,False,False,False,False,12,1.1,15.0,12.145759132523526,4.639378959839796,63.26425854326993,51.226163064283355,study_results/v4p2_followups_20260806/pseudo65/gp_window_ensemble_20260806/runs/window_2p25eq2p5/draw_06/attempt_01/results_single.csv,1,1,1,1,single_attempt_outside_55_75MeV,False,,,,,,,window_2p25eq2p5,6
2021,0.235,0.006267571875,0.22089796328125,0.2491020367187499,47012739.219878465,1.64,0.2247211821249999,0.245278817875,0.02055763575,0.0,1.0,8000,0.000125,True,2621.4647363604154,7.705139811361632e-06,0.499975650495596,6.103515625e-05,-135.74473163670294,1641.8045264496252,True,tilde_q_mu,asymptotic,default,sidak_approx,observed,8.06**2 * RBF(length_scale=0.319),0.0289531662310341,0.394815903150465,0.1069166519985136,0.3193248516954971,0.026321060210031,64.89315900713576,1561.7295228898647,370,289,81,416,46,0.04,0.3,0.000625,1.0,1e-08,1e+18,False,False,False,False,12,1.1,15.0,12.131914487768311,4.619518819803578,62.993438451866965,50.94873390590309,study_results/v4p2_followups_20260806/pseudo65/gp_window_ensemble_20260806/runs/window_2p25eq2p5/draw_06/attempt_01/results_single.csv,1,1,1,1,single_attempt_outside_55_75MeV,False,,,,,,,window_2p25eq2p5,6
2021,0.236,0.006306644,0.2218100509999999,0.2501899489999999,45679826.44124699,1.64,0.2256571038399999,0.24634289616,0.02068579232,0.0,1.0,8000,0.000125,True,2624.1191120285084,7.904365578390801e-06,0.5,0.0,-79.40315277822735,1623.8825702320964,True,tilde_q_mu,asymptotic,default,sidak_approx,observed,8.02**2 * RBF(length_scale=0.319),0.0290094672713634,0.3955836446095018,0.1071245573684485,0.3189208030665939,0.0263722429739667,64.35922747373718,1566.1133228586996,371,291,80,416,45,0.04,0.3,0.000625,1.0,1e-08,1e+18,False,False,False,False,12,1.1,15.0,12.093048110523434,4.599826353186174,62.7249048161751,50.569019444667234,study_results/v4p2_followups_20260806/pseudo65/gp_window_ensemble_20260806/runs/window_2p25eq2p5/draw_06/attempt_01/results_single.csv,1,1,1,1,single_attempt_outside_55_75MeV,False,,,,,,,window_2p25eq2p5,6
2021,0.237,0.006345887875,0.22272175228125,0.25127824771875,44384391.87212218,1.64,0.226592743885,0.2474072561149999,0.0208145122299999,0.0,1.0,8000,0.000125,True,2716.541117020097,8.386052656545444e-06,0.4784630727109074,0.0540113199122308,86.93181160388218,1618.3153955115547,True,tilde_q_mu,asymptotic,default,sidak_approx,observed,7.98**2 * RBF(length_scale=0.318),0.0290660667166324,0.3963554552268056,0.1073335646716512,0.3183722167426102,0.0264236970151203,63.72308171915467,1564.427729592711,370,292,78,416,46,0.04,0.3,0.000625,1.0,1e-08,1e+18,False,False,False,False,12,1.1,15.0,12.048738545572515,4.580299445746575,62.458628805635115,50.16984589293744,study_results/v4p2_followups_20260806/pseudo65/gp_window_ensemble_20260806/runs/window_2p25eq2p5/draw_06/attempt_01/results_single.csv,1,1,1,1,single_attempt_outside_55_75MeV,False,,,,,,,window_2p25eq2p5,6
2021,0.238,0.0063853035,0.223633067125,0.252366932875,43150069.97440755,1.64,0.2275281022599999,0.24847189774,0.02094379548,0.0,1.0,8000,0.000125,True,2742.872253392721,8.672953978775784e-06,0.4619686095064031,0.0954754125015325,152.76999437016102,1609.2087234199646,True,tilde_q_mu,asymptotic,default,sidak_approx,observed,7.98**2 * RBF(length_scale=0.318),0.0291229607231004,0.3971312825877338,0.1075436597141695,0.3182994919488345,0.0264754188391822,63.66225891405987,1565.394422678764,370,294,76,416,46,0.04,0.3,0.000625,1.0,1e-08,1e+18,False,False,False,False,12,1.1,15.0,12.022453502332048,4.560936018640379,62.1945820723688,49.84876473746855,study_results/v4p2_followups_20260806/pseudo65/gp_window_ensemble_20260806/runs/window_2p25eq2p5/draw_06/attempt_01/results_single.csv,1,1,1,1,single_attempt_outside_55_75MeV,False,,,,,,,window_2p25eq2p5,6
2021,0.239,0.006424890875,0.2245439955312499,0.25345600446875,41910564.95451811,1.64,0.2284631789649999,0.249536821035,0.02107364207,0.0,1.0,8000,0.000125,True,2706.9366341930554,8.77559547574419e-06,0.4736700439940384,0.0660474001013243,105.73608490523588,1605.4340937527793,True,tilde_q_mu,asymptotic,default,sidak_approx,observed,8**2 * RBF(length_scale=0.319),0.0291801455111333,0.3979110751518178,0.1077548285387784,0.3185445924651492,0.0265274050101211,63.933094095194875,1561.8977821780036,369,295,74,416,47,0.04,0.3,0.000625,1.0,1e-08,1e+18,False,False,False,False,12,1.1,15.0,12.008132432991944,4.541734027682346,61.9327367411229,49.57976698166865,study_results/v4p2_followups_20260806/pseudo65/gp_window_ensemble_20260806/runs/window_2p25eq2p5/draw_06/attempt_01/results_single.csv,1,1,1,1,single_attempt_outside_55_75MeV,False,,,,,,,window_2p25eq2p5,6
2021,0.24,0.00646465,0.2254545375,0.2545454625,40722504.22475857,1.64,0.229397974,0.250602026,0.0212040519999999,0.0,1.0,8000,0.000125,True,2689.4152215504714,8.935771646885515e-06,0.4706365395578913,0.0736698634175401,116.48773637362105,1591.2419492947813,True,tilde_q_mu,asymptotic,default,sidak_approx,observed,7.98**2 * RBF(length_scale=0.318),0.0292376173638717,0.3986947822346143,0.1079670574200659,0.3183657951117751,0.0265796521489742,63.66788912276518,1566.4005403891538,370,297,73,416,46,0.04,0.3,0.000625,1.0,1e-08,1e+18,False,False,False,False,12,1.1,15.0,11.977801414683332,4.522691462627012,61.673065399459254,49.24718199930005,study_results/v4p2_followups_20260806/pseudo65/gp_window_ensemble_20260806/runs/window_2p25eq2p5/draw_06/attempt_01/results_single.csv,1,1,1,1,single_attempt_outside_55_75MeV,False,,,,,,,window_2p25eq2p5,6
2021,0.241,0.006504580875,0.2263646930312499,0.25563530696875,39555789.66735767,1.64,0.230332487365,0.251667512635,0.0213350252699999,0.0,1.0,8000,0.000125,True,2762.9738454639855,9.411732917206651e-06,0.4406216522129457,0.1493932921490006,236.9522704284734,1588.5000438792492,True,tilde_q_mu,asymptotic,default,sidak_approx,observed,8**2 * RBF(length_scale=0.319),0.0292953726259335,0.3994823539900027,0.1081803328596386,0.3185659601495704,0.0266321569326668,63.97748005879481,1563.3465093385848,369,298,71,416,47,0.04,0.3,0.000625,1.0,1e-08,1e+18,False,False,False,False,12,1.1,15.0,11.96170332560707,4.503806346467102,61.41554108818776,48.97563213856888,study_results/v4p2_followups_20260806/pseudo65/gp_window_ensemble_20260806/runs/window_2p25eq2p5/draw_06/attempt_01/results_single.csv,1,1,1,1,single_attempt_outside_55_75MeV,False,,,,,,,window_2p25eq2p5,6
2021,0.242,0.0065446835,0.227274462125,0.256725537875,38433549.77614895,1.64,0.23126671906,0.2527332809399999,0.0214665618799999,0.0,1.0,8000,0.000125,True,2893.5452990720255,1.0102394957517394e-05,0.3885322975167402,0.283146425030218,448.29355205171566,1581.80700865188,True,tilde_q_mu,asymptotic,default,sidak_approx,observed,7.98**2 * RBF(length_scale=0.318),0.0293534077021493,0.4002737413929458,0.1083946415814538,0.3182210728253872,0.026684916092863,63.62288051187168,1564.8787569651786,369,300,69,416,47,0.04,0.3,0.000625,1.0,1e-08,1e+18,False,False,False,False,12,1.1,15.0,11.925129227237711,4.4850767347495655,61.16013729203953,48.622836050878114,study_results/v4p2_followups_20260806/pseudo65/gp_window_ensemble_20260806/runs/window_2p25eq2p5/draw_06/attempt_01/results_single.csv,1,1,1,1,single_attempt_outside_55_75MeV,False,,,,,,,window_2p25eq2p5,6
2021,0.243,0.006584957875,0.22818384478125,0.25781615521875,37332878.58161166,1.64,0.232200669085,0.253799330915,0.02159866183,0.0,1.0,8000,0.000125,True,2942.7060916214596,1.0533411697739152e-05,0.369893075146498,0.3321365526054394,525.3696109264909,1579.6091219038333,True,tilde_q_mu,asymptotic,default,sidak_approx,observed,7.99**2 * RBF(length_scale=0.318),0.0294117190563266,0.4010688962226361,0.108609970527255,0.3184150688093258,0.0267379264148424,63.8604411314691,1561.201703296902,368,301,67,416,48,0.04,0.3,0.000625,1.0,1e-08,1e+18,False,False,False,False,12,1.1,15.0,11.90874205684744,4.466500714908013,60.90682793056381,48.35491355505836,study_results/v4p2_followups_20260806/pseudo65/gp_window_ensemble_20260806/runs/window_2p25eq2p5/draw_06/attempt_01/results_single.csv,1,1,1,1,single_attempt_outside_55_75MeV,False,,,,,,,window_2p25eq2p5,6
2021,0.244,0.006625404,0.229092841,0.258907159,36240747.78783116,1.64,0.23313433744,0.25486566256,0.0217313251199999,0.0,1.0,8000,0.000125,True,3080.8474178336337,1.131366032002569e-05,0.3148673736071762,0.4821002289493755,753.2889900910732,1564.5976232204412,True,tilde_q_mu,asymptotic,default,sidak_approx,observed,8.04**2 * RBF(length_scale=0.319),0.029470303210048,0.4018677710461094,0.1088263068521347,0.3188913446447465,0.0267911847364072,64.66566572005793,1566.298076821477,369,303,66,416,47,0.04,0.3,0.000625,1.0,1e-08,1e+18,False,False,False,False,12,1.1,15.0,11.902845946614528,4.448076405612099,60.65558734925589,48.13160746797426,study_results/v4p2_followups_20260806/pseudo65/gp_window_ensemble_20260806/runs/window_2p25eq2p5/draw_06/attempt_01/results_single.csv,1,1,1,1,single_attempt_outside_55_75MeV,False,,,,,,,window_2p25eq2p5,6
2021,0.245,0.006666021875,0.23000145078125,0.25999854921875,35231160.94273463,1.64,0.234067724125,0.255932275875,0.02186455175,0.0,1.0,8000,0.000125,True,3271.3868003290863,1.230718645792389e-05,0.2579317465945648,0.6497348738724554,1013.4247586363756,1561.5989904811806,True,tilde_q_mu,asymptotic,default,sidak_approx,observed,8.06**2 * RBF(length_scale=0.319),0.0295291567414944,0.4026703192021974,0.1090436379201891,0.3190028954729373,0.0268446879468131,64.97922521810648,1565.655770414659,368,304,64,416,48,0.04,0.3,0.000625,1.0,1e-08,1e+18,False,False,False,False,12,1.1,15.0,11.883278215227213,4.429801956132116,60.40639031089249,47.85506280279605,study_results/v4p2_followups_20260806/pseudo65/gp_window_ensemble_20260806/runs/window_2p25eq2p5/draw_06/attempt_01/results_single.csv,1,1,1,1,single_attempt_outside_55_75MeV,False,,,,,,,window_2p25eq2p5,6
2021,0.246,0.0067068115,0.230909674125,0.261090325875,34231611.46534635,1.64,0.23500082914,0.25699917086,0.02199834172,0.0,1.0,8000,0.000125,True,3424.92984637249,1.3207151233671073e-05,0.2170583999654346,0.7821663798827289,1217.3935587716726,1557.638311703199,True,tilde_q_mu,asymptotic,default,sidak_approx,observed,8.08**2 * RBF(length_scale=0.319),0.0295882762843003,0.4034764947859137,0.1092619513002888,0.319148207309462,0.0268984329857275,65.25256534815085,1562.1908037662142,367,305,62,416,49,0.04,0.3,0.000625,1.0,1e-08,1e+18,False,False,False,False,12,1.1,15.0,11.864936796831374,4.411675545719503,60.159211987084134,47.585683198262245,study_results/v4p2_followups_20260806/pseudo65/gp_window_ensemble_20260806/runs/window_2p25eq2p5/draw_06/attempt_01/results_single.csv,1,1,1,1,single_attempt_outside_55_75MeV,False,,,,,,,window_2p25eq2p5,6
2021,0.247,0.006747772875,0.23181751103125,0.26218248896875,33240766.184267055,1.64,0.235933652485,0.258066347515,0.02213269503,0.0,1.0,8000,0.000125,True,3655.7928488294174,1.4458842342593303e-05,0.1600102865674318,0.9944156067821192,1530.0175015479188,1540.611261433984,True,tilde_q_mu,asymptotic,default,sidak_approx,observed,8.09**2 * RBF(length_scale=0.319),0.0296476585264336,0.4042862526331858,0.1094812347619452,0.3190767122132786,0.0269524168422123,65.48552158508907,1566.8543236982878,368,307,61,416,48,0.04,0.3,0.000625,1.0,1e-08,1e+18,False,False,False,False,12,1.1,15.0,11.838519494606007,4.393695383001999,59.91402795002726,47.2862258591178,study_results/v4p2_followups_20260806/pseudo65/gp_window_ensemble_20260806/runs/window_2p25eq2p5/draw_06/attempt_01/results_single.csv,1,1,1,1,single_attempt_outside_55_75MeV,False,,,,,,,window_2p25eq2p5,6
2021,0.248,0.006788906,0.2327249615,0.2632750385,32306957.309929177,1.64,0.23686619416,0.25913380584,0.02226761168,0.0,1.0,8000,0.000125,True,3803.119331895999,1.541388576621009e-05,0.1318350765651214,1.1177584932919014,1713.6982992800322,1534.605018822905,True,tilde_q_mu,asymptotic,default,sidak_approx,observed,8.12**2 * RBF(length_scale=0.319),0.0297073002091074,0.4050995483060104,0.1097014762712903,0.3193523898543202,0.027006636553734,65.98249608290378,1563.2157967907683,367,308,59,416,49,0.04,0.3,0.000625,1.0,1e-08,1e+18,False,False,False,False,12,1.1,15.0,11.824959736060338,4.375859705393982,59.67081416446339,47.0403316608479,study_results/v4p2_followups_20260806/pseudo65/gp_window_ensemble_20260806/runs/window_2p25eq2p5/draw_06/attempt_01/results_single.csv,1,1,1,1,single_attempt_outside_55_75MeV,False,,,,,,,window_2p25eq2p5,6
2021,0.249,0.006830210875,0.23363202553125,0.26436797446875,31367919.80580777,1.64,0.237798454165,0.260201545835,0.0224030916699999,0.0,1.0,8000,0.000125,True,3877.674230634373,1.6121527057233524e-05,0.1159175615483606,1.1956449993652392,1819.9429862603172,1522.9592022416211,True,tilde_q_mu,asymptotic,default,sidak_approx,observed,8.13**2 * RBF(length_scale=0.32),0.029767198125712,0.4059163380778918,0.1099226639871329,0.3195229974116652,0.0270610892051927,66.08243116000735,1561.666575406392,367,310,57,416,49,0.04,0.3,0.000625,1.0,1e-08,1e+18,False,False,False,False,12,1.1,15.0,11.807469942871016,4.358166778520153,59.429546979820266,46.78083931217792,study_results/v4p2_followups_20260806/pseudo65/gp_window_ensemble_20260806/runs/window_2p25eq2p5/draw_06/attempt_01/results_single.csv,1,1,1,1,single_attempt_outside_55_75MeV,False,,,,,,,window_2p25eq2p5,6
2021,0.25,0.0068716875,0.234538703125,0.265461296875,30463229.35640608,1.64,0.2387304325,0.2612695675,0.022539135,0.0,1.0,8000,0.000125,True,3888.8750002202946,1.6581658133387444e-05,0.1116231906514587,1.2179410340371457,1845.585063477724,1515.040488206976,True,tilde_q_mu,asymptotic,default,sidak_approx,observed,8.08**2 * RBF(length_scale=0.319),0.0298273491207752,0.4067365789196631,0.1101447862571196,0.3192360025707452,0.0271157719279775,65.3668066222906,1560.4179242541302,366,311,55,416,50,0.04,0.3,0.000625,1.0,1e-08,1e+18,False,False,False,False,12,1.1,15.0,11.773074482949298,4.3406148956534025,59.19020312254639,46.45671133484245,study_results/v4p2_followups_20260806/pseudo65/gp_window_ensemble_20260806/runs/window_2p25eq2p5/draw_06/attempt_01/results_single.csv,1,1,1,1,single_attempt_outside_55_75MeV,False,,,,,,,window_2p25eq2p5,6
2021,0.05,0.0019941875,0.045513078125,0.054486921875,432274745.5035101,1.64,0.0467295325,0.0532704675,0.0065409349999999,0.0,1.0,8000,0.000125,True,20413.168644505204,3.0669060869504153e-05,0.0013812855764642,2.9929918622364475,14235.554958599529,4755.814884167123,True,tilde_q_mu,asymptotic,default,sidak_approx,observed,7.26**2 * RBF(length_scale=0.323),0.0430198208653474,0.586633920891102,0.1588612167593829,0.3228907802427295,0.0391089280594068,52.730305927972815,1682.571635520697,402,9,393,416,14,0.04,0.3,0.000625,1.0,1e-08,1e+18,False,False,False,False,12,1.1,15.0,8.256191009691078,21.57260581833327,294.1718975227264,161.91595837539325,study_results/v4p2_followups_20260806/pseudo65/gp_window_ensemble_20260806/runs/window_2p25eq2p5/draw_07/attempt_01/results_single.csv,1,1,1,1,single_attempt_outside_55_75MeV,False,,,,,,,window_2p25eq2p5,7
2021,0.051,0.002001485875,0.04649665678125,0.0555033432187499,505722115.71658146,1.64,0.047717563165,0.0542824368349999,0.0065648736699999,0.0,1.0,8000,0.000125,True,16306.03826913349,2.0529872728291025e-05,0.0222385856493821,2.009565730853905,9896.083357512216,4942.608107713478,True,tilde_q_mu,asymptotic,default,sidak_approx,observed,7.23**2 * RBF(length_scale=0.324),0.0423437473933882,0.5774147371825666,0.1563646500091317,0.3235032977032245,0.0384943158121711,52.2981841454949,1676.4792178454393,401,10,391,416,15,0.04,0.3,0.000625,1.0,1e-08,1e+18,False,False,False,False,12,1.1,15.0,8.403923822980106,21.15615599504954,288.4930362961301,161.63156669952747,study_results/v4p2_followups_20260806/pseudo65/gp_window_ensemble_20260806/runs/window_2p25eq2p5/draw_07/attempt_01/results_single.csv,1,1,1,1,single_attempt_outside_55_75MeV,False,,,,,,,window_2p25eq2p5,7
2021,0.052,0.002008956,0.047479849,0.056520151,582496150.2912881,1.64,0.04870531216,0.0552946878399999,0.0065893756799999,0.0,1.0,8000,0.000125,True,7891.843855239165,8.460616361879411e-06,0.5,0.0,-421.98162165649694,4962.601295411574,True,tilde_q_mu,asymptotic,default,sidak_approx,observed,7.51**2 * RBF(length_scale=0.318),0.0416967826910809,0.5685924912420126,0.1539755745145915,0.3175405127060843,0.0379061660828008,56.455744598217485,1674.384723864933,402,12,390,416,14,0.04,0.3,0.000625,1.0,1e-08,1e+18,False,False,False,False,12,1.1,15.0,8.37701475829712,20.75544844739304,283.02884246445046,158.06245268989682,study_results/v4p2_followups_20260806/pseudo65/gp_window_ensemble_20260806/runs/window_2p25eq2p5/draw_07/attempt_01/results_single.csv,1,1,1,1,single_attempt_outside_55_75MeV,False,,,,,,,window_2p25eq2p5,7
2021,0.053,0.002016597875,0.0484626547812499,0.05753734521875,661992830.0519445,1.64,0.049692779485,0.056307220515,0.00661444103,0.0,1.0,8000,0.000125,True,6103.03843713364,5.648548628162248e-06,0.5,0.0,-6087.276315520275,5108.98044721748,True,tilde_q_mu,asymptotic,default,sidak_approx,observed,7.57**2 * RBF(length_scale=0.317),0.0410773062694674,0.5601450854927381,0.1516880062237032,0.3169790507825262,0.0373430056995158,57.24962629647645,1670.526740895942,402,14,388,416,14,0.04,0.3,0.000625,1.0,1e-08,1e+18,False,False,False,False,12,1.1,15.0,8.488311126670652,20.369607039017364,277.76736871387317,157.18505643199995,study_results/v4p2_followups_20260806/pseudo65/gp_window_ensemble_20260806/runs/window_2p25eq2p5/draw_07/attempt_01/results_single.csv,1,1,1,1,single_attempt_outside_55_75MeV,False,,,,,,,window_2p25eq2p5,7
2021,0.054,0.0020244115,0.049445074125,0.058554925875,743432117.467634,1.64,0.05067996514,0.05732003486,0.00664006972,0.0,1.0,8000,0.000125,True,5763.644622035645,4.662104864323694e-06,0.5,0.0,-11432.820930214502,5516.982982132188,True,tilde_q_mu,asymptotic,default,sidak_approx,observed,7.41**2 * RBF(length_scale=0.315),0.0404838157112043,0.552052032425514,0.1494963970927404,0.3150560537617443,0.0368034688283676,54.90005599849353,1664.5812014884666,401,15,386,416,15,0.04,0.3,0.000625,1.0,1e-08,1e+18,False,False,False,False,12,1.1,15.0,8.56049888207558,19.99781947059892,272.6975382354398,155.628464747283,study_results/v4p2_followups_20260806/pseudo65/gp_window_ensemble_20260806/runs/window_2p25eq2p5/draw_07/attempt_01/results_single.csv,1,1,1,1,single_attempt_outside_55_75MeV,False,,,,,,,window_2p25eq2p5,7
2021,0.055,0.002032396875,0.05042710703125,0.05957289296875,825863093.242175,1.64,0.051666869125,0.058333130875,0.0066662617499999,0.0,1.0,8000,0.000125,True,5996.6115089389405,4.287015838360122e-06,0.5,0.0,-10701.911781317887,5626.298419469529,True,tilde_q_mu,asymptotic,default,sidak_approx,observed,7.46**2 * RBF(length_scale=0.315),0.0399149161083646,0.5442943105686093,0.1473955960828078,0.3152740592259296,0.0362862873712406,55.69880127690564,1669.240154399257,402,17,385,416,14,0.04,0.3,0.000625,1.0,1e-08,1e+18,False,False,False,False,12,1.1,15.0,8.688517951709935,19.639331569216612,267.8090668529538,155.12425899883831,study_results/v4p2_followups_20260806/pseudo65/gp_window_ensemble_20260806/runs/window_2p25eq2p5/draw_07/attempt_01/results_single.csv,2,2,1,2,stable_reproduced,False,attempt_01_full,False,1669.240154399257,1669.2401538428287,study_results/v4p2_followups_20260806/pseudo65/gp_window_ensemble_20260806/runs/window_2p25eq2p5/draw_07/attempt_01/results_single.csv|study_results/v4p2_followups_20260806/pseudo65/gp_window_ensemble_20260806/central_repeat/window_2p25eq2p5/draw_07/attempt_02/results_single.csv,1669.2401544|1669.24015384,window_2p25eq2p5,7
2021,0.056,0.002040554,0.0514087535,0.0605912465,908527012.009006,1.64,0.05265349144,0.05934650856,0.00669301712,0.0,1.0,8000,0.000125,True,7248.032012256617,4.626090810310995e-06,0.5,0.0,-6058.242224947989,5880.4736949122625,True,tilde_q_mu,asymptotic,default,sidak_approx,observed,7.46**2 * RBF(length_scale=0.316),0.0393693106142212,0.5368542356484718,0.1453808142699889,0.3158240872513547,0.0357902823765647,55.717109105891,1663.0984605712977,401,18,383,416,15,0.04,0.3,0.000625,1.0,1e-08,1e+18,False,False,False,False,12,1.1,15.0,8.824297163359459,19.293442180026243,263.0923933639942,154.773697364223,study_results/v4p2_followups_20260806/pseudo65/gp_window_ensemble_20260806/central_repeat/window_2p25eq2p5/draw_07/attempt_02/results_single.csv,2,2,1,2,stable_reproduced,False,attempt_02_55_75MeV,False,1663.0984597118345,1663.0984605712977,study_results/v4p2_followups_20260806/pseudo65/gp_window_ensemble_20260806/runs/window_2p25eq2p5/draw_07/attempt_01/results_single.csv|study_results/v4p2_followups_20260806/pseudo65/gp_window_ensemble_20260806/central_repeat/window_2p25eq2p5/draw_07/attempt_02/results_single.csv,1663.09845971|1663.09846057,window_2p25eq2p5,7
2021,0.057,0.002048882875,0.05239001353125,0.06160998646875,990532535.455896,1.64,0.053639832085,0.060360167915,0.0067203358299999,0.0,1.0,8000,0.000125,True,9768.34636791041,5.618202281268048e-06,0.4885748194817504,0.028642596437622,151.11998900381144,5891.62923161997,True,tilde_q_mu,asymptotic,default,sidak_approx,observed,7.79**2 * RBF(length_scale=0.319),0.0388457919743114,0.5297153451042469,0.1434475935717297,0.3190259780729202,0.0353143563402831,60.627108417113234,1660.9430986007137,401,20,381,416,15,0.04,0.3,0.000625,1.0,1e-08,1e+18,False,False,False,False,12,1.1,15.0,9.033889078958149,18.959498587400432,258.53861710091496,155.70727930112656,study_results/v4p2_followups_20260806/pseudo65/gp_window_ensemble_20260806/central_repeat/window_2p25eq2p5/draw_07/attempt_02/results_single.csv,2,2,1,2,stable_reproduced,False,attempt_02_55_75MeV,False,1660.9430984629792,1660.9430986007137,study_results/v4p2_followups_20260806/pseudo65/gp_window_ensemble_20260806/runs/window_2p25eq2p5/draw_07/attempt_01/results_single.csv|study_results/v4p2_followups_20260806/pseudo65/gp_window_ensemble_20260806/central_repeat/window_2p25eq2p5/draw_07/attempt_02/results_single.csv,1660.94309846|1660.9430986,window_2p25eq2p5,7
2021,0.058,0.0020573835,0.053370887125,0.062629112875,1071544850.386556,1.64,0.05462589106,0.06137410894,0.00674821788,0.0,1.0,8000,0.000125,True,14162.929017360766,7.400049989279715e-06,0.1611680343470171,0.9896687203092928,5941.07922306826,5993.253911214897,True,tilde_q_mu,asymptotic,default,sidak_approx,observed,7.85**2 * RBF(length_scale=0.317),0.0383432349203511,0.5228622943684247,0.1415917786595051,0.316939132675002,0.0348574862912283,61.67958386700781,1658.7425370990316,401,21,380,416,15,0.04,0.3,0.000625,1.0,1e-08,1e+18,False,False,False,False,12,1.1,15.0,9.092426517134085,18.63689240258374,254.13944185341464,154.04961334384282,study_results/v4p2_followups_20260806/pseudo65/gp_window_ensemble_20260806/central_repeat/window_2p25eq2p5/draw_07/attempt_02/results_single.csv,2,2,1,2,stable_reproduced,False,attempt_02_55_75MeV,False,1658.742535584497,1658.7425370990316,study_results/v4p2_followups_20260806/pseudo65/gp_window_ensemble_20260806/runs/window_2p25eq2p5/draw_07/attempt_01/results_single.csv|study_results/v4p2_followups_20260806/pseudo65/gp_window_ensemble_20260806/central_repeat/window_2p25eq2p5/draw_07/attempt_02/results_single.csv,1658.74253558|1658.7425371,window_2p25eq2p5,7
2021,0.059,0.002066055875,0.0543513742812499,0.0636486257187499,1150597146.06326,1.64,0.055611668365,0.0623883316349999,0.0067766632699999,0.0,1.0,8000,0.000125,True,14060.353022188228,6.725751898158486e-06,0.1732514696488343,0.9413940935418432,5599.292392455252,6059.733443017494,True,tilde_q_mu,asymptotic,default,sidak_approx,observed,7.96**2 * RBF(length_scale=0.318),0.0378605893261601,0.516280763538548,0.139809491685398,0.3178147934746806,0.0344187175692365,63.36334988139333,1658.0999151385352,401,23,378,416,15,0.04,0.3,0.000625,1.0,1e-08,1e+18,False,False,False,False,12,1.1,15.0,9.233777895279388,18.325055863341635,249.88712540920412,153.82681432789448,study_results/v4p2_followups_20260806/pseudo65/gp_window_ensemble_20260806/runs/window_2p25eq2p5/draw_07/attempt_01/results_single.csv,2,2,1,2,stable_reproduced,False,attempt_01_full,False,1658.0999151385352,1658.0999142127096,study_results/v4p2_followups_20260806/pseudo65/gp_window_ensemble_20260806/runs/window_2p25eq2p5/draw_07/attempt_01/results_single.csv|study_results/v4p2_followups_20260806/pseudo65/gp_window_ensemble_20260806/central_repeat/window_2p25eq2p5/draw_07/attempt_02/results_single.csv,1658.09991514|1658.09991421,window_2p25eq2p5,7
2021,0.06,0.0020749,0.055331475,0.064668525,1227078970.8161075,1.64,0.056597164,0.063402836,0.006805672,0.0,1.0,8000,0.000125,True,11707.11600412845,5.163522573759248e-06,0.3383262746033333,0.4170353529875849,2541.300565657252,6094.045800229639,True,tilde_q_mu,asymptotic,default,sidak_approx,observed,7.85**2 * RBF(length_scale=0.316),0.0373968740379758,0.5099573732451246,0.1380971094990222,0.3155609504954041,0.0339971582163416,61.61114644900158,1662.2175667759225,402,25,377,416,14,0.04,0.3,0.000625,1.0,1e-08,1e+18,False,False,False,False,12,1.1,15.0,9.281980231621873,18.023458498229218,245.77443406676204,152.08489589638253,study_results/v4p2_followups_20260806/pseudo65/gp_window_ensemble_20260806/runs/window_2p25eq2p5/draw_07/attempt_01/results_single.csv,2,2,1,2,stable_reproduced,False,attempt_01_full,False,1662.2175667759225,1662.217566719762,study_results/v4p2_followups_20260806/pseudo65/gp_window_ensemble_20260806/runs/window_2p25eq2p5/draw_07/attempt_01/results_single.csv|study_results/v4p2_followups_20260806/pseudo65/gp_window_ensemble_20260806/central_repeat/window_2p25eq2p5/draw_07/attempt_02/results_single.csv,1662.21756678|1662.21756672,window_2p25eq2p5,7
2021,0.061,0.002083915875,0.05631118928125,0.06568881071875,1300346950.1667757,1.64,0.057582377965,0.064417622035,0.0068352440699999,0.0,1.0,8000,0.000125,True,10113.199992606793,4.140182061284227e-06,0.5,0.0,-509.17633219539096,6339.922465133457,True,tilde_q_mu,asymptotic,default,sidak_approx,observed,7.63**2 * RBF(length_scale=0.315),0.0369511713028735,0.5038796086755482,0.136451243073103,0.3148842645286702,0.0335919739117032,58.224252959084474,1657.6431722764185,401,26,375,416,15,0.04,0.3,0.000625,1.0,1e-08,1e+18,False,False,False,False,12,1.1,15.0,9.3737946259528,17.731604114236877,241.7946015577755,151.10219577777835,study_results/v4p2_followups_20260806/pseudo65/gp_window_ensemble_20260806/runs/window_2p25eq2p5/draw_07/attempt_01/results_single.csv,2,2,1,2,stable_reproduced,False,attempt_01_full,False,1657.6431722764185,1657.6431719569512,study_results/v4p2_followups_20260806/pseudo65/gp_window_ensemble_20260806/runs/window_2p25eq2p5/draw_07/attempt_01/results_single.csv|study_results/v4p2_followups_20260806/pseudo65/gp_window_ensemble_20260806/central_repeat/window_2p25eq2p5/draw_07/attempt_02/results_single.csv,1657.64317228|1657.64317196,window_2p25eq2p5,7
2021,0.062,0.0020931035,0.057290517125,0.066709482875,1370262756.2125545,1.64,0.05856731026,0.06543268974,0.0068653794799999,0.0,1.0,8000,0.000125,True,8798.91750219083,3.363207204102125e-06,0.5,0.0,-3631.2619811865698,6406.516810590296,True,tilde_q_mu,asymptotic,default,sidak_approx,observed,7.91**2 * RBF(length_scale=0.317),0.0365226217287332,0.4980357508463617,0.1348687188919183,0.3173299261597613,0.0332023833897574,62.550139972635534,1656.125112662113,401,28,373,416,15,0.04,0.3,0.000625,1.0,1e-08,1e+18,False,False,False,False,12,1.1,15.0,9.55744418810771,17.449028071824063,237.9412918885099,151.60737448471195,study_results/v4p2_followups_20260806/pseudo65/gp_window_ensemble_20260806/central_repeat/window_2p25eq2p5/draw_07/attempt_02/results_single.csv,2,2,1,2,stable_reproduced,False,attempt_02_55_75MeV,False,1656.1251121366724,1656.125112662113,study_results/v4p2_followups_20260806/pseudo65/gp_window_ensemble_20260806/runs/window_2p25eq2p5/draw_07/attempt_01/results_single.csv|study_results/v4p2_followups_20260806/pseudo65/gp_window_ensemble_20260806/central_repeat/window_2p25eq2p5/draw_07/attempt_02/results_single.csv,1656.12511214|1656.12511266,window_2p25eq2p5,7
2021,0.063,0.002102462875,0.05826945853125,0.06773054146875,1435439449.4148989,1.64,0.059551960885,0.066448039115,0.0068960782299999,0.0,1.0,8000,0.000125,True,9857.604291127398,3.539695270375481e-06,0.5,0.0,-1459.3307321718066,6476.49064300561,True,tilde_q_mu,asymptotic,default,sidak_approx,observed,7.91**2 * RBF(length_scale=0.318),0.0361104197174945,0.4924148143294715,0.133346562087477,0.3183493848246728,0.0328276542886314,62.53171708527056,1656.3564253973334,401,29,372,416,15,0.04,0.3,0.000625,1.0,1e-08,1e+18,False,False,False,False,12,1.1,15.0,9.69759770301104,17.17529481584524,234.20856567061688,151.41736323152568,study_results/v4p2_followups_20260806/pseudo65/gp_window_ensemble_20260806/central_repairs/window_2p25eq2p5/draw_07/m063/attempt_03/results_single.csv,3,3,2,2,resolved_reproduced_max_lml,False,attempt_03_targeted,False,1528.1426997293436,1656.3564252527506,study_results/v4p2_followups_20260806/pseudo65/gp_window_ensemble_20260806/runs/window_2p25eq2p5/draw_07/attempt_01/results_single.csv|study_results/v4p2_followups_20260806/pseudo65/gp_window_ensemble_20260806/central_repeat/window_2p25eq2p5/draw_07/attempt_02/results_single.csv|study_results/v4p2_followups_20260806/pseudo65/gp_window_ensemble_20260806/central_repairs/window_2p25eq2p5/draw_07/m063/attempt_03/results_single.csv,1528.14269973|1656.35642525|1656.3564254,window_2p25eq2p5,7
2021,0.064,0.002111994,0.0592480135,0.0687519865,1496572137.7645252,1.64,0.06053632984,0.06746367016,0.00692734032,0.0,1.0,8000,0.000125,True,11734.384565809698,3.978346533198587e-06,0.4011480402980106,0.2503766560340236,1628.2972685599575,6500.042443160752,True,tilde_q_mu,asymptotic,default,sidak_approx,observed,8.15**2 * RBF(length_scale=0.32),0.0357138093206567,0.4870064907362281,0.1318819811349368,0.319625247229774,0.0324670993824152,66.46679185172911,1654.939268302611,401,31,370,416,15,0.04,0.3,0.000625,1.0,1e-08,1e+18,False,False,False,False,12,1.1,15.0,9.844588931861558,16.909995634768247,230.59084956502153,151.3381416944243,study_results/v4p2_followups_20260806/pseudo65/gp_window_ensemble_20260806/central_repairs/window_2p25eq2p5/draw_07/m064/attempt_05/results_single.csv,5,5,3,3,resolved_reproduced_max_lml,False,attempt_05_targeted,False,1654.9392675950942,1112.2810853865185,study_results/v4p2_followups_20260806/pseudo65/gp_window_ensemble_20260806/runs/window_2p25eq2p5/draw_07/attempt_01/results_single.csv|study_results/v4p2_followups_20260806/pseudo65/gp_window_ensemble_20260806/central_repeat/window_2p25eq2p5/draw_07/attempt_02/results_single.csv|study_results/v4p2_followups_20260806/pseudo65/gp_window_ensemble_20260806/central_repairs/window_2p25eq2p5/draw_07/m064/attempt_03/results_single.csv|study_results/v4p2_followups_20260806/pseudo65/gp_window_ensemble_20260806/central_repairs/window_2p25eq2p5/draw_07/m064/attempt_04/results_single.csv|study_results/v4p2_followups_20260806/pseudo65/gp_window_ensemble_20260806/central_repairs/window_2p25eq2p5/draw_07/m064/attempt_05/results_single.csv,1654.9392676|1112.28108539|1654.93926826|1654.93926817|1654.9392683,window_2p25eq2p5,7
2021,0.065,0.002121696875,0.06022618203125,0.06977381796875,1552578396.5478897,1.64,0.061520417125,0.068479582875,0.0069591657499999,0.0,1.0,8000,0.000125,True,14555.592860062348,4.683633739094891e-06,0.2146820447485914,0.790280299377292,5218.667263446108,6603.850489427359,True,tilde_q_mu,asymptotic,default,sidak_approx,observed,8.14**2 * RBF(length_scale=0.319),0.0353320804721528,0.4818010973475384,0.1304723539415717,0.3194723778429303,0.0321200731565025,66.33675183251941,1648.8060882707166,400,32,368,416,16,0.04,0.3,0.000625,1.0,1e-08,1e+18,False,False,False,False,12,1.1,15.0,9.94619085349918,16.652746623927047,227.08290850809607,150.57399650594778,study_results/v4p2_followups_20260806/pseudo65/gp_window_ensemble_20260806/runs/window_2p25eq2p5/draw_07/attempt_01/results_single.csv,2,2,1,2,stable_reproduced,False,attempt_01_full,False,1648.8060882707166,1648.8060858898905,study_results/v4p2_followups_20260806/pseudo65/gp_window_ensemble_20260806/runs/window_2p25eq2p5/draw_07/attempt_01/results_single.csv|study_results/v4p2_followups_20260806/pseudo65/gp_window_ensemble_20260806/central_repeat/window_2p25eq2p5/draw_07/attempt_02/results_single.csv,1648.80608827|1648.80608589,window_2p25eq2p5,7
2021,0.066,0.0021315715,0.061203964125,0.070796035875,1603465890.845916,1.64,0.06250422274,0.06949577726,0.0069915545199999,0.0,1.0,8000,0.000125,True,17370.32425222703,5.3299628995668285e-06,0.0917151988813921,1.3302667514855355,8615.78293159437,6492.166054687437,True,tilde_q_mu,asymptotic,default,sidak_approx,observed,8.35**2 * RBF(length_scale=0.323),0.0349645655591176,0.4767895303516045,0.1291152151834926,0.3227720933041093,0.0317859686901069,69.6557914661837,1655.6016947337705,401,34,367,416,15,0.04,0.3,0.000625,1.0,1e-08,1e+18,False,False,False,False,12,1.1,15.0,10.154546380226208,16.403186831461046,223.67982042901423,151.4244740578063,study_results/v4p2_followups_20260806/pseudo65/gp_window_ensemble_20260806/runs/window_2p25eq2p5/draw_07/attempt_01/results_single.csv,2,2,1,2,stable_reproduced,False,attempt_01_full,False,1655.6016947337705,1655.601694668307,study_results/v4p2_followups_20260806/pseudo65/gp_window_ensemble_20260806/runs/window_2p25eq2p5/draw_07/attempt_01/results_single.csv|study_results/v4p2_followups_20260806/pseudo65/gp_window_ensemble_20260806/central_repeat/window_2p25eq2p5/draw_07/attempt_02/results_single.csv,1655.60169473|1655.60169467,window_2p25eq2p5,7
2021,0.067,0.002141617875,0.06218135978125,0.07181864021875,1649293024.336557,1.64,0.063487746685,0.070512253315,0.00702450663,0.0,1.0,8000,0.000125,True,16730.926694938436,4.9166273603163674e-06,0.1150962276882822,1.1998632482252638,7807.818472789308,6601.411748804389,True,tilde_q_mu,asymptotic,default,sidak_approx,observed,8.19**2 * RBF(length_scale=0.321),0.034610636295701,0.4719632222141046,0.1278082447614374,0.3213280626214889,0.0314642148142736,67.01643177918146,1650.169535967316,400,35,365,416,16,0.04,0.3,0.000625,1.0,1e-08,1e+18,False,False,False,False,12,1.1,15.0,10.212492652946148,16.16097656810088,220.37695320137564,150.0398676965137,study_results/v4p2_followups_20260806/pseudo65/gp_window_ensemble_20260806/central_repeat/window_2p25eq2p5/draw_07/attempt_02/results_single.csv,2,2,1,2,stable_reproduced,False,attempt_02_55_75MeV,False,1650.169535084569,1650.169535967316,study_results/v4p2_followups_20260806/pseudo65/gp_window_ensemble_20260806/runs/window_2p25eq2p5/draw_07/attempt_01/results_single.csv|study_results/v4p2_followups_20260806/pseudo65/gp_window_ensemble_20260806/central_repeat/window_2p25eq2p5/draw_07/attempt_02/results_single.csv,1650.16953508|1650.16953597,window_2p25eq2p5,7
2021,0.068,0.002151836,0.063158369,0.072841631,1689236226.6896868,1.64,0.06447098896,0.07152901104,0.00705802208,0.0,1.0,8000,0.000125,True,14819.35856671388,4.18938264310432e-06,0.2039734689484643,0.8275119743748514,5485.164871335894,6632.645324085897,True,tilde_q_mu,asymptotic,default,sidak_approx,observed,8.08**2 * RBF(length_scale=0.32),0.0342697008691363,0.4673141027609495,0.1265492572619316,0.3199563569575557,0.0311542735173966,65.21786715965673,1651.2146502994394,400,37,363,416,16,0.04,0.3,0.000625,1.0,1e-08,1e+18,False,False,False,False,12,1.1,15.0,10.270063167381874,15.92579586415336,217.1699436020912,148.68993592334908,study_results/v4p2_followups_20260806/pseudo65/gp_window_ensemble_20260806/central_repeat/window_2p25eq2p5/draw_07/attempt_02/results_single.csv,2,2,1,2,stable_reproduced,False,attempt_02_55_75MeV,False,1651.2146501305176,1651.2146502994394,study_results/v4p2_followups_20260806/pseudo65/gp_window_ensemble_20260806/runs/window_2p25eq2p5/draw_07/attempt_01/results_single.csv|study_results/v4p2_followups_20260806/pseudo65/gp_window_ensemble_20260806/central_repeat/window_2p25eq2p5/draw_07/attempt_02/results_single.csv,1651.21465013|1651.2146503,window_2p25eq2p5,7
2021,0.069,0.002162225875,0.06413499178125,0.07386500821875,1724083479.3145258,1.64,0.065453949565,0.072546050435,0.00709210087,0.0,1.0,8000,0.000125,True,11726.24425413352,3.200895361697299e-06,0.4117748875096064,0.2229816668804882,1460.582914576211,6560.973425674032,True,tilde_q_mu,asymptotic,default,sidak_approx,observed,8.05**2 * RBF(length_scale=0.321),0.0339412013307978,0.4628345636017883,0.1253361923231284,0.3205779399793377,0.0308556375734525,64.79077972841218,1657.1775336380017,401,39,362,416,15,0.04,0.3,0.000625,1.0,1e-08,1e+18,False,False,False,False,12,1.1,15.0,10.389606736084923,15.697343058942815,214.05467807649293,148.2629283489347,study_results/v4p2_followups_20260806/pseudo65/gp_window_ensemble_20260806/central_repeat/window_2p25eq2p5/draw_07/attempt_02/results_single.csv,2,2,1,2,stable_reproduced,False,attempt_02_55_75MeV,False,1657.177532606521,1657.1775336380017,study_results/v4p2_followups_20260806/pseudo65/gp_window_ensemble_20260806/runs/window_2p25eq2p5/draw_07/attempt_01/results_single.csv|study_results/v4p2_followups_20260806/pseudo65/gp_window_ensemble_20260806/central_repeat/window_2p25eq2p5/draw_07/attempt_02/results_single.csv,1657.17753261|1657.17753364,window_2p25eq2p5,7
2021,0.07,0.0021727875,0.065111228125,0.074888771875,1754195311.2214112,1.64,0.0664366285,0.0735633715,0.0071267429999999,0.0,1.0,8000,0.000125,True,9326.674718564682,2.4664412012837036e-06,0.5,0.0,-3544.237303675232,6681.801733162125,True,tilde_q_mu,asymptotic,default,sidak_approx,observed,7.93**2 * RBF(length_scale=0.319),0.0336246112080568,0.4585174255644109,0.1241671058160028,0.3188827158246854,0.0305678283709607,62.88928964785976,1650.4301846014205,400,40,360,416,16,0.04,0.3,0.000625,1.0,1e-08,1e+18,False,False,False,False,12,1.1,15.0,10.431971547171544,15.475333509630737,211.02727513132825,146.76203532314383,study_results/v4p2_followups_20260806/pseudo65/gp_window_ensemble_20260806/runs/window_2p25eq2p5/draw_07/attempt_01/results_single.csv,2,2,1,2,stable_reproduced,False,attempt_01_full,False,1650.4301846014205,1650.430183111516,study_results/v4p2_followups_20260806/pseudo65/gp_window_ensemble_20260806/runs/window_2p25eq2p5/draw_07/attempt_01/results_single.csv|study_results/v4p2_followups_20260806/pseudo65/gp_window_ensemble_20260806/central_repeat/window_2p25eq2p5/draw_07/attempt_02/results_single.csv,1650.4301846|1650.43018311,window_2p25eq2p5,7
2021,0.071,0.002183520875,0.06608707803125,0.0759129219687499,1779460447.040085,1.64,0.0674190257649999,0.074580974235,0.00716194847,0.0,1.0,8000,0.000125,True,7740.83271245697,1.9895777532644382e-06,0.5,0.0,-8482.559696806493,6575.907485065255,True,tilde_q_mu,asymptotic,default,sidak_approx,observed,8**2 * RBF(length_scale=0.321),0.0333194333154327,0.4543559088468107,0.1230401617614922,0.3205874306691834,0.0302903939231207,63.98369419070902,1657.0175885188976,401,42,359,416,15,0.04,0.3,0.000625,1.0,1e-08,1e+18,False,False,False,False,12,1.1,15.0,10.5837986618087,15.259498407787282,208.08406919709927,146.82132620746455,study_results/v4p2_followups_20260806/pseudo65/gp_window_ensemble_20260806/central_repeat/window_2p25eq2p5/draw_07/attempt_02/results_single.csv,2,2,1,2,stable_reproduced,False,attempt_02_55_75MeV,False,1657.0175881752418,1657.0175885188976,study_results/v4p2_followups_20260806/pseudo65/gp_window_ensemble_20260806/runs/window_2p25eq2p5/draw_07/attempt_01/results_single.csv|study_results/v4p2_followups_20260806/pseudo65/gp_window_ensemble_20260806/central_repeat/window_2p25eq2p5/draw_07/attempt_02/results_single.csv,1657.01758818|1657.01758852,window_2p25eq2p5,7
2021,0.072,0.002194426,0.0670625414999999,0.0769374585,1799888617.6127012,1.64,0.06840114136,0.0755988586399999,0.0071977172799999,0.0,1.0,8000,0.000125,True,7207.1689406776495,1.8059532238521532e-06,0.5,0.0,-11937.974102308768,6646.318246951036,True,tilde_q_mu,asymptotic,default,sidak_approx,observed,7.99**2 * RBF(length_scale=0.32),0.0330251977459068,0.4503436056260024,0.1219536249129291,0.3204317160450281,0.0300229070417334,63.86925723236628,1651.1780587959377,400,43,357,416,16,0.04,0.3,0.000625,1.0,1e-08,1e+18,False,False,False,False,12,1.1,15.0,10.672907710089843,15.049583693369856,205.22159581867984,146.02074348600868,study_results/v4p2_followups_20260806/pseudo65/gp_window_ensemble_20260806/runs/window_2p25eq2p5/draw_07/attempt_01/results_single.csv,2,2,1,2,stable_reproduced,False,attempt_01_full,False,1651.1780587959377,1651.1780587532533,study_results/v4p2_followups_20260806/pseudo65/gp_window_ensemble_20260806/runs/window_2p25eq2p5/draw_07/attempt_01/results_single.csv|study_results/v4p2_followups_20260806/pseudo65/gp_window_ensemble_20260806/central_repeat/window_2p25eq2p5/draw_07/attempt_02/results_single.csv,1651.1780588|1651.17805875,window_2p25eq2p5,7
2021,0.073,0.002205502875,0.06803761853125,0.07796238146875,1816720665.3572028,1.64,0.069382975285,0.076617024715,0.00723404943,0.0,1.0,8000,0.000125,True,7299.655274300601,1.78735679887889e-06,0.5,0.0,-11191.321215698212,6627.6597184245165,True,tilde_q_mu,asymptotic,default,sidak_approx,observed,7.92**2 * RBF(length_scale=0.319),0.0327414600253253,0.4464744548907995,0.1209058539407253,0.3189260533688089,0.0297649636593866,62.7742768436573,1651.2424707231069,400,45,355,416,16,0.04,0.3,0.000625,1.0,1e-08,1e+18,False,False,False,False,12,1.1,15.0,10.714814135787895,14.845349056879057,202.43657804835075,144.60468720486654,study_results/v4p2_followups_20260806/pseudo65/gp_window_ensemble_20260806/central_repeat/window_2p25eq2p5/draw_07/attempt_02/results_single.csv,2,2,1,2,stable_reproduced,False,attempt_02_55_75MeV,False,1651.242469620655,1651.2424707231069,study_results/v4p2_followups_20260806/pseudo65/gp_window_ensemble_20260806/runs/window_2p25eq2p5/draw_07/attempt_01/results_single.csv|study_results/v4p2_followups_20260806/pseudo65/gp_window_ensemble_20260806/central_repeat/window_2p25eq2p5/draw_07/attempt_02/results_single.csv,1651.24246962|1651.24247072,window_2p25eq2p5,7
2021,0.074,0.0022167515,0.0690123091249999,0.078987690875,1829474701.9884825,1.64,0.07036452754,0.07763547246,0.0072709449199999,0.0,1.0,8000,0.000125,True,7540.945636102051,1.8087877320901691e-06,0.4998622584051908,0.0003452669830012,-9373.44754575846,6563.49822812765,True,tilde_q_mu,asymptotic,default,sidak_approx,observed,8.07**2 * RBF(length_scale=0.322),0.0324677994146582,0.442742719290794,0.1198952951630456,0.3216753765633567,0.0295161812860529,65.17434785478136,1653.7037892084193,400,46,354,416,16,0.04,0.3,0.000625,1.0,1e-08,1e+18,False,False,False,False,12,1.1,15.0,10.898272152683775,14.646567021453794,199.72591392891536,145.11115772938766,study_results/v4p2_followups_20260806/pseudo65/gp_window_ensemble_20260806/central_repeat/window_2p25eq2p5/draw_07/attempt_02/results_single.csv,2,2,1,2,stable_reproduced,False,attempt_02_55_75MeV,False,1653.703788535491,1653.7037892084193,study_results/v4p2_followups_20260806/pseudo65/gp_window_ensemble_20260806/runs/window_2p25eq2p5/draw_07/attempt_01/results_single.csv|study_results/v4p2_followups_20260806/pseudo65/gp_window_ensemble_20260806/central_repeat/window_2p25eq2p5/draw_07/attempt_02/results_single.csv,1653.70378854|1653.70378921,window_2p25eq2p5,7
2021,0.075,0.002228171875,0.06998661328125,0.08001338671875,1838368958.6354597,1.64,0.071345798125,0.078654201875,0.0073084037499999,0.0,1.0,8000,0.000125,True,8636.628352693693,2.034090221775783e-06,0.5,0.0,-4828.071513336187,6536.02553404525,True,tilde_q_mu,asymptotic,default,sidak_approx,observed,8.1**2 * RBF(length_scale=0.321),0.032203817346461,0.4391429638153776,0.1189204767720596,0.321032288330573,0.0292761975876918,65.58931274366512,1653.494000497187,400,48,352,416,16,0.04,0.3,0.000625,1.0,1e-08,1e+18,False,False,False,False,12,1.1,15.0,10.965641537599812,14.45302209752604,197.08666496626415,144.07878132407225,study_results/v4p2_followups_20260806/pseudo65/gp_window_ensemble_20260806/runs/window_2p25eq2p5/draw_07/attempt_01/results_single.csv,2,2,1,2,stable_reproduced,False,attempt_01_full,False,1653.494000497187,1653.4940001076632,study_results/v4p2_followups_20260806/pseudo65/gp_window_ensemble_20260806/runs/window_2p25eq2p5/draw_07/attempt_01/results_single.csv|study_results/v4p2_followups_20260806/pseudo65/gp_window_ensemble_20260806/central_repeat/window_2p25eq2p5/draw_07/attempt_02/results_single.csv,1653.4940005|1653.49400011,window_2p25eq2p5,7
2021,0.076,0.002239764,0.070960531,0.081039469,1844398591.748667,1.64,0.0723267870399999,0.07967321296,0.00734642592,0.0,1.0,8000,0.000125,True,10536.794102492608,2.4409565085094384e-06,0.5,0.0,-257.59381103807965,6501.15301216887,True,tilde_q_mu,asymptotic,default,sidak_approx,observed,8.01**2 * RBF(length_scale=0.32),0.0319491359833398,0.4356700361364529,0.1179800035107226,0.3197464468304619,0.0290446690757635,64.12044735873704,1652.232699623088,400,50,350,416,16,0.04,0.3,0.000625,1.0,1e-08,1e+18,False,False,False,False,12,1.1,15.0,11.008782575432264,14.264510003437811,194.51604550142468,142.7589901572049,study_results/v4p2_followups_20260806/pseudo65/gp_window_ensemble_20260806/runs/window_2p25eq2p5/draw_07/attempt_01/results_single.csv,1,1,1,1,single_attempt_outside_55_75MeV,False,,,,,,,window_2p25eq2p5,7
2021,0.077,0.002251527875,0.07193406228125,0.08206593771875,1847461207.5520144,1.64,0.073307494285,0.080692505715,0.00738501143,0.0,1.0,8000,0.000125,True,13518.681134632769,3.085945084434698e-06,0.2645892586198913,0.6292605142726603,4089.7442303770185,6503.890633999531,True,tilde_q_mu,asymptotic,default,sidak_approx,observed,7.8**2 * RBF(length_scale=0.317),0.0317033968874435,0.4323190484651396,0.1170725517595489,0.3167725528844544,0.0288212698976759,60.797271134911135,1652.3327181157854,400,51,349,416,16,0.04,0.3,0.000625,1.0,1e-08,1e+18,False,False,False,False,12,1.1,15.0,10.990929754625338,14.080836946086476,192.0114129011792,140.69226341888145,study_results/v4p2_followups_20260806/pseudo65/gp_window_ensemble_20260806/runs/window_2p25eq2p5/draw_07/attempt_01/results_single.csv,1,1,1,1,single_attempt_outside_55_75MeV,False,,,,,,,window_2p25eq2p5,7
2021,0.078,0.0022634635,0.072907207125,0.083092792875,1847769944.3645077,1.64,0.07428791986,0.08171208014,0.00742416028,0.0,1.0,8000,0.000125,True,15611.17612552193,3.5173294164719165e-06,0.1515546266463734,1.029788600143527,6718.038715971409,6483.542672464962,True,tilde_q_mu,asymptotic,default,sidak_approx,observed,7.72**2 * RBF(length_scale=0.316),0.0314662597911359,0.4290853607882172,0.1161968649970184,0.3158004344673861,0.0286056907192144,59.63424704379995,1651.8757129438538,400,53,347,416,16,0.04,0.3,0.000625,1.0,1e-08,1e+18,False,False,False,False,12,1.1,15.0,11.039776580373308,13.901818956274722,189.57025849465532,139.52088667097397,study_results/v4p2_followups_20260806/pseudo65/gp_window_ensemble_20260806/runs/window_2p25eq2p5/draw_07/attempt_01/results_single.csv,1,1,1,1,single_attempt_outside_55_75MeV,False,,,,,,,window_2p25eq2p5,7
2021,0.079,0.002275570875,0.07387996553125,0.08412003446875,1845689661.7151537,1.64,0.075268063765,0.082731936235,0.0074638724699999,0.0,1.0,8000,0.000125,True,16976.078883739945,3.780694067149067e-06,0.1042704310707952,1.257587815587639,8229.945386797695,6527.464026918695,True,tilde_q_mu,asymptotic,default,sidak_approx,observed,7.67**2 * RBF(length_scale=0.315),0.0312374014599871,0.4259645653634614,0.1153517496008941,0.3150460693260917,0.0283976376908974,58.873610485043805,1645.6933421688493,399,54,345,416,17,0.04,0.3,0.000625,1.0,1e-08,1e+18,False,False,False,False,12,1.1,15.0,11.094094260772843,13.727281273973578,187.1901991905488,138.4470476341862,study_results/v4p2_followups_20260806/pseudo65/gp_window_ensemble_20260806/runs/window_2p25eq2p5/draw_07/attempt_01/results_single.csv,1,1,1,1,single_attempt_outside_55_75MeV,False,,,,,,,window_2p25eq2p5,7
2021,0.08,0.00228785,0.0748523375,0.0851476625,1840971776.2432177,1.64,0.076247926,0.083752074,0.0075041479999999,0.0,1.0,8000,0.000125,True,16930.92870550666,3.733048098010861e-06,0.0962655716904544,1.3031277727422328,8351.586559811392,6411.303960871629,True,tilde_q_mu,asymptotic,default,sidak_approx,observed,7.82**2 * RBF(length_scale=0.317),0.0310165146400847,0.4229524723647926,0.1145360709609101,0.3171492059183054,0.0281968314909861,61.17035704799537,1650.578859110586,400,56,344,416,16,0.04,0.3,0.000625,1.0,1e-08,1e+18,False,False,False,False,12,1.1,15.0,11.247689515032572,13.55705777917468,184.8689697160183,138.62325148864892,study_results/v4p2_followups_20260806/pseudo65/gp_window_ensemble_20260806/runs/window_2p25eq2p5/draw_07/attempt_01/results_single.csv,1,1,1,1,single_attempt_outside_55_75MeV,False,,,,,,,window_2p25eq2p5,7
2021,0.081,0.002300300875,0.07582432303125,0.08617567696875,1834117166.8439004,1.64,0.077227506565,0.084772493435,0.0075449868699999,0.0,1.0,8000,0.000125,True,17144.772961875133,3.74748208871337e-06,0.0938734790682117,1.317273519293355,8497.130304806413,6438.750125342272,True,tilde_q_mu,asymptotic,default,sidak_approx,observed,7.75**2 * RBF(length_scale=0.317),0.030803307082474,0.4200450965791913,0.113748749876279,0.316876531464103,0.0280030064386127,60.04060875949655,1644.5428951289823,399,57,342,416,17,0.04,0.3,0.000625,1.0,1e-08,1e+18,False,False,False,False,12,1.1,15.0,11.315803971218198,13.390990464442623,182.6044154242176,137.7543846146226,study_results/v4p2_followups_20260806/pseudo65/gp_window_ensemble_20260806/runs/window_2p25eq2p5/draw_07/attempt_01/results_single.csv,1,1,1,1,single_attempt_outside_55_75MeV,False,,,,,,,window_2p25eq2p5,7
2021,0.082,0.0023129235,0.076795922125,0.087204077875,1825600864.265104,1.64,0.07820680546,0.08579319454,0.00758638908,0.0,1.0,8000,0.000125,True,15117.915578658263,3.279383089293589e-06,0.1607156227020891,0.9915209957060124,6332.436952875188,6381.085821350735,True,tilde_q_mu,asymptotic,default,sidak_approx,observed,7.91**2 * RBF(length_scale=0.319),0.0305975006382008,0.4172386450663756,0.1129887592139169,0.3187031933485785,0.0278159096710917,62.53596872631749,1643.5016489963516,399,59,340,416,17,0.04,0.3,0.000625,1.0,1e-08,1e+18,False,False,False,False,12,1.1,15.0,11.45758657966156,13.228928945639955,180.39448562236305,137.79236250078245,study_results/v4p2_followups_20260806/pseudo65/gp_window_ensemble_20260806/runs/window_2p25eq2p5/draw_07/attempt_01/results_single.csv,1,1,1,1,single_attempt_outside_55_75MeV,False,,,,,,,window_2p25eq2p5,7
2021,0.083,0.002325717875,0.07776713478125,0.08823286521875,1815668681.2943528,1.64,0.079185822685,0.086814177315,0.00762835463,0.0,1.0,8000,0.000125,True,12022.957812255165,2.590696571926081e-06,0.3543579359161545,0.3735812688551074,2374.4707967750683,6358.663266658745,True,tilde_q_mu,asymptotic,default,sidak_approx,observed,7.84**2 * RBF(length_scale=0.316),0.030398830418065,0.4145295057008868,0.1122551208056255,0.3164982966332644,0.0276353003800591,61.51229437770062,1646.1413420262704,399,60,339,416,17,0.04,0.3,0.000625,1.0,1e-08,1e+18,False,False,False,False,12,1.1,15.0,11.45268161664857,13.070730007639057,178.2372273768962,136.08628115878602,study_results/v4p2_followups_20260806/pseudo65/gp_window_ensemble_20260806/runs/window_2p25eq2p5/draw_07/attempt_01/results_single.csv,1,1,1,1,single_attempt_outside_55_75MeV,False,,,,,,,window_2p25eq2p5,7
2021,0.084,0.002338684,0.078737961,0.089262039,1803665927.1918256,1.64,0.08016455824,0.08783544176,0.00767088352,0.0,1.0,8000,0.000125,True,90070.81175058031,1.9304946909640183e-05,0.5,0.0,-48991.108082823215,76506.38108377876,True,tilde_q_mu,asymptotic,default,sidak_approx,observed,3.43**2 * RBF(length_scale=0.0829),0.0302070440117673,0.4119142365241002,0.111546902564603,0.0829393795979369,0.0274609491016066,11.79520353818432,1421.058933688465,399,62,337,416,17,0.04,0.3,0.000625,1.0,1e-08,1e+18,False,False,False,False,12,1.1,15.0,3.020266316763405,12.916257182144893,176.13077975652126,35.46412409625967,study_results/v4p2_followups_20260806/pseudo65/gp_window_ensemble_20260806/runs/window_2p25eq2p5/draw_07/attempt_01/results_single.csv,1,1,1,1,single_attempt_outside_55_75MeV,False,,,,,,,window_2p25eq2p5,7
2021,0.085,0.002351821875,0.07970840078125,0.09029159921875,1790440672.4133158,1.64,0.081143012125,0.088856987875,0.0077139757499999,0.0,1.0,8000,0.000125,True,8964.66480973831,1.912824462893001e-06,0.5,0.0,-2419.4340526681613,6199.7437312606135,True,tilde_q_mu,asymptotic,default,sidak_approx,observed,7.84**2 * RBF(length_scale=0.317),0.0300219007615834,0.4093895558397742,0.1108632158033061,0.3167088707059735,0.0272926370559849,61.51933497212725,1651.8767228896306,400,64,336,416,16,0.04,0.3,0.000625,1.0,1e-08,1e+18,False,False,False,False,12,1.1,15.0,11.604187241280997,12.76538035499965,174.07336847726796,134.66533076871457,study_results/v4p2_followups_20260806/pseudo65/gp_window_ensemble_20260806/runs/window_2p25eq2p5/draw_07/attempt_01/results_single.csv,1,1,1,1,single_attempt_outside_55_75MeV,False,,,,,,,window_2p25eq2p5,7
2021,0.086,0.0023651315,0.080678454125,0.091321545875,1775696555.8627672,1.64,0.0821211843399999,0.08987881566,0.00775763132,0.0,1.0,8000,0.000125,True,8261.44177373818,1.756744347373738e-06,0.5,0.0,-4374.442530478223,6220.120319315379,True,tilde_q_mu,asymptotic,default,sidak_approx,observed,7.82**2 * RBF(length_scale=0.316),0.0298431710861948,0.4069523329935665,0.1102032127365311,0.3162763477598788,0.0271301555329044,61.178652136216655,1646.127257217404,399,65,334,416,17,0.04,0.3,0.000625,1.0,1e-08,1e+18,False,False,False,False,12,1.1,15.0,11.657741783908593,12.61797540060452,172.0633009173344,133.72463550541644,study_results/v4p2_followups_20260806/pseudo65/gp_window_ensemble_20260806/runs/window_2p25eq2p5/draw_07/attempt_01/results_single.csv,1,1,1,1,single_attempt_outside_55_75MeV,False,,,,,,,window_2p25eq2p5,7
2021,0.087,0.002378612875,0.0816481210312499,0.09235187896875,1760136602.064715,1.64,0.083099074885,0.0909009251149999,0.0078018502299999,0.0,1.0,8000,0.000125,True,7695.428632090468,1.6318758301776084e-06,0.5,0.0,-6244.586711618895,6190.427279382352,True,tilde_q_mu,asymptotic,default,sidak_approx,observed,7.73**2 * RBF(length_scale=0.314),0.0296706358506726,0.4045995797818991,0.1095660841549239,0.3143842622246023,0.0269733053187932,59.80916798343702,1645.358341563537,399,67,332,416,17,0.04,0.3,0.000625,1.0,1e-08,1e+18,False,False,False,False,12,1.1,15.0,11.655385148721818,12.47392384129452,170.098961472198,132.1712606237374,study_results/v4p2_followups_20260806/pseudo65/gp_window_ensemble_20260806/runs/window_2p25eq2p5/draw_07/attempt_01/results_single.csv,1,1,1,1,single_attempt_outside_55_75MeV,False,,,,,,,window_2p25eq2p5,7
2021,0.088,0.002392266,0.0826174014999999,0.0933825985,1743632625.119082,1.64,0.0840766837599999,0.09192331624,0.00784663248,0.0,1.0,8000,0.000125,True,7573.175651588939,1.6027297312287464e-06,0.5,0.0,-6497.30855623382,6151.784771379408,True,tilde_q_mu,asymptotic,default,sidak_approx,observed,7.7**2 * RBF(length_scale=0.314),0.0295040857789749,0.4023284424405671,0.1089510572554845,0.3138817166433371,0.0268218961627044,59.29592937939334,1645.4196853199994,399,68,331,416,17,0.04,0.3,0.000625,1.0,1e-08,1e+18,False,False,False,False,12,1.1,15.0,11.70244321055071,12.33311252969984,168.17880722317963,131.20686271649436,study_results/v4p2_followups_20260806/pseudo65/gp_window_ensemble_20260806/runs/window_2p25eq2p5/draw_07/attempt_01/results_single.csv,1,1,1,1,single_attempt_outside_55_75MeV,False,,,,,,,window_2p25eq2p5,7
2021,0.089,0.002406090875,0.08358629553125,0.09441370446875,1725874782.225614,1.64,0.085054010965,0.092945989035,0.00789197807,0.0,1.0,8000,0.000125,True,8024.510141338806,1.6964425724334134e-06,0.4999026019832914,0.000244140625,-4521.350819370429,6089.2528488690405,True,tilde_q_mu,asymptotic,default,sidak_approx,observed,7.87**2 * RBF(length_scale=0.317),0.0293433209056615,0.4001361941681125,0.1083573936168872,0.3165167230970877,0.0266757462778741,61.95947322712155,1644.3185162047314,399,70,329,416,17,0.04,0.3,0.000625,1.0,1e-08,1e+18,False,False,False,False,12,1.1,15.0,11.865337141837273,12.1954333523091,166.3013638951241,131.54811665086746,study_results/v4p2_followups_20260806/pseudo65/gp_window_ensemble_20260806/runs/window_2p25eq2p5/draw_07/attempt_01/results_single.csv,1,1,1,1,single_attempt_outside_55_75MeV,False,,,,,,,window_2p25eq2p5,7
2021,0.09,0.0024200875,0.084554803125,0.095445196875,1707421799.183081,1.64,0.0860310565,0.0939689435,0.007937887,0.0,1.0,8000,0.000125,True,8990.511173534047,1.8998572733723169e-06,0.5,0.0,-1971.2185476707189,6093.357483490692,True,tilde_q_mu,asymptotic,default,sidak_approx,observed,7.93**2 * RBF(length_scale=0.317),0.0291881500637943,0.3980202281426503,0.1077843873084286,0.3170981924711955,0.0265346818761766,62.81789444432904,1639.391818048884,398,71,327,416,18,0.04,0.3,0.000625,1.0,1e-08,1e+18,False,False,False,False,12,1.1,15.0,11.950329532908096,12.060782952597524,164.46522208087532,131.0275733712915,study_results/v4p2_followups_20260806/pseudo65/gp_window_ensemble_20260806/runs/window_2p25eq2p5/draw_07/attempt_01/results_single.csv,1,1,1,1,single_attempt_outside_55_75MeV,False,,,,,,,window_2p25eq2p5,7
2021,0.091,0.002434255875,0.08552292428125,0.09647707571875,1688209960.037576,1.64,0.087007820365,0.094992179635,0.0079843592699999,0.0,1.0,8000,0.000125,True,10870.57751404239,2.2977601263275614e-06,0.4132279300720564,0.2192492917700782,1509.9665147326969,6004.456504198248,True,tilde_q_mu,asymptotic,default,sidak_approx,observed,7.92**2 * RBF(length_scale=0.317),0.0290383904062669,0.3959780509945498,0.1072313631224206,0.3167178334097426,0.0263985367329699,62.79422594103708,1646.084418302015,399,73,326,416,17,0.04,0.3,0.000625,1.0,1e-08,1e+18,False,False,False,False,12,1.1,15.0,11.997552614883515,11.929062472229626,162.66903371222216,130.10868605164305,study_results/v4p2_followups_20260806/pseudo65/gp_window_ensemble_20260806/runs/window_2p25eq2p5/draw_07/attempt_01/results_single.csv,1,1,1,1,single_attempt_outside_55_75MeV,False,,,,,,,window_2p25eq2p5,7
2021,0.092,0.002448596,0.086490659,0.097509341,1668257878.789034,1.64,0.08798430256,0.0960156974399999,0.0080313948799999,0.0,1.0,8000,0.000125,True,11838.726049607038,2.5048047669728075e-06,0.3142063184321094,0.4839622831190267,2912.1675348624985,6004.090157556203,True,tilde_q_mu,asymptotic,default,sidak_approx,observed,7.9**2 * RBF(length_scale=0.318),0.0288938669580575,0.3940072767007851,0.1066976749207735,0.3175330186705128,0.0262671517800523,62.4189976640765,1643.12312132128,398,74,324,416,18,0.04,0.3,0.000625,1.0,1e-08,1e+18,False,False,False,False,12,1.1,15.0,12.08859724607264,11.800177308979343,160.9115087588092,129.6796281095423,study_results/v4p2_followups_20260806/pseudo65/gp_window_ensemble_20260806/runs/window_2p25eq2p5/draw_07/attempt_01/results_single.csv,1,1,1,1,single_attempt_outside_55_75MeV,False,,,,,,,window_2p25eq2p5,7
2021,0.093,0.002463107875,0.08745800728125,0.09854199271875,1647188801.3305027,1.64,0.088960503085,0.097039496915,0.0080789938299999,0.0,1.0,8000,0.000125,True,11833.064257055146,2.508365479786606e-06,0.3061145463782945,0.5068941468786472,3013.48913726344,5953.572930056033,True,tilde_q_mu,asymptotic,default,sidak_approx,observed,7.94**2 * RBF(length_scale=0.318),0.0287544121970801,0.3921056208692741,0.106182704087187,0.318430994051009,0.0261403747246182,62.970800554924296,1643.9113954506602,398,76,322,416,18,0.04,0.3,0.000625,1.0,1e-08,1e+18,False,False,False,False,12,1.1,15.0,12.181577249966493,11.674036890113918,159.19141213791704,129.28016563261932,study_results/v4p2_followups_20260806/pseudo65/gp_window_ensemble_20260806/runs/window_2p25eq2p5/draw_07/attempt_01/results_single.csv,1,1,1,1,single_attempt_outside_55_75MeV,False,,,,,,,window_2p25eq2p5,7
2021,0.094,0.0024777915,0.088424969125,0.099575030875,1625450307.8031468,1.64,0.08993642194,0.09806357806,0.00812715612,0.0,1.0,8000,0.000125,True,10654.739758185544,2.264442086109619e-06,0.421500806194694,0.198055536505847,1446.4733923461397,5895.482268543067,True,tilde_q_mu,asymptotic,default,sidak_approx,observed,8.08**2 * RBF(length_scale=0.32),0.0286198656615447,0.3902708953847011,0.1056858580772325,0.3196386847588485,0.0260180596923134,65.2526278193071,1640.082468900493,398,77,321,416,18,0.04,0.3,0.000625,1.0,1e-08,1e+18,False,False,False,False,12,1.1,15.0,12.285262180918137,11.550554460108833,157.50756081966588,129.00144534310027,study_results/v4p2_followups_20260806/pseudo65/gp_window_ensemble_20260806/runs/window_2p25eq2p5/draw_07/attempt_01/results_single.csv,1,1,1,1,single_attempt_outside_55_75MeV,False,,,,,,,window_2p25eq2p5,7
2021,0.095,0.002492646875,0.08939154453125,0.10060845546875,1603496027.5520115,1.64,0.090912059125,0.099087940875,0.00817588175,0.0,1.0,8000,0.000125,True,9272.747132020762,1.976682171161388e-06,0.5,0.0,-654.0529571572722,5869.006068126875,True,tilde_q_mu,asymptotic,default,sidak_approx,observed,7.94**2 * RBF(length_scale=0.317),0.0284900735818755,0.3885010033892122,0.1052065690591188,0.3172891052157321,0.0259000668926141,62.97201058614512,1640.4713222585824,398,79,319,416,18,0.04,0.3,0.000625,1.0,1e-08,1e+18,False,False,False,False,12,1.1,15.0,12.250512963200592,11.429646881640853,155.85882111328436,127.29003389849682,study_results/v4p2_followups_20260806/pseudo65/gp_window_ensemble_20260806/runs/window_2p25eq2p5/draw_07/attempt_01/results_single.csv,1,1,1,1,single_attempt_outside_55_75MeV,False,,,,,,,window_2p25eq2p5,7
2021,0.096,0.002507674,0.0903577335,0.1016422665,1581239228.7143855,1.64,0.09188741464,0.10011258536,0.00822517072,0.0,1.0,8000,0.000125,True,7927.813760172907,1.6959168220712242e-06,0.5,0.0,-3520.3132626722363,5812.663200473272,True,tilde_q_mu,asymptotic,default,sidak_approx,observed,7.99**2 * RBF(length_scale=0.318),0.0283648885354218,0.3867939345739346,0.1047442926386298,0.3179596090046969,0.0257862623049289,63.8204700107607,1640.767083094518,398,81,317,416,18,0.04,0.3,0.000625,1.0,1e-08,1e+18,False,False,False,False,12,1.1,15.0,12.33058150284618,11.311234448904392,154.24410612142353,126.79463479092452,study_results/v4p2_followups_20260806/pseudo65/gp_window_ensemble_20260806/runs/window_2p25eq2p5/draw_07/attempt_01/results_single.csv,1,1,1,1,single_attempt_outside_55_75MeV,False,,,,,,,window_2p25eq2p5,7
2021,0.097,0.002522872875,0.09132353603125,0.10267646396875,1558363770.3660083,1.64,0.092862488485,0.101137511515,0.0082750230299999,0.0,1.0,8000,0.000125,True,7338.702764300782,1.5765169443264678e-06,0.5,0.0,-5118.093724541135,5761.147909119311,True,tilde_q_mu,asymptotic,default,sidak_approx,observed,8.02**2 * RBF(length_scale=0.319),0.02824416912233,0.3851477607590459,0.104298506662201,0.3185624359952629,0.0256765173839363,64.2667007368475,1640.7500991502238,398,82,316,416,18,0.04,0.3,0.000625,1.0,1e-08,1e+18,False,False,False,False,12,1.1,15.0,12.406761837357283,11.195240712368449,152.66237335047882,126.269713845674,study_results/v4p2_followups_20260806/pseudo65/gp_window_ensemble_20260806/runs/window_2p25eq2p5/draw_07/attempt_01/results_single.csv,1,1,1,1,single_attempt_outside_55_75MeV,False,,,,,,,window_2p25eq2p5,7
2021,0.098,0.0025382435,0.092288952125,0.103711047875,1534811175.2125387,1.64,0.09383728066,0.10216271934,0.0083254386799999,0.0,1.0,8000,0.000125,True,7345.963005616704,1.5859432051105874e-06,0.5,0.0,-4835.6363563247305,5708.585581324103,True,tilde_q_mu,asymptotic,default,sidak_approx,observed,8.04**2 * RBF(length_scale=0.319),0.0281277796610786,0.3835606317419815,0.1038687100926096,0.3190325878699478,0.0255707087827987,64.64632429609631,1641.0601198908666,398,84,314,416,18,0.04,0.3,0.000625,1.0,1e-08,1e+18,False,False,False,False,12,1.1,15.0,12.476485911276686,11.081592314164752,151.11262246588296,125.69030034744414,study_results/v4p2_followups_20260806/pseudo65/gp_window_ensemble_20260806/runs/window_2p25eq2p5/draw_07/attempt_01/results_single.csv,1,1,1,1,single_attempt_outside_55_75MeV,False,,,,,,,window_2p25eq2p5,7
2021,0.099,0.002553785875,0.09325398178125,0.10474601821875,1511028905.8514876,1.64,0.094811791165,0.103188208835,0.0083764176699999,0.0,1.0,8000,0.000125,True,7962.246231517697,1.72841313869835e-06,0.4999026019832914,0.000244140625,-2931.100410182256,5702.512706411369,True,tilde_q_mu,asymptotic,default,sidak_approx,observed,8.02**2 * RBF(length_scale=0.319),0.0280155899022987,0.3820307713949833,0.1034544219521848,0.3186865952534417,0.0254687180929988,64.26343939498047,1635.647565763321,397,85,312,416,19,0.04,0.3,0.000625,1.0,1e-08,1e+18,False,False,False,False,12,1.1,15.0,12.512863587784798,10.970218833361969,149.59389318220866,124.78986526364184,study_results/v4p2_followups_20260806/pseudo65/gp_window_ensemble_20260806/runs/window_2p25eq2p5/draw_07/attempt_01/results_single.csv,1,1,1,1,single_attempt_outside_55_75MeV,False,,,,,,,window_2p25eq2p5,7
2021,0.1,0.0025695,0.094218625,0.105781375,1487397833.440122,1.64,0.09578602,0.10421398,0.00842796,0.0,1.0,8000,0.000125,True,8792.719098213242,1.9196231398316555e-06,0.5,0.0,-772.864260764811,5614.119813015369,True,tilde_q_mu,asymptotic,default,sidak_approx,observed,7.99**2 * RBF(length_scale=0.319),0.027907474759607,0.3805564739946421,0.1030551803288439,0.318550923106404,0.0253704315996428,63.80873291724219,1642.1273965371288,398,87,311,416,18,0.04,0.3,0.000625,1.0,1e-08,1e+18,False,False,False,False,12,1.1,15.0,12.55599148383778,10.861052640438642,148.10526327870872,123.97389496260126,study_results/v4p2_followups_20260806/pseudo65/gp_window_ensemble_20260806/runs/window_2p25eq2p5/draw_07/attempt_01/results_single.csv,1,1,1,1,single_attempt_outside_55_75MeV,False,,,,,,,window_2p25eq2p5,7
2021,0.101,0.002585385875,0.09518288178125,0.10681711821875,1463545807.7925766,1.64,0.096759967165,0.105240032835,0.00848006567,0.0,1.0,8000,0.000125,True,10259.447693202044,2.2538043347443727e-06,0.498605475450934,0.0034955617830264,21.026302555605064,6231.740865022931,True,tilde_q_mu,asymptotic,default,sidak_approx,observed,2.65**2 * RBF(length_scale=0.246),0.0278033140562975,0.3791361007676941,0.1026705414406892,0.2459025053318825,0.0252757400511796,7.03074617360072,1600.936892349834,397,88,309,416,19,0.04,0.3,0.000625,1.0,1e-08,1e+18,False,False,False,False,12,1.1,15.0,9.72879547083356,10.754028760328694,146.64584673175492,95.11249663336328,study_results/v4p2_followups_20260806/pseudo65/gp_window_ensemble_20260806/runs/window_2p25eq2p5/draw_07/attempt_01/results_single.csv,1,1,1,1,single_attempt_outside_55_75MeV,False,,,,,,,window_2p25eq2p5,7
2021,0.102,0.0026014435,0.096146752125,0.1078532478749999,1439773239.9828668,1.64,0.09773363266,0.1062663673399999,0.0085327346799999,0.0,1.0,8000,0.000125,True,10533.622601937772,2.329181904101863e-06,0.3439872579767339,0.4016053173229901,2138.6909332835835,5554.786924562178,True,tilde_q_mu,asymptotic,default,sidak_approx,observed,8.08**2 * RBF(length_scale=0.32),0.0277029922867878,0.3777680766380165,0.1023000787550902,0.3197198875587383,0.0251845384425344,65.30618981728226,1636.822483121312,397,90,307,416,19,0.04,0.3,0.000625,1.0,1e-08,1e+18,False,False,False,False,12,1.1,15.0,12.69508624461269,10.649084743446428,145.21479195608765,122.90095385840144,study_results/v4p2_followups_20260806/pseudo65/gp_window_ensemble_20260806/runs/window_2p25eq2p5/draw_07/attempt_01/results_single.csv,1,1,1,1,single_attempt_outside_55_75MeV,False,,,,,,,window_2p25eq2p5,7
2021,0.103,0.002617672875,0.0971102360312499,0.10888976396875,1415306075.6792226,1.64,0.098707016485,0.107292983515,0.00858596703,0.0,1.0,8000,0.000125,True,11820.374102058697,2.6330769303627336e-06,0.2383937097836228,0.7114790645797859,3908.767115740201,5522.017233998356,True,tilde_q_mu,asymptotic,default,sidak_approx,observed,7.91**2 * RBF(length_scale=0.317),0.0276063983918545,0.3764508871616523,0.1019433821586847,0.3174690937632501,0.0250967258107768,62.51534551788639,1635.0470524938146,397,91,306,416,19,0.04,0.3,0.000625,1.0,1e-08,1e+18,False,False,False,False,12,1.1,15.0,12.649821182129076,10.546160544164444,143.81128014769695,121.27913185609567,study_results/v4p2_followups_20260806/pseudo65/gp_window_ensemble_20260806/runs/window_2p25eq2p5/draw_07/attempt_01/results_single.csv,1,1,1,1,single_attempt_outside_55_75MeV,False,,,,,,,window_2p25eq2p5,7
2021,0.104,0.002634074,0.0980733335,0.1099266664999999,1390650623.4117515,1.64,0.09968011864,0.10831988136,0.00863976272,0.0,1.0,8000,0.000125,True,12601.587573399094,2.8293964858378852e-06,0.1832175177105548,0.9031712094533116,4957.9198232615045,5487.078408437934,True,tilde_q_mu,asymptotic,default,sidak_approx,observed,7.8**2 * RBF(length_scale=0.316),0.0275134255467139,0.3751830756370089,0.1016000571748166,0.316121865592689,0.0250122050424672,60.813321309822655,1635.471575379146,397,93,304,416,19,0.04,0.3,0.000625,1.0,1e-08,1e+18,False,False,False,False,12,1.1,15.0,12.638704386756702,10.445198406238394,142.4345237214326,120.0125226522448,study_results/v4p2_followups_20260806/pseudo65/gp_window_ensemble_20260806/runs/window_2p25eq2p5/draw_07/attempt_01/results_single.csv,1,1,1,1,single_attempt_outside_55_75MeV,False,,,,,,,window_2p25eq2p5,7
2021,0.105,0.002650646875,0.0990360445312499,0.11096395546875,1366191403.4118524,1.64,0.100652939125,0.109347060875,0.00869412175,0.0,1.0,8000,0.000125,True,12414.69756033985,2.8103164059893787e-06,0.1900755639089852,0.8776178707935649,4780.22707938539,5475.509557775147,True,tilde_q_mu,asymptotic,default,sidak_approx,observed,7.79**2 * RBF(length_scale=0.316),0.0274239709611162,0.3739632403788584,0.1012697242253318,0.3160581497891886,0.0249308826919238,60.729131698188496,1630.1344769175248,396,94,302,416,20,0.04,0.3,0.000625,1.0,1e-08,1e+18,False,False,False,False,12,1.1,15.0,12.677375032997626,10.346142754725216,141.08376483716202,119.23811986052976,study_results/v4p2_followups_20260806/pseudo65/gp_window_ensemble_20260806/runs/window_2p25eq2p5/draw_07/attempt_01/results_single.csv,1,1,1,1,single_attempt_outside_55_75MeV,False,,,,,,,window_2p25eq2p5,7
2021,0.106,0.0026673915,0.099998369125,0.112001630875,1341676381.151068,1.64,0.10162547794,0.11037452206,0.0087490441199999,0.0,1.0,8000,0.000125,True,11607.298473952367,2.6503146331419004e-06,0.2340855186965514,0.725458105643057,3911.0702438282738,5382.619548319838,True,tilde_q_mu,asymptotic,default,sidak_approx,observed,7.95**2 * RBF(length_scale=0.318),0.0273379356906521,0.3727900321452559,0.1009520179337844,0.31819656698307,0.0248526688096837,63.262700575586194,1633.262193422178,397,96,301,416,19,0.04,0.3,0.000625,1.0,1e-08,1e+18,False,False,False,False,12,1.1,15.0,12.80331578953348,10.248940093965247,139.758274008617,119.2912877554982,study_results/v4p2_followups_20260806/pseudo65/gp_window_ensemble_20260806/runs/window_2p25eq2p5/draw_07/attempt_01/results_single.csv,1,1,1,1,single_attempt_outside_55_75MeV,False,,,,,,,window_2p25eq2p5,7
2021,0.107,0.002684307875,0.10096030728125,0.11303969271875,1317225676.2626095,1.64,0.102597735085,0.111402264915,0.0088045298299999,0.0,1.0,8000,0.000125,True,10992.512128601196,2.5326367832924354e-06,0.2731980953117316,0.6031691164474863,3219.508132719708,5337.737284929547,True,tilde_q_mu,asymptotic,default,sidak_approx,observed,7.94**2 * RBF(length_scale=0.318),0.0272552244585561,0.3716621517075835,0.1006465864674015,0.317920947441712,0.0247774767805055,63.0325268821615,1633.5456637637444,397,98,299,416,19,0.04,0.3,0.000625,1.0,1e-08,1e+18,False,False,False,False,12,1.1,15.0,12.83104612540071,10.153538911238387,138.45734878961437,118.43684191468242,study_results/v4p2_followups_20260806/pseudo65/gp_window_ensemble_20260806/runs/window_2p25eq2p5/draw_07/attempt_01/results_single.csv,1,1,1,1,single_attempt_outside_55_75MeV,False,,,,,,,window_2p25eq2p5,7
2021,0.108,0.002701396,0.101921859,0.114078141,1292640439.8447058,1.64,0.10356971056,0.11243028944,0.0088605788799999,0.0,1.0,8000,0.000125,True,9990.237165486946,2.323775809468686e-06,0.3579079445265873,0.3640564062566306,1884.551301938869,5329.186412331144,True,tilde_q_mu,asymptotic,default,sidak_approx,observed,7.91**2 * RBF(length_scale=0.317),0.0271757454873275,0.3705783475544666,0.1003530909153006,0.3174474706489368,0.0247052231702977,62.614825379864136,1629.4790300928416,396,99,297,416,20,0.04,0.3,0.000625,1.0,1e-08,1e+18,False,False,False,False,12,1.1,15.0,12.84940712580135,10.059889585728104,137.18031253265593,117.51237902511768,study_results/v4p2_followups_20260806/pseudo65/gp_window_ensemble_20260806/runs/window_2p25eq2p5/draw_07/attempt_01/results_single.csv,1,1,1,1,single_attempt_outside_55_75MeV,False,,,,,,,window_2p25eq2p5,7
2021,0.109,0.002718655875,0.10288302428125,0.11511697571875,1268214292.8765628,1.64,0.104541404365,0.1134585956349999,0.0089171912699999,0.0,1.0,8000,0.000125,True,9261.245101190192,2.175555459075184e-06,0.4334363938352807,0.1676320093838535,988.8230775083648,5243.567522738671,True,tilde_q_mu,asymptotic,default,sidak_approx,observed,7.93**2 * RBF(length_scale=0.318),0.0270994103395402,0.3695374137210039,0.1000712047006427,0.3178425718924514,0.0246358275814002,62.825037560256376,1635.6139403260104,397,101,296,416,19,0.04,0.3,0.000625,1.0,1e-08,1e+18,False,False,False,False,12,1.1,15.0,12.901639729465332,9.967944302454349,135.92651321528655,116.91166021240235,study_results/v4p2_followups_20260806/pseudo65/gp_window_ensemble_20260806/runs/window_2p25eq2p5/draw_07/attempt_01/results_single.csv,1,1,1,1,single_attempt_outside_55_75MeV,False,,,,,,,window_2p25eq2p5,7
2021,0.11,0.0027360875,0.103843803125,0.116156196875,1243647528.4440663,1.64,0.1055128165,0.1144871835,0.008974367,0.0,1.0,8000,0.000125,True,8351.796073975887,1.982484531547248e-06,0.4999026019832914,0.000244140625,-441.5355259704267,5234.050223360228,True,tilde_q_mu,asymptotic,default,sidak_approx,observed,7.9**2 * RBF(length_scale=0.317),0.0270261337672677,0.3685381877354698,0.0998006130245964,0.3172800548292863,0.0245692125156979,62.45560210088796,1630.000516287283,396,102,294,416,20,0.04,0.3,0.000625,1.0,1e-08,1e+18,False,False,False,False,12,1.1,15.0,12.913725038055931,9.87765697086361,134.69532232995832,115.96122376542644,study_results/v4p2_followups_20260806/pseudo65/gp_window_ensemble_20260806/runs/window_2p25eq2p5/draw_07/attempt_01/results_single.csv,1,1,1,1,single_attempt_outside_55_75MeV,False,,,,,,,window_2p25eq2p5,7
2021,0.111,0.002753690875,0.10480419553125,0.11719580446875,1219296431.1209323,1.64,0.106483946965,0.115516053035,0.0090321060699999,0.0,1.0,8000,0.000125,True,7702.762984647716,1.8481370579988649e-06,0.5,0.0,-1569.6398728820693,5186.350644985082,True,tilde_q_mu,asymptotic,default,sidak_approx,observed,7.88**2 * RBF(length_scale=0.317),0.0269558335695793,0.3675795486760824,0.0995410123401082,0.316865906103596,0.0245053032450721,62.13482712996189,1629.854808926193,396,104,292,416,20,0.04,0.3,0.000625,1.0,1e-08,1e+18,False,False,False,False,12,1.1,15.0,12.930503366340323,9.788983147783204,133.4861338334073,115.06952685950851,study_results/v4p2_followups_20260806/pseudo65/gp_window_ensemble_20260806/runs/window_2p25eq2p5/draw_07/attempt_01/results_single.csv,1,1,1,1,single_attempt_outside_55_75MeV,False,,,,,,,window_2p25eq2p5,7
2021,0.112,0.002771466,0.1057642015,0.1182357985,1195083180.8359652,1.64,0.10745479576,0.11654520424,0.00909040848,0.0,1.0,8000,0.000125,True,6987.6476333496885,1.695253937252812e-06,0.5,0.0,-3202.5303180033966,5148.664861056206,True,tilde_q_mu,asymptotic,default,sidak_approx,observed,7.78**2 * RBF(length_scale=0.315),0.0268884304576102,0.3666604153310482,0.0992921098536402,0.3151491554532368,0.0244440276887365,60.58274139574667,1630.597588863971,396,105,291,416,20,0.04,0.3,0.000625,1.0,1e-08,1e+18,False,False,False,False,12,1.1,15.0,12.892685259003082,9.70187996447014,132.29836315186554,113.71207709321956,study_results/v4p2_followups_20260806/pseudo65/gp_window_ensemble_20260806/runs/window_2p25eq2p5/draw_07/attempt_01/results_single.csv,1,1,1,1,single_attempt_outside_55_75MeV,False,,,,,,,window_2p25eq2p5,7
2021,0.113,0.002789412875,0.10672382103125,0.11927617896875,1171074447.656905,1.64,0.108425362885,0.117574637115,0.00914927423,0.0,1.0,8000,0.000125,True,6779.051905740464,1.663511979948352e-06,0.5,0.0,-3590.8436408092716,5095.799188050957,True,tilde_q_mu,asymptotic,default,sidak_approx,observed,7.84**2 * RBF(length_scale=0.316),0.0268238479267369,0.3657797444555033,0.0990536230531478,0.3159593401909835,0.0243853162970335,61.50061229573414,1630.854612241288,396,107,289,416,20,0.04,0.3,0.000625,1.0,1e-08,1e+18,False,False,False,False,12,1.1,15.0,12.956950664175702,9.616306057502122,131.1314462386653,113.27091196242633,study_results/v4p2_followups_20260806/pseudo65/gp_window_ensemble_20260806/runs/window_2p25eq2p5/draw_07/attempt_01/results_single.csv,1,1,1,1,single_attempt_outside_55_75MeV,False,,,,,,,window_2p25eq2p5,7
2021,0.114,0.0028075315,0.107683054125,0.120316945875,1146935681.7505815,1.64,0.10939564834,0.11860435166,0.00920870332,0.0,1.0,8000,0.000125,True,6614.614196246954,1.6427842303678204e-06,0.5,0.0,-4021.4874043595782,5076.595806568705,True,tilde_q_mu,asymptotic,default,sidak_approx,observed,7.83**2 * RBF(length_scale=0.316),0.0267620121354335,0.3649365291195483,0.0988252792607253,0.3159642247217947,0.0243291019413032,61.29196550214308,1625.7406559679655,395,108,287,416,21,0.04,0.3,0.000625,1.0,1e-08,1e+18,False,False,False,False,12,1.1,15.0,12.987089514610734,9.532221503279144,129.9848386810792,112.54164903289409,study_results/v4p2_followups_20260806/pseudo65/gp_window_ensemble_20260806/runs/window_2p25eq2p5/draw_07/attempt_01/results_single.csv,1,1,1,1,single_attempt_outside_55_75MeV,False,,,,,,,window_2p25eq2p5,7
2021,0.115,0.002825821875,0.10864190078125,0.12135809921875,1123372222.1676126,1.64,0.110365652125,0.119634347875,0.00926869575,0.0,1.0,8000,0.000125,True,6482.983842648131,1.6295711981800817e-06,0.5,0.0,-4049.697047091718,4996.215218901706,True,tilde_q_mu,asymptotic,default,sidak_approx,observed,7.85**2 * RBF(length_scale=0.316),0.026702851790388,0.3641297971416546,0.0986068152083701,0.3163261026848865,0.0242753198094436,61.67550858856156,1630.7884241930287,396,110,286,416,20,0.04,0.3,0.000625,1.0,1e-08,1e+18,False,False,False,False,12,1.1,15.0,13.03076973518712,9.4495877559119,128.85801485334406,111.9412746724832,study_results/v4p2_followups_20260806/pseudo65/gp_window_ensemble_20260806/runs/window_2p25eq2p5/draw_07/attempt_01/results_single.csv,1,1,1,1,single_attempt_outside_55_75MeV,False,,,,,,,window_2p25eq2p5,7
2021,0.116,0.002844284,0.109600361,0.122399639,1099793946.70252,1.64,0.11133537424,0.12066462576,0.0093292515199999,0.0,1.0,8000,0.000125,True,6443.249264608076,1.640044154862584e-06,0.5,0.0,-4127.290419020402,4984.973756178708,True,tilde_q_mu,asymptotic,default,sidak_approx,observed,7.78**2 * RBF(length_scale=0.315),0.0266462980375249,0.3633586096026131,0.0983979766355584,0.3152506951537325,0.0242239073068408,60.55902661582187,1625.2805948832756,395,111,284,416,21,0.04,0.3,0.000625,1.0,1e-08,1e+18,False,False,False,False,12,1.1,15.0,13.014031599464763,9.368367588301648,127.75046711320428,110.8365743905083,study_results/v4p2_followups_20260806/pseudo65/gp_window_ensemble_20260806/runs/window_2p25eq2p5/draw_07/attempt_01/results_single.csv,1,1,1,1,single_attempt_outside_55_75MeV,False,,,,,,,window_2p25eq2p5,7
2021,0.117,0.002862917875,0.11055843478125,0.12344156521875,1076409135.485572,1.64,0.112304814685,0.121695185315,0.00939037063,0.0,1.0,8000,0.000125,True,6745.438824920143,1.739269548570146e-06,0.5,0.0,-2900.7980086084517,4927.265978894317,True,tilde_q_mu,asymptotic,default,sidak_approx,observed,7.9**2 * RBF(length_scale=0.317),0.0265922843585697,0.3626220594350426,0.0981985179072823,0.3169844917530714,0.0241748039623361,62.42536099204273,1626.0971204851048,395,113,282,416,21,0.04,0.3,0.000625,1.0,1e-08,1e+18,False,False,False,False,12,1.1,15.0,13.112184580562738,9.288525036216694,126.66170503931852,110.72077705095587,study_results/v4p2_followups_20260806/pseudo65/gp_window_ensemble_20260806/runs/window_2p25eq2p5/draw_07/attempt_01/results_single.csv,1,1,1,1,single_attempt_outside_55_75MeV,False,,,,,,,window_2p25eq2p5,7
2021,0.118,0.0028817235,0.1115161221249999,0.124483877875,1053178929.4199272,1.64,0.11327397346,0.1227260265399999,0.0094520530799999,0.0,1.0,8000,0.000125,True,7201.101100677252,1.8816318743541795e-06,0.5,0.0,-1554.7518594147043,4879.326962661807,True,tilde_q_mu,asymptotic,default,sidak_approx,observed,7.91**2 * RBF(length_scale=0.317),0.0265407464728296,0.3619192700840412,0.0980082016513522,0.3169619685419989,0.024127951338936,62.61922187044807,1627.2883222747723,395,114,281,416,21,0.04,0.3,0.000625,1.0,1e-08,1e+18,False,False,False,False,12,1.1,15.0,13.13671285595254,9.21002534519002,125.59125470713664,109.99041668709678,study_results/v4p2_followups_20260806/pseudo65/gp_window_ensemble_20260806/runs/window_2p25eq2p5/draw_07/attempt_01/results_single.csv,1,1,1,1,single_attempt_outside_55_75MeV,False,,,,,,,window_2p25eq2p5,7
2021,0.119,0.002900700875,0.1124734230312499,0.12552657696875,1030627124.242168,1.64,0.114242850565,0.1237571494349999,0.0095142988699999,0.0,1.0,8000,0.000125,True,7776.399252850516,2.0589696377206365e-06,0.5,0.0,-303.24821706896563,4835.307681303033,True,tilde_q_mu,asymptotic,default,sidak_approx,observed,7.9**2 * RBF(length_scale=0.317),0.0264916222438949,0.3612493942349304,0.0978267984138683,0.3170204245661645,0.0240832929489953,62.441652047143485,1629.7650389830078,395,116,279,416,21,0.04,0.3,0.000625,1.0,1e-08,1e+18,False,False,False,False,12,1.1,15.0,13.163499909981748,9.13283492007596,124.53865800103584,109.29097422572552,study_results/v4p2_followups_20260806/pseudo65/gp_window_ensemble_20260806/runs/window_2p25eq2p5/draw_07/attempt_01/results_single.csv,1,1,1,1,single_attempt_outside_55_75MeV,False,,,,,,,window_2p25eq2p5,7
2021,0.12,0.00291985,0.1134303374999999,0.1265696624999999,1008026180.837055,1.64,0.115211446,0.124788554,0.009577108,0.0,1.0,8000,0.000125,True,8382.906668619755,2.2504092021912433e-06,0.4374430628791882,0.1574551833437384,731.6745468954529,4814.693233968696,True,tilde_q_mu,asymptotic,default,sidak_approx,observed,7.89**2 * RBF(length_scale=0.317),0.0264448515909636,0.3606116126040493,0.0976540863317667,0.3170510122103369,0.0240407741736032,62.31618850564628,1624.594610351029,394,117,277,416,22,0.04,0.3,0.000625,1.0,1e-08,1e+18,False,False,False,False,12,1.1,15.0,13.188053343076538,9.05692127710794,123.5034719605628,108.58469175140398,study_results/v4p2_followups_20260806/pseudo65/gp_window_ensemble_20260806/runs/window_2p25eq2p5/draw_07/attempt_01/results_single.csv,1,1,1,1,single_attempt_outside_55_75MeV,False,,,,,,,window_2p25eq2p5,7
2021,0.121,0.002939170875,0.1143868655312499,0.12761313446875,985440224.1699862,1.64,0.116179759765,0.125820240235,0.0096404804699999,0.0,1.0,8000,0.000125,True,8932.001803076917,2.4325012284512867e-06,0.3577019055281906,0.3646083096622902,1724.6187590385891,4740.103244699263,True,tilde_q_mu,asymptotic,default,sidak_approx,observed,7.94**2 * RBF(length_scale=0.318),0.0264003764045369,0.3600051327891407,0.0974898508215015,0.3176414850115586,0.0240003421859427,63.0937503424043,1628.848633389788,395,119,276,416,21,0.04,0.3,0.000625,1.0,1e-08,1e+18,False,False,False,False,12,1.1,15.0,13.234873176000177,8.982252998317762,122.48526815887854,108.07179933407534,study_results/v4p2_followups_20260806/pseudo65/gp_window_ensemble_20260806/runs/window_2p25eq2p5/draw_07/attempt_01/results_single.csv,1,1,1,1,single_attempt_outside_55_75MeV,False,,,,,,,window_2p25eq2p5,7
2021,0.122,0.0029586635,0.115343007125,0.128656992875,963312661.4875358,1.64,0.11714779186,0.12685220814,0.00970441628,0.0,1.0,8000,0.000125,True,9421.043537767302,2.6031058827835957e-06,0.2942629491229519,0.5409734275694534,2511.681746770802,4698.359079974325,True,tilde_q_mu,asymptotic,default,sidak_approx,observed,7.9**2 * RBF(length_scale=0.317),0.0263581404662262,0.3594291881758127,0.0973338842829142,0.316854805191048,0.0239619458783875,62.41971710333638,1629.763850169241,395,121,274,416,21,0.04,0.3,0.000625,1.0,1e-08,1e+18,False,False,False,False,12,1.1,15.0,13.22325018173233,8.908799688178892,121.48363211153033,107.09389735975314,study_results/v4p2_followups_20260806/pseudo65/gp_window_ensemble_20260806/runs/window_2p25eq2p5/draw_07/attempt_01/results_single.csv,1,1,1,1,single_attempt_outside_55_75MeV,False,,,,,,,window_2p25eq2p5,7
2021,0.123,0.002978327875,0.11629876228125,0.12970123771875,941612336.1342888,1.64,0.118115542285,0.127884457715,0.00976891543,0.0,1.0,8000,0.000125,True,29937.19207280594,8.393705638705197e-06,0.3963184565525762,0.2628879904083601,5736.647989511256,15786.11472796006,True,tilde_q_mu,asymptotic,default,sidak_approx,observed,1**2 * RBF(length_scale=0.0972),0.026318089372443,0.3588830368969509,0.0971859858174404,0.0971859858174404,0.02392553579313,1.0,869.0434487693833,394,122,272,416,22,0.04,0.3,0.000625,1.0,1e-08,1e+18,False,False,False,False,12,1.1,15.0,4.0620192023179795,8.836531932349143,120.49816271385194,32.6310567191802,study_results/v4p2_followups_20260806/pseudo65/gp_window_ensemble_20260806/runs/window_2p25eq2p5/draw_07/attempt_01/results_single.csv,1,1,1,1,single_attempt_outside_55_75MeV,False,,,,,,,window_2p25eq2p5,7
2021,0.124,0.002998164,0.117254131,0.130745869,920037116.668702,1.64,0.1190830110399999,0.12891698896,0.00983397792,0.0,1.0,8000,0.000125,True,8900.232881596632,2.5333445420157467e-06,0.332569213390428,0.4328297938668637,1993.725861335684,4603.011521486634,True,tilde_q_mu,asymptotic,default,sidak_approx,observed,7.95**2 * RBF(length_scale=0.318),0.0262801704617562,0.3583659608421308,0.0970459609598579,0.3176200953114598,0.023891064056142,63.25828213989731,1631.6323277764004,395,124,271,416,21,0.04,0.3,0.000625,1.0,1e-08,1e+18,False,False,False,False,12,1.1,15.0,13.294514407775162,8.765421258395557,119.52847170539395,105.93819928178038,study_results/v4p2_followups_20260806/pseudo65/gp_window_ensemble_20260806/runs/window_2p25eq2p5/draw_07/attempt_01/results_single.csv,1,1,1,1,single_attempt_outside_55_75MeV,False,,,,,,,window_2p25eq2p5,7
2021,0.125,0.003018171875,0.11820911328125,0.13179088671875,898531012.9433209,1.64,0.120050198125,0.129949801875,0.00989960375,0.0,1.0,8000,0.000125,True,8905.396471679602,2.57472053492771e-06,0.3286613040254135,0.4436127195101532,2033.5662848103852,4590.067645271799,True,tilde_q_mu,asymptotic,default,sidak_approx,observed,7.88**2 * RBF(length_scale=0.316),0.0262443327457108,0.3578772647142392,0.0969136214228183,0.316179626149029,0.0238584843142826,62.074770905283906,1627.0815932867215,394,125,269,416,22,0.04,0.3,0.000625,1.0,1e-08,1e+18,False,False,False,False,12,1.1,15.0,13.252293062042993,8.695440098390975,118.57418315987692,104.75865498847013,study_results/v4p2_followups_20260806/pseudo65/gp_window_ensemble_20260806/runs/window_2p25eq2p5/draw_07/attempt_01/results_single.csv,1,1,1,1,single_attempt_outside_55_75MeV,False,,,,,,,window_2p25eq2p5,7
2021,0.126,0.0030383515,0.119163709125,0.132836290875,877660484.0400469,1.64,0.12101710354,0.13098289646,0.0099657929199999,0.0,1.0,8000,0.000125,True,8476.460488960473,2.4890715100393665e-06,0.369706282073459,0.3326313654173331,1533.414374632628,4543.229614835469,True,tilde_q_mu,asymptotic,default,sidak_approx,observed,7.86**2 * RBF(length_scale=0.316),0.0262105268429174,0.3574162751306931,0.0967887848534561,0.3161129777579402,0.0238277516753795,61.70823915301007,1626.1585325855526,394,127,267,416,22,0.04,0.3,0.000625,1.0,1e-08,1e+18,False,False,False,False,12,1.1,15.0,13.266588558775762,8.626561753278871,117.63493299925732,104.04095041602004,study_results/v4p2_followups_20260806/pseudo65/gp_window_ensemble_20260806/runs/window_2p25eq2p5/draw_07/attempt_01/results_single.csv,1,1,1,1,single_attempt_outside_55_75MeV,False,,,,,,,window_2p25eq2p5,7
2021,0.127,0.003058702875,0.12011791853125,0.13388208146875,857126402.643784,1.64,0.121983727285,0.132016272715,0.0100325454299999,0.0,1.0,8000,0.000125,True,8560.261040206842,2.553632143691833e-06,0.3494450772798829,0.3868190750842828,1755.4064900594817,4495.7119222193605,True,tilde_q_mu,asymptotic,default,sidak_approx,observed,7.85**2 * RBF(length_scale=0.316),0.0261787049162304,0.3569823397667782,0.0966712746014036,0.3161563356648018,0.0237988226511185,61.677688967463475,1626.187830807316,394,128,266,416,22,0.04,0.3,0.000625,1.0,1e-08,1e+18,False,False,False,False,12,1.1,15.0,13.284536815099232,8.558760358908806,116.71036853057464,103.3628791632145,study_results/v4p2_followups_20260806/pseudo65/gp_window_ensemble_20260806/runs/window_2p25eq2p5/draw_07/attempt_01/results_single.csv,1,1,1,1,single_attempt_outside_55_75MeV,False,,,,,,,window_2p25eq2p5,7
2021,0.128,0.003079226,0.1210717415,0.1349282585,836870911.2847852,1.64,0.12295006936,0.13304993064,0.01009986128,0.0,1.0,8000,0.000125,True,8471.368520439548,2.568059339598352e-06,0.3447095788574313,0.3996434380862999,1760.0208620784915,4444.52964270028,True,tilde_q_mu,asymptotic,default,sidak_approx,observed,7.93**2 * RBF(length_scale=0.317),0.0261488206128557,0.3565748265389423,0.0965609194976257,0.3172435059759767,0.0237716551025961,62.85379403689812,1626.2648991344731,394,130,264,416,22,0.04,0.3,0.000625,1.0,1e-08,1e+18,False,False,False,False,12,1.1,15.0,13.345453003031745,8.492010853654708,115.80014800438238,103.02702886244036,study_results/v4p2_followups_20260806/pseudo65/gp_window_ensemble_20260806/runs/window_2p25eq2p5/draw_07/attempt_01/results_single.csv,1,1,1,1,single_attempt_outside_55_75MeV,False,,,,,,,window_2p25eq2p5,7
2021,0.129,0.003099920875,0.12202517803125,0.13597482196875,816661383.882061,1.64,0.123916129765,0.134083870235,0.01016774047,0.0,1.0,8000,0.000125,True,8715.113685119222,2.6863416656742377e-06,0.3081876545694595,0.5009940518008975,2151.5175478032374,4421.209749178641,True,tilde_q_mu,asymptotic,default,sidak_approx,observed,7.92**2 * RBF(length_scale=0.317),0.0261208290072193,0.3561931228257187,0.096457553643445,0.3170386112134342,0.0237462081883812,62.72413367221122,1621.223731452033,393,131,262,416,23,0.04,0.3,0.000625,1.0,1e-08,1e+18,False,False,False,False,12,1.1,15.0,13.35112573335214,8.426288947526562,114.90394019354402,102.27313018543872,study_results/v4p2_followups_20260806/pseudo65/gp_window_ensemble_20260806/runs/window_2p25eq2p5/draw_07/attempt_01/results_single.csv,1,1,1,1,single_attempt_outside_55_75MeV,False,,,,,,,window_2p25eq2p5,7
2021,0.13,0.0031207875,0.122978228125,0.137021771875,796778619.4646972,1.64,0.1248819085,0.1351180915,0.010236183,0.0,1.0,8000,0.000125,True,8514.89751410139,2.669428685423033e-06,0.3226106676821387,0.4604108679163166,2027.309922560745,4349.99083109839,True,tilde_q_mu,asymptotic,default,sidak_approx,observed,7.93**2 * RBF(length_scale=0.317),0.0260946865464589,0.3558366347244401,0.0963610162092589,0.3172214837654686,0.0237224423149626,62.90029790999749,1626.8829142149675,394,133,261,416,22,0.04,0.3,0.000625,1.0,1e-08,1e+18,False,False,False,False,12,1.1,15.0,13.37221014403667,8.36157109269982,114.0214239913612,101.64789616898577,study_results/v4p2_followups_20260806/pseudo65/gp_window_ensemble_20260806/runs/window_2p25eq2p5/draw_07/attempt_01/results_single.csv,1,1,1,1,single_attempt_outside_55_75MeV,False,,,,,,,window_2p25eq2p5,7
2021,0.131,0.003141825875,0.12393089178125,0.13806910821875,777717056.7816086,1.64,0.125847405565,0.136152594435,0.0103051888699999,0.0,1.0,8000,0.000125,True,7897.745723749607,2.517272025476778e-06,0.3894805417610182,0.2806731772751208,1216.5907316436878,4321.537816984842,True,tilde_q_mu,asymptotic,default,sidak_approx,observed,7.99**2 * RBF(length_scale=0.318),0.0260703509983903,0.3555047863416871,0.0962711512423922,0.3182069011494587,0.0237003190894458,63.82659223196977,1620.3043888259822,393,134,259,416,23,0.04,0.3,0.000625,1.0,1e-08,1e+18,False,False,False,False,12,1.1,15.0,13.426270758150348,8.297834455383493,113.1522880279567,101.28088373117072,study_results/v4p2_followups_20260806/pseudo65/gp_window_ensemble_20260806/runs/window_2p25eq2p5/draw_07/attempt_01/results_single.csv,1,1,1,1,single_attempt_outside_55_75MeV,False,,,,,,,window_2p25eq2p5,7
2021,0.132,0.003163036,0.124883169,0.139116831,758729637.4451472,1.64,0.12681262096,0.13718737904,0.0103747580799999,0.0,1.0,8000,0.000125,True,7011.490760195828,2.273365725906454e-06,0.5,0.0,-22.515768441342832,4270.021867495599,True,tilde_q_mu,asymptotic,default,sidak_approx,observed,8.08**2 * RBF(length_scale=0.32),0.0260477814018274,0.3551970191158293,0.0961878074836403,0.319528946802978,0.0236798012743886,65.2231960857369,1619.7660265482896,393,136,257,416,23,0.04,0.3,0.000625,1.0,1e-08,1e+18,False,False,False,False,12,1.1,15.0,13.493734305472028,8.235056888959685,112.2962303039957,101.01969968188097,study_results/v4p2_followups_20260806/pseudo65/gp_window_ensemble_20260806/runs/window_2p25eq2p5/draw_07/attempt_01/results_single.csv,1,1,1,1,single_attempt_outside_55_75MeV,False,,,,,,,window_2p25eq2p5,7
2021,0.133,0.003184417875,0.12583505978125,0.14016494021875,740120080.2932594,1.64,0.127777554685,0.138222445315,0.0104448906299999,0.0,1.0,8000,0.000125,True,6534.782719502487,2.155744296497305e-06,0.5,0.0,-756.1126035393673,4230.383396601026,True,tilde_q_mu,asymptotic,default,sidak_approx,observed,7.97**2 * RBF(length_scale=0.318),0.0260269380191233,0.3549127911698635,0.0961108381920171,0.3179561283393031,0.0236608527446575,63.586524968790044,1616.6913488105256,393,137,256,416,23,0.04,0.3,0.000625,1.0,1e-08,1e+18,False,False,False,False,12,1.1,15.0,13.43806716396116,8.173216908325301,111.45295784079954,99.84748887245306,study_results/v4p2_followups_20260806/pseudo65/gp_window_ensemble_20260806/runs/window_2p25eq2p5/draw_07/attempt_01/results_single.csv,1,1,1,1,single_attempt_outside_55_75MeV,False,,,,,,,window_2p25eq2p5,7
2021,0.134,0.0032059715,0.126786564125,0.141213435875,721731213.3148873,1.64,0.12874220674,0.13925779326,0.01051558652,0.0,1.0,8000,0.000125,True,6128.763660439467,2.05784428926331e-06,0.5,0.0,-1483.1420743627789,4191.989293050424,True,tilde_q_mu,asymptotic,default,sidak_approx,observed,7.9**2 * RBF(length_scale=0.317),0.0260077822908281,0.3546515766931113,0.0960401009773177,0.3169850649727219,0.0236434384462074,62.47236111387296,1618.4150097108154,393,139,254,416,23,0.04,0.3,0.000625,1.0,1e-08,1e+18,False,False,False,False,12,1.1,15.0,13.406893658632324,8.112293665376676,110.62218634604557,98.8733259084561,study_results/v4p2_followups_20260806/pseudo65/gp_window_ensemble_20260806/runs/window_2p25eq2p5/draw_07/attempt_01/results_single.csv,1,1,1,1,single_attempt_outside_55_75MeV,False,,,,,,,window_2p25eq2p5,7
2021,0.135,0.003227696875,0.12773768203125,0.14226231796875,703839749.1336825,1.64,0.129706577125,0.140293422875,0.01058684575,0.0,1.0,8000,0.000125,True,5695.138844760799,1.946330911585364e-06,0.4999026019832914,0.000244140625,-2479.444043735574,4165.599586069203,True,tilde_q_mu,asymptotic,default,sidak_approx,observed,7.95**2 * RBF(length_scale=0.318),0.025990276792342,0.3544128653501188,0.0959754576400479,0.3175860957774135,0.0236275243566745,63.20155726545946,1613.2043238961296,392,140,252,416,24,0.04,0.3,0.000625,1.0,1e-08,1e+18,False,False,False,False,12,1.1,15.0,13.441361480924597,8.052266925574306,109.80363989419509,98.39402771594328,study_results/v4p2_followups_20260806/pseudo65/gp_window_ensemble_20260806/runs/window_2p25eq2p5/draw_07/attempt_01/results_single.csv,1,1,1,1,single_attempt_outside_55_75MeV,False,,,,,,,window_2p25eq2p5,7
2021,0.136,0.003249594,0.1286884135,0.1433115865,686424779.2721932,1.64,0.13067066584,0.14132933416,0.01065866832,0.0,1.0,8000,0.000125,True,5409.257877722454,1.8815932532999963e-06,0.5,0.0,-3017.1027651321783,4097.259523109002,True,tilde_q_mu,asymptotic,default,sidak_approx,observed,8.03**2 * RBF(length_scale=0.319),0.0259743851924713,0.3541961617155187,0.0959167740183841,0.3187177837917142,0.0236130774477012,64.54310461258265,1618.5143014072846,393,142,251,416,23,0.04,0.3,0.000625,1.0,1e-08,1e+18,False,False,False,False,12,1.1,15.0,13.49751147420819,7.993117045535957,108.99705062094486,98.07926276073694,study_results/v4p2_followups_20260806/pseudo65/gp_window_ensemble_20260806/runs/window_2p25eq2p5/draw_07/attempt_01/results_single.csv,1,1,1,1,single_attempt_outside_55_75MeV,False,,,,,,,window_2p25eq2p5,7
2021,0.137,0.003271662875,0.12963875853125,0.14436124146875,669116428.5880822,1.64,0.131634472885,0.142365527115,0.0107310542299999,0.0,1.0,8000,0.000125,True,5425.97216318002,1.922096656155309e-06,0.5,0.0,-2863.153963397494,4076.582116828942,True,tilde_q_mu,asymptotic,default,sidak_approx,observed,8.01**2 * RBF(length_scale=0.318),0.0259600722137896,0.3540009847334957,0.0958639198417955,0.3183411895087779,0.0236000656488997,64.17810345360317,1614.507462952498,392,143,249,416,24,0.04,0.3,0.000625,1.0,1e-08,1e+18,False,False,False,False,12,1.1,15.0,13.488995930976136,7.93482495160498,108.20215843097698,97.30256498655226,study_results/v4p2_followups_20260806/pseudo65/gp_window_ensemble_20260806/runs/window_2p25eq2p5/draw_07/attempt_01/results_single.csv,1,1,1,1,single_attempt_outside_55_75MeV,False,,,,,,,window_2p25eq2p5,7
2021,0.138,0.0032939035,0.130588717125,0.145411282875,652262296.7982231,1.64,0.13259799826,0.14340200174,0.0108040034799999,0.0,1.0,8000,0.000125,True,5597.4216830054165,2.019326692587214e-06,0.5,0.0,-2186.8017045841116,4037.5759393329618,True,tilde_q_mu,asymptotic,default,sidak_approx,observed,7.97**2 * RBF(length_scale=0.318),0.0259473035947063,0.3538268672005407,0.095816768590974,0.3178650479245198,0.0235884578133693,63.46008870319285,1613.687761737212,392,145,247,416,24,0.04,0.3,0.000625,1.0,1e-08,1e+18,False,False,False,False,12,1.1,15.0,13.475448477363429,7.877372119342997,107.41871071831358,96.50102011929609,study_results/v4p2_followups_20260806/pseudo65/gp_window_ensemble_20260806/runs/window_2p25eq2p5/draw_07/attempt_01/results_single.csv,1,1,1,1,single_attempt_outside_55_75MeV,False,,,,,,,window_2p25eq2p5,7
2021,0.139,0.003316315875,0.13153828928125,0.14646171071875,635785521.2448627,1.64,0.133561241965,0.144438758035,0.0108775160699999,0.0,1.0,8000,0.000125,True,5698.766634587186,2.0939936541414137e-06,0.4999311292015692,0.0001726334915006,-1743.3468722260056,3993.273418493469,True,tilde_q_mu,asymptotic,default,sidak_approx,observed,7.98**2 * RBF(length_scale=0.318),0.0259360460531648,0.3536733552704296,0.0957751973637809,0.3180377935848466,0.0235782236846953,63.69295764954632,1613.819844917029,392,146,246,416,24,0.04,0.3,0.000625,1.0,1e-08,1e+18,False,False,False,False,12,1.1,15.0,13.488623987874275,7.820740553903008,106.64646209867738,95.90093512574296,study_results/v4p2_followups_20260806/pseudo65/gp_window_ensemble_20260806/runs/window_2p25eq2p5/draw_07/attempt_01/results_single.csv,1,1,1,1,single_attempt_outside_55_75MeV,False,,,,,,,window_2p25eq2p5,7
2021,0.14,0.0033389,0.132487475,0.147512525,619834689.867921,1.64,0.134524204,0.145475796,0.010951592,0.0,1.0,8000,0.000125,True,5874.642974006383,2.198353280475594e-06,0.5,0.0,-1173.224724229265,3952.1237525526585,True,tilde_q_mu,asymptotic,default,sidak_approx,observed,8.05**2 * RBF(length_scale=0.319),0.0259262672518869,0.3535400079802764,0.0957390867469023,0.3189015598916387,0.0235693338653517,64.73945427124796,1613.5340220954797,392,148,244,416,24,0.04,0.3,0.000625,1.0,1e-08,1e+18,False,False,False,False,12,1.1,15.0,13.53035947954566,7.764912771238112,105.88517415324698,95.5109646565152,study_results/v4p2_followups_20260806/pseudo65/gp_window_ensemble_20260806/runs/window_2p25eq2p5/draw_07/attempt_01/results_single.csv,1,1,1,1,single_attempt_outside_55_75MeV,False,,,,,,,window_2p25eq2p5,7
2021,0.141,0.003361655875,0.13343627428125,0.1485637257187499,604132627.2786524,1.64,0.1354868843649999,0.146513115635,0.01102623127,0.0,1.0,8000,0.000125,True,5909.003748152391,2.2525932771594064e-06,0.5,0.0,-1042.97812064614,3933.5438229294086,True,tilde_q_mu,asymptotic,default,sidak_approx,observed,7.99**2 * RBF(length_scale=0.318),0.0259179357650831,0.3534263967965889,0.0957083206929198,0.3179832571106359,0.0235617597864392,63.86369730631943,1610.7355565075186,391,149,242,416,25,0.04,0.3,0.000625,1.0,1e-08,1e+18,False,False,False,False,12,1.1,15.0,13.495734613746809,7.709871780103963,105.13461518323584,94.59125768208976,study_results/v4p2_followups_20260806/pseudo65/gp_window_ensemble_20260806/runs/window_2p25eq2p5/draw_07/attempt_01/results_single.csv,1,1,1,1,single_attempt_outside_55_75MeV,False,,,,,,,window_2p25eq2p5,7
2021,0.142,0.0033845835,0.1343846871249999,0.149615312875,588792286.6909375,1.64,0.1364492830599999,0.14755071694,0.01110143388,0.0,1.0,8000,0.000125,True,6034.656785590357,2.3438080458561163e-06,0.4999311292015692,0.0001726334915006,-598.6009651238663,3874.826320171701,True,tilde_q_mu,asymptotic,default,sidak_approx,observed,7.97**2 * RBF(length_scale=0.318),0.0259110210465671,0.3533321051804605,0.0956827864025644,0.317809464898331,0.0235554736786973,63.49972322498282,1615.7992486211049,392,151,241,416,24,0.04,0.3,0.000625,1.0,1e-08,1e+18,False,False,False,False,12,1.1,15.0,13.491958142439955,7.6556010648184945,104.39455997479764,93.89913556522716,study_results/v4p2_followups_20260806/pseudo65/gp_window_ensemble_20260806/runs/window_2p25eq2p5/draw_07/attempt_01/results_single.csv,1,1,1,1,single_attempt_outside_55_75MeV,False,,,,,,,window_2p25eq2p5,7
2021,0.143,0.003407682875,0.1353327135312499,0.15066728646875,573696429.0826498,1.64,0.137411400085,0.1485885999149999,0.0111771998299999,0.0,1.0,8000,0.000125,True,6246.914330200469,2.4726764239501577e-06,0.4991453365172439,0.0021423252898906,-96.25378929012383,3833.548089412221,True,tilde_q_mu,asymptotic,default,sidak_approx,observed,7.99**2 * RBF(length_scale=0.318),0.025905493399191,0.3532567281707865,0.0956623742118505,0.3182859762058543,0.0235504485447191,63.90584551192321,1616.4454859444472,392,153,239,416,24,0.04,0.3,0.000625,1.0,1e-08,1e+18,False,False,False,False,12,1.1,15.0,13.515070662092592,7.602084568738228,103.66478957370308,93.40246375063712,study_results/v4p2_followups_20260806/pseudo65/gp_window_ensemble_20260806/runs/window_2p25eq2p5/draw_07/attempt_01/results_single.csv,1,1,1,1,single_attempt_outside_55_75MeV,False,,,,,,,window_2p25eq2p5,7
2021,0.144,0.003430954,0.1362803534999999,0.1517196465,559083772.4170778,1.64,0.13837323544,0.14962676456,0.0112535291199999,0.0,1.0,8000,0.000125,True,6319.688134602776,2.549037298027778e-06,0.4923713335216954,0.0191233966130342,76.93197335331003,3813.275230641612,True,tilde_q_mu,asymptotic,default,sidak_approx,observed,7.96**2 * RBF(length_scale=0.318),0.0259013239455544,0.3531998719848339,0.0956469774839098,0.3178893606941484,0.0235466581323222,63.40051141705036,1611.2832882809062,391,154,237,416,25,0.04,0.3,0.000625,1.0,1e-08,1e+18,False,False,False,False,12,1.1,15.0,13.50040243111123,7.5493066784207805,102.94509106937429,92.6533438495965,study_results/v4p2_followups_20260806/pseudo65/gp_window_ensemble_20260806/runs/window_2p25eq2p5/draw_07/attempt_01/results_single.csv,1,1,1,1,single_attempt_outside_55_75MeV,False,,,,,,,window_2p25eq2p5,7
2021,0.145,0.003454396875,0.1372276070312499,0.15277239296875,544779001.7566646,1.64,0.139334789125,0.1506652108749999,0.0113304217499999,0.0,1.0,8000,0.000125,True,20582.047202715123,8.460969512120907e-06,0.4600964236401946,0.1001908031735341,1202.9903948822555,12055.440171567536,True,tilde_q_mu,asymptotic,default,sidak_approx,observed,1**2 * RBF(length_scale=0.0956),0.0258984845999115,0.3531611536351575,0.095636492505252,0.095636492505252,0.0235440769090105,1.0,847.1179617685988,392,156,236,416,24,0.04,0.3,0.000625,1.0,1e-08,1e+18,False,False,False,False,12,1.1,15.0,4.0620192023179795,7.49725220843698,102.235257387777,27.685438577538086,study_results/v4p2_followups_20260806/pseudo65/gp_window_ensemble_20260806/runs/window_2p25eq2p5/draw_07/attempt_01/results_single.csv,1,1,1,1,single_attempt_outside_55_75MeV,False,,,,,,,window_2p25eq2p5,7
2021,0.146,0.0034780115,0.138174474125,0.1538255258749999,530723198.11642635,1.64,0.1402960611399999,0.15170393886,0.01140787772,0.0,1.0,8000,0.000125,True,6357.51962985182,2.66432196300555e-06,0.462556087059206,0.0939962015297603,350.57154876508844,3732.1532882150746,True,tilde_q_mu,asymptotic,default,sidak_approx,observed,7.96**2 * RBF(length_scale=0.318),0.0258969480412312,0.3531402005622441,0.0956308183862839,0.3178706839228601,0.0235426800374829,63.37892822164209,1612.1036934962112,391,157,234,416,25,0.04,0.3,0.000625,1.0,1e-08,1e+18,False,False,False,False,12,1.1,15.0,13.501890329256035,7.445906386805,101.53508709279544,91.39437403322562,study_results/v4p2_followups_20260806/pseudo65/gp_window_ensemble_20260806/runs/window_2p25eq2p5/draw_07/attempt_01/results_single.csv,1,1,1,1,single_attempt_outside_55_75MeV,False,,,,,,,window_2p25eq2p5,7
2021,0.147,0.0035017978749999,0.13912095478125,0.1548790452187499,517058895.8195766,1.64,0.141257051485,0.1527429485149999,0.0114858970299999,0.0,1.0,8000,0.000125,True,6249.007027517799,2.669768385333893e-06,0.4665737382932738,0.0838854895114207,278.531676620139,3693.3466975696406,True,tilde_q_mu,asymptotic,default,sidak_approx,observed,7.94**2 * RBF(length_scale=0.318),0.025896687687343,0.353136650281951,0.0956298569658356,0.317617049522306,0.02354244335213,63.09214845339847,1613.2644809275816,391,159,232,416,25,0.04,0.3,0.000625,1.0,1e-08,1e+18,False,False,False,False,12,1.1,15.0,13.491252576108192,7.3952548410130845,100.84438419563295,90.7011372043585,study_results/v4p2_followups_20260806/pseudo65/gp_window_ensemble_20260806/runs/window_2p25eq2p5/draw_07/attempt_01/results_single.csv,1,1,1,1,single_attempt_outside_55_75MeV,False,,,,,,,window_2p25eq2p5,7
2021,0.148,0.0035257559999999,0.140067049,0.155932951,503681799.08701915,1.64,0.1422177601599999,0.15378223984,0.01156447968,0.0,1.0,8000,0.000125,True,6001.383097191247,2.614287219865053e-06,0.5,0.0,-14.9969534029996,3653.3635245118953,True,tilde_q_mu,asymptotic,default,sidak_approx,observed,7.91**2 * RBF(length_scale=0.317),0.0258976776701328,0.3531501500472667,0.0956335127195648,0.3171514869387031,0.0235433433364844,62.57308385647399,1613.870581343548,391,160,231,416,25,0.04,0.3,0.000625,1.0,1e-08,1e+18,False,False,False,False,12,1.1,15.0,13.470962148660618,7.345283584607923,100.16295797192622,89.95276103584683,study_results/v4p2_followups_20260806/pseudo65/gp_window_ensemble_20260806/runs/window_2p25eq2p5/draw_07/attempt_01/results_single.csv,1,1,1,1,single_attempt_outside_55_75MeV,False,,,,,,,window_2p25eq2p5,7
2021,0.149,0.003549885875,0.14101275678125,0.15698724321875,490644352.2917579,1.64,0.143178187165,0.154821812835,0.0116436256699999,0.0,1.0,8000,0.000125,True,5753.384426174318,2.555584485422859e-06,0.5,0.0,-333.9014934532325,3616.14631687021,True,tilde_q_mu,asymptotic,default,sidak_approx,observed,7.89**2 * RBF(length_scale=0.317),0.0258998928117245,0.353180356523517,0.0956416926720024,0.3168573660352223,0.0235453571015678,62.30859348188058,1612.8051788504315,391,162,229,416,25,0.04,0.3,0.000625,1.0,1e-08,1e+18,False,False,False,False,12,1.1,15.0,13.457318343841298,7.295979004317872,99.49062278615278,89.25846553735259,study_results/v4p2_followups_20260806/pseudo65/gp_window_ensemble_20260806/runs/window_2p25eq2p5/draw_07/attempt_01/results_single.csv,1,1,1,1,single_attempt_outside_55_75MeV,False,,,,,,,window_2p25eq2p5,7
2021,0.15,0.0035741875,0.141958078125,0.158041921875,477946931.2512179,1.64,0.1441383325,0.1558616675,0.011723335,0.0,1.0,8000,0.000125,True,5633.111817265007,2.5515104864723502e-06,0.4999311292015692,0.0001726334915006,-478.0573651245699,3591.323510500478,True,tilde_q_mu,asymptotic,default,sidak_approx,observed,7.92**2 * RBF(length_scale=0.317),0.0259033086016125,0.3532269354765349,0.0956543063121079,0.317300120721002,0.0235484623651023,62.76095231396084,1607.9541402624825,390,163,227,416,26,0.04,0.3,0.000625,1.0,1e-08,1e+18,False,False,False,False,12,1.1,15.0,13.474345619747355,7.247327847689178,98.82719792303423,88.7754547630761,study_results/v4p2_followups_20260806/pseudo65/gp_window_ensemble_20260806/runs/window_2p25eq2p5/draw_07/attempt_01/results_single.csv,1,1,1,1,single_attempt_outside_55_75MeV,False,,,,,,,window_2p25eq2p5,7
2021,0.151,0.003598660875,0.14290301303125,0.15909698696875,465470649.96646106,1.64,0.145098196165,0.156901803835,0.0118036076699999,0.0,1.0,8000,0.000125,True,5611.004581287432,2.5923360306176236e-06,0.5,0.0,-385.89737856326775,3547.1650323462345,True,tilde_q_mu,asymptotic,default,sidak_approx,observed,8.01**2 * RBF(length_scale=0.319),0.0259079011746969,0.3532895614731401,0.0956712655121596,0.318529246177718,0.0235526374315426,64.14980527381933,1609.106775521819,390,165,225,416,26,0.04,0.3,0.000625,1.0,1e-08,1e+18,False,False,False,False,12,1.1,15.0,13.524143404471989,7.199317211210392,98.17250742559624,88.51327125335699,study_results/v4p2_followups_20260806/pseudo65/gp_window_ensemble_20260806/runs/window_2p25eq2p5/draw_07/attempt_01/results_single.csv,1,1,1,1,single_attempt_outside_55_75MeV,False,,,,,,,window_2p25eq2p5,7
2021,0.152,0.003623306,0.1438475615,0.1601524385,453362715.5960102,1.64,0.1460577781599999,0.15794222184,0.01188444368,0.0,1.0,8000,0.000125,True,5326.325453374824,2.509910483837161e-06,0.5,0.0,-822.283325060698,3511.528339170989,True,tilde_q_mu,asymptotic,default,sidak_approx,observed,7.95**2 * RBF(length_scale=0.318),0.0259136472901786,0.3533679175933457,0.0956924844498192,0.317690067840356,0.0235578611728897,63.19972399704321,1609.4560648633494,390,166,224,416,26,0.04,0.3,0.000625,1.0,1e-08,1e+18,False,False,False,False,12,1.1,15.0,13.485522539964382,7.151934528902247,97.5263799395761,87.67961299441892,study_results/v4p2_followups_20260806/pseudo65/gp_window_ensemble_20260806/runs/window_2p25eq2p5/draw_07/attempt_01/results_single.csv,1,1,1,1,single_attempt_outside_55_75MeV,False,,,,,,,window_2p25eq2p5,7
2021,0.153,0.003648122875,0.14479172353125,0.16120827646875,441644549.5313737,1.64,0.147017078485,0.158982921515,0.0119658430299999,0.0,1.0,8000,0.000125,True,5345.792926591043,2.5690215552255596e-06,0.5,0.0,-657.6590690572076,3473.026584795729,True,tilde_q_mu,asymptotic,default,sidak_approx,observed,7.99**2 * RBF(length_scale=0.318),0.0259205243112793,0.3534616951538094,0.0957178795332425,0.3181665761905033,0.0235641130102539,63.76258198633592,1608.5591668618074,390,168,222,416,26,0.04,0.3,0.000625,1.0,1e-08,1e+18,False,False,False,False,12,1.1,15.0,13.502166453371387,7.105167561352867,96.88864856390272,87.21377735680115,study_results/v4p2_followups_20260806/pseudo65/gp_window_ensemble_20260806/runs/window_2p25eq2p5/draw_07/attempt_01/results_single.csv,1,1,1,1,single_attempt_outside_55_75MeV,False,,,,,,,window_2p25eq2p5,7
2021,0.154,0.0036731115,0.145735499125,0.162264500875,430164399.9517347,1.64,0.1479760971399999,0.16002390286,0.01204780572,0.0,1.0,8000,0.000125,True,5577.199580523897,2.73388927684998e-06,0.4999311292015692,0.0001726334915006,-171.7980259151002,3450.4189152286003,True,tilde_q_mu,asymptotic,default,sidak_approx,observed,8.01**2 * RBF(length_scale=0.318),0.0259285101857464,0.3535705934419964,0.0957473693290902,0.3183814547695612,0.023571372896133,64.12795838761802,1605.5370679971982,389,169,220,416,27,0.04,0.3,0.000625,1.0,1e-08,1e+18,False,False,False,False,12,1.1,15.0,13.50712392411356,7.0590043851776345,96.25915070696774,86.67895182859577,study_results/v4p2_followups_20260806/pseudo65/gp_window_ensemble_20260806/runs/window_2p25eq2p5/draw_07/attempt_01/results_single.csv,1,1,1,1,single_attempt_outside_55_75MeV,False,,,,,,,window_2p25eq2p5,7
2021,0.155,0.003698271875,0.14667888828125,0.16332111171875,419006242.6242384,1.64,0.148934834125,0.161065165875,0.01213033175,0.0,1.0,8000,0.000125,True,5898.388659152924,2.9491788883179475e-06,0.4435651057802706,0.1419364389491599,482.2860150764295,3400.711653188238,True,tilde_q_mu,asymptotic,default,sidak_approx,observed,7.98**2 * RBF(length_scale=0.318),0.0259375834271065,0.3536943194605435,0.0957808744933012,0.3179449728761107,0.0235796212973695,63.67249714762834,1610.8780626662815,390,171,219,416,26,0.04,0.3,0.000625,1.0,1e-08,1e+18,False,False,False,False,12,1.1,15.0,13.483888009328597,7.01343338288414,95.63772794842008,85.97122754154213,study_results/v4p2_followups_20260806/pseudo65/gp_window_ensemble_20260806/runs/window_2p25eq2p5/draw_07/attempt_01/results_single.csv,1,1,1,1,single_attempt_outside_55_75MeV,False,,,,,,,window_2p25eq2p5,7
2021,0.156,0.003723604,0.147621891,0.164378109,408018948.64312065,1.64,0.14989328944,0.16210671056,0.01221342112,0.0,1.0,8000,0.000125,True,6529.9604392149695,3.331390488314749e-06,0.3297139232614391,0.440703245750266,1461.1063801701148,3380.5458640889674,True,tilde_q_mu,asymptotic,default,sidak_approx,observed,7.98**2 * RBF(length_scale=0.318),0.0259477230966391,0.353832587681443,0.0958183177045254,0.3180023343681578,0.0235888391787628,63.73723759797861,1606.8702343516627,389,172,217,416,27,0.04,0.3,0.000625,1.0,1e-08,1e+18,False,False,False,False,12,1.1,15.0,13.481050591690698,6.968443233125529,95.0242259062572,85.40175979189995,study_results/v4p2_followups_20260806/pseudo65/gp_window_ensemble_20260806/runs/window_2p25eq2p5/draw_07/attempt_01/results_single.csv,1,1,1,1,single_attempt_outside_55_75MeV,False,,,,,,,window_2p25eq2p5,7
2021,0.157,0.003749107875,0.14856450728125,0.16543549271875,397354285.67265946,1.64,0.150851463085,0.163148536915,0.01229707383,0.0,1.0,8000,0.000125,True,7265.295865769141,3.781774882105288e-06,0.2266768467654084,0.7498356519875081,2506.969956071965,3343.5571062072145,True,tilde_q_mu,asymptotic,default,sidak_approx,observed,8.05**2 * RBF(length_scale=0.319),0.0259589087860322,0.3539851198095312,0.0958596236000764,0.3189591469773523,0.023599007987302,64.82620022003695,1605.547843028711,389,174,215,416,27,0.04,0.3,0.000625,1.0,1e-08,1e+18,False,False,False,False,12,1.1,15.0,13.515786220716342,6.924022901323501,94.41849410895684,85.07601211057506,study_results/v4p2_followups_20260806/pseudo65/gp_window_ensemble_20260806/runs/window_2p25eq2p5/draw_07/attempt_01/results_single.csv,1,1,1,1,single_attempt_outside_55_75MeV,False,,,,,,,window_2p25eq2p5,7
2021,0.158,0.0037747835,0.149506737125,0.166493262875,387039666.85970527,1.64,0.15180935506,0.16419064494,0.0123812898799999,0.0,1.0,8000,0.000125,True,7817.586217257778,4.151260981928881e-06,0.1631767241978938,0.9814853641062008,3248.1291395274097,3309.572986390379,True,tilde_q_mu,asymptotic,default,sidak_approx,observed,8.03**2 * RBF(length_scale=0.319),0.0259711206006934,0.3541516445549109,0.0959047187143026,0.3186226433158687,0.023610109636994,64.4277590732909,1605.5719842670694,389,175,214,416,27,0.04,0.3,0.000625,1.0,1e-08,1e+18,False,False,False,False,12,1.1,15.0,13.495178472895669,6.880161630645431,93.82038587243768,84.40819011629905,study_results/v4p2_followups_20260806/pseudo65/gp_window_ensemble_20260806/runs/window_2p25eq2p5/draw_07/attempt_01/results_single.csv,1,1,1,1,single_attempt_outside_55_75MeV,False,,,,,,,window_2p25eq2p5,7
2021,0.159,0.003800630875,0.15044858053125,0.16755141946875,376812670.72105056,1.64,0.152766965365,0.165233034635,0.0124660692699999,0.0,1.0,8000,0.000125,True,8301.607700285898,4.499450789748183e-06,0.119887628656332,1.1755487205747952,3859.19063162323,3280.8101891585975,True,tilde_q_mu,asymptotic,default,sidak_approx,observed,7.97**2 * RBF(length_scale=0.318),0.0259843391436889,0.3543318974139398,0.0959535314192792,0.3177982920970837,0.0236221264942626,63.47634022306907,1605.2908784128228,389,177,212,416,27,0.04,0.3,0.000625,1.0,1e-08,1e+18,False,False,False,False,12,1.1,15.0,13.45341589692489,6.836848933320556,93.22975818164392,83.61724738582612,study_results/v4p2_followups_20260806/pseudo65/gp_window_ensemble_20260806/runs/window_2p25eq2p5/draw_07/attempt_01/results_single.csv,1,1,1,1,single_attempt_outside_55_75MeV,False,,,,,,,window_2p25eq2p5,7
2021,0.16,0.00382665,0.1513900375,0.1686099625,367005424.0565123,1.64,0.153724294,0.166275706,0.0125514119999999,0.0,1.0,8000,0.000125,True,8486.944551515986,4.693305465354941e-06,0.1039658687069524,1.2592730128260756,4106.568389897386,3260.833836330167,True,tilde_q_mu,asymptotic,default,sidak_approx,observed,8**2 * RBF(length_scale=0.318),0.0259985455002782,0.3545256204583391,0.0960059918676979,0.3182589086688244,0.0236350413638892,63.96601954663348,1600.5428241036864,388,178,210,416,28,0.04,0.3,0.000625,1.0,1e-08,1e+18,False,False,False,False,12,1.1,15.0,13.46555327612311,6.7940745822790705,92.64647157653278,83.16906659057516,study_results/v4p2_followups_20260806/pseudo65/gp_window_ensemble_20260806/runs/window_2p25eq2p5/draw_07/attempt_01/results_single.csv,1,1,1,1,single_attempt_outside_55_75MeV,False,,,,,,,window_2p25eq2p5,7
2021,0.161,0.003852840875,0.15233110803125,0.16966889196875,357410945.39902496,1.64,0.154681340965,0.167318659035,0.01263731807,0.0,1.0,8000,0.000125,True,8113.961554775631,4.578878749327276e-06,0.1209650362148108,1.170176190229179,3761.144026660572,3215.249692117224,True,tilde_q_mu,asymptotic,default,sidak_approx,observed,7.97**2 * RBF(length_scale=0.318),0.0260137212230255,0.3547325621321662,0.0960620319378876,0.3179546061760794,0.0236488374754777,63.5645876147609,1605.8220825640894,389,180,209,416,27,0.04,0.3,0.000625,1.0,1e-08,1e+18,False,False,False,False,12,1.1,15.0,13.44483027995676,6.751828603101996,92.07039004229992,82.52471786187624,study_results/v4p2_followups_20260806/pseudo65/gp_window_ensemble_20260806/runs/window_2p25eq2p5/draw_07/attempt_01/results_single.csv,1,1,1,1,single_attempt_outside_55_75MeV,False,,,,,,,window_2p25eq2p5,7
2021,0.162,0.0038792035,0.153271792125,0.170728207875,348034765.9525295,1.64,0.15563810626,0.16836189374,0.01272378748,0.0,1.0,8000,0.000125,True,7686.508782062992,4.427019209846867e-06,0.1513888816072059,1.0304948614021054,3295.384815305468,3197.3626840923025,True,tilde_q_mu,asymptotic,default,sidak_approx,observed,7.98**2 * RBF(length_scale=0.318),0.0260298483174566,0.3549524770562273,0.0961215851808485,0.3180151388202683,0.0236634984704151,63.64251339476932,1601.0665511030422,388,181,207,416,28,0.04,0.3,0.000625,1.0,1e-08,1e+18,False,False,False,False,12,1.1,15.0,13.43905843921856,6.710101266266818,91.50138090363842,81.97949368221293,study_results/v4p2_followups_20260806/pseudo65/gp_window_ensemble_20260806/runs/window_2p25eq2p5/draw_07/attempt_01/results_single.csv,1,1,1,1,single_attempt_outside_55_75MeV,False,,,,,,,window_2p25eq2p5,7
2021,0.163,0.003905737875,0.15421208978125,0.17178791021875,338899709.6922806,1.64,0.156594589885,0.169405410115,0.01281082023,0.0,1.0,8000,0.000125,True,7020.5610800363775,4.126985499683632e-06,0.2091898447376887,0.8092355162420679,2554.583926105299,3166.0267285149716,True,tilde_q_mu,asymptotic,default,sidak_approx,observed,8**2 * RBF(length_scale=0.318),0.0260469092282431,0.3551851258396787,0.0961845867692335,0.318253575286094,0.0236790083893119,64.01254348817203,1601.3319610912974,388,183,205,416,28,0.04,0.3,0.000625,1.0,1e-08,1e+18,False,False,False,False,12,1.1,15.0,13.440325289539798,6.668883079677514,90.93931472287518,81.48359809888521,study_results/v4p2_followups_20260806/pseudo65/gp_window_ensemble_20260806/runs/window_2p25eq2p5/draw_07/attempt_01/results_single.csv,1,1,1,1,single_attempt_outside_55_75MeV,False,,,,,,,window_2p25eq2p5,7
2021,0.164,0.003932444,0.155152001,0.172847999,329984866.4340829,1.64,0.15755079184,0.17044920816,0.0128984163199999,0.0,1.0,8000,0.000125,True,6208.097758866734,3.725122835723543e-06,0.3137561666291307,0.4852312272718585,1527.404065993783,3148.352950940194,True,tilde_q_mu,asymptotic,default,sidak_approx,observed,7.97**2 * RBF(length_scale=0.318),0.0260648868258862,0.3554302748984483,0.096250973448177,0.3179029483257834,0.0236953516598965,63.58514318795391,1596.4743992642582,387,184,203,416,29,0.04,0.3,0.000625,1.0,1e-08,1e+18,False,False,False,False,12,1.1,15.0,13.416257875751285,6.6281647814657285,90.38406520180536,80.8410617737426,study_results/v4p2_followups_20260806/pseudo65/gp_window_ensemble_20260806/runs/window_2p25eq2p5/draw_07/attempt_01/results_single.csv,1,1,1,1,single_attempt_outside_55_75MeV,False,,,,,,,window_2p25eq2p5,7
2021,0.165,0.003959321875,0.15609152578125,0.17390847421875,321257494.71634173,1.64,0.158506712125,0.171493287875,0.01298657575,0.0,1.0,8000,0.000125,True,5523.296173993289,3.3836157783400375e-06,0.4172566901182687,0.2089165550777389,649.2887878107528,3104.318752574527,True,tilde_q_mu,asymptotic,default,sidak_approx,observed,7.96**2 * RBF(length_scale=0.318),0.0260837643938859,0.3556876962802624,0.0963206834879114,0.3176508462180731,0.0237125130853508,63.348489728644985,1601.8884792587155,388,186,202,416,28,0.04,0.3,0.000625,1.0,1e-08,1e+18,False,False,False,False,12,1.1,15.0,13.395916538863704,6.587937333053001,89.83550908708638,80.22859879712941,study_results/v4p2_followups_20260806/pseudo65/gp_window_ensemble_20260806/runs/window_2p25eq2p5/draw_07/attempt_01/results_single.csv,1,1,1,1,single_attempt_outside_55_75MeV,False,,,,,,,window_2p25eq2p5,7
2021,0.166,0.0039863715,0.157030664125,0.174969335875,312800005.7109213,1.64,0.15946235074,0.17253764926,0.01307529852,0.0,1.0,8000,0.000125,True,4830.143670712654,3.020682854812276e-06,0.5,0.0,-423.9825042408243,3084.1290138979443,True,tilde_q_mu,asymptotic,default,sidak_approx,observed,7.99**2 * RBF(length_scale=0.318),0.0261035256163684,0.3559571674959338,0.09639365663808,0.3181621321391174,0.0237304778330622,63.90042141772949,1599.0263395623415,387,187,200,416,29,0.04,0.3,0.000625,1.0,1e-08,1e+18,False,False,False,False,12,1.1,15.0,13.407320930379292,6.548191912461868,89.29352607902545,79.8124640764458,study_results/v4p2_followups_20260806/pseudo65/gp_window_ensemble_20260806/runs/window_2p25eq2p5/draw_07/attempt_01/results_single.csv,1,1,1,1,single_attempt_outside_55_75MeV,False,,,,,,,window_2p25eq2p5,7
2021,0.167,0.004013592875,0.15796941603125,0.17603058396875,304614329.32244956,1.64,0.160417707685,0.173582292315,0.0131645846299999,0.0,1.0,8000,0.000125,True,4202.891125108039,2.6828800848351223e-06,0.5,0.0,-1718.743768836402,3048.820463785355,True,tilde_q_mu,asymptotic,default,sidak_approx,observed,8.1**2 * RBF(length_scale=0.32),0.0261241545661564,0.3562384713566791,0.0964698340836822,0.3196060602043656,0.0237492314237786,65.55305439295192,1602.715832093291,387,189,198,416,29,0.04,0.3,0.000625,1.0,1e-08,1e+18,False,False,False,False,12,1.1,15.0,13.457532772381184,6.508919907865958,88.7579987436267,79.63091179355494,study_results/v4p2_followups_20260806/pseudo65/gp_window_ensemble_20260806/runs/window_2p25eq2p5/draw_07/attempt_01/results_single.csv,1,1,1,1,single_attempt_outside_55_75MeV,False,,,,,,,window_2p25eq2p5,7
2021,0.168,0.004040986,0.1589077815,0.1770922185,296547392.151297,1.64,0.16137278296,0.17462721704,0.0132544340799999,0.0,1.0,8000,0.000125,True,3867.2774796196672,2.5207040852620603e-06,0.5,0.0,-2599.009139089454,3014.6935637955685,True,tilde_q_mu,asymptotic,default,sidak_approx,observed,8.11**2 * RBF(length_scale=0.32),0.0261456356932645,0.3565313958172433,0.0965491584025916,0.3197996498579165,0.0237687597211495,65.76356579257585,1602.8626123970296,387,190,197,416,29,0.04,0.3,0.000625,1.0,1e-08,1e+18,False,False,False,False,12,1.1,15.0,13.454620838855012,6.470112911369777,88.22881242776968,79.13901455187333,study_results/v4p2_followups_20260806/pseudo65/gp_window_ensemble_20260806/runs/window_2p25eq2p5/draw_07/attempt_01/results_single.csv,1,1,1,1,single_attempt_outside_55_75MeV,False,,,,,,,window_2p25eq2p5,7
2021,0.169,0.004068550875,0.15984576053125,0.17815423946875,288615660.9608933,1.64,0.162327576565,0.175672423435,0.0133448468699999,0.0,1.0,8000,0.000125,True,3586.2681315978916,2.3875698234241193e-06,0.5,0.0,-3508.2987243928474,2981.4850887210328,True,tilde_q_mu,asymptotic,default,sidak_approx,observed,8.17**2 * RBF(length_scale=0.321),0.026167953813799,0.356835733824532,0.0966315735245651,0.3205539791035567,0.0237890489216354,66.80087541432994,1603.616296635529,387,192,195,416,29,0.04,0.3,0.000625,1.0,1e-08,1e+18,False,False,False,False,12,1.1,15.0,13.474854760251551,6.431762713007495,87.70585517737493,78.78824400925225,study_results/v4p2_followups_20260806/pseudo65/gp_window_ensemble_20260806/runs/window_2p25eq2p5/draw_07/attempt_01/results_single.csv,1,1,1,1,single_attempt_outside_55_75MeV,False,,,,,,,window_2p25eq2p5,7
2021,0.17,0.0040962875,0.160783353125,0.179216646875,280901072.63455325,1.64,0.1632820885,0.1767179115,0.013435823,0.0,1.0,8000,0.000125,True,3477.085786638822,2.3644656482534097e-06,0.5,0.0,-3886.8614356371986,2963.337652820494,True,tilde_q_mu,asymptotic,default,sidak_approx,observed,8.1**2 * RBF(length_scale=0.32),0.026191094099248,0.3571512831715639,0.0967170246916933,0.3197181063571265,0.0238100855447709,65.66325624374875,1600.1567919754316,386,193,193,416,30,0.04,0.3,0.000625,1.0,1e-08,1e+18,False,False,False,False,12,1.1,15.0,13.427843665489966,6.39386129495257,87.18901765844413,78.05069989768212,study_results/v4p2_followups_20260806/pseudo65/gp_window_ensemble_20260806/runs/window_2p25eq2p5/draw_07/attempt_01/results_single.csv,1,1,1,1,single_attempt_outside_55_75MeV,False,,,,,,,window_2p25eq2p5,7
2021,0.171,0.004124195875,0.16172055928125,0.18027944071875,273501986.67337126,1.64,0.164236318765,0.177763681235,0.01352736247,0.0,1.0,8000,0.000125,True,3352.3340687016644,2.327612158003811e-06,0.5,0.0,-4194.546629241642,2919.7876479497286,True,tilde_q_mu,asymptotic,default,sidak_approx,observed,8.08**2 * RBF(length_scale=0.319),0.0262150420661463,0.3574778463565409,0.0968054584202363,0.319460868809928,0.0238318564237693,65.32349256134944,1605.746720363256,387,195,192,416,29,0.04,0.3,0.000625,1.0,1e-08,1e+18,False,False,False,False,12,1.1,15.0,13.404783208214718,6.356400825929815,86.67819308086109,77.46015914191467,study_results/v4p2_followups_20260806/pseudo65/gp_window_ensemble_20260806/runs/window_2p25eq2p5/draw_07/attempt_01/results_single.csv,1,1,1,1,single_attempt_outside_55_75MeV,False,,,,,,,window_2p25eq2p5,7
2021,0.172,0.004152276,0.162657379,0.1813426209999999,266350991.61926585,1.64,0.1651902673599999,0.17880973264,0.01361946528,0.0,1.0,8000,0.000125,True,3215.638066695108,2.2793148413765077e-06,0.5,0.0,-4782.774384270976,2898.4230131389295,True,tilde_q_mu,asymptotic,default,sidak_approx,observed,8.13**2 * RBF(length_scale=0.32),0.0262397835660971,0.3578152304467796,0.0968968224637768,0.3201211610711411,0.0238543486964519,66.16132571222772,1601.693867708213,386,196,190,416,30,0.04,0.3,0.000625,1.0,1e-08,1e+18,False,False,False,False,12,1.1,15.0,13.419823997070814,6.31937365582085,86.17327712482977,77.0953474844016,study_results/v4p2_followups_20260806/pseudo65/gp_window_ensemble_20260806/runs/window_2p25eq2p5/draw_07/attempt_01/results_single.csv,1,1,1,1,single_attempt_outside_55_75MeV,False,,,,,,,window_2p25eq2p5,7
2021,0.173,0.004180527875,0.1635938122812499,0.18240618771875,259386988.21142492,1.64,0.166143934285,0.1798560657149999,0.0137121314299999,0.0,1.0,8000,0.000125,True,3184.1131988566103,2.3041679496638917e-06,0.5,0.0,-4726.236418510779,2868.9826384449093,True,tilde_q_mu,asymptotic,default,sidak_approx,observed,8.12**2 * RBF(length_scale=0.32),0.0262653047761392,0.3581632469473539,0.0969910657776472,0.3199463558933776,0.0238775497964902,65.90815114138442,1602.6536855100244,386,198,188,416,30,0.04,0.3,0.000625,1.0,1e-08,1e+18,False,False,False,False,12,1.1,15.0,13.399463455015232,6.282772310455958,85.67416786985397,76.53252542739655,study_results/v4p2_followups_20260806/pseudo65/gp_window_ensemble_20260806/runs/window_2p25eq2p5/draw_07/attempt_01/results_single.csv,1,1,1,1,single_attempt_outside_55_75MeV,False,,,,,,,window_2p25eq2p5,7
2021,0.174,0.0042089515,0.1645298591249999,0.183470140875,252502277.02987137,1.64,0.1670973195399999,0.18090268046,0.01380536092,0.0,1.0,8000,0.000125,True,3278.3022157717733,2.4230052890415626e-06,0.4999513009912829,0.0001220703125,-4077.86468362864,2852.4591998994765,True,tilde_q_mu,asymptotic,default,sidak_approx,observed,8.03**2 * RBF(length_scale=0.319),0.0262915921894454,0.3585217116742556,0.0970881384845824,0.3188560850040355,0.0239014474449503,64.5216928389641,1598.135006941795,385,199,186,416,31,0.04,0.3,0.000625,1.0,1e-08,1e+18,False,False,False,False,12,1.1,15.0,13.340450855054796,6.246589486584821,85.18076572615664,75.75665459771524,study_results/v4p2_followups_20260806/pseudo65/gp_window_ensemble_20260806/runs/window_2p25eq2p5/draw_07/attempt_01/results_single.csv,1,1,1,1,single_attempt_outside_55_75MeV,False,,,,,,,window_2p25eq2p5,7
2021,0.175,0.0042375468749999,0.16546551953125,0.1845344804687499,245918579.9416027,1.64,0.168050423125,0.181949576875,0.01389915375,0.0,1.0,8000,0.000125,True,3426.1128227461136,2.585188357133803e-06,0.5,0.0,-3125.051110429564,2813.4382293203225,True,tilde_q_mu,asymptotic,default,sidak_approx,observed,7.98**2 * RBF(length_scale=0.318),0.0263186326063351,0.358890444631843,0.0971879918415323,0.3181130801575955,0.0239260296421228,63.625153854519816,1603.726849412053,386,201,185,416,30,0.04,0.3,0.000625,1.0,1e-08,1e+18,False,False,False,False,12,1.1,15.0,13.295690296961885,6.210818047018103,84.69297336842865,75.07010294903122,study_results/v4p2_followups_20260806/pseudo65/gp_window_ensemble_20260806/runs/window_2p25eq2p5/draw_07/attempt_01/results_single.csv,1,1,1,1,single_attempt_outside_55_75MeV,False,,,,,,,window_2p25eq2p5,7
2021,0.176,0.004266314,0.1664007934999999,0.1855992065,239463041.25493088,1.64,0.16900324504,0.1829967549599999,0.0139935099199999,0.0,1.0,8000,0.000125,True,3611.736340883782,2.7828179715086623e-06,0.4999311292015692,0.0001726334915006,-2309.4054830358277,2793.7534603684194,True,tilde_q_mu,asymptotic,default,sidak_approx,observed,8.01**2 * RBF(length_scale=0.319),0.0263464131255956,0.3592692698944855,0.0972905782076107,0.3186142907138371,0.0239512846596323,64.23702946802567,1599.9697880834442,385,202,183,416,31,0.04,0.3,0.000625,1.0,1e-08,1e+18,False,False,False,False,12,1.1,15.0,13.30259713587854,6.175451015934506,84.21069567183416,74.68139727029869,study_results/v4p2_followups_20260806/pseudo65/gp_window_ensemble_20260806/runs/window_2p25eq2p5/draw_07/attempt_01/results_single.csv,1,1,1,1,single_attempt_outside_55_75MeV,False,,,,,,,window_2p25eq2p5,7
2021,0.177,0.004295252875,0.16733568103125,0.18666431896875,233151670.99112496,1.64,0.169955785285,0.184044214715,0.0140884294299999,0.0,1.0,8000,0.000125,True,4022.52345838977,3.1652404621189317e-06,0.5,0.0,-1026.2900843849527,2765.8119476851657,True,tilde_q_mu,asymptotic,default,sidak_approx,observed,8.01**2 * RBF(length_scale=0.319),0.026374921136093,0.359658015492178,0.0973958510131203,0.3185382734175859,0.0239772010328118,64.11904572539676,1600.3440742578573,385,204,181,416,31,0.04,0.3,0.000625,1.0,1e-08,1e+18,False,False,False,False,12,1.1,15.0,13.285048283228669,6.140481574345738,83.73383965016914,74.16054017950829,study_results/v4p2_followups_20260806/pseudo65/gp_window_ensemble_20260806/runs/window_2p25eq2p5/draw_07/attempt_01/results_single.csv,1,1,1,1,single_attempt_outside_55_75MeV,False,,,,,,,window_2p25eq2p5,7
2021,0.178,0.0043243635,0.168270182125,0.1877298178749999,227019370.79188985,1.64,0.17090804386,0.1850919561399999,0.0141839122799999,0.0,1.0,8000,0.000125,True,4790.053756673651,3.849261282815956e-06,0.4469312755526311,0.1334183282949243,452.1477427346199,2737.75627462399,True,tilde_q_mu,asymptotic,default,sidak_approx,observed,7.97**2 * RBF(length_scale=0.318),0.0264041443086661,0.3600565132999933,0.0975037647296154,0.3180195296240296,0.0240037675533328,63.51015544586214,1600.113536748634,385,205,180,416,31,0.04,0.3,0.000625,1.0,1e-08,1e+18,False,False,False,False,12,1.1,15.0,13.248733929681512,6.105903055713559,83.26231439609397,73.54134998688932,study_results/v4p2_followups_20260806/pseudo65/gp_window_ensemble_20260806/runs/window_2p25eq2p5/draw_07/attempt_01/results_single.csv,1,1,1,1,single_attempt_outside_55_75MeV,False,,,,,,,window_2p25eq2p5,7
2021,0.179,0.004353645875,0.1692042967812499,0.18879570321875,220993245.42708975,1.64,0.1718600207649999,0.186139979235,0.01427995847,0.0,1.0,8000,0.000125,True,5602.873434203854,4.599373761612927e-06,0.2701048295931803,0.6124959765516207,1661.4503239797216,2712.0129978697864,True,tilde_q_mu,asymptotic,default,sidak_approx,observed,7.96**2 * RBF(length_scale=0.318),0.0264340705882899,0.3604645989312272,0.0976142748409662,0.3178662745547033,0.0240309732620818,63.35207369389219,1600.6652619135398,385,207,178,416,31,0.04,0.3,0.000625,1.0,1e-08,1e+18,False,False,False,False,12,1.1,15.0,13.22735750600084,6.0717089417131325,82.79603102336088,73.01151349492874,study_results/v4p2_followups_20260806/pseudo65/gp_window_ensemble_20260806/runs/window_2p25eq2p5/draw_07/attempt_01/results_single.csv,1,1,1,1,single_attempt_outside_55_75MeV,False,,,,,,,window_2p25eq2p5,7
2021,0.18,0.0043831,0.170138025,0.189861975,215155115.9948604,1.64,0.172811716,0.1871882839999999,0.0143765679999999,0.0,1.0,8000,0.000125,True,6436.818487901181,5.397181242027647e-06,0.1557998150050341,1.0118712233012868,2728.4512130869625,2695.5698613609193,True,tilde_q_mu,asymptotic,default,sidak_approx,observed,7.96**2 * RBF(length_scale=0.318),0.0264646881865,0.360882111634091,0.0977273378153825,0.3179127291095697,0.0240588074422727,63.39020198206979,1597.0748566191992,384,208,176,416,32,0.04,0.3,0.000625,1.0,1e-08,1e+18,False,False,False,False,12,1.1,15.0,13.21398535120151,6.037892858136936,82.33490261095821,72.53147979958698,study_results/v4p2_followups_20260806/pseudo65/gp_window_ensemble_20260806/runs/window_2p25eq2p5/draw_07/attempt_01/results_single.csv,1,1,1,1,single_attempt_outside_55_75MeV,False,,,,,,,window_2p25eq2p5,7
2021,0.181,0.004412725875,0.1710713667812499,0.19092863321875,209423665.4643851,1.64,0.173763129565,0.1882368704349999,0.0144737408699999,0.0,1.0,8000,0.000125,True,7119.350640705109,6.098962650832195e-06,0.0893483404100251,1.3447787926419872,3573.532700705763,2659.826330424269,True,tilde_q_mu,asymptotic,default,sidak_approx,observed,7.93**2 * RBF(length_scale=0.318),0.0264959855740647,0.3613088941917919,0.0978429110783556,0.3175171601098312,0.0240872596127861,62.92345487593519,1602.3925890894193,385,210,175,416,31,0.04,0.3,0.000625,1.0,1e-08,1e+18,False,False,False,False,12,1.1,15.0,13.181954494370338,6.004448570933435,81.87884414909227,71.95487984166503,study_results/v4p2_followups_20260806/pseudo65/gp_window_ensemble_20260806/runs/window_2p25eq2p5/draw_07/attempt_01/results_single.csv,1,1,1,1,single_attempt_outside_55_75MeV,False,,,,,,,window_2p25eq2p5,7
2021,0.182,0.0044425235,0.172004322125,0.191995677875,203890389.41582435,1.64,0.17471426146,0.18928573854,0.01457147708,0.0,1.0,8000,0.000125,True,7295.324616240428,6.384051766950966e-06,0.0761845465355574,1.4312132995181177,3788.082065854273,2644.6209344959975,True,tilde_q_mu,asymptotic,default,sidak_approx,observed,7.96**2 * RBF(length_scale=0.318),0.0265279514739,0.3617447928259099,0.0979609529864923,0.3178951058083283,0.0241163195217273,63.3701424143322,1597.957911234456,384,211,173,416,32,0.04,0.3,0.000625,1.0,1e-08,1e+18,False,False,False,False,12,1.1,15.0,13.181742161026037,5.971369982376021,81.42777248694574,71.5573267779739,study_results/v4p2_followups_20260806/pseudo65/gp_window_ensemble_20260806/runs/window_2p25eq2p5/draw_07/attempt_01/results_single.csv,1,1,1,1,single_attempt_outside_55_75MeV,False,,,,,,,window_2p25eq2p5,7
2021,0.183,0.004472492875,0.1729368910312499,0.19306310896875,198621214.40460417,1.64,0.1756651116849999,0.190334888315,0.01466977663,0.0,1.0,8000,0.000125,True,7112.18969796072,6.353990060493727e-06,0.0833843057181056,1.382661730418863,3624.5026609134497,2621.1354251840967,True,tilde_q_mu,asymptotic,default,sidak_approx,observed,7.97**2 * RBF(length_scale=0.318),0.0265605748542153,0.3621896571029359,0.098081422802206,0.3180699031403626,0.0241459771401957,63.59225470420943,1598.6901648407284,384,213,171,416,32,0.04,0.3,0.000625,1.0,1e-08,1e+18,False,False,False,False,12,1.1,15.0,13.17279070105938,5.938651127357089,80.98160628214212,71.11691667935025,study_results/v4p2_followups_20260806/pseudo65/gp_window_ensemble_20260806/runs/window_2p25eq2p5/draw_07/attempt_01/results_single.csv,1,1,1,1,single_attempt_outside_55_75MeV,False,,,,,,,window_2p25eq2p5,7
2021,0.184,0.004502634,0.1738690735,0.1941309265,193360941.65798712,1.64,0.17661568024,0.19138431976,0.01476863952,0.0,1.0,8000,0.000125,True,6594.732761255086,6.01908599206108e-06,0.1199096859912681,1.1754383905301615,3065.2777623167144,2606.82109198489,True,tilde_q_mu,asymptotic,default,sidak_approx,observed,7.99**2 * RBF(length_scale=0.318),0.026593844921878,0.3626433398437911,0.0982042806692136,0.3182201966793523,0.0241762226562527,63.80174395746742,1596.9954348439303,383,214,169,416,33,0.04,0.3,0.000625,1.0,1e-08,1e+18,False,False,False,False,12,1.1,15.0,13.162527546339025,5.906286169801502,80.54026595183866,70.67423127870316,study_results/v4p2_followups_20260806/pseudo65/gp_window_ensemble_20260806/runs/window_2p25eq2p5/draw_07/attempt_01/results_single.csv,1,1,1,1,single_attempt_outside_55_75MeV,False,,,,,,,window_2p25eq2p5,7
2021,0.185,0.004532946875,0.1748008695312499,0.19519913046875,188216407.4390779,1.64,0.177565967125,0.192434032875,0.0148680657499999,0.0,1.0,8000,0.000125,True,6029.244930129984,5.622813008416286e-06,0.1689251096137334,0.9584215769705964,2464.4515226200083,2573.8134302574276,True,tilde_q_mu,asymptotic,default,sidak_approx,observed,7.95**2 * RBF(length_scale=0.318),0.0266277511159985,0.3631056970363433,0.0983294875888454,0.3177609049108876,0.0242070464690895,63.233220871847315,1600.1898673252597,384,216,168,416,32,0.04,0.3,0.000625,1.0,1e-08,1e+18,False,False,False,False,12,1.1,15.0,13.126793692763908,5.874269399197075,80.10367362541467,70.10029318088746,study_results/v4p2_followups_20260806/pseudo65/gp_window_ensemble_20260806/runs/window_2p25eq2p5/draw_07/attempt_01/results_single.csv,1,1,1,1,single_attempt_outside_55_75MeV,False,,,,,,,window_2p25eq2p5,7
2021,0.186,0.0045634315,0.175732279125,0.196267720875,183203373.0638776,1.64,0.17851597234,0.19348402766,0.01496805532,0.0,1.0,8000,0.000125,True,5264.042279671667,5.0164083394583395e-06,0.2754531503252119,0.5964026049691703,1527.8313022134075,2562.563207927488,True,tilde_q_mu,asymptotic,default,sidak_approx,observed,7.88**2 * RBF(length_scale=0.317),0.0266622831017154,0.3635765877506647,0.0984570053970965,0.3166654335130265,0.0242384391833776,62.03610150671853,1594.1654098919676,383,217,166,416,33,0.04,0.3,0.000625,1.0,1e-08,1e+18,False,False,False,False,12,1.1,15.0,13.064596738976118,5.84259522723534,79.67175309866373,69.39195504808751,study_results/v4p2_followups_20260806/pseudo65/gp_window_ensemble_20260806/runs/window_2p25eq2p5/draw_07/attempt_01/results_single.csv,1,1,1,1,single_attempt_outside_55_75MeV,False,,,,,,,window_2p25eq2p5,7
2021,0.187,0.004594087875,0.17666330228125,0.19733669771875,178278504.14348978,1.64,0.179465695885,0.194534304115,0.01506860823,0.0,1.0,8000,0.000125,True,4500.277357640013,4.3834758150696e-06,0.4213153333320369,0.198529678621923,504.3800061414676,2540.1809739298733,True,tilde_q_mu,asymptotic,default,sidak_approx,observed,7.86**2 * RBF(length_scale=0.316),0.0266974307641825,0.3640558740570343,0.0985867967424219,0.3163929465523774,0.0242703916038022,61.72594561397666,1594.3688078729992,383,219,164,416,33,0.04,0.3,0.000625,1.0,1e-08,1e+18,False,False,False,False,12,1.1,15.0,13.036169820301131,5.811258184560199,79.24442978945724,68.86958960321964,study_results/v4p2_followups_20260806/pseudo65/gp_window_ensemble_20260806/runs/window_2p25eq2p5/draw_07/attempt_01/results_single.csv,1,1,1,1,single_attempt_outside_55_75MeV,False,,,,,,,window_2p25eq2p5,7
2021,0.188,0.004624916,0.177593939,0.198406061,173567784.67781383,1.64,0.18041513776,0.19558486224,0.0151697244799999,0.0,1.0,8000,0.000125,True,3875.837917470431,3.8570792256504385e-06,0.5,0.0,-464.99084674435096,2514.535332815118,True,tilde_q_mu,asymptotic,default,sidak_approx,observed,7.87**2 * RBF(length_scale=0.317),0.0267331842027451,0.3645434209465248,0.0987188250642313,0.3165364955923288,0.0243028947297683,61.85837983401316,1594.9379917008505,383,220,163,416,33,0.04,0.3,0.000625,1.0,1e-08,1e+18,False,False,False,False,12,1.1,15.0,13.024641677956458,5.78025291761951,78.8216306948115,68.44156641814226,study_results/v4p2_followups_20260806/pseudo65/gp_window_ensemble_20260806/runs/window_2p25eq2p5/draw_07/attempt_01/results_single.csv,1,1,1,1,single_attempt_outside_55_75MeV,False,,,,,,,window_2p25eq2p5,7
2021,0.189,0.004655915875,0.17852418928125,0.19947581071875,168874228.16818193,1.64,0.181364297965,0.196635702035,0.0152714040699999,0.0,1.0,8000,0.000125,True,3508.029547912549,3.5690939778044364e-06,0.5,0.0,-1205.353898341044,2490.704256076642,True,tilde_q_mu,asymptotic,default,sidak_approx,observed,7.9**2 * RBF(length_scale=0.317),0.0267695337253012,0.3650390962541072,0.0988530545720656,0.3170391245984583,0.0243359397502738,62.392181400725065,1596.191860703188,383,222,161,416,33,0.04,0.3,0.000625,1.0,1e-08,1e+18,False,False,False,False,12,1.1,15.0,13.0276096938024,5.749574185616315,78.40328434931338,68.0938258143374,study_results/v4p2_followups_20260806/pseudo65/gp_window_ensemble_20260806/runs/window_2p25eq2p5/draw_07/attempt_01/results_single.csv,1,1,1,1,single_attempt_outside_55_75MeV,False,,,,,,,window_2p25eq2p5,7
2021,0.19,0.0046870875,0.179454053125,0.200545946875,164378838.92039412,1.64,0.1823131765,0.1976868235,0.0153736469999999,0.0,1.0,8000,0.000125,True,3331.2406660976785,3.4635895614614368e-06,0.4999513009912829,0.0001220703125,-1624.6988053561818,2474.008672453674,True,tilde_q_mu,asymptotic,default,sidak_approx,observed,7.97**2 * RBF(length_scale=0.318),0.0268064698428396,0.3655427705841774,0.0989894502254296,0.3179482078013025,0.0243695180389451,63.47000335252415,1592.8301059190894,382,223,159,416,34,0.04,0.3,0.000625,1.0,1e-08,1e+18,False,False,False,False,12,1.1,15.0,13.046963312659136,5.719216857555929,77.98932078485358,67.83492047061262,study_results/v4p2_followups_20260806/pseudo65/gp_window_ensemble_20260806/runs/window_2p25eq2p5/draw_07/attempt_01/results_single.csv,1,1,1,1,single_attempt_outside_55_75MeV,False,,,,,,,window_2p25eq2p5,7
2021,0.191,0.004718430875,0.18038353053125,0.20161646946875,160024504.07567304,1.64,0.183261773365,0.198738226635,0.01547645327,0.0,1.0,8000,0.000125,True,3144.1945974120067,3.3404846616572986e-06,0.5,0.0,-2122.171537883791,2452.9165301980465,True,tilde_q_mu,asymptotic,default,sidak_approx,observed,7.9**2 * RBF(length_scale=0.317),0.026843983264149,0.3660543172383967,0.099127977714251,0.3170509188505246,0.0244036211492264,62.42277068274258,1594.151169374799,382,225,157,416,34,0.04,0.3,0.000625,1.0,1e-08,1e+18,False,False,False,False,12,1.1,15.0,12.991962008907622,5.68917590938515,77.57967149161568,67.1941429788403,study_results/v4p2_followups_20260806/pseudo65/gp_window_ensemble_20260806/runs/window_2p25eq2p5/draw_07/attempt_01/results_single.csv,1,1,1,1,single_attempt_outside_55_75MeV,False,,,,,,,window_2p25eq2p5,7
2021,0.192,0.004749946,0.1813126215,0.2026873785,155718995.1526329,1.64,0.18421008856,0.19978991144,0.0155798228799999,0.0,1.0,8000,0.000125,True,3041.8526204622895,3.303811565685534e-06,0.5,0.0,-2356.1724625282664,2427.715982097589,True,tilde_q_mu,asymptotic,default,sidak_approx,observed,7.9**2 * RBF(length_scale=0.317),0.0268820648906906,0.3665736121457819,0.0992686034399486,0.3170447303304731,0.0244382408097187,62.477109638640904,1593.5740597204508,382,226,156,416,34,0.04,0.3,0.000625,1.0,1e-08,1e+18,False,False,False,False,12,1.1,15.0,12.973304126064107,5.659446421220509,77.17426938027965,66.74701782514434,study_results/v4p2_followups_20260806/pseudo65/gp_window_ensemble_20260806/runs/window_2p25eq2p5/draw_07/attempt_01/results_single.csv,1,1,1,1,single_attempt_outside_55_75MeV,False,,,,,,,window_2p25eq2p5,7
2021,0.193,0.004781632875,0.18224132603125,0.20375867396875,151601184.85939226,1.64,0.185158122085,0.200841877915,0.0156837558299999,0.0,1.0,8000,0.000125,True,3037.4249576687403,3.371052953108457e-06,0.5,0.0,-2237.8726578362366,2403.47352905701,True,tilde_q_mu,asymptotic,default,sidak_approx,observed,7.92**2 * RBF(length_scale=0.317),0.0269207058116312,0.3671005337949717,0.0994112944970904,0.3172542018969851,0.0244733689196647,62.747811375288904,1593.4409485274143,382,228,154,416,34,0.04,0.3,0.000625,1.0,1e-08,1e+18,False,False,False,False,12,1.1,15.0,12.963241919753262,5.630023574662507,76.77304874539782,66.3485069202401,study_results/v4p2_followups_20260806/pseudo65/gp_window_ensemble_20260806/runs/window_2p25eq2p5/draw_07/attempt_01/results_single.csv,1,1,1,1,single_attempt_outside_55_75MeV,False,,,,,,,window_2p25eq2p5,7
2021,0.194,0.0048134915,0.183169644125,0.204830355875,147523768.56605715,1.64,0.18610587394,0.20189412606,0.01578825212,0.0,1.0,8000,0.000125,True,3044.37363593803,3.454253022983935e-06,0.5,0.0,-2132.59831516391,2389.536909684319,True,tilde_q_mu,asymptotic,default,sidak_approx,observed,7.88**2 * RBF(length_scale=0.317),0.0269598972990275,0.3676349631685571,0.0995560186556095,0.3165546090939512,0.0245089975445704,62.039601315405775,1589.6099922037051,381,229,152,416,35,0.04,0.3,0.000625,1.0,1e-08,1e+18,False,False,False,False,12,1.1,15.0,12.915852984940958,5.600902650192177,76.37594522989332,65.76403201168033,study_results/v4p2_followups_20260806/pseudo65/gp_window_ensemble_20260806/runs/window_2p25eq2p5/draw_07/attempt_01/results_single.csv,1,1,1,1,single_attempt_outside_55_75MeV,False,,,,,,,window_2p25eq2p5,7
2021,0.195,0.004845521875,0.18409757578125,0.20590242421875,143578408.5209931,1.64,0.187053344125,0.202946655875,0.0158933117499999,0.0,1.0,8000,0.000125,True,3060.8214973020786,3.550047618245153e-06,0.4999655646006563,8.631674575031098e-05,-1904.8154473520187,2356.679729032523,True,tilde_q_mu,asymptotic,default,sidak_approx,observed,7.85**2 * RBF(length_scale=0.316),0.0269996308031587,0.368176783679438,0.09970274434357,0.3160262364957155,0.0245451189119625,61.5909774327343,1593.651573033067,382,231,151,416,34,0.04,0.3,0.000625,1.0,1e-08,1e+18,False,False,False,False,12,1.1,15.0,12.875319024903728,5.572079024647637,75.9828957906496,65.22026824937521,study_results/v4p2_followups_20260806/pseudo65/gp_window_ensemble_20260806/runs/window_2p25eq2p5/draw_07/attempt_01/results_single.csv,1,1,1,1,single_attempt_outside_55_75MeV,False,,,,,,,window_2p25eq2p5,7
2021,0.196,0.004877724,0.185025121,0.206974879,139755894.5302579,1.64,0.18800053264,0.20399946736,0.01599893472,0.0,1.0,8000,0.000125,True,3196.195848733183,3.789021760672805e-06,0.4999655646006563,8.631674575031098e-05,-1402.659548202339,2339.495175449666,True,tilde_q_mu,asymptotic,default,sidak_approx,observed,7.86**2 * RBF(length_scale=0.316),0.0270398979480013,0.3687258811091098,0.0998514406304547,0.3162707473627508,0.0245817254072739,61.815945175886235,1589.2580307611056,381,232,149,416,35,0.04,0.3,0.000625,1.0,1e-08,1e+18,False,False,False,False,12,1.1,15.0,12.866092274758016,5.543548168777362,75.59383866514584,64.83982024459578,study_results/v4p2_followups_20260806/pseudo65/gp_window_ensemble_20260806/runs/window_2p25eq2p5/draw_07/attempt_01/results_single.csv,1,1,1,1,single_attempt_outside_55_75MeV,False,,,,,,,window_2p25eq2p5,7
2021,0.197,0.004910097875,0.18595227978125,0.20804772021875,136004179.86803293,1.64,0.188947439485,0.205052560515,0.01610512103,0.0,1.0,8000,0.000125,True,3335.9087744172275,4.043110450635455e-06,0.5,0.0,-928.6028853607944,2313.330971795942,True,tilde_q_mu,asymptotic,default,sidak_approx,observed,7.89**2 * RBF(length_scale=0.317),0.0270806905268411,0.3692821435478344,0.1000020772109632,0.316680128288461,0.0246188095698556,62.19763340910028,1588.7067448191178,381,234,147,416,35,0.04,0.3,0.000625,1.0,1e-08,1e+18,False,False,False,False,12,1.1,15.0,12.863340422285017,5.51530564486786,75.20871333910718,64.49568549353224,study_results/v4p2_followups_20260806/pseudo65/gp_window_ensemble_20260806/runs/window_2p25eq2p5/draw_07/attempt_01/results_single.csv,1,1,1,1,single_attempt_outside_55_75MeV,False,,,,,,,window_2p25eq2p5,7
2021,0.198,0.0049426435,0.186879052125,0.209120947875,132354320.73115931,1.64,0.18989406466,0.20610593534,0.01621187068,0.0,1.0,8000,0.000125,True,3546.9692164810576,4.395153300496002e-06,0.5,0.0,-404.8543205372373,2294.2566119110843,True,tilde_q_mu,asymptotic,default,sidak_approx,observed,7.94**2 * RBF(length_scale=0.317),0.0271220004980165,0.3698454613365898,0.1001546243892919,0.3174008889398585,0.0246563640891059,62.988228988467505,1585.3002393914926,380,235,145,416,36,0.04,0.3,0.000625,1.0,1e-08,1e+18,False,False,False,False,12,1.1,15.0,12.872980289908073,5.487347104442508,74.82746051512511,64.21682829033867,study_results/v4p2_followups_20260806/pseudo65/gp_window_ensemble_20260806/runs/window_2p25eq2p5/draw_07/attempt_01/results_single.csv,1,1,1,1,single_attempt_outside_55_75MeV,False,,,,,,,window_2p25eq2p5,7
2021,0.199,0.004975360875,0.18780543803125,0.21019456196875,128788002.15036236,1.64,0.190840408165,0.207159591835,0.01631918367,0.0,1.0,8000,0.000125,True,3836.7375785592662,4.861312449509861e-06,0.4691797746403759,0.0773318560924377,174.9716268333873,2265.8587257329523,True,tilde_q_mu,asymptotic,default,sidak_approx,observed,7.99**2 * RBF(length_scale=0.318),0.0271638199807916,0.3704157270107955,0.100309053063895,0.3181561953985691,0.0246943818007197,63.887743042041905,1588.2118919616196,380,236,144,416,36,0.04,0.3,0.000625,1.0,1e-08,1e+18,False,False,False,False,12,1.1,15.0,12.883748132107389,5.459668286029939,74.45002208222643,63.94635552914924,study_results/v4p2_followups_20260806/pseudo65/gp_window_ensemble_20260806/runs/window_2p25eq2p5/draw_07/attempt_01/results_single.csv,1,1,1,1,single_attempt_outside_55_75MeV,False,,,,,,,window_2p25eq2p5,7
2021,0.2,0.00500825,0.1887314375,0.2112685625,125353032.55969112,1.64,0.19178647,0.20821353,0.0164270599999999,0.0,1.0,8000,0.000125,True,3966.7518764778847,5.1379528830339635e-06,0.4232801506308503,0.1935090728192622,434.0976928241679,2243.158292232344,True,tilde_q_mu,asymptotic,default,sidak_approx,observed,7.98**2 * RBF(length_scale=0.318),0.027206141251351,0.3709928352456959,0.1004653347126938,0.3180470367227807,0.0247328556830463,63.71173070313709,1589.154425495814,380,238,142,416,36,0.04,0.3,0.000625,1.0,1e-08,1e+18,False,False,False,False,12,1.1,15.0,12.859292950178496,5.432265012998759,74.0763410863467,63.50462471377839,study_results/v4p2_followups_20260806/pseudo65/gp_window_ensemble_20260806/runs/window_2p25eq2p5/draw_07/attempt_01/results_single.csv,1,1,1,1,single_attempt_outside_55_75MeV,False,,,,,,,window_2p25eq2p5,7
2021,0.201,0.005041310875,0.18965705053125,0.21234294946875,122019355.53382406,1.64,0.192732250165,0.209267749835,0.01653549967,0.0,1.0,8000,0.000125,True,4126.520969774319,5.463603746753647e-06,0.3748011138695682,0.3191639031426697,710.4911973774904,2226.6671495599835,True,tilde_q_mu,asymptotic,default,sidak_approx,observed,7.99**2 * RBF(length_scale=0.318),0.027248956738914,0.3715766828033728,0.1006234413787278,0.318191959463613,0.0247717788535581,63.86965097632227,1585.277265645106,379,239,140,416,37,0.04,0.3,0.000625,1.0,1e-08,1e+18,False,False,False,False,12,1.1,15.0,12.844937836101678,5.405133191456678,73.70636170168197,63.11690894555536,study_results/v4p2_followups_20260806/pseudo65/gp_window_ensemble_20260806/runs/window_2p25eq2p5/draw_07/attempt_01/results_single.csv,1,1,1,1,single_attempt_outside_55_75MeV,False,,,,,,,window_2p25eq2p5,7
2021,0.202,0.0050745435,0.190582277125,0.213417722875,118808713.66471364,1.64,0.19367774866,0.21032225134,0.01664450268,0.0,1.0,8000,0.000125,True,4131.7338700489345,5.5905250667586435e-06,0.360390771048807,0.3574144748276037,785.09217337358,2197.8517879447004,True,tilde_q_mu,asymptotic,default,sidak_approx,observed,7.93**2 * RBF(length_scale=0.317),0.0272922590219629,0.3721671684813132,0.100783345656227,0.3173721258363018,0.0248111445654208,62.93424562373845,1589.7753153388212,380,241,139,416,36,0.04,0.3,0.000625,1.0,1e-08,1e+18,False,False,False,False,12,1.1,15.0,12.791514917801136,5.37826880821161,73.34002920288559,62.54200517471212,study_results/v4p2_followups_20260806/pseudo65/gp_window_ensemble_20260806/runs/window_2p25eq2p5/draw_07/attempt_01/results_single.csv,1,1,1,1,single_attempt_outside_55_75MeV,False,,,,,,,window_2p25eq2p5,7
2021,0.203,0.005107947875,0.19150711728125,0.21449288271875,115574322.00533302,1.64,0.194622965485,0.211377034515,0.0167540690299999,0.0,1.0,8000,0.000125,True,4426.638354028009,6.126840469277621e-06,0.2864273025801457,0.5638523732780587,1229.0995516029868,2181.0273001911073,True,tilde_q_mu,asymptotic,default,sidak_approx,observed,7.99**2 * RBF(length_scale=0.318),0.0273360408245852,0.3727641930625258,0.1009450206771031,0.3181043951588433,0.0248509462041683,63.786068818172794,1585.6101398637788,379,242,137,416,37,0.04,0.3,0.000625,1.0,1e-08,1e+18,False,False,False,False,12,1.1,15.0,12.800494296892644,5.351667928793269,72.97728993809002,62.27635891034681,study_results/v4p2_followups_20260806/pseudo65/gp_window_ensemble_20260806/runs/window_2p25eq2p5/draw_07/attempt_01/results_single.csv,1,1,1,1,single_attempt_outside_55_75MeV,False,,,,,,,window_2p25eq2p5,7
2021,0.204,0.005141524,0.192431571,0.2155684289999999,112452833.18684237,1.64,0.19556790064,0.21243209936,0.01686419872,0.0,1.0,8000,0.000125,True,4787.74411639382,6.7771997189350915e-06,0.2101298887983601,0.8059706410948662,1738.4729058512842,2158.7485029134264,True,tilde_q_mu,asymptotic,default,sidak_approx,observed,8.03**2 * RBF(length_scale=0.319),0.0273802950129184,0.3733676592670698,0.1011084400978236,0.3186934991512834,0.0248911772844713,64.52360651076638,1587.8892376164208,379,244,135,416,37,0.04,0.3,0.000625,1.0,1e-08,1e+18,False,False,False,False,12,1.1,15.0,12.803472311054746,5.325326695531998,72.61809130270905,61.98424808505872,study_results/v4p2_followups_20260806/pseudo65/gp_window_ensemble_20260806/runs/window_2p25eq2p5/draw_07/attempt_01/results_single.csv,1,1,1,1,single_attempt_outside_55_75MeV,False,,,,,,,window_2p25eq2p5,7
2021,0.205,0.005175271875,0.19335563828125,0.2166443617187499,109447447.25856656,1.64,0.196512554125,0.213487445875,0.01697489175,0.0,1.0,8000,0.000125,True,5030.467417790294,7.280626713951542e-06,0.1680886796834248,0.9617457014966516,2061.3985397492097,2144.6479190978016,True,tilde_q_mu,asymptotic,default,sidak_approx,observed,8.05**2 * RBF(length_scale=0.319),0.0274250145917023,0.3739774717050326,0.1012735780866781,0.3188888107786852,0.0249318314470021,64.75306073022887,1586.639095624084,378,245,133,416,38,0.04,0.3,0.000625,1.0,1e-08,1e+18,False,False,False,False,12,1.1,15.0,12.790428631629013,5.2992413256941004,72.26238171401046,61.61778907097228,study_results/v4p2_followups_20260806/pseudo65/gp_window_ensemble_20260806/runs/window_2p25eq2p5/draw_07/attempt_01/results_single.csv,1,1,1,1,single_attempt_outside_55_75MeV,False,,,,,,,window_2p25eq2p5,7
2021,0.206,0.0052091915,0.194279319125,0.217720680875,106491864.68179588,1.64,0.19745692594,0.2145430740599999,0.0170861481199999,0.0,1.0,8000,0.000125,True,5258.081162066173,7.783296151434505e-06,0.1303900583230359,1.1245491859730414,2379.596653329453,2116.071950145943,True,tilde_q_mu,asymptotic,default,sidak_approx,observed,8.07**2 * RBF(length_scale=0.319),0.0274701927009294,0.3745935368308561,0.1014404093114096,0.3191930029170163,0.0249729024553904,65.13657085344539,1589.100046456866,379,247,132,416,37,0.04,0.3,0.000625,1.0,1e-08,1e+18,False,False,False,False,12,1.1,15.0,12.78157408764148,5.273408109671041,71.91011058642329,61.274960407390736,study_results/v4p2_followups_20260806/pseudo65/gp_window_ensemble_20260806/runs/window_2p25eq2p5/draw_07/attempt_01/results_single.csv,1,1,1,1,single_attempt_outside_55_75MeV,False,,,,,,,window_2p25eq2p5,7
2021,0.207,0.005243282875,0.1952026135312499,0.21879738646875,103594993.30477582,1.64,0.198401016085,0.215598983915,0.0171979678299999,0.0,1.0,8000,0.000125,True,5376.337354499663,8.141366802082103e-06,0.1140396286230107,1.2053213847749955,2535.6975693972595,2104.7602721060575,True,tilde_q_mu,asymptotic,default,sidak_approx,observed,8.05**2 * RBF(length_scale=0.319),0.0275158226125923,0.375215762898986,0.1016089089272047,0.3189408081603399,0.0250143841932657,64.8047875809233,1584.9013729465871,378,248,130,416,38,0.04,0.3,0.000625,1.0,1e-08,1e+18,False,False,False,False,12,1.1,15.0,12.750296217414128,5.247823409220947,71.56122830755837,60.82845724022468,study_results/v4p2_followups_20260806/pseudo65/gp_window_ensemble_20260806/runs/window_2p25eq2p5/draw_07/attempt_01/results_single.csv,1,1,1,1,single_attempt_outside_55_75MeV,False,,,,,,,window_2p25eq2p5,7
2021,0.208,0.005277546,0.1961255214999999,0.2198744785,100755569.91566654,1.64,0.19934482456,0.21665517544,0.0173103508799999,0.0,1.0,8000,0.000125,True,5456.4201943329235,8.454644103220772e-06,0.1013170696091535,1.2740826142851722,2657.4725836231187,2086.121049820787,True,tilde_q_mu,asymptotic,default,sidak_approx,observed,8.1**2 * RBF(length_scale=0.319),0.0275618977275242,0.3758440599207857,0.1017790525650254,0.3194939850688738,0.0250562706613857,65.53131839643545,1585.5903436401106,378,250,128,416,38,0.04,0.3,0.000625,1.0,1e-08,1e+18,False,False,False,False,12,1.1,15.0,12.75105898186384,5.222483655760516,71.21568621491612,60.53836102402021,study_results/v4p2_followups_20260806/pseudo65/gp_window_ensemble_20260806/runs/window_2p25eq2p5/draw_07/attempt_01/results_single.csv,1,1,1,1,single_attempt_outside_55_75MeV,False,,,,,,,window_2p25eq2p5,7
2021,0.209,0.005311980875,0.1970480430312499,0.22095195696875,97975291.24730824,1.64,0.200288351365,0.2177116486349999,0.0174232972699999,0.0,1.0,8000,0.000125,True,5492.523543576481,8.710217504038353e-06,0.0952568132667889,1.3090611832867756,2716.2521477727637,2075.150159899008,True,tilde_q_mu,asymptotic,default,sidak_approx,observed,8.09**2 * RBF(length_scale=0.319),0.0276084115723308,0.3764783396226934,0.101950816320278,0.3194678801164607,0.0250985559748462,65.49113058854773,1581.8097933085476,377,251,126,416,39,0.04,0.3,0.000625,1.0,1e-08,1e+18,False,False,False,False,12,1.1,15.0,12.728536272629848,5.197385348705882,70.87343657326201,60.14100721257976,study_results/v4p2_followups_20260806/pseudo65/gp_window_ensemble_20260806/runs/window_2p25eq2p5/draw_07/attempt_01/results_single.csv,1,1,1,1,single_attempt_outside_55_75MeV,False,,,,,,,window_2p25eq2p5,7
2021,0.21,0.0053465875,0.197970178125,0.2220298218749999,95309478.67396852,1.64,0.2012315965,0.2187684034999999,0.0175368069999999,0.0,1.0,8000,0.000125,True,5203.1813686221485,8.4417696565782e-06,0.1181459586933051,1.184306094019676,2429.716165915418,2051.4697582418084,True,tilde_q_mu,asymptotic,default,sidak_approx,observed,8.05**2 * RBF(length_scale=0.319),0.0276553577964078,0.3771185154055612,0.1021241767418025,0.3190087386356075,0.0251412343603707,64.86115748949204,1586.7192470953653,378,253,125,416,38,0.04,0.3,0.000625,1.0,1e-08,1e+18,False,False,False,False,12,1.1,15.0,12.688666517442355,5.172525053860584,70.53443255264432,59.665859510502266,study_results/v4p2_followups_20260806/pseudo65/gp_window_ensemble_20260806/runs/window_2p25eq2p5/draw_07/attempt_01/results_single.csv,1,1,1,1,single_attempt_outside_55_75MeV,False,,,,,,,window_2p25eq2p5,7
2021,0.211,0.005381365875,0.19889192678125,0.2231080732187499,92716703.49811862,1.64,0.202174559965,0.2198254400349999,0.0176508800699999,0.0,1.0,8000,0.000125,True,4819.442072527067,7.999746946281996e-06,0.1642544962649054,0.97712152502348,1996.4317846516085,2043.317534756732,True,tilde_q_mu,asymptotic,default,sidak_approx,observed,8**2 * RBF(length_scale=0.318),0.0277027301690448,0.3777645023051568,0.1022991108211761,0.3183065399841505,0.0251843001536771,63.98070377224897,1580.6144942769045,377,254,123,416,39,0.04,0.3,0.000625,1.0,1e-08,1e+18,False,False,False,False,12,1.1,15.0,12.639086178365574,5.147899401849318,70.19862820703615,59.14976743411829,study_results/v4p2_followups_20260806/pseudo65/gp_window_ensemble_20260806/runs/window_2p25eq2p5/draw_07/attempt_01/results_single.csv,1,1,1,1,single_attempt_outside_55_75MeV,False,,,,,,,window_2p25eq2p5,7
2021,0.212,0.005416316,0.199813289,0.2241867109999999,90185144.73372865,1.64,0.2031172417599999,0.22088275824,0.01776551648,0.0,1.0,8000,0.000125,True,4500.018907933165,7.642991790577781e-06,0.2095911893854032,0.8078405493435689,1637.882369483474,2027.4450500356832,True,tilde_q_mu,asymptotic,default,sidak_approx,observed,8**2 * RBF(length_scale=0.318),0.0277505225766093,0.3784162169537641,0.1024755959823144,0.3183030847553658,0.0252277477969176,63.97884029520782,1580.9814859685432,377,256,121,416,39,0.04,0.3,0.000625,1.0,1e-08,1e+18,False,False,False,False,12,1.1,15.0,12.617181974296448,5.123505086595644,69.86597845357696,58.76745093073701,study_results/v4p2_followups_20260806/pseudo65/gp_window_ensemble_20260806/runs/window_2p25eq2p5/draw_07/attempt_01/results_single.csv,1,1,1,1,single_attempt_outside_55_75MeV,False,,,,,,,window_2p25eq2p5,7
2021,0.213,0.005451437875,0.20073426478125,0.2252657352187499,87692400.078589,1.64,0.204059641885,0.2219403581149999,0.0178807162299999,0.0,1.0,8000,0.000125,True,5882.6035228964465,1.0226992577203863e-05,0.0365139710187765,1.7926560255935118,3406.537254689659,1900.892677988695,True,tilde_q_mu,asymptotic,default,sidak_approx,observed,4.8**2 * RBF(length_scale=0.351),0.0277987290198092,0.3790735775428533,0.1026536100713629,0.3512132296549205,0.0252715718361902,23.081070659937595,1545.382472810694,377,257,120,416,39,0.04,0.3,0.000625,1.0,1e-08,1e+18,False,False,False,False,12,1.1,15.0,13.897561731873152,5.0993388638422745,69.53643905239464,64.42579695635264,study_results/v4p2_followups_20260806/pseudo65/gp_window_ensemble_20260806/runs/window_2p25eq2p5/draw_07/attempt_01/results_single.csv,1,1,1,1,single_attempt_outside_55_75MeV,False,,,,,,,window_2p25eq2p5,7
2021,0.214,0.0054867315,0.201654854125,0.226345145875,85297275.72952412,1.64,0.20500176034,0.2229982396599999,0.0179964793199999,0.0,1.0,8000,0.000125,True,3741.673640175908,6.656361383757758e-06,0.3617955741843462,0.3536634083605111,705.061583261372,1993.0517581087815,True,tilde_q_mu,asymptotic,default,sidak_approx,observed,8.02**2 * RBF(length_scale=0.319),0.0278473436110351,0.3797365037868427,0.1028331313468833,0.318622383871601,0.0253157669191228,64.39517488867858,1579.0763482775112,377,259,118,416,39,0.04,0.3,0.000625,1.0,1e-08,1e+18,False,False,False,False,12,1.1,15.0,12.585926584389677,5.075397549713366,69.20996658700044,58.07143722480333,study_results/v4p2_followups_20260806/pseudo65/gp_window_ensemble_20260806/runs/window_2p25eq2p5/draw_07/attempt_01/results_single.csv,1,1,1,1,single_attempt_outside_55_75MeV,False,,,,,,,window_2p25eq2p5,7
2021,0.215,0.005522196875,0.20257505703125,0.22742494296875,82936171.06195708,1.64,0.205943597125,0.224056402875,0.01811280575,0.0,1.0,8000,0.000125,True,7990.209151198966,1.455109340055409e-05,0.5,0.0,-2119.709160334707,5504.495559434555,True,tilde_q_mu,asymptotic,default,sidak_approx,observed,1**2 * RBF(length_scale=0.103),0.0278963605717713,0.380404916887791,0.1030141384702921,0.1030141384702921,0.0253603277925194,1.0,864.1622108691786,376,260,116,416,40,0.04,0.3,0.000625,1.0,1e-08,1e+18,False,False,False,False,12,1.1,15.0,4.062019202317981,5.051678019315698,68.88651844521407,18.654557380352756,study_results/v4p2_followups_20260806/pseudo65/gp_window_ensemble_20260806/runs/window_2p25eq2p5/draw_07/attempt_01/results_single.csv,1,1,1,1,single_attempt_outside_55_75MeV,False,,,,,,,window_2p25eq2p5,7
2021,0.216,0.0055578339999999,0.2034948735,0.2285051265,80666190.61149085,1.64,0.20688515224,0.22511484776,0.0182296955199999,0.0,1.0,8000,0.000125,True,2842.9162986866377,5.298326238704249e-06,0.5,0.0,-772.1066300681557,1966.8383874313413,True,tilde_q_mu,asymptotic,default,sidak_approx,observed,8.05**2 * RBF(length_scale=0.319),0.0279457742300831,0.3810787395011339,0.1031966104965824,0.3188235999791431,0.0254052493000755,64.76174020728352,1577.3891661635537,376,262,114,416,40,0.04,0.3,0.000625,1.0,1e-08,1e+18,False,False,False,False,12,1.1,15.0,12.549516685049593,5.028177205379499,68.56605280062952,57.36472157663276,study_results/v4p2_followups_20260806/pseudo65/gp_window_ensemble_20260806/runs/window_2p25eq2p5/draw_07/attempt_01/results_single.csv,1,1,1,1,single_attempt_outside_55_75MeV,False,,,,,,,window_2p25eq2p5,7
2021,0.217,0.005593642875,0.20441430353125,0.22958569646875,78431109.94118327,1.64,0.207826425685,0.226173574315,0.0183471486299999,0.0,1.0,8000,0.000125,True,2636.0149351062328,5.029440719933979e-06,0.5,0.0,-1239.0950312394582,1948.1173566666107,True,tilde_q_mu,asymptotic,default,sidak_approx,observed,8.02**2 * RBF(length_scale=0.319),0.0279955790181704,0.3817578957023249,0.1033805268652899,0.3185380824633758,0.0254505263801549,64.32401584988503,1578.868769953601,376,263,113,416,40,0.04,0.3,0.000625,1.0,1e-08,1e+18,False,False,False,False,12,1.1,15.0,12.51597227127512,5.0048920969361115,68.24852859458333,56.94644609634214,study_results/v4p2_followups_20260806/pseudo65/gp_window_ensemble_20260806/runs/window_2p25eq2p5/draw_07/attempt_01/results_single.csv,1,1,1,1,single_attempt_outside_55_75MeV,False,,,,,,,window_2p25eq2p5,7
2021,0.218,0.0056296235,0.205333347125,0.230666652875,76236851.52538474,1.64,0.20876741746,0.22723258254,0.01846516508,0.0,1.0,8000,0.000125,True,2477.262277754081,4.840279780847898e-06,0.5,0.0,-1661.1502999554812,1930.580185928944,True,tilde_q_mu,asymptotic,default,sidak_approx,observed,8.02**2 * RBF(length_scale=0.319),0.0280457694699898,0.3824423109544073,0.103565867391711,0.3185569723285327,0.0254961540636271,64.35378991991426,1579.058463790136,376,265,111,416,40,0.04,0.3,0.000625,1.0,1e-08,1e+18,False,False,False,False,12,1.1,15.0,12.494314692857404,4.981819738032192,67.93390551862079,56.58583959096602,study_results/v4p2_followups_20260806/pseudo65/gp_window_ensemble_20260806/runs/window_2p25eq2p5/draw_07/attempt_01/results_single.csv,1,1,1,1,single_attempt_outside_55_75MeV,False,,,,,,,window_2p25eq2p5,7
2021,0.219,0.005665775875,0.20625200428125,0.23174799571875,74103158.47642389,1.64,0.209708127565,0.228291872435,0.0185837448699999,0.0,1.0,8000,0.000125,True,2320.8786522121077,4.643992630384694e-06,0.5,0.0,-2194.372971030696,1918.0478060411576,True,tilde_q_mu,asymptotic,default,sidak_approx,observed,8.06**2 * RBF(length_scale=0.319),0.0280963402189413,0.3831319120764731,0.1037526122583625,0.3190053818321261,0.0255421274717648,65.02362554575807,1576.258813378501,375,266,109,416,41,0.04,0.3,0.000625,1.0,1e-08,1e+18,False,False,False,False,12,1.1,15.0,12.489381794244249,4.958957226478954,67.62214399744026,56.3039182752929,study_results/v4p2_followups_20260806/pseudo65/gp_window_ensemble_20260806/runs/window_2p25eq2p5/draw_07/attempt_01/results_single.csv,1,1,1,1,single_attempt_outside_55_75MeV,False,,,,,,,window_2p25eq2p5,7
2021,0.22,0.0057021,0.207170275,0.232829725,72056230.15568508,1.64,0.210648556,0.229351444,0.018702888,0.0,1.0,8000,0.000125,True,2279.2367034352396,4.668906042207533e-06,0.5,0.0,-2299.7616585495693,1906.182364475841,True,tilde_q_mu,asymptotic,default,sidak_approx,observed,7.99**2 * RBF(length_scale=0.318),0.0281472859956161,0.3838266272129476,0.1039407420066625,0.3181909038976526,0.0255884418141965,63.91628118478998,1574.5389699218874,374,267,107,416,42,0.04,0.3,0.000625,1.0,1e-08,1e+18,False,False,False,False,12,1.1,15.0,12.434946457783912,4.936301712635021,67.31320517229574,55.80240681462138,study_results/v4p2_followups_20260806/pseudo65/gp_window_ensemble_20260806/runs/window_2p25eq2p5/draw_07/attempt_01/results_single.csv,1,1,1,1,single_attempt_outside_55_75MeV,False,,,,,,,window_2p25eq2p5,7
2021,0.221,0.005738595875,0.20808815928125,0.23391184071875,70072537.02592257,1.64,0.211588702765,0.230411297235,0.01882259447,0.0,1.0,8000,0.000125,True,2204.2970172791197,4.622212627016704e-06,0.5,0.0,-2463.493957971766,1878.9038436998017,True,tilde_q_mu,asymptotic,default,sidak_approx,observed,8.02**2 * RBF(length_scale=0.319),0.0281986016256085,0.3845263858037528,0.1041302375288517,0.3185091024833556,0.0256350923869168,64.3262779388077,1579.9872511180267,375,269,106,416,41,0.04,0.3,0.000625,1.0,1e-08,1e+18,False,False,False,False,12,1.1,15.0,12.424730040992952,4.913850398222813,67.00705088485654,55.5029678724947,study_results/v4p2_followups_20260806/pseudo65/gp_window_ensemble_20260806/runs/window_2p25eq2p5/draw_07/attempt_01/results_single.csv,1,1,1,1,single_attempt_outside_55_75MeV,False,,,,,,,window_2p25eq2p5,7
2021,0.222,0.0057752635,0.209005657125,0.234994342875,68109664.16035153,1.64,0.21252856786,0.23147143214,0.01894286428,0.0,1.0,8000,0.000125,True,2149.6628191353648,4.61666703859195e-06,0.5,0.0,-2628.0073668829937,1863.964985650094,True,tilde_q_mu,asymptotic,default,sidak_approx,observed,8.08**2 * RBF(length_scale=0.319),0.0282502820273846,0.3852311185552448,0.1043210800601226,0.319107212436152,0.0256820745703496,65.27393893635445,1578.3412534252668,374,270,104,416,42,0.04,0.3,0.000625,1.0,1e-08,1e+18,False,False,False,False,12,1.1,15.0,12.425289536561277,4.891600535176381,66.7036436614961,55.25413904251329,study_results/v4p2_followups_20260806/pseudo65/gp_window_ensemble_20260806/runs/window_2p25eq2p5/draw_07/attempt_01/results_single.csv,1,1,1,1,single_attempt_outside_55_75MeV,False,,,,,,,window_2p25eq2p5,7
2021,0.223,0.005812102875,0.20992276853125,0.23607723146875,66214738.059975564,1.64,0.213468151285,0.232531848715,0.01906369743,0.0,1.0,8000,0.000125,True,2141.157883828805,4.708787435804158e-06,0.5,0.0,-2534.652585514888,1844.8080604815607,True,tilde_q_mu,asymptotic,default,sidak_approx,observed,8.06**2 * RBF(length_scale=0.319),0.0283023222102076,0.3859407574119222,0.1045132511709582,0.3188368345133594,0.0257293838274614,65.01715421429734,1576.9121153740468,374,272,102,416,42,0.04,0.3,0.000625,1.0,1e-08,1e+18,False,False,False,False,12,1.1,15.0,12.391934321142138,4.869549424520059,66.40294669800079,54.85739694746187,study_results/v4p2_followups_20260806/pseudo65/gp_window_ensemble_20260806/runs/window_2p25eq2p5/draw_07/attempt_01/results_single.csv,1,1,1,1,single_attempt_outside_55_75MeV,False,,,,,,,window_2p25eq2p5,7
2021,0.224,0.005849114,0.2108394935,0.2371605065,64362913.74671155,1.64,0.21440745304,0.23359254696,0.01918509392,0.0,1.0,8000,0.000125,True,2163.3326907663086,4.872586079807503e-06,0.5,0.0,-2267.4219962856505,1821.636867981368,True,tilde_q_mu,asymptotic,default,sidak_approx,observed,8.07**2 * RBF(length_scale=0.319),0.0283547172721207,0.3866552355289188,0.1047067327596833,0.3189529347525944,0.0257770157019279,65.1102139203652,1576.6130514121537,374,273,101,416,42,0.04,0.3,0.000625,1.0,1e-08,1e+18,False,False,False,False,12,1.1,15.0,12.373539995506125,4.847694415277375,66.10492384469147,54.530127939478426,study_results/v4p2_followups_20260806/pseudo65/gp_window_ensemble_20260806/runs/window_2p25eq2p5/draw_07/attempt_01/results_single.csv,1,1,1,1,single_attempt_outside_55_75MeV,False,,,,,,,window_2p25eq2p5,7
2021,0.225,0.005886296875,0.21175583203125,0.23824416796875,62544678.25081808,1.64,0.215346473125,0.234653526875,0.01930705375,0.0,1.0,8000,0.000125,True,2240.1678044822047,5.1692506677080286e-06,0.5,0.0,-1817.8798101738269,1801.7399803899652,True,tilde_q_mu,asymptotic,default,sidak_approx,observed,8.02**2 * RBF(length_scale=0.318),0.0284074623979809,0.3873744872451945,0.1049015070452041,0.3184988796616251,0.0258249658163463,64.38887766962232,1576.962091922883,374,275,99,416,42,0.04,0.3,0.000625,1.0,1e-08,1e+18,False,False,False,False,12,1.1,15.0,12.332983591406208,4.82603290340855,65.80953959193478,54.10853146302192,study_results/v4p2_followups_20260806/pseudo65/gp_window_ensemble_20260806/runs/window_2p25eq2p5/draw_07/attempt_01/results_single.csv,1,1,1,1,single_attempt_outside_55_75MeV,False,,,,,,,window_2p25eq2p5,7
2021,0.226,0.0059236515,0.212671784125,0.239328215875,60771554.15297639,1.64,0.21628521154,0.23571478846,0.01942957692,0.0,1.0,8000,0.000125,True,2283.8265521199837,5.399757517178093e-06,0.499975650495596,6.103515625e-05,-1566.639015950406,1786.0917074577774,True,tilde_q_mu,asymptotic,default,sidak_approx,observed,8.05**2 * RBF(length_scale=0.319),0.0284605528575465,0.3880984480574534,0.1050975565599455,0.3187958206048361,0.0258732298704968,64.83396431585227,1574.0190928041548,373,276,97,416,43,0.04,0.3,0.000625,1.0,1e-08,1e+18,False,False,False,False,12,1.1,15.0,12.32145434491568,4.804562330776309,65.51675905604058,53.81745036905632,study_results/v4p2_followups_20260806/pseudo65/gp_window_ensemble_20260806/runs/window_2p25eq2p5/draw_07/attempt_01/results_single.csv,1,1,1,1,single_attempt_outside_55_75MeV,False,,,,,,,window_2p25eq2p5,7
2021,0.227,0.005961177875,0.21358734978125,0.24041265021875,59077484.03982016,1.64,0.217223668285,0.236776331715,0.01955266343,0.0,1.0,8000,0.000125,True,2316.7553409686834,5.609862882038033e-06,0.5,0.0,-1345.8072305974918,1765.0701729588095,True,tilde_q_mu,asymptotic,default,sidak_approx,observed,8.09**2 * RBF(length_scale=0.319),0.0285139840036164,0.3888270545947703,0.1052948641429799,0.3191680251131681,0.0259218036396513,65.37115684367467,1575.072128847405,373,278,95,416,43,0.04,0.3,0.000625,1.0,1e-08,1e+18,False,False,False,False,12,1.1,15.0,12.312724436541597,4.783280184139193,65.22654796553445,53.54110073643257,study_results/v4p2_followups_20260806/pseudo65/gp_window_ensemble_20260806/runs/window_2p25eq2p5/draw_07/attempt_01/results_single.csv,1,1,1,1,single_attempt_outside_55_75MeV,False,,,,,,,window_2p25eq2p5,7
2021,0.228,0.005998876,0.214502529,0.241497471,57436780.43420136,1.64,0.21816184336,0.23783815664,0.01967631328,0.0,1.0,8000,0.000125,True,2381.7369323918847,5.905936568660922e-06,0.5,0.0,-1046.0479651112887,1743.359967717523,True,tilde_q_mu,asymptotic,default,sidak_approx,observed,8.09**2 * RBF(length_scale=0.319),0.0285677512702127,0.3895602445938106,0.1054934129333165,0.3191648536519352,0.0259706829729207,65.38735169571945,1575.3758027667573,373,279,94,416,43,0.04,0.3,0.000625,1.0,1e-08,1e+18,False,False,False,False,12,1.1,15.0,12.289428583172963,4.762183994170372,64.9388726477778,53.20410917844196,study_results/v4p2_followups_20260806/pseudo65/gp_window_ensemble_20260806/runs/window_2p25eq2p5/draw_07/attempt_01/results_single.csv,1,1,1,1,single_attempt_outside_55_75MeV,False,,,,,,,window_2p25eq2p5,7
2021,0.229,0.006036745875,0.21541732178125,0.24258267821875,55831675.293223605,1.64,0.219099736765,0.238900263235,0.01980052647,0.0,1.0,8000,0.000125,True,2469.976292236207,6.273307340562301e-06,0.5,0.0,-734.0488724343919,1724.456455517479,True,tilde_q_mu,asymptotic,default,sidak_approx,observed,8.09**2 * RBF(length_scale=0.319),0.0286218501708174,0.3902979568747833,0.1056931863633896,0.3192013371627855,0.0260198637916522,65.51332461579197,1575.453975768777,373,281,92,416,43,0.04,0.3,0.000625,1.0,1e-08,1e+18,False,False,False,False,12,1.1,15.0,12.267602156518311,4.741271334503118,64.6537000159516,52.87639131617172,study_results/v4p2_followups_20260806/pseudo65/gp_window_ensemble_20260806/runs/window_2p25eq2p5/draw_07/attempt_01/results_single.csv,1,1,1,1,single_attempt_outside_55_75MeV,False,,,,,,,window_2p25eq2p5,7
2021,0.23,0.0060747875,0.216331728125,0.243668271875,54262302.35414737,1.64,0.2200373485,0.2399626515,0.019925303,0.0,1.0,8000,0.000125,True,2473.381465828421,6.435539661584031e-06,0.5,0.0,-673.7972153444571,1710.425737845017,True,tilde_q_mu,asymptotic,default,sidak_approx,observed,8.17**2 * RBF(length_scale=0.32),0.0286762762966508,0.3910401313179656,0.1058941681527014,0.3199067612392715,0.0260693420878643,66.70732431408118,1573.257831053265,372,282,90,416,44,0.04,0.3,0.000625,1.0,1e-08,1e+18,False,False,False,False,12,1.1,15.0,12.27137839386412,4.720539820800449,64.37099755636976,52.6613912403144,study_results/v4p2_followups_20260806/pseudo65/gp_window_ensemble_20260806/runs/window_2p25eq2p5/draw_07/attempt_01/results_single.csv,1,1,1,1,single_attempt_outside_55_75MeV,False,,,,,,,window_2p25eq2p5,7
2021,0.231,0.006113000875,0.21724574803125,0.24475425196875,52721717.822498925,1.64,0.220974678565,0.241025321435,0.02005064287,0.0,1.0,8000,0.000125,True,2602.5605414903625,6.93935700223519e-06,0.5,0.0,-331.55227305993577,1693.4283323057657,True,tilde_q_mu,asymptotic,default,sidak_approx,observed,8.09**2 * RBF(length_scale=0.319),0.0287310253149946,0.3917867088408355,0.1060963423016291,0.3192264325598872,0.0261191139227223,65.43365661700408,1570.835850147486,372,284,88,416,44,0.04,0.3,0.000625,1.0,1e-08,1e+18,False,False,False,False,12,1.1,15.0,12.22194724922026,4.699987109848828,64.09073331612038,52.22090411689778,study_results/v4p2_followups_20260806/pseudo65/gp_window_ensemble_20260806/runs/window_2p25eq2p5/draw_07/attempt_01/results_single.csv,1,1,1,1,single_attempt_outside_55_75MeV,False,,,,,,,window_2p25eq2p5,7
2021,0.232,0.006151386,0.2181593815,0.2458406185,51251552.38699205,1.64,0.22191172696,0.24208827304,0.02017654608,0.0,1.0,8000,0.000125,True,2613.607208993379,7.137814086482397e-06,0.5,0.0,-252.5032503472295,1675.0829382142508,True,tilde_q_mu,asymptotic,default,sidak_approx,observed,8.09**2 * RBF(length_scale=0.319),0.0287860929675617,0.3925376313758422,0.1062996930854058,0.3192860335920713,0.0261691754250561,65.46707035959989,1571.6327358556227,372,285,87,416,44,0.04,0.3,0.000625,1.0,1e-08,1e+18,False,False,False,False,12,1.1,15.0,12.200844253058325,4.679610898675804,63.81287589103368,51.90473067241616,study_results/v4p2_followups_20260806/pseudo65/gp_window_ensemble_20260806/runs/window_2p25eq2p5/draw_07/attempt_01/results_single.csv,1,1,1,1,single_attempt_outside_55_75MeV,False,,,,,,,window_2p25eq2p5,7
2021,0.233,0.006189942875,0.21907262853125,0.24692737146875,49805482.399550624,1.64,0.222848493685,0.243151506315,0.02030301263,0.0,1.0,8000,0.000125,True,2627.415957715447,7.352172420707872e-06,0.499975650495596,6.103515625e-05,-180.7501330121703,1660.1684953128613,True,tilde_q_mu,asymptotic,default,sidak_approx,observed,8.07**2 * RBF(length_scale=0.319),0.0288414750689017,0.3932928418486603,0.1065042050482311,0.3190372459345826,0.0262195227899106,65.05213751504081,1572.6371440297405,372,287,85,416,44,0.04,0.3,0.000625,1.0,1e-08,1e+18,False,False,False,False,12,1.1,15.0,12.167927253708395,4.659408923689259,63.53739441394444,51.541226207936944,study_results/v4p2_followups_20260806/pseudo65/gp_window_ensemble_20260806/runs/window_2p25eq2p5/draw_07/attempt_01/results_single.csv,1,1,1,1,single_attempt_outside_55_75MeV,False,,,,,,,window_2p25eq2p5,7
2021,0.234,0.0062286715,0.219985489125,0.248014510875,48395595.20414742,1.64,0.22378497874,0.24421502126,0.02043004252,0.0,1.0,8000,0.000125,True,2709.861925798802,7.770436078861425e-06,0.5,0.0,-12.00985535286093,1651.511618352518,True,tilde_q_mu,asymptotic,default,sidak_approx,observed,8.01**2 * RBF(length_scale=0.318),0.0288971675048537,0.394052284157097,0.1067098629975592,0.318336996566321,0.0262701522771398,64.08044177113364,1568.8602679036812,371,288,83,416,45,0.04,0.3,0.000625,1.0,1e-08,1e+18,False,False,False,False,12,1.1,15.0,12.117820757488978,4.639378959839796,63.26425854326993,51.10832969218572,study_results/v4p2_followups_20260806/pseudo65/gp_window_ensemble_20260806/runs/window_2p25eq2p5/draw_07/attempt_01/results_single.csv,1,1,1,1,single_attempt_outside_55_75MeV,False,,,,,,,window_2p25eq2p5,7
2021,0.235,0.006267571875,0.22089796328125,0.2491020367187499,47012739.219878465,1.64,0.2247211821249999,0.245278817875,0.02055763575,0.0,1.0,8000,0.000125,True,2636.813177352796,7.750252714118783e-06,0.5,0.0,-112.45054119981668,1643.0934957316665,True,tilde_q_mu,asymptotic,default,sidak_approx,observed,8.02**2 * RBF(length_scale=0.319),0.0289531662310341,0.394815903150465,0.1069166519985136,0.3185624680347955,0.026321060210031,64.37247441896847,1566.091761392904,370,289,81,416,46,0.04,0.3,0.000625,1.0,1e-08,1e+18,False,False,False,False,12,1.1,15.0,12.102949709958525,4.619518819803578,62.993438451866965,50.827094509354225,study_results/v4p2_followups_20260806/pseudo65/gp_window_ensemble_20260806/runs/window_2p25eq2p5/draw_07/attempt_01/results_single.csv,1,1,1,1,single_attempt_outside_55_75MeV,False,,,,,,,window_2p25eq2p5,7
2021,0.236,0.006306644,0.2218100509999999,0.2501899489999999,45679826.44124699,1.64,0.2256571038399999,0.24634289616,0.02068579232,0.0,1.0,8000,0.000125,True,2638.4812721011285,7.947627244063288e-06,0.4999655646006563,8.631674575031098e-05,-58.145540623819464,1625.0395675114137,True,tilde_q_mu,asymptotic,default,sidak_approx,observed,7.99**2 * RBF(length_scale=0.318),0.0290094672713634,0.3955836446095018,0.1071245573684485,0.3181791290413194,0.0263722429739667,63.865002870818714,1570.4811772490048,371,291,80,416,45,0.04,0.3,0.000625,1.0,1e-08,1e+18,False,False,False,False,12,1.1,15.0,12.064924828555853,4.599826353186174,62.7249048161751,50.45141743236489,study_results/v4p2_followups_20260806/pseudo65/gp_window_ensemble_20260806/runs/window_2p25eq2p5/draw_07/attempt_01/results_single.csv,1,1,1,1,single_attempt_outside_55_75MeV,False,,,,,,,window_2p25eq2p5,7
2021,0.237,0.006345887875,0.22272175228125,0.25127824771875,44384391.87212218,1.64,0.226592743885,0.2474072561149999,0.0208145122299999,0.0,1.0,8000,0.000125,True,2730.2531176057246,8.428382057789254e-06,0.4737717837134704,0.065791821751604,106.05124733166204,1619.3573197403384,True,tilde_q_mu,asymptotic,default,sidak_approx,observed,7.96**2 * RBF(length_scale=0.318),0.0290660667166324,0.3963554552268056,0.1073335646716512,0.3176700675367132,0.0264236970151203,63.282445937721135,1568.8039708337228,370,292,78,416,46,0.04,0.3,0.000625,1.0,1e-08,1e+18,False,False,False,False,12,1.1,15.0,12.022165836784064,4.580299445746575,62.458628805635115,50.05919956263224,study_results/v4p2_followups_20260806/pseudo65/gp_window_ensemble_20260806/runs/window_2p25eq2p5/draw_07/attempt_01/results_single.csv,1,1,1,1,single_attempt_outside_55_75MeV,False,,,,,,,window_2p25eq2p5,7
2021,0.238,0.0063853035,0.223633067125,0.252366932875,43150069.97440755,1.64,0.2275281022599999,0.24847189774,0.02094379548,0.0,1.0,8000,0.000125,True,2755.390088433902,8.712535336271298e-06,0.4577529771630486,0.1060962904512188,169.94180585723808,1610.161140186172,True,tilde_q_mu,asymptotic,default,sidak_approx,observed,7.95**2 * RBF(length_scale=0.318),0.0291229607231004,0.3971312825877338,0.1075436597141695,0.317617948728989,0.0264754188391822,63.239852616370946,1569.7722478602773,370,294,76,416,46,0.04,0.3,0.000625,1.0,1e-08,1e+18,False,False,False,False,12,1.1,15.0,11.996711011760496,4.560936018640379,62.1945820723688,49.74202850796192,study_results/v4p2_followups_20260806/pseudo65/gp_window_ensemble_20260806/runs/window_2p25eq2p5/draw_07/attempt_01/results_single.csv,1,1,1,1,single_attempt_outside_55_75MeV,False,,,,,,,window_2p25eq2p5,7
2021,0.239,0.006424890875,0.2245439955312499,0.25345600446875,41910564.95451811,1.64,0.2284631789649999,0.249536821035,0.02107364207,0.0,1.0,8000,0.000125,True,2707.449840899548,8.77725923631942e-06,0.3812859504832657,0.3021051574365286,441.1948697635965,1471.317823942195,True,tilde_q_mu,asymptotic,default,sidak_approx,observed,4.56**2 * RBF(length_scale=0.385),0.0291801455111333,0.3979110751518178,0.1077548285387784,0.3848640754524514,0.0265274050101211,20.78432856046534,1466.1860004440673,369,295,74,416,47,0.04,0.3,0.000625,1.0,1e-08,1e+18,False,False,False,False,12,1.1,15.0,14.508169016366717,4.541734027682346,61.9327367411229,59.90204081909039,study_results/v4p2_followups_20260806/pseudo65/gp_window_ensemble_20260806/runs/window_2p25eq2p5/draw_07/attempt_01/results_single.csv,1,1,1,1,single_attempt_outside_55_75MeV,False,,,,,,,window_2p25eq2p5,7
2021,0.24,0.00646465,0.2254545375,0.2545454625,40722504.22475857,1.64,0.229397974,0.250602026,0.0212040519999999,0.0,1.0,8000,0.000125,True,2699.5008381315392,8.969281818897744e-06,0.4672707451038669,0.0821323226236288,130.07457665148698,1592.169709732038,True,tilde_q_mu,asymptotic,default,sidak_approx,observed,7.95**2 * RBF(length_scale=0.318),0.0292376173638717,0.3986947822346143,0.1079670574200659,0.3176517414881362,0.0265796521489742,63.21654726545121,1570.7759302657369,370,297,73,416,46,0.04,0.3,0.000625,1.0,1e-08,1e+18,False,False,False,False,12,1.1,15.0,11.950936743180607,4.522691462627012,61.673065399459254,49.136726889798545,study_results/v4p2_followups_20260806/pseudo65/gp_window_ensemble_20260806/runs/window_2p25eq2p5/draw_07/attempt_01/results_single.csv,1,1,1,1,single_attempt_outside_55_75MeV,False,,,,,,,window_2p25eq2p5,7
2021,0.241,0.006504580875,0.2263646930312499,0.25563530696875,39555789.66735767,1.64,0.230332487365,0.251667512635,0.0213350252699999,0.0,1.0,8000,0.000125,True,2772.1287024562153,9.442917819317666e-06,0.4377334962544614,0.1567181369278878,248.7158552098764,1589.4068556270934,True,tilde_q_mu,asymptotic,default,sidak_approx,observed,7.97**2 * RBF(length_scale=0.318),0.0292953726259335,0.3994823539900027,0.1081803328596386,0.3178738471288496,0.0266321569326668,63.53993033238867,1567.7203271549315,369,298,71,416,47,0.04,0.3,0.000625,1.0,1e-08,1e+18,False,False,False,False,12,1.1,15.0,11.93571545603756,4.503806346467102,61.41554108818776,48.8692282004795,study_results/v4p2_followups_20260806/pseudo65/gp_window_ensemble_20260806/runs/window_2p25eq2p5/draw_07/attempt_01/results_single.csv,1,1,1,1,single_attempt_outside_55_75MeV,False,,,,,,,window_2p25eq2p5,7
2021,0.242,0.0065446835,0.227274462125,0.256725537875,38433549.77614895,1.64,0.23126671906,0.2527332809399999,0.0214665618799999,0.0,1.0,8000,0.000125,True,2901.3624608668306,1.012968744743392e-05,0.3863571778220353,0.2888262337314965,457.5569435656332,1582.704154831786,True,tilde_q_mu,asymptotic,default,sidak_approx,observed,7.95**2 * RBF(length_scale=0.318),0.0293534077021493,0.4002737413929458,0.1083946415814538,0.3175592545846522,0.026684916092863,63.22024200590119,1569.258109954506,369,300,69,416,47,0.04,0.3,0.000625,1.0,1e-08,1e+18,False,False,False,False,12,1.1,15.0,11.900328016005425,4.4850767347495655,61.16013729203953,48.52171301861307,study_results/v4p2_followups_20260806/pseudo65/gp_window_ensemble_20260806/runs/window_2p25eq2p5/draw_07/attempt_01/results_single.csv,1,1,1,1,single_attempt_outside_55_75MeV,False,,,,,,,window_2p25eq2p5,7
2021,0.243,0.006584957875,0.22818384478125,0.25781615521875,37332878.58161166,1.64,0.232200669085,0.253799330915,0.02159866183,0.0,1.0,8000,0.000125,True,2949.448864058172,1.0557547440775904e-05,0.3682048371752091,0.3366116479533874,532.7770296210596,1580.581597790597,True,tilde_q_mu,asymptotic,default,sidak_approx,observed,7.97**2 * RBF(length_scale=0.318),0.0294117190563266,0.4010688962226361,0.108609970527255,0.3177389040433627,0.0267379264148424,63.44306041085691,1565.578189958308,368,301,67,416,48,0.04,0.3,0.000625,1.0,1e-08,1e+18,False,False,False,False,12,1.1,15.0,11.883453455350365,4.466500714908013,60.90682793056381,48.2522303217259,study_results/v4p2_followups_20260806/pseudo65/gp_window_ensemble_20260806/runs/window_2p25eq2p5/draw_07/attempt_01/results_single.csv,1,1,1,1,single_attempt_outside_55_75MeV,False,,,,,,,window_2p25eq2p5,7
2021,0.244,0.006625404,0.229092841,0.258907159,36240747.78783116,1.64,0.23313433744,0.25486566256,0.0217313251199999,0.0,1.0,8000,0.000125,True,3086.7359127722575,1.1335284380713067e-05,0.3136470373126534,0.4855389722517021,759.1364713960348,1565.5840731144335,True,tilde_q_mu,asymptotic,default,sidak_approx,observed,8.01**2 * RBF(length_scale=0.318),0.029470303210048,0.4018677710461094,0.1088263068521347,0.3182337324133221,0.0267911847364072,64.22547674515346,1570.6697063097026,369,303,66,416,47,0.04,0.3,0.000625,1.0,1e-08,1e+18,False,False,False,False,12,1.1,15.0,11.87830010297624,4.448076405612099,60.65558734925589,48.03235129711669,study_results/v4p2_followups_20260806/pseudo65/gp_window_ensemble_20260806/runs/window_2p25eq2p5/draw_07/attempt_01/results_single.csv,1,1,1,1,single_attempt_outside_55_75MeV,False,,,,,,,window_2p25eq2p5,7
2021,0.245,0.006666021875,0.23000145078125,0.25999854921875,35231160.94273463,1.64,0.234067724125,0.255932275875,0.02186455175,0.0,1.0,8000,0.000125,True,3276.2305049585125,1.232540881426997e-05,0.2572225899215766,0.6519317839451179,1017.5333510751929,1562.654627379623,True,tilde_q_mu,asymptotic,default,sidak_approx,observed,8.04**2 * RBF(length_scale=0.318),0.0295291567414944,0.4026703192021974,0.1090436379201891,0.318364428437487,0.0268446879468131,64.5650987709653,1570.0266618463083,368,304,64,416,48,0.04,0.3,0.000625,1.0,1e-08,1e+18,False,False,False,False,12,1.1,15.0,11.859494476831172,4.429801956132116,60.40639031089249,47.7592834838225,study_results/v4p2_followups_20260806/pseudo65/gp_window_ensemble_20260806/runs/window_2p25eq2p5/draw_07/attempt_01/results_single.csv,1,1,1,1,single_attempt_outside_55_75MeV,False,,,,,,,window_2p25eq2p5,7
2021,0.246,0.0067068115,0.230909674125,0.261090325875,34231611.46534635,1.64,0.23500082914,0.25699917086,0.02199834172,0.0,1.0,8000,0.000125,True,3428.676692354694,1.3221599751963688e-05,0.2167807807871293,0.7831116311339489,1219.7728127565167,1558.806479616897,True,tilde_q_mu,asymptotic,default,sidak_approx,observed,8.05**2 * RBF(length_scale=0.319),0.0295882762843003,0.4034764947859137,0.1092619513002888,0.3185081259046226,0.0268984329857275,64.83622495548471,1566.5598847912229,367,305,62,416,49,0.04,0.3,0.000625,1.0,1e-08,1e+18,False,False,False,False,12,1.1,15.0,11.841140562858229,4.411675545719503,60.159211987084134,47.49024568598992,study_results/v4p2_followups_20260806/pseudo65/gp_window_ensemble_20260806/runs/window_2p25eq2p5/draw_07/attempt_01/results_single.csv,1,1,1,1,single_attempt_outside_55_75MeV,False,,,,,,,window_2p25eq2p5,7
2021,0.247,0.006747772875,0.23181751103125,0.26218248896875,33240766.184267055,1.64,0.235933652485,0.258066347515,0.02213269503,0.0,1.0,8000,0.000125,True,3658.284781281456,1.44686980592442e-05,0.1600713724888219,0.9941645883546184,1530.7996693563855,1541.7979849692078,True,tilde_q_mu,asymptotic,default,sidak_approx,observed,8.07**2 * RBF(length_scale=0.318),0.0296476585264336,0.4042862526331858,0.1094812347619452,0.3184784914167601,0.0269524168422123,65.118840344351,1571.2259348352654,368,307,61,416,48,0.04,0.3,0.000625,1.0,1e-08,1e+18,False,False,False,False,12,1.1,15.0,11.816324052912572,4.393695383001999,59.91402795002726,47.19757130485222,study_results/v4p2_followups_20260806/pseudo65/gp_window_ensemble_20260806/runs/window_2p25eq2p5/draw_07/attempt_01/results_single.csv,1,1,1,1,single_attempt_outside_55_75MeV,False,,,,,,,window_2p25eq2p5,7
2021,0.248,0.006788906,0.2327249615,0.2632750385,32306957.309929177,1.64,0.23686619416,0.25913380584,0.02226761168,0.0,1.0,8000,0.000125,True,3804.5514261113367,1.541968998498822e-05,0.1321328944616792,1.116365326944896,1713.027772653983,1535.9257721193678,True,tilde_q_mu,asymptotic,default,sidak_approx,observed,8.1**2 * RBF(length_scale=0.319),0.0297073002091074,0.4050995483060104,0.1097014762712903,0.318739907702236,0.027006636553734,65.57842975634398,1567.583749549903,367,308,59,416,49,0.04,0.3,0.000625,1.0,1e-08,1e+18,False,False,False,False,12,1.1,15.0,11.802280786356048,4.375859705393982,59.67081416446339,46.95011356796456,study_results/v4p2_followups_20260806/pseudo65/gp_window_ensemble_20260806/runs/window_2p25eq2p5/draw_07/attempt_01/results_single.csv,1,1,1,1,single_attempt_outside_55_75MeV,False,,,,,,,window_2p25eq2p5,7
2021,0.249,0.006830210875,0.23363202553125,0.26436797446875,31367919.80580777,1.64,0.237798454165,0.260201545835,0.0224030916699999,0.0,1.0,8000,0.000125,True,3877.871673766757,1.6122347931967104e-05,0.1164400031938103,1.1929728495434344,1817.6394668607677,1524.4398128593773,True,tilde_q_mu,asymptotic,default,sidak_approx,observed,8.1**2 * RBF(length_scale=0.319),0.029767198125712,0.4059163380778918,0.1099226639871329,0.3188882499287576,0.0270610892051927,65.65461138743905,1566.0312753262124,367,310,57,416,49,0.04,0.3,0.000625,1.0,1e-08,1e+18,False,False,False,False,12,1.1,15.0,11.784013847734023,4.358166778520153,59.429546979820266,46.68790697165079,study_results/v4p2_followups_20260806/pseudo65/gp_window_ensemble_20260806/runs/window_2p25eq2p5/draw_07/attempt_01/results_single.csv,1,1,1,1,single_attempt_outside_55_75MeV,False,,,,,,,window_2p25eq2p5,7
2021,0.25,0.0068716875,0.234538703125,0.265461296875,30463229.35640608,1.64,0.2387304325,0.2612695675,0.022539135,0.0,1.0,8000,0.000125,True,3887.543124436668,1.65759791879549e-05,0.1124465379691481,1.213619450878647,1841.155909832507,1516.7308482682058,True,tilde_q_mu,asymptotic,default,sidak_approx,observed,8.06**2 * RBF(length_scale=0.319),0.0298273491207752,0.4067365789196631,0.1101447862571196,0.3185655106130964,0.0271157719279775,64.9164003206646,1564.7850051921512,366,311,55,416,50,0.04,0.3,0.000625,1.0,1e-08,1e+18,False,False,False,False,12,1.1,15.0,11.74834747316954,4.3406148956534025,59.19020312254639,46.359138219410646,study_results/v4p2_followups_20260806/pseudo65/gp_window_ensemble_20260806/runs/window_2p25eq2p5/draw_07/attempt_01/results_single.csv,1,1,1,1,single_attempt_outside_55_75MeV,False,,,,,,,window_2p25eq2p5,7
2021,0.05,0.0019941875,0.045513078125,0.054486921875,432274745.5035101,1.64,0.0467295325,0.0532704675,0.0065409349999999,0.0,1.0,8000,0.000125,True,21438.210718676342,3.2209099964562516e-05,0.0005495506893645,3.2638479375919296,15367.810946775156,4716.357359348642,True,tilde_q_mu,asymptotic,default,sidak_approx,observed,7.25**2 * RBF(length_scale=0.326),0.0430198208653474,0.586633920891102,0.1588612167593829,0.3255286043719496,0.0391089280594068,52.63246065259793,1683.3136321207023,402,9,393,416,14,0.04,0.3,0.000625,1.0,1e-08,1e+18,False,False,False,False,12,1.1,15.0,8.32363914136099,21.57260581833327,294.1718975227264,163.2387147005733,study_results/v4p2_followups_20260806/pseudo65/gp_window_ensemble_20260806/runs/window_2p25eq2p5/draw_08/attempt_01/results_single.csv,1,1,1,1,single_attempt_outside_55_75MeV,False,,,,,,,window_2p25eq2p5,8
2021,0.051,0.002001485875,0.04649665678125,0.0555033432187499,505722115.71658146,1.64,0.047717563165,0.0542824368349999,0.0065648736699999,0.0,1.0,8000,0.000125,True,16312.796832598477,2.053838199617523e-05,0.0214406978893514,2.024863370359807,9931.740180718298,4922.4537841085885,True,tilde_q_mu,asymptotic,default,sidak_approx,observed,7.23**2 * RBF(length_scale=0.326),0.0423437473933882,0.5774147371825666,0.1563646500091317,0.3256576182920994,0.0384943158121711,52.29400411566593,1677.2002091170457,401,10,391,416,15,0.04,0.3,0.000625,1.0,1e-08,1e+18,False,False,False,False,12,1.1,15.0,8.459888464601136,21.15615599504954,288.4930362961301,162.7079273252925,study_results/v4p2_followups_20260806/pseudo65/gp_window_ensemble_20260806/runs/window_2p25eq2p5/draw_08/attempt_01/results_single.csv,1,1,1,1,single_attempt_outside_55_75MeV,False,,,,,,,window_2p25eq2p5,8
2021,0.052,0.002008956,0.047479849,0.056520151,582496150.2912881,1.64,0.04870531216,0.0552946878399999,0.0065893756799999,0.0,1.0,8000,0.000125,True,7311.383536473032,7.838321729540206e-06,0.5,0.0,-1477.9865893648102,4939.523444676124,True,tilde_q_mu,asymptotic,default,sidak_approx,observed,7.54**2 * RBF(length_scale=0.32),0.0416967826910809,0.5685924912420126,0.1539755745145915,0.3197471593731567,0.0379061660828008,56.81525209761859,1675.1486809986848,402,12,390,416,14,0.04,0.3,0.000625,1.0,1e-08,1e+18,False,False,False,False,12,1.1,15.0,8.435228154562314,20.75544844739304,283.02884246445046,159.1608573672876,study_results/v4p2_followups_20260806/pseudo65/gp_window_ensemble_20260806/runs/window_2p25eq2p5/draw_08/attempt_01/results_single.csv,1,1,1,1,single_attempt_outside_55_75MeV,False,,,,,,,window_2p25eq2p5,8
2021,0.053,0.002016597875,0.0484626547812499,0.05753734521875,661992830.0519445,1.64,0.049692779485,0.056307220515,0.00661444103,0.0,1.0,8000,0.000125,True,5655.3684291286845,5.234216351603066e-06,0.5,0.0,-8124.087704969702,5077.783070133277,True,tilde_q_mu,asymptotic,default,sidak_approx,observed,7.54**2 * RBF(length_scale=0.319),0.0410773062694674,0.5601450854927381,0.1516880062237032,0.3190099899735454,0.0373430056995158,56.910731132683935,1671.2939987429402,402,14,388,416,14,0.04,0.3,0.000625,1.0,1e-08,1e+18,False,False,False,False,12,1.1,15.0,8.542697193163571,20.369607039017364,277.76736871387317,158.1921680709623,study_results/v4p2_followups_20260806/pseudo65/gp_window_ensemble_20260806/runs/window_2p25eq2p5/draw_08/attempt_01/results_single.csv,1,1,1,1,single_attempt_outside_55_75MeV,False,,,,,,,window_2p25eq2p5,8
2021,0.054,0.0020244115,0.049445074125,0.058554925875,743432117.467634,1.64,0.05067996514,0.05732003486,0.00664006972,0.0,1.0,8000,0.000125,True,5371.219035388604,4.344679110938837e-06,0.5,0.0,-14109.36312740027,5475.638684046491,True,tilde_q_mu,asymptotic,default,sidak_approx,observed,7.38**2 * RBF(length_scale=0.317),0.0404838157112043,0.552052032425514,0.1494963970927404,0.3171965678328408,0.0368034688283676,54.39286113290865,1665.6379365073756,401,15,386,416,15,0.04,0.3,0.000625,1.0,1e-08,1e+18,False,False,False,False,12,1.1,15.0,8.61865954299259,19.99781947059892,272.6975382354398,156.685816017564,study_results/v4p2_followups_20260806/pseudo65/gp_window_ensemble_20260806/runs/window_2p25eq2p5/draw_08/attempt_01/results_single.csv,1,1,1,1,single_attempt_outside_55_75MeV,False,,,,,,,window_2p25eq2p5,8
2021,0.055,0.002032396875,0.05042710703125,0.05957289296875,825863093.242175,1.64,0.051666869125,0.058333130875,0.0066662617499999,0.0,1.0,8000,0.000125,True,5606.882794880401,4.008396293415095e-06,0.5,0.0,-13208.932716119838,5583.631884921244,True,tilde_q_mu,asymptotic,default,sidak_approx,observed,7.48**2 * RBF(length_scale=0.318),0.0399149161083646,0.5442943105686093,0.1473955960828078,0.3179712904971245,0.0362862873712406,55.88286679153365,1670.2121761345868,402,17,385,416,14,0.04,0.3,0.000625,1.0,1e-08,1e+18,False,False,False,False,12,1.1,15.0,8.762849923002557,19.639331569216612,267.8090668529538,156.4513773901195,study_results/v4p2_followups_20260806/pseudo65/gp_window_ensemble_20260806/central_repeat/window_2p25eq2p5/draw_08/attempt_02/results_single.csv,2,2,1,2,stable_reproduced,False,attempt_02_55_75MeV,False,1670.2121744324206,1670.2121761345868,study_results/v4p2_followups_20260806/pseudo65/gp_window_ensemble_20260806/runs/window_2p25eq2p5/draw_08/attempt_01/results_single.csv|study_results/v4p2_followups_20260806/pseudo65/gp_window_ensemble_20260806/central_repeat/window_2p25eq2p5/draw_08/attempt_02/results_single.csv,1670.21217443|1670.21217613,window_2p25eq2p5,8
2021,0.056,0.002040554,0.0514087535,0.0605912465,908527012.009006,1.64,0.05265349144,0.05934650856,0.00669301712,0.0,1.0,8000,0.000125,True,6817.508934898709,4.351307414152657e-06,0.5,0.0,-7720.448897304527,5845.045530577618,True,tilde_q_mu,asymptotic,default,sidak_approx,observed,7.5**2 * RBF(length_scale=0.319),0.0393693106142212,0.5368542356484718,0.1453808142699889,0.3185942965530787,0.0357902823765647,56.23025746466032,1664.0923858953165,401,18,383,416,15,0.04,0.3,0.000625,1.0,1e-08,1e+18,False,False,False,False,12,1.1,15.0,8.901698321377086,19.293442180026243,263.0923933639942,156.13127442502315,study_results/v4p2_followups_20260806/pseudo65/gp_window_ensemble_20260806/central_repeat/window_2p25eq2p5/draw_08/attempt_02/results_single.csv,2,2,1,2,stable_reproduced,False,attempt_02_55_75MeV,False,1664.0923849816502,1664.0923858953165,study_results/v4p2_followups_20260806/pseudo65/gp_window_ensemble_20260806/runs/window_2p25eq2p5/draw_08/attempt_01/results_single.csv|study_results/v4p2_followups_20260806/pseudo65/gp_window_ensemble_20260806/central_repeat/window_2p25eq2p5/draw_08/attempt_02/results_single.csv,1664.09238498|1664.0923859,window_2p25eq2p5,8
2021,0.057,0.002048882875,0.05239001353125,0.06160998646875,990592829.177378,1.64,0.053639832085,0.060360167915,0.0067203358299999,0.0,1.0,8000,0.000125,True,10106.72526317042,5.812464945817973e-06,0.4511685671857138,0.1227095081335715,734.6652558893581,5873.534619051874,True,tilde_q_mu,asymptotic,default,sidak_approx,observed,7.82**2 * RBF(length_scale=0.321),0.0388457919743114,0.5297153451042469,0.1434475935717297,0.3206954121795852,0.0353143563402831,61.11717003115884,1661.368419738412,401,20,381,416,15,0.04,0.3,0.000625,1.0,1e-08,1e+18,False,False,False,False,12,1.1,15.0,9.08116260393985,18.959498587400432,258.53861710091496,156.5220814194102,study_results/v4p2_followups_20260806/pseudo65/gp_window_ensemble_20260806/central_repeat/window_2p25eq2p5/draw_08/attempt_02/results_single.csv,2,2,1,2,stable_reproduced,False,attempt_02_55_75MeV,False,1661.3684192132512,1661.368419738412,study_results/v4p2_followups_20260806/pseudo65/gp_window_ensemble_20260806/runs/window_2p25eq2p5/draw_08/attempt_01/results_single.csv|study_results/v4p2_followups_20260806/pseudo65/gp_window_ensemble_20260806/central_repeat/window_2p25eq2p5/draw_08/attempt_02/results_single.csv,1661.36841921|1661.36841974,window_2p25eq2p5,8
2021,0.058,0.0020573835,0.053370887125,0.062629112875,1071374530.2813374,1.64,0.05462589106,0.06137410894,0.00674821788,0.0,1.0,8000,0.000125,True,16722.304310556407,8.738698047067459e-06,0.0702128575791384,1.474207559370254,8816.231823005992,5979.15983389094,True,tilde_q_mu,asymptotic,default,sidak_approx,observed,7.84**2 * RBF(length_scale=0.318),0.0383432349203511,0.5228622943684247,0.1415917786595051,0.3179408408032194,0.0348574862912283,61.484290067757534,1659.41883616974,401,21,380,416,15,0.04,0.3,0.000625,1.0,1e-08,1e+18,False,False,False,False,12,1.1,15.0,9.121163762265535,18.63689240258374,254.13944185341464,154.536497839717,study_results/v4p2_followups_20260806/pseudo65/gp_window_ensemble_20260806/central_repeat/window_2p25eq2p5/draw_08/attempt_02/results_single.csv,2,2,1,2,stable_reproduced,False,attempt_02_55_75MeV,False,1659.4188354453934,1659.41883616974,study_results/v4p2_followups_20260806/pseudo65/gp_window_ensemble_20260806/runs/window_2p25eq2p5/draw_08/attempt_01/results_single.csv|study_results/v4p2_followups_20260806/pseudo65/gp_window_ensemble_20260806/central_repeat/window_2p25eq2p5/draw_08/attempt_02/results_single.csv,1659.41883545|1659.41883617,window_2p25eq2p5,8
2021,0.059,0.002066055875,0.0543513742812499,0.0636486257187499,1150395838.2816443,1.64,0.055611668365,0.0623883316349999,0.0067766632699999,0.0,1.0,8000,0.000125,True,17650.441764892206,8.444543712140981e-06,0.0550805875434559,1.5974691230106204,9685.703442178652,6037.295353179701,True,tilde_q_mu,asymptotic,default,sidak_approx,observed,7.96**2 * RBF(length_scale=0.319),0.0378605893261601,0.516280763538548,0.139809491685398,0.3192692267277326,0.0344187175692365,63.37496461516623,1658.3479632873525,401,23,378,416,15,0.04,0.3,0.000625,1.0,1e-08,1e+18,False,False,False,False,12,1.1,15.0,9.276034938997718,18.325055863341635,249.88712540920412,154.53078040676544,study_results/v4p2_followups_20260806/pseudo65/gp_window_ensemble_20260806/runs/window_2p25eq2p5/draw_08/attempt_01/results_single.csv,2,2,1,2,stable_reproduced,False,attempt_01_full,False,1658.3479632873525,1658.3479630706618,study_results/v4p2_followups_20260806/pseudo65/gp_window_ensemble_20260806/runs/window_2p25eq2p5/draw_08/attempt_01/results_single.csv|study_results/v4p2_followups_20260806/pseudo65/gp_window_ensemble_20260806/central_repeat/window_2p25eq2p5/draw_08/attempt_02/results_single.csv,1658.34796329|1658.34796307,window_2p25eq2p5,8
2021,0.06,0.0020749,0.055331475,0.064668525,1226773979.8732588,1.64,0.056597164,0.063402836,0.006805672,0.0,1.0,8000,0.000125,True,15082.093768826056,6.653738863676082e-06,0.1294289659572812,1.1290945932159693,6845.511232221163,6062.857971571815,True,tilde_q_mu,asymptotic,default,sidak_approx,observed,7.86**2 * RBF(length_scale=0.317),0.0373968740379758,0.5099573732451246,0.1380971094990222,0.3173868853505588,0.0339971582163416,61.81061260597492,1662.6236721812086,402,25,377,416,14,0.04,0.3,0.000625,1.0,1e-08,1e+18,False,False,False,False,12,1.1,15.0,9.33568868700321,18.023458498229218,245.77443406676204,152.96490691144575,study_results/v4p2_followups_20260806/pseudo65/gp_window_ensemble_20260806/central_repeat/window_2p25eq2p5/draw_08/attempt_02/results_single.csv,2,2,1,2,stable_reproduced,False,attempt_02_55_75MeV,False,1662.6236700884465,1662.6236721812086,study_results/v4p2_followups_20260806/pseudo65/gp_window_ensemble_20260806/runs/window_2p25eq2p5/draw_08/attempt_01/results_single.csv|study_results/v4p2_followups_20260806/pseudo65/gp_window_ensemble_20260806/central_repeat/window_2p25eq2p5/draw_08/attempt_02/results_single.csv,1662.62367009|1662.62367218,window_2p25eq2p5,8
2021,0.061,0.002083915875,0.05631118928125,0.06568881071875,1299968015.6008823,1.64,0.057582377965,0.064417622035,0.0068352440699999,0.0,1.0,8000,0.000125,True,12008.736635455323,4.917617440594651e-06,0.3475357951555442,0.3919818962354235,2469.7114050327464,6312.3708306162125,True,tilde_q_mu,asymptotic,default,sidak_approx,observed,7.68**2 * RBF(length_scale=0.317),0.0369511713028735,0.5038796086755482,0.136451243073103,0.3165169311790731,0.0335919739117032,58.98340826144661,1657.8191134541769,401,26,375,416,15,0.04,0.3,0.000625,1.0,1e-08,1e+18,False,False,False,False,12,1.1,15.0,9.42239750516122,17.731604114236877,241.7946015577755,151.88565669862902,study_results/v4p2_followups_20260806/pseudo65/gp_window_ensemble_20260806/central_repeat/window_2p25eq2p5/draw_08/attempt_02/results_single.csv,2,2,1,2,stable_reproduced,False,attempt_02_55_75MeV,False,1657.8191125615056,1657.8191134541769,study_results/v4p2_followups_20260806/pseudo65/gp_window_ensemble_20260806/runs/window_2p25eq2p5/draw_08/attempt_01/results_single.csv|study_results/v4p2_followups_20260806/pseudo65/gp_window_ensemble_20260806/central_repeat/window_2p25eq2p5/draw_08/attempt_02/results_single.csv,1657.81911256|1657.81911345,window_2p25eq2p5,8
2021,0.062,0.0020931035,0.057290517125,0.066709482875,1369460559.6986334,1.64,0.05856731026,0.06543268974,0.0068653794799999,0.0,1.0,8000,0.000125,True,9241.115618702104,3.5342975308212907e-06,0.5,0.0,-2439.077578496105,6364.423904896701,True,tilde_q_mu,asymptotic,default,sidak_approx,observed,7.97**2 * RBF(length_scale=0.32),0.0365226217287332,0.4980357508463617,0.1348687188919183,0.3200354182134168,0.0332023833897574,63.58910713783749,1655.9221979341276,401,28,373,416,15,0.04,0.3,0.000625,1.0,1e-08,1e+18,False,False,False,False,12,1.1,15.0,9.638929062910108,17.449028071824063,237.9412918885099,152.89994891003568,study_results/v4p2_followups_20260806/pseudo65/gp_window_ensemble_20260806/runs/window_2p25eq2p5/draw_08/attempt_01/results_single.csv,2,2,1,2,stable_reproduced,False,attempt_01_full,False,1655.9221979341276,1655.9221977227833,study_results/v4p2_followups_20260806/pseudo65/gp_window_ensemble_20260806/runs/window_2p25eq2p5/draw_08/attempt_01/results_single.csv|study_results/v4p2_followups_20260806/pseudo65/gp_window_ensemble_20260806/central_repeat/window_2p25eq2p5/draw_08/attempt_02/results_single.csv,1655.92219793|1655.92219772,window_2p25eq2p5,8
2021,0.063,0.002102462875,0.05826945853125,0.06773054146875,1434753248.048967,1.64,0.059551960885,0.066448039115,0.0068960782299999,0.0,1.0,8000,0.000125,True,9347.21382234349,3.3580281581872203e-06,0.5,0.0,-2393.2149857915324,6442.447715425806,True,tilde_q_mu,asymptotic,default,sidak_approx,observed,7.99**2 * RBF(length_scale=0.321),0.0361104197174945,0.4924148143294715,0.133346562087477,0.3208779823072804,0.0328276542886314,63.81500722016297,1655.989003256576,401,29,372,416,15,0.04,0.3,0.000625,1.0,1e-08,1e+18,False,False,False,False,12,1.1,15.0,9.774624147251478,17.17529481584524,234.20856567061688,152.62004676647635,study_results/v4p2_followups_20260806/pseudo65/gp_window_ensemble_20260806/central_repeat/window_2p25eq2p5/draw_08/attempt_02/results_single.csv,2,2,1,2,stable_reproduced,False,attempt_02_55_75MeV,False,1655.9890019604634,1655.989003256576,study_results/v4p2_followups_20260806/pseudo65/gp_window_ensemble_20260806/runs/window_2p25eq2p5/draw_08/attempt_01/results_single.csv|study_results/v4p2_followups_20260806/pseudo65/gp_window_ensemble_20260806/central_repeat/window_2p25eq2p5/draw_08/attempt_02/results_single.csv,1655.98900196|1655.98900326,window_2p25eq2p5,8
2021,0.064,0.002111994,0.0592480135,0.0687519865,1495711397.9347258,1.64,0.06053632984,0.06746367016,0.00692734032,0.0,1.0,8000,0.000125,True,9948.987221221569,3.3749785575304005e-06,0.5,0.0,-1284.262710068576,6483.522439729026,True,tilde_q_mu,asymptotic,default,sidak_approx,observed,8.24**2 * RBF(length_scale=0.321),0.0357138093206567,0.4870064907362281,0.1318819811349368,0.3210818100158105,0.0324670993824152,67.82817220952145,1654.062623754401,401,31,370,416,15,0.04,0.3,0.000625,1.0,1e-08,1e+18,False,False,False,False,12,1.1,15.0,9.889451664096436,16.909995634768247,230.59084956502153,152.02780406374754,study_results/v4p2_followups_20260806/pseudo65/gp_window_ensemble_20260806/central_repeat/window_2p25eq2p5/draw_08/attempt_02/results_single.csv,2,2,1,2,stable_reproduced,False,attempt_02_55_75MeV,False,1654.06262358168,1654.062623754401,study_results/v4p2_followups_20260806/pseudo65/gp_window_ensemble_20260806/runs/window_2p25eq2p5/draw_08/attempt_01/results_single.csv|study_results/v4p2_followups_20260806/pseudo65/gp_window_ensemble_20260806/central_repeat/window_2p25eq2p5/draw_08/attempt_02/results_single.csv,1654.06262358|1654.06262375,window_2p25eq2p5,8
2021,0.065,0.002121696875,0.06022618203125,0.06977381796875,1551876503.522709,1.64,0.061520417125,0.068479582875,0.0069591657499999,0.0,1.0,8000,0.000125,True,11384.473353905276,3.664901887364149e-06,0.4469306572874192,0.1334198919109352,836.7293365876425,6602.517141698827,True,tilde_q_mu,asymptotic,default,sidak_approx,observed,8.14**2 * RBF(length_scale=0.319),0.0353320804721528,0.4818010973475384,0.1304723539415717,0.3194734391798155,0.0321200731565025,66.34096964417947,1648.80608753625,400,32,368,416,16,0.04,0.3,0.000625,1.0,1e-08,1e+18,False,False,False,False,12,1.1,15.0,9.946223896290832,16.652746623927047,227.08290850809607,150.57449673616335,study_results/v4p2_followups_20260806/pseudo65/gp_window_ensemble_20260806/runs/window_2p25eq2p5/draw_08/attempt_01/results_single.csv,2,2,1,2,stable_reproduced,False,attempt_01_full,False,1648.80608753625,1648.8060871986638,study_results/v4p2_followups_20260806/pseudo65/gp_window_ensemble_20260806/runs/window_2p25eq2p5/draw_08/attempt_01/results_single.csv|study_results/v4p2_followups_20260806/pseudo65/gp_window_ensemble_20260806/central_repeat/window_2p25eq2p5/draw_08/attempt_02/results_single.csv,1648.80608754|1648.8060872,window_2p25eq2p5,8
2021,0.066,0.0021315715,0.061203964125,0.070796035875,1602402123.8736918,1.64,0.06250422274,0.06949577726,0.0069915545199999,0.0,1.0,8000,0.000125,True,13047.987169315536,4.0063417751959e-06,0.2978041363645213,0.530726567624822,3483.371691877614,6496.630044377914,True,tilde_q_mu,asymptotic,default,sidak_approx,observed,8.33**2 * RBF(length_scale=0.322),0.0349645655591176,0.4767895303516045,0.1291152151834926,0.3222466461223164,0.0317859686901069,69.427859164867,1655.801128936131,401,34,367,416,15,0.04,0.3,0.000625,1.0,1e-08,1e+18,False,False,False,False,12,1.1,15.0,10.138015589960991,16.403186831461046,223.67982042901423,151.1779671112681,study_results/v4p2_followups_20260806/pseudo65/gp_window_ensemble_20260806/runs/window_2p25eq2p5/draw_08/attempt_01/results_single.csv,3,3,2,2,resolved_reproduced_max_lml,False,attempt_01_full,False,1655.801128936131,1431.086027091011,study_results/v4p2_followups_20260806/pseudo65/gp_window_ensemble_20260806/runs/window_2p25eq2p5/draw_08/attempt_01/results_single.csv|study_results/v4p2_followups_20260806/pseudo65/gp_window_ensemble_20260806/central_repeat/window_2p25eq2p5/draw_08/attempt_02/results_single.csv|study_results/v4p2_followups_20260806/pseudo65/gp_window_ensemble_20260806/central_repairs/window_2p25eq2p5/draw_08/m066/attempt_03/results_single.csv,1655.80112894|1431.08602709|1655.80112791,window_2p25eq2p5,8
2021,0.067,0.002141617875,0.06218135978125,0.07181864021875,1648307337.4929812,1.64,0.063487746685,0.070512253315,0.00702450663,0.0,1.0,8000,0.000125,True,13075.522664592576,3.844731229044853e-06,0.3036498001383014,0.5139319048167215,3377.821404482268,6588.930303733662,True,tilde_q_mu,asymptotic,default,sidak_approx,observed,8.22**2 * RBF(length_scale=0.322),0.034610636295701,0.4719632222141046,0.1278082447614374,0.3222503163413837,0.0314642148142736,67.6127867481033,1649.806911996827,400,35,365,416,16,0.04,0.3,0.000625,1.0,1e-08,1e+18,False,False,False,False,12,1.1,15.0,10.2418038474361,16.16097656810088,220.37695320137564,150.47050181227297,study_results/v4p2_followups_20260806/pseudo65/gp_window_ensemble_20260806/central_repeat/window_2p25eq2p5/draw_08/attempt_02/results_single.csv,2,2,1,2,stable_reproduced,False,attempt_02_55_75MeV,False,1649.8069115348817,1649.806911996827,study_results/v4p2_followups_20260806/pseudo65/gp_window_ensemble_20260806/runs/window_2p25eq2p5/draw_08/attempt_01/results_single.csv|study_results/v4p2_followups_20260806/pseudo65/gp_window_ensemble_20260806/central_repeat/window_2p25eq2p5/draw_08/attempt_02/results_single.csv,1649.80691153|1649.806912,window_2p25eq2p5,8
2021,0.068,0.002151836,0.063158369,0.072841631,1688306749.3209562,1.64,0.06447098896,0.07152901104,0.00705802208,0.0,1.0,8000,0.000125,True,12427.743854264612,3.5152154324943474e-06,0.3550378478281282,0.3717544296093095,2452.6237156368184,6601.897380892339,True,tilde_q_mu,asymptotic,default,sidak_approx,observed,8.22**2 * RBF(length_scale=0.322),0.0342697008691363,0.4673141027609495,0.1265492572619316,0.3223757789246572,0.0311542735173966,67.50098776603969,1650.5399247224998,400,37,363,416,16,0.04,0.3,0.000625,1.0,1e-08,1e+18,False,False,False,False,12,1.1,15.0,10.34772256026582,15.92579586415336,217.1699436020912,149.81428832153435,study_results/v4p2_followups_20260806/pseudo65/gp_window_ensemble_20260806/runs/window_2p25eq2p5/draw_08/attempt_01/results_single.csv,2,2,1,2,stable_reproduced,False,attempt_01_full,False,1650.5399247224998,1650.539924169518,study_results/v4p2_followups_20260806/pseudo65/gp_window_ensemble_20260806/runs/window_2p25eq2p5/draw_08/attempt_01/results_single.csv|study_results/v4p2_followups_20260806/pseudo65/gp_window_ensemble_20260806/central_repeat/window_2p25eq2p5/draw_08/attempt_02/results_single.csv,1650.53992472|1650.53992417,window_2p25eq2p5,8
2021,0.069,0.002162225875,0.06413499178125,0.07386500821875,1723614892.8896687,1.64,0.065453949565,0.072546050435,0.00709210087,0.0,1.0,8000,0.000125,True,10975.2357397282,2.9967081618271483e-06,0.4775631299500705,0.0562705744097487,367.04535123587414,6535.0886159606225,True,tilde_q_mu,asymptotic,default,sidak_approx,observed,8.17**2 * RBF(length_scale=0.323),0.0339412013307978,0.4628345636017883,0.1253361923231284,0.3226748115239204,0.0308556375734525,66.77983367918551,1656.6335936740622,401,39,362,416,15,0.04,0.3,0.000625,1.0,1e-08,1e+18,False,False,False,False,12,1.1,15.0,10.457564221636504,15.697343058942815,214.05467807649293,149.23270286177683,study_results/v4p2_followups_20260806/pseudo65/gp_window_ensemble_20260806/central_repeat/window_2p25eq2p5/draw_08/attempt_02/results_single.csv,2,2,1,2,stable_reproduced,False,attempt_02_55_75MeV,False,1656.6335926331217,1656.6335936740622,study_results/v4p2_followups_20260806/pseudo65/gp_window_ensemble_20260806/runs/window_2p25eq2p5/draw_08/attempt_01/results_single.csv|study_results/v4p2_followups_20260806/pseudo65/gp_window_ensemble_20260806/central_repeat/window_2p25eq2p5/draw_08/attempt_02/results_single.csv,1656.63359263|1656.63359367,window_2p25eq2p5,8
2021,0.07,0.0021727875,0.065111228125,0.074888771875,1753623067.4769688,1.64,0.0664366285,0.0735633715,0.0071267429999999,0.0,1.0,8000,0.000125,True,9968.16511327844,2.636943687638571e-06,0.5,0.0,-1796.5084742436663,6656.010711044169,True,tilde_q_mu,asymptotic,default,sidak_approx,observed,8.07**2 * RBF(length_scale=0.321),0.0336246112080568,0.4585174255644109,0.1241671058160028,0.3209745692246765,0.0305678283709607,65.0515744806062,1650.0541408015754,400,40,360,416,16,0.04,0.3,0.000625,1.0,1e-08,1e+18,False,False,False,False,12,1.1,15.0,10.500404717320404,15.475333509630737,211.02727513132825,147.72478635148462,study_results/v4p2_followups_20260806/pseudo65/gp_window_ensemble_20260806/central_repeat/window_2p25eq2p5/draw_08/attempt_02/results_single.csv,2,2,1,2,stable_reproduced,False,attempt_02_55_75MeV,False,1650.0541404634812,1650.0541408015754,study_results/v4p2_followups_20260806/pseudo65/gp_window_ensemble_20260806/runs/window_2p25eq2p5/draw_08/attempt_01/results_single.csv|study_results/v4p2_followups_20260806/pseudo65/gp_window_ensemble_20260806/central_repeat/window_2p25eq2p5/draw_08/attempt_02/results_single.csv,1650.05414046|1650.0541408,window_2p25eq2p5,8
2021,0.071,0.002183520875,0.06608707803125,0.0759129219687499,1779002139.622841,1.64,0.0674190257649999,0.074580974235,0.00716194847,0.0,1.0,8000,0.000125,True,8753.821878083352,2.250519645085281e-06,0.5,0.0,-4493.573921790805,6551.607182649678,True,tilde_q_mu,asymptotic,default,sidak_approx,observed,8.16**2 * RBF(length_scale=0.323),0.0333194333154327,0.4543559088468107,0.1230401617614922,0.322843540792752,0.0302903939231207,66.52443488652389,1657.1243596766735,401,42,359,416,15,0.04,0.3,0.000625,1.0,1e-08,1e+18,False,False,False,False,12,1.1,15.0,10.658281355209612,15.259498407787282,208.08406919709927,147.85457033597265,study_results/v4p2_followups_20260806/pseudo65/gp_window_ensemble_20260806/central_repeat/window_2p25eq2p5/draw_08/attempt_02/results_single.csv,2,2,1,2,stable_reproduced,False,attempt_02_55_75MeV,False,1657.124359373184,1657.1243596766735,study_results/v4p2_followups_20260806/pseudo65/gp_window_ensemble_20260806/runs/window_2p25eq2p5/draw_08/attempt_01/results_single.csv|study_results/v4p2_followups_20260806/pseudo65/gp_window_ensemble_20260806/central_repeat/window_2p25eq2p5/draw_08/attempt_02/results_single.csv,1657.12435937|1657.12435968,window_2p25eq2p5,8
2021,0.072,0.002194426,0.0670625414999999,0.0769374585,1799551569.146424,1.64,0.06840114136,0.0755988586399999,0.0071977172799999,0.0,1.0,8000,0.000125,True,8179.017503389925,2.049860310166894e-06,0.5,0.0,-6871.379656805741,6627.17950922571,True,tilde_q_mu,asymptotic,default,sidak_approx,observed,8.11**2 * RBF(length_scale=0.322),0.0330251977459068,0.4503436056260024,0.1219536249129291,0.3222866802775789,0.0300229070417334,65.71503867758385,1651.219099003839,400,43,357,416,16,0.04,0.3,0.000625,1.0,1e-08,1e+18,False,False,False,False,12,1.1,15.0,10.734692674149866,15.049583693369856,205.22159581867984,146.86605074747516,study_results/v4p2_followups_20260806/pseudo65/gp_window_ensemble_20260806/central_repeat/window_2p25eq2p5/draw_08/attempt_02/results_single.csv,2,2,1,2,stable_reproduced,False,attempt_02_55_75MeV,False,1651.2190983698258,1651.219099003839,study_results/v4p2_followups_20260806/pseudo65/gp_window_ensemble_20260806/runs/window_2p25eq2p5/draw_08/attempt_01/results_single.csv|study_results/v4p2_followups_20260806/pseudo65/gp_window_ensemble_20260806/central_repeat/window_2p25eq2p5/draw_08/attempt_02/results_single.csv,1651.21909837|1651.219099,window_2p25eq2p5,8
2021,0.073,0.002205502875,0.06803761853125,0.07796238146875,1816753198.1146352,1.64,0.069382975285,0.076617024715,0.00723404943,0.0,1.0,8000,0.000125,True,8300.554446857874,2.032395530622772e-06,0.5,0.0,-6256.589790966791,6612.3880340604865,True,tilde_q_mu,asymptotic,default,sidak_approx,observed,8.06**2 * RBF(length_scale=0.321),0.0327414600253253,0.4464744548907995,0.1209058539407253,0.3206076055688548,0.0297649636593866,65.00010880384315,1651.209386267815,400,45,355,416,16,0.04,0.3,0.000625,1.0,1e-08,1e+18,False,False,False,False,12,1.1,15.0,10.77130848327942,14.845349056879057,202.43657804835075,145.36712203055043,study_results/v4p2_followups_20260806/pseudo65/gp_window_ensemble_20260806/central_repeat/window_2p25eq2p5/draw_08/attempt_02/results_single.csv,2,2,1,2,stable_reproduced,False,attempt_02_55_75MeV,False,1651.2093861636251,1651.209386267815,study_results/v4p2_followups_20260806/pseudo65/gp_window_ensemble_20260806/runs/window_2p25eq2p5/draw_08/attempt_01/results_single.csv|study_results/v4p2_followups_20260806/pseudo65/gp_window_ensemble_20260806/central_repeat/window_2p25eq2p5/draw_08/attempt_02/results_single.csv,1651.20938616|1651.20938627,window_2p25eq2p5,8
2021,0.074,0.0022167515,0.0690123091249999,0.078987690875,1829474701.9884825,1.64,0.07036452754,0.07763547246,0.0072709449199999,0.0,1.0,8000,0.000125,True,8343.549878724822,2.0013021431249632e-06,0.5,0.0,-5830.110300224947,6549.9246712729,True,tilde_q_mu,asymptotic,default,sidak_approx,observed,8.21**2 * RBF(length_scale=0.323),0.0324677994146582,0.442742719290794,0.1198952951630456,0.3232746238857352,0.0295161812860529,67.42156890854055,1653.4341519818593,400,46,354,416,16,0.04,0.3,0.000625,1.0,1e-08,1e+18,False,False,False,False,12,1.1,15.0,10.952454206482662,14.646567021453794,199.72591392891536,145.83259507695618,study_results/v4p2_followups_20260806/pseudo65/gp_window_ensemble_20260806/central_repeat/window_2p25eq2p5/draw_08/attempt_02/results_single.csv,2,2,1,2,stable_reproduced,False,attempt_02_55_75MeV,False,1653.4341516987772,1653.4341519818593,study_results/v4p2_followups_20260806/pseudo65/gp_window_ensemble_20260806/runs/window_2p25eq2p5/draw_08/attempt_01/results_single.csv|study_results/v4p2_followups_20260806/pseudo65/gp_window_ensemble_20260806/central_repeat/window_2p25eq2p5/draw_08/attempt_02/results_single.csv,1653.4341517|1653.43415198,window_2p25eq2p5,8
2021,0.075,0.002228171875,0.06998661328125,0.08001338671875,1838368958.6354597,1.64,0.071345798125,0.078654201875,0.0073084037499999,0.0,1.0,8000,0.000125,True,9195.29129171046,2.165665968133804e-06,0.5,0.0,-3106.9716037174144,6520.650065594162,True,tilde_q_mu,asymptotic,default,sidak_approx,observed,8.23**2 * RBF(length_scale=0.323),0.032203817346461,0.4391429638153776,0.1189204767720596,0.3227979204717223,0.0292761975876918,67.81477942863368,1652.7258656019949,400,48,352,416,16,0.04,0.3,0.000625,1.0,1e-08,1e+18,False,False,False,False,12,1.1,15.0,11.025951013783002,14.45302209752604,197.08666496626415,144.8711942258594,study_results/v4p2_followups_20260806/pseudo65/gp_window_ensemble_20260806/runs/window_2p25eq2p5/draw_08/attempt_01/results_single.csv,2,2,1,2,stable_reproduced,False,attempt_01_full,False,1652.7258656019949,1652.7258654798677,study_results/v4p2_followups_20260806/pseudo65/gp_window_ensemble_20260806/runs/window_2p25eq2p5/draw_08/attempt_01/results_single.csv|study_results/v4p2_followups_20260806/pseudo65/gp_window_ensemble_20260806/central_repeat/window_2p25eq2p5/draw_08/attempt_02/results_single.csv,1652.7258656|1652.72586548,window_2p25eq2p5,8
2021,0.076,0.002239764,0.070960531,0.081039469,1844398591.748667,1.64,0.0723267870399999,0.07967321296,0.00734642592,0.0,1.0,8000,0.000125,True,10363.280308477868,2.4007602570978015e-06,0.5,0.0,-397.4738768486101,6475.62689374898,True,tilde_q_mu,asymptotic,default,sidak_approx,observed,8.18**2 * RBF(length_scale=0.323),0.0319491359833398,0.4356700361364529,0.1179800035107226,0.3225364991431108,0.0290446690757635,66.95150853716771,1651.3499272939546,400,50,350,416,16,0.04,0.3,0.000625,1.0,1e-08,1e+18,False,False,False,False,12,1.1,15.0,11.10484331227079,14.264510003437811,194.51604550142468,144.00468046772374,study_results/v4p2_followups_20260806/pseudo65/gp_window_ensemble_20260806/runs/window_2p25eq2p5/draw_08/attempt_01/results_single.csv,1,1,1,1,single_attempt_outside_55_75MeV,False,,,,,,,window_2p25eq2p5,8
2021,0.077,0.002251527875,0.07193406228125,0.08206593771875,1847461207.5520144,1.64,0.073307494285,0.080692505715,0.00738501143,0.0,1.0,8000,0.000125,True,12440.768578968684,2.839887135476915e-06,0.3202567710015946,0.4669809018585804,2768.210882020691,6472.214090258387,True,tilde_q_mu,asymptotic,default,sidak_approx,observed,7.99**2 * RBF(length_scale=0.32),0.0317033968874435,0.4323190484651396,0.1170725517595489,0.3199807029746304,0.0288212698976759,63.799632405890215,1651.669619550206,400,51,349,416,16,0.04,0.3,0.000625,1.0,1e-08,1e+18,False,False,False,False,12,1.1,15.0,11.10224164690371,14.080836946086476,192.0114129011792,142.11714033281973,study_results/v4p2_followups_20260806/pseudo65/gp_window_ensemble_20260806/runs/window_2p25eq2p5/draw_08/attempt_01/results_single.csv,1,1,1,1,single_attempt_outside_55_75MeV,False,,,,,,,window_2p25eq2p5,8
2021,0.078,0.0022634635,0.072907207125,0.083092792875,1847769944.3645077,1.64,0.07428791986,0.08171208014,0.00742416028,0.0,1.0,8000,0.000125,True,13823.016960755056,3.1144421015766655e-06,0.2399266734284942,0.7065384554240997,4584.29164676533,6447.497319376449,True,tilde_q_mu,asymptotic,default,sidak_approx,observed,7.94**2 * RBF(length_scale=0.319),0.0314662597911359,0.4290853607882172,0.1161968649970184,0.3194179771111805,0.0286056907192144,63.07164626599052,1651.1446905201626,400,53,347,416,16,0.04,0.3,0.000625,1.0,1e-08,1e+18,False,False,False,False,12,1.1,15.0,11.166238922405288,13.901818956274722,189.57025849465532,141.1191199288968,study_results/v4p2_followups_20260806/pseudo65/gp_window_ensemble_20260806/runs/window_2p25eq2p5/draw_08/attempt_01/results_single.csv,1,1,1,1,single_attempt_outside_55_75MeV,False,,,,,,,window_2p25eq2p5,8
2021,0.079,0.002275570875,0.07387996553125,0.08412003446875,1845689661.7151537,1.64,0.075268063765,0.082731936235,0.0074638724699999,0.0,1.0,8000,0.000125,True,14779.3538905818,3.291467714840707e-06,0.1889876323057012,0.8816330719684703,5727.775733654016,6490.936341304344,True,tilde_q_mu,asymptotic,default,sidak_approx,observed,7.9**2 * RBF(length_scale=0.319),0.0312374014599871,0.4259645653634614,0.1153517496008941,0.3186918622182172,0.0283976376908974,62.40858957341163,1644.9829109168934,399,54,345,416,17,0.04,0.3,0.000625,1.0,1e-08,1e+18,False,False,False,False,12,1.1,15.0,11.222477928872609,13.727281273973578,187.1901991905488,140.04919192781338,study_results/v4p2_followups_20260806/pseudo65/gp_window_ensemble_20260806/runs/window_2p25eq2p5/draw_08/attempt_01/results_single.csv,1,1,1,1,single_attempt_outside_55_75MeV,False,,,,,,,window_2p25eq2p5,8
2021,0.08,0.00228785,0.0748523375,0.0851476625,1840971776.2432177,1.64,0.076247926,0.083752074,0.0075041479999999,0.0,1.0,8000,0.000125,True,14755.951158426698,3.253494026490706e-06,0.1778652180567967,0.9235312244855572,5885.10535455609,6380.379985603192,True,tilde_q_mu,asymptotic,default,sidak_approx,observed,8.05**2 * RBF(length_scale=0.321),0.0310165146400847,0.4229524723647926,0.1145360709609101,0.3205708864464889,0.0281968314909861,64.74082209809484,1649.9647278878565,400,56,344,416,16,0.04,0.3,0.000625,1.0,1e-08,1e+18,False,False,False,False,12,1.1,15.0,11.369039338656451,13.55705777917468,184.8689697160183,140.11883927988674,study_results/v4p2_followups_20260806/pseudo65/gp_window_ensemble_20260806/runs/window_2p25eq2p5/draw_08/attempt_01/results_single.csv,1,1,1,1,single_attempt_outside_55_75MeV,False,,,,,,,window_2p25eq2p5,8
2021,0.081,0.002300300875,0.07582432303125,0.08617567696875,1834117166.8439004,1.64,0.077227506565,0.084772493435,0.0075449868699999,0.0,1.0,8000,0.000125,True,15041.0681512046,3.2876570379262443e-06,0.1688282645536754,0.9588059144706192,6209.15767989666,6410.806764549639,True,tilde_q_mu,asymptotic,default,sidak_approx,observed,7.95**2 * RBF(length_scale=0.32),0.030803307082474,0.4200450965791913,0.113748749876279,0.3200448324048954,0.0280030064386127,63.21556872968696,1643.6509149879469,399,57,342,416,17,0.04,0.3,0.000625,1.0,1e-08,1e+18,False,False,False,False,12,1.1,15.0,11.428945427930636,13.390990464442623,182.6044154242176,139.13172658550388,study_results/v4p2_followups_20260806/pseudo65/gp_window_ensemble_20260806/runs/window_2p25eq2p5/draw_08/attempt_01/results_single.csv,1,1,1,1,single_attempt_outside_55_75MeV,False,,,,,,,window_2p25eq2p5,8
2021,0.082,0.0023129235,0.076795922125,0.087204077875,1825600864.265104,1.64,0.07820680546,0.08579319454,0.00758638908,0.0,1.0,8000,0.000125,True,13553.28892502061,2.939983774467363e-06,0.2427543849364048,0.6974699004320308,4441.465289574412,6357.140519492865,True,tilde_q_mu,asymptotic,default,sidak_approx,observed,8.1**2 * RBF(length_scale=0.322),0.0305975006382008,0.4172386450663756,0.1129887592139169,0.3215980377255801,0.0278159096710917,65.56640036910832,1642.883618549172,399,59,340,416,17,0.04,0.3,0.000625,1.0,1e-08,1e+18,False,False,False,False,12,1.1,15.0,11.561658113227478,13.228928945639955,180.39448562236305,139.04395788515276,study_results/v4p2_followups_20260806/pseudo65/gp_window_ensemble_20260806/runs/window_2p25eq2p5/draw_08/attempt_01/results_single.csv,1,1,1,1,single_attempt_outside_55_75MeV,False,,,,,,,window_2p25eq2p5,8
2021,0.083,0.002325717875,0.07776713478125,0.08823286521875,1815668681.2943528,1.64,0.079185822685,0.086814177315,0.00762835463,0.0,1.0,8000,0.000125,True,11048.881476836395,2.3808034439312835e-06,0.4798662299243466,0.0504893201355881,1015.379649278856,6335.340706328746,True,tilde_q_mu,asymptotic,default,sidak_approx,observed,8.03**2 * RBF(length_scale=0.319),0.030398830418065,0.4145295057008868,0.1122551208056255,0.319405465096644,0.0276353003800591,64.4256122413661,1645.8229909327958,399,60,339,416,17,0.04,0.3,0.000625,1.0,1e-08,1e+18,False,False,False,False,12,1.1,15.0,11.557879259641348,13.070730007639057,178.2372273768962,137.33629023969385,study_results/v4p2_followups_20260806/pseudo65/gp_window_ensemble_20260806/runs/window_2p25eq2p5/draw_08/attempt_01/results_single.csv,1,1,1,1,single_attempt_outside_55_75MeV,False,,,,,,,window_2p25eq2p5,8
2021,0.084,0.002338684,0.078737961,0.089262039,1803665927.1918256,1.64,0.08016455824,0.08783544176,0.00767088352,0.0,1.0,8000,0.000125,True,10123.042753225793,2.1696796011587253e-06,0.5,0.0,-308.1212153216737,6280.28010353326,True,tilde_q_mu,asymptotic,default,sidak_approx,observed,8.05**2 * RBF(length_scale=0.321),0.0302070440117673,0.4119142365241002,0.111546902564603,0.3205404548763889,0.0274609491016066,64.78833190946494,1645.8165030029888,399,62,337,416,17,0.04,0.3,0.000625,1.0,1e-08,1e+18,False,False,False,False,12,1.1,15.0,11.672592002933898,12.916257182144893,176.13077975652126,137.06018208376543,study_results/v4p2_followups_20260806/pseudo65/gp_window_ensemble_20260806/runs/window_2p25eq2p5/draw_08/attempt_01/results_single.csv,1,1,1,1,single_attempt_outside_55_75MeV,False,,,,,,,window_2p25eq2p5,8
2021,0.085,0.002351821875,0.07970840078125,0.09029159921875,1790440672.4133158,1.64,0.081143012125,0.088856987875,0.0077139757499999,0.0,1.0,8000,0.000125,True,8835.092752507651,1.8851771825943632e-06,0.5,0.0,-2611.161279320594,6175.502687933775,True,tilde_q_mu,asymptotic,default,sidak_approx,observed,8.02**2 * RBF(length_scale=0.32),0.0300219007615834,0.4093895558397742,0.1108632158033061,0.3197945998444316,0.0272926370559849,64.29225230483439,1651.4602204901714,400,64,336,416,16,0.04,0.3,0.000625,1.0,1e-08,1e+18,False,False,False,False,12,1.1,15.0,11.717248105723243,12.76538035499965,174.07336847726796,135.97738980314216,study_results/v4p2_followups_20260806/pseudo65/gp_window_ensemble_20260806/runs/window_2p25eq2p5/draw_08/attempt_01/results_single.csv,1,1,1,1,single_attempt_outside_55_75MeV,False,,,,,,,window_2p25eq2p5,8
2021,0.086,0.0023651315,0.080678454125,0.091321545875,1775696555.8627672,1.64,0.0821211843399999,0.08987881566,0.00775763132,0.0,1.0,8000,0.000125,True,8351.740168858745,1.7759457409742155e-06,0.5,0.0,-4043.750138329489,6192.781184732069,True,tilde_q_mu,asymptotic,default,sidak_approx,observed,8.01**2 * RBF(length_scale=0.32),0.0298431710861948,0.4069523329935665,0.1102032127365311,0.3195598937418411,0.0271301555329044,64.11037004823486,1645.7242809993002,399,65,334,416,17,0.04,0.3,0.000625,1.0,1e-08,1e+18,False,False,False,False,12,1.1,15.0,11.778771166802464,12.61797540060452,172.0633009173344,135.1129498473303,study_results/v4p2_followups_20260806/pseudo65/gp_window_ensemble_20260806/runs/window_2p25eq2p5/draw_08/attempt_01/results_single.csv,1,1,1,1,single_attempt_outside_55_75MeV,False,,,,,,,window_2p25eq2p5,8
2021,0.087,0.002378612875,0.0816481210312499,0.09235187896875,1760136602.064715,1.64,0.083099074885,0.0909009251149999,0.0078018502299999,0.0,1.0,8000,0.000125,True,7865.158943944623,1.6678684703287084e-06,0.5,0.0,-5423.034521595614,6158.439109764473,True,tilde_q_mu,asymptotic,default,sidak_approx,observed,7.94**2 * RBF(length_scale=0.318),0.0296706358506726,0.4045995797818991,0.1095660841549239,0.3180402752948102,0.0269733053187932,63.07062189450834,1645.0575988199687,399,67,332,416,17,0.04,0.3,0.000625,1.0,1e-08,1e+18,False,False,False,False,12,1.1,15.0,11.790927049389833,12.47392384129452,170.098961472198,133.70829639304387,study_results/v4p2_followups_20260806/pseudo65/gp_window_ensemble_20260806/runs/window_2p25eq2p5/draw_08/attempt_01/results_single.csv,1,1,1,1,single_attempt_outside_55_75MeV,False,,,,,,,window_2p25eq2p5,8
2021,0.088,0.002392266,0.0826174014999999,0.0933825985,1743632625.119082,1.64,0.0840766837599999,0.09192331624,0.00784663248,0.0,1.0,8000,0.000125,True,7827.99786740978,1.6566583815417708e-06,0.5,0.0,-5390.966771710435,6118.758288062636,True,tilde_q_mu,asymptotic,default,sidak_approx,observed,7.91**2 * RBF(length_scale=0.318),0.0295040857789749,0.4023284424405671,0.1089510572554845,0.3175998995503145,0.0268218961627044,62.58716937989296,1645.0964528533734,399,68,331,416,17,0.04,0.3,0.000625,1.0,1e-08,1e+18,False,False,False,False,12,1.1,15.0,11.841068119260465,12.33311252969984,168.17880722317963,132.7611141697096,study_results/v4p2_followups_20260806/pseudo65/gp_window_ensemble_20260806/runs/window_2p25eq2p5/draw_08/attempt_01/results_single.csv,1,1,1,1,single_attempt_outside_55_75MeV,False,,,,,,,window_2p25eq2p5,8
2021,0.089,0.002406090875,0.08358629553125,0.09441370446875,1725874782.225614,1.64,0.085054010965,0.092945989035,0.00789197807,0.0,1.0,8000,0.000125,True,8399.228599307182,1.7756609089520956e-06,0.5,0.0,-3242.230377269761,6057.737100901478,True,tilde_q_mu,asymptotic,default,sidak_approx,observed,8.1**2 * RBF(length_scale=0.32),0.0293433209056615,0.4001361941681125,0.1083573936168872,0.3202394229004917,0.0266757462778741,65.56519973655524,1644.093032508417,399,70,329,416,17,0.04,0.3,0.000625,1.0,1e-08,1e+18,False,False,False,False,12,1.1,15.0,12.004890868455664,12.1954333523091,166.3013638951241,133.0953149890865,study_results/v4p2_followups_20260806/pseudo65/gp_window_ensemble_20260806/runs/window_2p25eq2p5/draw_08/attempt_01/results_single.csv,1,1,1,1,single_attempt_outside_55_75MeV,False,,,,,,,window_2p25eq2p5,8
2021,0.09,0.0024200875,0.084554803125,0.095445196875,1707421799.183081,1.64,0.0860310565,0.0939689435,0.007937887,0.0,1.0,8000,0.000125,True,9617.820036131698,2.0324189578253026e-06,0.5,0.0,-617.1573392648604,6061.8145554105795,True,tilde_q_mu,asymptotic,default,sidak_approx,observed,8.16**2 * RBF(length_scale=0.321),0.0291881500637943,0.3980202281426503,0.1077843873084286,0.3208375547050613,0.0265346818761766,66.6002194870456,1639.2487697890706,398,71,327,416,18,0.04,0.3,0.000625,1.0,1e-08,1e+18,False,False,False,False,12,1.1,15.0,12.091253107998066,12.060782952597524,164.46522208087532,132.5727085095317,study_results/v4p2_followups_20260806/pseudo65/gp_window_ensemble_20260806/runs/window_2p25eq2p5/draw_08/attempt_01/results_single.csv,1,1,1,1,single_attempt_outside_55_75MeV,False,,,,,,,window_2p25eq2p5,8
2021,0.091,0.002434255875,0.08552292428125,0.09647707571875,1688209960.037576,1.64,0.087007820365,0.094992179635,0.0079843592699999,0.0,1.0,8000,0.000125,True,11715.009760000896,2.476251355670459e-06,0.3269636632713687,0.4483129906677598,2778.5720515099893,5975.178678389759,True,tilde_q_mu,asymptotic,default,sidak_approx,observed,8.16**2 * RBF(length_scale=0.32),0.0290383904062669,0.3959780509945498,0.1072313631224206,0.3203989032325261,0.0263985367329699,66.54293673759653,1646.0133315237829,399,73,326,416,17,0.04,0.3,0.000625,1.0,1e-08,1e+18,False,False,False,False,12,1.1,15.0,12.136994806699628,11.929062472229626,162.66903371222216,131.62088115840578,study_results/v4p2_followups_20260806/pseudo65/gp_window_ensemble_20260806/runs/window_2p25eq2p5/draw_08/attempt_01/results_single.csv,1,1,1,1,single_attempt_outside_55_75MeV,False,,,,,,,window_2p25eq2p5,8
2021,0.092,0.002448596,0.086490659,0.097509341,1668257878.789034,1.64,0.08798430256,0.0960156974399999,0.0080313948799999,0.0,1.0,8000,0.000125,True,12685.913421999652,2.6840503175494783e-06,0.2466046057569056,0.6852134915562978,4090.3985836393304,5977.979335159717,True,tilde_q_mu,asymptotic,default,sidak_approx,observed,8.1**2 * RBF(length_scale=0.321),0.0288938669580575,0.3940072767007851,0.1066976749207735,0.3208480816371867,0.0262671517800523,65.64358523236989,1642.796823993358,398,74,324,416,18,0.04,0.3,0.000625,1.0,1e-08,1e+18,False,False,False,False,12,1.1,15.0,12.214802896172523,11.800177308979343,160.9115087588092,131.0334908809729,study_results/v4p2_followups_20260806/pseudo65/gp_window_ensemble_20260806/runs/window_2p25eq2p5/draw_08/attempt_01/results_single.csv,1,1,1,1,single_attempt_outside_55_75MeV,False,,,,,,,window_2p25eq2p5,8
2021,0.093,0.002463107875,0.08745800728125,0.09854199271875,1647188801.3305027,1.64,0.088960503085,0.097039496915,0.0080789938299999,0.0,1.0,8000,0.000125,True,12568.808693449284,2.664328120240938e-06,0.2462855041825388,0.6862253597401027,4035.707055299455,5930.339605194139,True,tilde_q_mu,asymptotic,default,sidak_approx,observed,8.12**2 * RBF(length_scale=0.321),0.0287544121970801,0.3921056208692741,0.106182704087187,0.3214996910689606,0.0261403747246182,65.90262794962203,1643.5230607461144,398,76,322,416,18,0.04,0.3,0.000625,1.0,1e-08,1e+18,False,False,False,False,12,1.1,15.0,12.298970250268876,11.674036890113918,159.19141213791704,130.5260294655022,study_results/v4p2_followups_20260806/pseudo65/gp_window_ensemble_20260806/runs/window_2p25eq2p5/draw_08/attempt_01/results_single.csv,1,1,1,1,single_attempt_outside_55_75MeV,False,,,,,,,window_2p25eq2p5,8
2021,0.094,0.0024777915,0.088424969125,0.099575030875,1625450307.8031468,1.64,0.08993642194,0.09806357806,0.00812715612,0.0,1.0,8000,0.000125,True,11168.200396496431,2.373567405482965e-06,0.3487854579540926,0.3886015555253949,2282.2902013051626,5872.669431499303,True,tilde_q_mu,asymptotic,default,sidak_approx,observed,8.28**2 * RBF(length_scale=0.323),0.0286198656615447,0.3902708953847011,0.1056858580772325,0.3228056468035498,0.0260180596923134,68.47985538704776,1639.9514510286697,398,77,321,416,18,0.04,0.3,0.000625,1.0,1e-08,1e+18,False,False,False,False,12,1.1,15.0,12.406983865092643,11.550554460108833,157.50756081966588,130.27958438131284,study_results/v4p2_followups_20260806/pseudo65/gp_window_ensemble_20260806/runs/window_2p25eq2p5/draw_08/attempt_01/results_single.csv,1,1,1,1,single_attempt_outside_55_75MeV,False,,,,,,,window_2p25eq2p5,8
2021,0.095,0.002492646875,0.08939154453125,0.10060845546875,1603496027.5520115,1.64,0.090912059125,0.099087940875,0.00817588175,0.0,1.0,8000,0.000125,True,32395.725077833995,6.905833974709636e-06,0.4827923233836195,0.0431466322007845,890.5942331124863,19364.321444585086,True,tilde_q_mu,asymptotic,default,sidak_approx,observed,1**2 * RBF(length_scale=0.105),0.0284900735818755,0.3885010033892122,0.1052065690591188,0.1052065690591188,0.0259000668926141,1.0,944.951602953127,398,79,319,416,18,0.04,0.3,0.000625,1.0,1e-08,1e+18,False,False,False,False,12,1.1,15.0,4.062019202317981,11.429646881640853,155.85882111328436,42.20676828085362,study_results/v4p2_followups_20260806/pseudo65/gp_window_ensemble_20260806/runs/window_2p25eq2p5/draw_08/attempt_01/results_single.csv,1,1,1,1,single_attempt_outside_55_75MeV,False,,,,,,,window_2p25eq2p5,8
2021,0.096,0.002507674,0.0903577335,0.1016422665,1581239228.7143855,1.64,0.09188741464,0.10011258536,0.00822517072,0.0,1.0,8000,0.000125,True,8005.054305926253,1.712440108925809e-06,0.5,0.0,-3208.687790373041,5789.8976131141635,True,tilde_q_mu,asymptotic,default,sidak_approx,observed,8.18**2 * RBF(length_scale=0.321),0.0283648885354218,0.3867939345739346,0.1047442926386298,0.3212522978399815,0.0257862623049289,66.97889277500923,1640.6561440459254,398,81,317,416,18,0.04,0.3,0.000625,1.0,1e-08,1e+18,False,False,False,False,12,1.1,15.0,12.458273092900908,11.311234448904392,154.24410612142353,128.10767980207217,study_results/v4p2_followups_20260806/pseudo65/gp_window_ensemble_20260806/runs/window_2p25eq2p5/draw_08/attempt_01/results_single.csv,1,1,1,1,single_attempt_outside_55_75MeV,False,,,,,,,window_2p25eq2p5,8
2021,0.097,0.002522872875,0.09132353603125,0.10267646396875,1558363770.3660083,1.64,0.092862488485,0.101137511515,0.0082750230299999,0.0,1.0,8000,0.000125,True,7333.806803093837,1.5754651827209886e-06,0.5,0.0,-5035.486257926591,5738.814196415347,True,tilde_q_mu,asymptotic,default,sidak_approx,observed,8.21**2 * RBF(length_scale=0.322),0.02824416912233,0.3851477607590459,0.104298506662201,0.3218291006689904,0.0256765173839363,67.3954801435284,1640.6109208331682,398,82,316,416,18,0.04,0.3,0.000625,1.0,1e-08,1e+18,False,False,False,False,12,1.1,15.0,12.533985659220724,11.195240712368449,152.66237335047882,127.5645332185001,study_results/v4p2_followups_20260806/pseudo65/gp_window_ensemble_20260806/runs/window_2p25eq2p5/draw_08/attempt_01/results_single.csv,1,1,1,1,single_attempt_outside_55_75MeV,False,,,,,,,window_2p25eq2p5,8
2021,0.098,0.0025382435,0.092288952125,0.103711047875,1534811175.2125387,1.64,0.09383728066,0.10216271934,0.0083254386799999,0.0,1.0,8000,0.000125,True,7262.641201580478,1.5679545971026551e-06,0.4998622584051908,0.0003452669830012,-5009.19600251118,5686.012758792177,True,tilde_q_mu,asymptotic,default,sidak_approx,observed,8.23**2 * RBF(length_scale=0.322),0.0281277796610786,0.3835606317419815,0.1038687100926096,0.3223548390646051,0.0255707087827987,67.80237677206193,1640.9018296818049,398,84,314,416,18,0.04,0.3,0.000625,1.0,1e-08,1e+18,False,False,False,False,12,1.1,15.0,12.606410006180624,11.081592314164752,151.11262246588296,126.99917839427346,study_results/v4p2_followups_20260806/pseudo65/gp_window_ensemble_20260806/runs/window_2p25eq2p5/draw_08/attempt_01/results_single.csv,1,1,1,1,single_attempt_outside_55_75MeV,False,,,,,,,window_2p25eq2p5,8
2021,0.099,0.002553785875,0.09325398178125,0.10474601821875,1511028905.8514876,1.64,0.094811791165,0.103188208835,0.0083764176699999,0.0,1.0,8000,0.000125,True,7773.959832236353,1.6875406666730726e-06,0.4999026019832914,0.000244140625,-3348.9073503209343,5678.566604890592,True,tilde_q_mu,asymptotic,default,sidak_approx,observed,8.22**2 * RBF(length_scale=0.322),0.0280155899022987,0.3820307713949833,0.1034544219521848,0.322122957279931,0.0254687180929988,67.5502138227912,1635.482915368541,397,85,312,416,19,0.04,0.3,0.000625,1.0,1e-08,1e+18,False,False,False,False,12,1.1,15.0,12.647788400802146,10.970218833361969,149.59389318220866,126.1354604680516,study_results/v4p2_followups_20260806/pseudo65/gp_window_ensemble_20260806/runs/window_2p25eq2p5/draw_08/attempt_01/results_single.csv,1,1,1,1,single_attempt_outside_55_75MeV,False,,,,,,,window_2p25eq2p5,8
2021,0.1,0.0025695,0.094218625,0.105781375,1487397833.440122,1.64,0.09578602,0.10421398,0.00842796,0.0,1.0,8000,0.000125,True,8457.771001291392,1.8464973967808607e-06,0.5,0.0,-1368.296498919981,5591.087716034394,True,tilde_q_mu,asymptotic,default,sidak_approx,observed,8.18**2 * RBF(length_scale=0.322),0.027907474759607,0.3805564739946421,0.1030551803288439,0.3219408830866371,0.0253704315996428,66.98353967468533,1641.893981140037,398,87,311,416,18,0.04,0.3,0.000625,1.0,1e-08,1e+18,False,False,False,False,12,1.1,15.0,12.689610021895325,10.861052640438642,148.10526327870872,125.29320221312985,study_results/v4p2_followups_20260806/pseudo65/gp_window_ensemble_20260806/runs/window_2p25eq2p5/draw_08/attempt_01/results_single.csv,1,1,1,1,single_attempt_outside_55_75MeV,False,,,,,,,window_2p25eq2p5,8
2021,0.101,0.002585385875,0.09518288178125,0.10681711821875,1463545807.7925766,1.64,0.096759967165,0.105240032835,0.00848006567,0.0,1.0,8000,0.000125,True,9433.270600847707,2.0723090371711414e-06,0.468387044059534,0.079325042382201,442.44804006741646,5581.851201892224,True,tilde_q_mu,asymptotic,default,sidak_approx,observed,8.2**2 * RBF(length_scale=0.322),0.0278033140562975,0.3791361007676941,0.1026705414406892,0.3223683362649787,0.0252757400511796,67.19617845823582,1636.2228349746429,397,88,309,416,19,0.04,0.3,0.000625,1.0,1e-08,1e+18,False,False,False,False,12,1.1,15.0,12.75406123073868,10.754028760328694,146.64584673175492,124.68867389668812,study_results/v4p2_followups_20260806/pseudo65/gp_window_ensemble_20260806/runs/window_2p25eq2p5/draw_08/attempt_01/results_single.csv,1,1,1,1,single_attempt_outside_55_75MeV,False,,,,,,,window_2p25eq2p5,8
2021,0.102,0.0026014435,0.096146752125,0.1078532478749999,1439773239.9828668,1.64,0.09773363266,0.1062663673399999,0.0085327346799999,0.0,1.0,8000,0.000125,True,9909.74410617281,2.1912306448240988e-06,0.4008392124397026,0.2511755010126584,1286.1143844039689,5531.200857850931,True,tilde_q_mu,asymptotic,default,sidak_approx,observed,8.3**2 * RBF(length_scale=0.323),0.0277029922867878,0.3777680766380165,0.1023000787550902,0.3232543468825737,0.0251845384425344,68.82317551113172,1636.673804897168,397,90,307,416,19,0.04,0.3,0.000625,1.0,1e-08,1e+18,False,False,False,False,12,1.1,15.0,12.835428674627844,10.649084743446428,145.21479195608765,124.25960697688564,study_results/v4p2_followups_20260806/pseudo65/gp_window_ensemble_20260806/runs/window_2p25eq2p5/draw_08/attempt_01/results_single.csv,1,1,1,1,single_attempt_outside_55_75MeV,False,,,,,,,window_2p25eq2p5,8
2021,0.103,0.002617672875,0.0971102360312499,0.10888976396875,1415306075.6792226,1.64,0.098707016485,0.107292983515,0.00858596703,0.0,1.0,8000,0.000125,True,11114.875905596213,2.4759219190679256e-06,0.2901622573312548,0.5529107664934241,3033.5663369395925,5498.822400766812,True,tilde_q_mu,asymptotic,default,sidak_approx,observed,8.11**2 * RBF(length_scale=0.321),0.0276063983918545,0.3764508871616523,0.1019433821586847,0.3209018384094069,0.0250967258107768,65.71737222881923,1634.7522175361946,397,91,306,416,19,0.04,0.3,0.000625,1.0,1e-08,1e+18,False,False,False,False,12,1.1,15.0,12.786601759485617,10.546160544164444,143.81128014769695,122.59050451802804,study_results/v4p2_followups_20260806/pseudo65/gp_window_ensemble_20260806/runs/window_2p25eq2p5/draw_08/attempt_01/results_single.csv,1,1,1,1,single_attempt_outside_55_75MeV,False,,,,,,,window_2p25eq2p5,8
2021,0.104,0.002634074,0.0980733335,0.1099266664999999,1390650623.4117515,1.64,0.09968011864,0.10831988136,0.00863976272,0.0,1.0,8000,0.000125,True,11882.972929553003,2.668048105236874e-06,0.2260786476119658,0.7518233546454054,4110.925097434632,5465.252265199867,True,tilde_q_mu,asymptotic,default,sidak_approx,observed,7.98**2 * RBF(length_scale=0.319),0.0275134255467139,0.3751830756370089,0.1016000571748166,0.3193809864219067,0.0250122050424672,63.69011877105294,1635.0509540716855,397,93,304,416,19,0.04,0.3,0.000625,1.0,1e-08,1e+18,False,False,False,False,12,1.1,15.0,12.769005606648516,10.445198406238394,142.4345237214326,121.24981546528562,study_results/v4p2_followups_20260806/pseudo65/gp_window_ensemble_20260806/runs/window_2p25eq2p5/draw_08/attempt_01/results_single.csv,1,1,1,1,single_attempt_outside_55_75MeV,False,,,,,,,window_2p25eq2p5,8
2021,0.105,0.002650646875,0.0990360445312499,0.11096395546875,1366191403.4118524,1.64,0.100652939125,0.109347060875,0.00869412175,0.0,1.0,8000,0.000125,True,11758.589774477858,2.6617932167821143e-06,0.2351344014193684,0.7220417606238422,3983.8868327147616,5454.364267619056,True,tilde_q_mu,asymptotic,default,sidak_approx,observed,7.97**2 * RBF(length_scale=0.319),0.0274239709611162,0.3739632403788584,0.1012697242253318,0.3192580016476067,0.0249308826919238,63.54456289172432,1629.7061071911558,396,94,302,416,20,0.04,0.3,0.000625,1.0,1e-08,1e+18,False,False,False,False,12,1.1,15.0,12.805723952607064,10.346142754725216,141.08376483716202,120.4453164466152,study_results/v4p2_followups_20260806/pseudo65/gp_window_ensemble_20260806/runs/window_2p25eq2p5/draw_08/attempt_01/results_single.csv,1,1,1,1,single_attempt_outside_55_75MeV,False,,,,,,,window_2p25eq2p5,8
2021,0.106,0.0026673915,0.099998369125,0.112001630875,1341676381.151068,1.64,0.10162547794,0.11037452206,0.0087490441199999,0.0,1.0,8000,0.000125,True,11011.788438019516,2.514340791687105e-06,0.2738307323719482,0.6012680522088253,3199.505730415763,5363.015408001284,True,tilde_q_mu,asymptotic,default,sidak_approx,observed,8.14**2 * RBF(length_scale=0.321),0.0273379356906521,0.3727900321452559,0.1009520179337844,0.3213739219625408,0.0248526688096837,66.24102302005579,1632.9874195001312,397,96,301,416,19,0.04,0.3,0.000625,1.0,1e-08,1e+18,False,False,False,False,12,1.1,15.0,12.931163426493612,10.248940093965247,139.758274008617,120.48247209400674,study_results/v4p2_followups_20260806/pseudo65/gp_window_ensemble_20260806/runs/window_2p25eq2p5/draw_08/attempt_01/results_single.csv,1,1,1,1,single_attempt_outside_55_75MeV,False,,,,,,,window_2p25eq2p5,8
2021,0.107,0.002684307875,0.10096030728125,0.11303969271875,1317225676.2626095,1.64,0.102597735085,0.111402264915,0.0088045298299999,0.0,1.0,8000,0.000125,True,10523.626899510198,2.4246072478736312e-06,0.3102302380060211,0.4951978388300065,2633.077290286773,5318.92771371952,True,tilde_q_mu,asymptotic,default,sidak_approx,observed,8.12**2 * RBF(length_scale=0.321),0.0272552244585561,0.3716621517075835,0.1006465864674015,0.3210467067172266,0.0247774767805055,65.89589233612581,1633.2672750655042,397,98,299,416,19,0.04,0.3,0.000625,1.0,1e-08,1e+18,False,False,False,False,12,1.1,15.0,12.957199377533868,10.153538911238387,138.45734878961437,119.6012982367854,study_results/v4p2_followups_20260806/pseudo65/gp_window_ensemble_20260806/runs/window_2p25eq2p5/draw_08/attempt_01/results_single.csv,1,1,1,1,single_attempt_outside_55_75MeV,False,,,,,,,window_2p25eq2p5,8
2021,0.108,0.002701396,0.101921859,0.114078141,1292640439.8447058,1.64,0.10356971056,0.11243028944,0.0088605788799999,0.0,1.0,8000,0.000125,True,9661.50375587314,2.247310883524409e-06,0.4015591506286091,0.2493134847694699,1437.0815957625189,5310.138799968122,True,tilde_q_mu,asymptotic,default,sidak_approx,observed,8.09**2 * RBF(length_scale=0.321),0.0271757454873275,0.3705783475544666,0.1003530909153006,0.3205891750463491,0.0247052231702977,65.48000439129035,1629.203192711958,396,99,297,416,20,0.04,0.3,0.000625,1.0,1e-08,1e+18,False,False,False,False,12,1.1,15.0,12.976574744395846,10.059889585728104,137.18031253265593,118.6753719359728,study_results/v4p2_followups_20260806/pseudo65/gp_window_ensemble_20260806/runs/window_2p25eq2p5/draw_08/attempt_01/results_single.csv,1,1,1,1,single_attempt_outside_55_75MeV,False,,,,,,,window_2p25eq2p5,8
2021,0.109,0.002718655875,0.10288302428125,0.11511697571875,1268214292.8765628,1.64,0.104541404365,0.1134585956349999,0.0089171912699999,0.0,1.0,8000,0.000125,True,9033.469470021631,2.1220487747774783e-06,0.4575083682688397,0.1067129148616637,687.5019890786708,5225.859441958701,True,tilde_q_mu,asymptotic,default,sidak_approx,observed,8.1**2 * RBF(length_scale=0.321),0.0270994103395402,0.3695374137210039,0.1000712047006427,0.3208761460147079,0.0246358275814002,65.54545629905883,1635.304770077075,397,101,296,416,19,0.04,0.3,0.000625,1.0,1e-08,1e+18,False,False,False,False,12,1.1,15.0,13.024776413720533,9.967944302454349,135.92651321528655,118.02749622171577,study_results/v4p2_followups_20260806/pseudo65/gp_window_ensemble_20260806/runs/window_2p25eq2p5/draw_08/attempt_01/results_single.csv,1,1,1,1,single_attempt_outside_55_75MeV,False,,,,,,,window_2p25eq2p5,8
2021,0.11,0.0027360875,0.103843803125,0.116156196875,1243647528.4440663,1.64,0.1055128165,0.1144871835,0.008974367,0.0,1.0,8000,0.000125,True,8242.990928627052,1.956657210609785e-06,0.5,0.0,-577.5706049577383,5215.33282020817,True,tilde_q_mu,asymptotic,default,sidak_approx,observed,8.08**2 * RBF(length_scale=0.32),0.0270261337672677,0.3685381877354698,0.0998006130245964,0.3204172411412401,0.0245692125156979,65.25368876068858,1629.7156835371495,396,102,294,416,20,0.04,0.3,0.000625,1.0,1e-08,1e+18,False,False,False,False,12,1.1,15.0,13.041412741109063,9.87765697086361,134.69532232995832,117.10781952011403,study_results/v4p2_followups_20260806/pseudo65/gp_window_ensemble_20260806/runs/window_2p25eq2p5/draw_08/attempt_01/results_single.csv,1,1,1,1,single_attempt_outside_55_75MeV,False,,,,,,,window_2p25eq2p5,8
2021,0.111,0.002753690875,0.10480419553125,0.11719580446875,1219296431.1209323,1.64,0.106483946965,0.115516053035,0.0090321060699999,0.0,1.0,8000,0.000125,True,7676.09950043716,1.8417396427644727e-06,0.4999026019832914,0.000244140625,-1534.2211017706754,5166.928279539019,True,tilde_q_mu,asymptotic,default,sidak_approx,observed,8.06**2 * RBF(length_scale=0.32),0.0269558335695793,0.3675795486760824,0.0995410123401082,0.320115670321972,0.0245053032450721,65.03556424944604,1629.578804955616,396,104,292,416,20,0.04,0.3,0.000625,1.0,1e-08,1e+18,False,False,False,False,12,1.1,15.0,13.063118098175137,9.788983147783204,133.4861338334073,116.2496753823074,study_results/v4p2_followups_20260806/pseudo65/gp_window_ensemble_20260806/runs/window_2p25eq2p5/draw_08/attempt_01/results_single.csv,1,1,1,1,single_attempt_outside_55_75MeV,False,,,,,,,window_2p25eq2p5,8
2021,0.112,0.002771466,0.1057642015,0.1182357985,1195083180.8359652,1.64,0.10745479576,0.11654520424,0.00909040848,0.0,1.0,8000,0.000125,True,7028.0331040852125,1.7050517450222608e-06,0.4999026019832914,0.000244140625,-2997.2278245070393,5127.89599720186,True,tilde_q_mu,asymptotic,default,sidak_approx,observed,7.97**2 * RBF(length_scale=0.319),0.0268884304576102,0.3666604153310482,0.0992921098536402,0.3185569816535106,0.0244440276887365,63.53767311314931,1630.2990501174854,396,105,291,416,20,0.04,0.3,0.000625,1.0,1e-08,1e+18,False,False,False,False,12,1.1,15.0,13.032098707705892,9.70187996447014,132.29836315186554,114.94168849753548,study_results/v4p2_followups_20260806/pseudo65/gp_window_ensemble_20260806/runs/window_2p25eq2p5/draw_08/attempt_01/results_single.csv,1,1,1,1,single_attempt_outside_55_75MeV,False,,,,,,,window_2p25eq2p5,8
2021,0.113,0.002789412875,0.10672382103125,0.11927617896875,1171074447.656905,1.64,0.108425362885,0.117574637115,0.00914927423,0.0,1.0,8000,0.000125,True,6857.061430004702,1.682654742087958e-06,0.5,0.0,-3253.6305161493697,5074.387161356928,True,tilde_q_mu,asymptotic,default,sidak_approx,observed,8.04**2 * RBF(length_scale=0.319),0.0268238479267369,0.3657797444555033,0.0990536230531478,0.3194899750201665,0.0243853162970335,64.67275458499067,1630.6138585190552,396,107,289,416,20,0.04,0.3,0.000625,1.0,1e-08,1e+18,False,False,False,False,12,1.1,15.0,13.101735943405917,9.616306057502122,131.1314462386653,114.53663883306145,study_results/v4p2_followups_20260806/pseudo65/gp_window_ensemble_20260806/runs/window_2p25eq2p5/draw_08/attempt_01/results_single.csv,1,1,1,1,single_attempt_outside_55_75MeV,False,,,,,,,window_2p25eq2p5,8
2021,0.114,0.0028075315,0.107683054125,0.120316945875,1146935681.7505815,1.64,0.10939564834,0.11860435166,0.00920870332,0.0,1.0,8000,0.000125,True,6717.680057150781,1.6683813348940615e-06,0.4999026019832914,0.000244140625,-3582.9915186907906,5055.121048738095,True,tilde_q_mu,asymptotic,default,sidak_approx,observed,8.02**2 * RBF(length_scale=0.319),0.0267620121354335,0.3649365291195483,0.0988252792607253,0.3194234985908672,0.0243291019413032,64.34357000665314,1625.4499672244738,395,108,287,416,21,0.04,0.3,0.000625,1.0,1e-08,1e+18,False,False,False,False,12,1.1,15.0,13.129276179676236,9.532221503279144,129.9848386810792,113.77378974763676,study_results/v4p2_followups_20260806/pseudo65/gp_window_ensemble_20260806/runs/window_2p25eq2p5/draw_08/attempt_01/results_single.csv,1,1,1,1,single_attempt_outside_55_75MeV,False,,,,,,,window_2p25eq2p5,8
2021,0.115,0.002825821875,0.10864190078125,0.12135809921875,1123372222.1676126,1.64,0.110365652125,0.119634347875,0.00926869575,0.0,1.0,8000,0.000125,True,6608.46564050965,1.661112465080334e-06,0.5,0.0,-3537.7113358617876,4975.30277566456,True,tilde_q_mu,asymptotic,default,sidak_approx,observed,8.05**2 * RBF(length_scale=0.32),0.026702851790388,0.3641297971416546,0.0986068152083701,0.3198226083155928,0.0242753198094436,64.82059761203564,1630.5187041421543,396,110,286,416,20,0.04,0.3,0.000625,1.0,1e-08,1e+18,False,False,False,False,12,1.1,15.0,13.174805144736949,9.4495877559119,128.85801485334406,113.17861580202847,study_results/v4p2_followups_20260806/pseudo65/gp_window_ensemble_20260806/runs/window_2p25eq2p5/draw_08/attempt_01/results_single.csv,1,1,1,1,single_attempt_outside_55_75MeV,False,,,,,,,window_2p25eq2p5,8
2021,0.116,0.002844284,0.109600361,0.122399639,1099793946.70252,1.64,0.11133537424,0.12066462576,0.0093292515199999,0.0,1.0,8000,0.000125,True,6585.215327366488,1.6761797445090526e-06,0.5,0.0,-3553.954562600846,4963.404500530887,True,tilde_q_mu,asymptotic,default,sidak_approx,observed,7.98**2 * RBF(length_scale=0.319),0.0266462980375249,0.3633586096026131,0.0983979766355584,0.3187677892058267,0.0242239073068408,63.650400635461665,1624.9637888701973,395,111,284,416,21,0.04,0.3,0.000625,1.0,1e-08,1e+18,False,False,False,False,12,1.1,15.0,13.159222629447816,9.368367588301648,127.75046711320428,112.07312251724044,study_results/v4p2_followups_20260806/pseudo65/gp_window_ensemble_20260806/runs/window_2p25eq2p5/draw_08/attempt_01/results_single.csv,1,1,1,1,single_attempt_outside_55_75MeV,False,,,,,,,window_2p25eq2p5,8
2021,0.117,0.002862917875,0.11055843478125,0.12344156521875,1076409135.485572,1.64,0.112304814685,0.121695185315,0.00939037063,0.0,1.0,8000,0.000125,True,6937.3120121108805,1.7887428593998384e-06,0.5,0.0,-2299.395400333065,4906.581532979012,True,tilde_q_mu,asymptotic,default,sidak_approx,observed,8.11**2 * RBF(length_scale=0.321),0.0265922843585697,0.3626220594350426,0.0981985179072823,0.3205411334760819,0.0241748039623361,65.73780443334877,1625.871451990875,395,113,282,416,21,0.04,0.3,0.000625,1.0,1e-08,1e+18,False,False,False,False,12,1.1,15.0,13.25930642397258,9.288525036216694,126.66170503931852,111.96309061994376,study_results/v4p2_followups_20260806/pseudo65/gp_window_ensemble_20260806/runs/window_2p25eq2p5/draw_08/attempt_01/results_single.csv,1,1,1,1,single_attempt_outside_55_75MeV,False,,,,,,,window_2p25eq2p5,8
2021,0.118,0.0028817235,0.1115161221249999,0.124483877875,1053178929.4199272,1.64,0.11327397346,0.1227260265399999,0.0094520530799999,0.0,1.0,8000,0.000125,True,7454.733963052242,1.9479055832712204e-06,0.5,0.0,-951.031529696045,4858.538794028088,True,tilde_q_mu,asymptotic,default,sidak_approx,observed,8.13**2 * RBF(length_scale=0.321),0.0265407464728296,0.3619192700840412,0.0980082016513522,0.3206502913946444,0.024127951338936,66.11416717220068,1627.1106293069265,395,114,281,416,21,0.04,0.3,0.000625,1.0,1e-08,1e+18,False,False,False,False,12,1.1,15.0,13.28957800396424,9.21002534519002,125.59125470713664,111.2703184030822,study_results/v4p2_followups_20260806/pseudo65/gp_window_ensemble_20260806/runs/window_2p25eq2p5/draw_08/attempt_01/results_single.csv,1,1,1,1,single_attempt_outside_55_75MeV,False,,,,,,,window_2p25eq2p5,8
2021,0.119,0.002900700875,0.1124734230312499,0.12552657696875,1030627124.242168,1.64,0.114242850565,0.1237571494349999,0.0095142988699999,0.0,1.0,8000,0.000125,True,8088.050743949067,2.1414861002707127e-06,0.4815486951468238,0.0462670640138682,263.847507338023,4816.254432293699,True,tilde_q_mu,asymptotic,default,sidak_approx,observed,8.1**2 * RBF(length_scale=0.32),0.0264916222438949,0.3612493942349304,0.0978267984138683,0.3204907590216526,0.0240832929489953,65.66685753453577,1629.535159485697,395,116,279,416,21,0.04,0.3,0.000625,1.0,1e-08,1e+18,False,False,False,False,12,1.1,15.0,13.307597084020106,9.13283492007596,124.53865800103584,110.48735213749076,study_results/v4p2_followups_20260806/pseudo65/gp_window_ensemble_20260806/runs/window_2p25eq2p5/draw_08/attempt_01/results_single.csv,1,1,1,1,single_attempt_outside_55_75MeV,False,,,,,,,window_2p25eq2p5,8
2021,0.12,0.00291985,0.1134303374999999,0.1265696624999999,1008026180.837055,1.64,0.115211446,0.124788554,0.009577108,0.0,1.0,8000,0.000125,True,8704.962798436518,2.336865858195153e-06,0.3960702291334922,0.2635321352796907,1259.1768807655471,4796.544867967838,True,tilde_q_mu,asymptotic,default,sidak_approx,observed,8.09**2 * RBF(length_scale=0.32),0.0264448515909636,0.3606116126040493,0.0976540863317667,0.3203892125326629,0.0240407741736032,65.37390224099285,1624.3296556395312,394,117,277,416,22,0.04,0.3,0.000625,1.0,1e-08,1e+18,False,False,False,False,12,1.1,15.0,13.32690911777914,9.05692127710794,123.5034719605628,109.72796976990698,study_results/v4p2_followups_20260806/pseudo65/gp_window_ensemble_20260806/runs/window_2p25eq2p5/draw_08/attempt_01/results_single.csv,1,1,1,1,single_attempt_outside_55_75MeV,False,,,,,,,window_2p25eq2p5,8
2021,0.121,0.002939170875,0.1143868655312499,0.12761313446875,985440224.1699862,1.64,0.116179759765,0.125820240235,0.0096404804699999,0.0,1.0,8000,0.000125,True,9240.271174499534,2.51645392362664e-06,0.3209279724042113,0.4651054479133527,2195.332780098326,4722.849483746787,True,tilde_q_mu,asymptotic,default,sidak_approx,observed,8.14**2 * RBF(length_scale=0.321),0.0264003764045369,0.3600051327891407,0.0974898508215015,0.321002832638378,0.0240003421859427,66.24497367895239,1628.6384693959362,395,119,276,416,21,0.04,0.3,0.000625,1.0,1e-08,1e+18,False,False,False,False,12,1.1,15.0,13.374927330260869,8.982252998317762,122.48526815887854,109.2154373768344,study_results/v4p2_followups_20260806/pseudo65/gp_window_ensemble_20260806/runs/window_2p25eq2p5/draw_08/attempt_01/results_single.csv,1,1,1,1,single_attempt_outside_55_75MeV,False,,,,,,,window_2p25eq2p5,8
2021,0.122,0.0029586635,0.115343007125,0.128656992875,963312661.4875358,1.64,0.11714779186,0.12685220814,0.00970441628,0.0,1.0,8000,0.000125,True,9685.298456281518,2.676121523798442e-06,0.2865709429106037,0.5634303346708293,2901.134404942765,4681.176686696913,True,tilde_q_mu,asymptotic,default,sidak_approx,observed,8.1**2 * RBF(length_scale=0.32),0.0263581404662262,0.3594291881758127,0.0973338842829142,0.3202780560345059,0.0239619458783875,65.58537129633815,1629.5586257610769,395,121,274,416,21,0.04,0.3,0.000625,1.0,1e-08,1e+18,False,False,False,False,12,1.1,15.0,13.366112153828912,8.908799688178892,121.48363211153033,108.25092344381372,study_results/v4p2_followups_20260806/pseudo65/gp_window_ensemble_20260806/runs/window_2p25eq2p5/draw_08/attempt_01/results_single.csv,1,1,1,1,single_attempt_outside_55_75MeV,False,,,,,,,window_2p25eq2p5,8
2021,0.123,0.002978327875,0.11629876228125,0.12970123771875,941612336.1342888,1.64,0.118115542285,0.127884457715,0.00976891543,0.0,1.0,8000,0.000125,True,9503.68503180776,2.6646164558774604e-06,0.2819047348909609,0.5771924307075068,2692.1184607380146,4657.17263586139,True,tilde_q_mu,asymptotic,default,sidak_approx,observed,8.16**2 * RBF(length_scale=0.321),0.026318089372443,0.3588830368969509,0.0971859858174404,0.3212768512365573,0.02392553579313,66.62195878022516,1625.2012058724486,394,122,272,416,22,0.04,0.3,0.000625,1.0,1e-08,1e+18,False,False,False,False,12,1.1,15.0,13.428198808772688,8.836531932349143,120.49816271385194,107.8715523342296,study_results/v4p2_followups_20260806/pseudo65/gp_window_ensemble_20260806/runs/window_2p25eq2p5/draw_08/attempt_01/results_single.csv,1,1,1,1,single_attempt_outside_55_75MeV,False,,,,,,,window_2p25eq2p5,8
2021,0.124,0.002998164,0.117254131,0.130745869,920037116.668702,1.64,0.1190830110399999,0.12891698896,0.00983397792,0.0,1.0,8000,0.000125,True,9050.628676523636,2.5761529012226457e-06,0.3130221015192063,0.4873021800372299,2237.2990837279317,4586.677287333833,True,tilde_q_mu,asymptotic,default,sidak_approx,observed,8.15**2 * RBF(length_scale=0.321),0.0262801704617562,0.3583659608421308,0.0970459609598579,0.3209914669864082,0.023891064056142,66.41694913851637,1631.457865846509,395,124,271,416,21,0.04,0.3,0.000625,1.0,1e-08,1e+18,False,False,False,False,12,1.1,15.0,13.435628745212204,8.765421258395557,119.52847170539395,107.06267802108498,study_results/v4p2_followups_20260806/pseudo65/gp_window_ensemble_20260806/runs/window_2p25eq2p5/draw_08/attempt_01/results_single.csv,1,1,1,1,single_attempt_outside_55_75MeV,False,,,,,,,window_2p25eq2p5,8
2021,0.125,0.003018171875,0.11820911328125,0.13179088671875,898531012.9433209,1.64,0.120050198125,0.129949801875,0.00989960375,0.0,1.0,8000,0.000125,True,8971.080213630627,2.593710961659413e-06,0.3180338938224742,0.4732037990364361,2163.678803818267,4572.108514498126,True,tilde_q_mu,asymptotic,default,sidak_approx,observed,8.09**2 * RBF(length_scale=0.32),0.0262443327457108,0.3578772647142392,0.0969136214228183,0.3198331077771645,0.0238584843142826,65.49015555371223,1626.933175044183,394,125,269,416,22,0.04,0.3,0.000625,1.0,1e-08,1e+18,False,False,False,False,12,1.1,15.0,13.405424400145154,8.695440098390975,118.57418315987692,105.96914987724632,study_results/v4p2_followups_20260806/pseudo65/gp_window_ensemble_20260806/runs/window_2p25eq2p5/draw_08/attempt_01/results_single.csv,1,1,1,1,single_attempt_outside_55_75MeV,False,,,,,,,window_2p25eq2p5,8
2021,0.126,0.0030383515,0.119163709125,0.132836290875,877660484.0400469,1.64,0.12101710354,0.13098289646,0.0099657929199999,0.0,1.0,8000,0.000125,True,8482.307701887708,2.490788515755287e-06,0.3647161018740446,0.3458809260669591,1581.5287677178242,4526.1920990838835,True,tilde_q_mu,asymptotic,default,sidak_approx,observed,8.05**2 * RBF(length_scale=0.32),0.0262105268429174,0.3574162751306931,0.0967887848534561,0.3195620791639561,0.0238277516753795,64.81846838902571,1625.9364444748749,394,127,267,416,22,0.04,0.3,0.000625,1.0,1e-08,1e+18,False,False,False,False,12,1.1,15.0,13.411340000414286,8.626561753278871,117.63493299925732,105.17613882526628,study_results/v4p2_followups_20260806/pseudo65/gp_window_ensemble_20260806/runs/window_2p25eq2p5/draw_08/attempt_01/results_single.csv,1,1,1,1,single_attempt_outside_55_75MeV,False,,,,,,,window_2p25eq2p5,8
2021,0.127,0.003058702875,0.12011791853125,0.13388208146875,857126402.643784,1.64,0.121983727285,0.132016272715,0.0100325454299999,0.0,1.0,8000,0.000125,True,8507.596526925623,2.537921665551606e-06,0.351417258934016,0.381496971683307,1721.1701698831064,4478.821950115591,True,tilde_q_mu,asymptotic,default,sidak_approx,observed,8.05**2 * RBF(length_scale=0.32),0.0261787049162304,0.3569823397667782,0.0966712746014036,0.3195683229302297,0.0237988226511185,64.73089996840238,1625.9500824949482,394,128,266,416,22,0.04,0.3,0.000625,1.0,1e-08,1e+18,False,False,False,False,12,1.1,15.0,13.427904716757489,8.558760358908806,116.71036853057464,104.47838053908052,study_results/v4p2_followups_20260806/pseudo65/gp_window_ensemble_20260806/runs/window_2p25eq2p5/draw_08/attempt_01/results_single.csv,1,1,1,1,single_attempt_outside_55_75MeV,False,,,,,,,window_2p25eq2p5,8
2021,0.128,0.003079226,0.1210717415,0.1349282585,836870911.2847852,1.64,0.12295006936,0.13304993064,0.01009986128,0.0,1.0,8000,0.000125,True,8363.25674449332,2.5352857145023123e-06,0.3529408422386958,0.3773928434608169,1647.6456319698182,4427.492400965872,True,tilde_q_mu,asymptotic,default,sidak_approx,observed,8.13**2 * RBF(length_scale=0.321),0.0261488206128557,0.3565748265389423,0.0965609194976257,0.3206978224292464,0.0237716551025961,66.0421034080251,1626.0748195289134,394,130,264,416,22,0.04,0.3,0.000625,1.0,1e-08,1e+18,False,False,False,False,12,1.1,15.0,13.49076541137526,8.492010853654708,115.80014800438238,104.14884208864385,study_results/v4p2_followups_20260806/pseudo65/gp_window_ensemble_20260806/runs/window_2p25eq2p5/draw_08/attempt_01/results_single.csv,1,1,1,1,single_attempt_outside_55_75MeV,False,,,,,,,window_2p25eq2p5,8
2021,0.129,0.003099920875,0.12202517803125,0.13597482196875,816661383.882061,1.64,0.123916129765,0.134083870235,0.01016774047,0.0,1.0,8000,0.000125,True,8542.921805732656,2.6332653390995535e-06,0.3243418218505441,0.4555916569653392,1948.929078843282,4403.2215710044475,True,tilde_q_mu,asymptotic,default,sidak_approx,observed,8.13**2 * RBF(length_scale=0.321),0.0261208290072193,0.3561931228257187,0.096457553643445,0.3206131906956935,0.0237462081883812,66.04166739164111,1621.046547201613,393,131,262,416,23,0.04,0.3,0.000625,1.0,1e-08,1e+18,False,False,False,False,12,1.1,15.0,13.501658376454644,8.426288947526562,114.90394019354402,103.4262497734538,study_results/v4p2_followups_20260806/pseudo65/gp_window_ensemble_20260806/runs/window_2p25eq2p5/draw_08/attempt_01/results_single.csv,1,1,1,1,single_attempt_outside_55_75MeV,False,,,,,,,window_2p25eq2p5,8
2021,0.13,0.0031207875,0.122978228125,0.137021771875,796778619.4646972,1.64,0.1248819085,0.1351180915,0.010236183,0.0,1.0,8000,0.000125,True,8302.432295662064,2.602820631971145e-06,0.344804731561157,0.3993851107898002,1763.009117306929,4332.539411657123,True,tilde_q_mu,asymptotic,default,sidak_approx,observed,8.14**2 * RBF(length_scale=0.321),0.0260946865464589,0.3558366347244401,0.0963610162092589,0.3208026861714124,0.0237224423149626,66.243327287005,1626.7087976612231,394,133,261,416,22,0.04,0.3,0.000625,1.0,1e-08,1e+18,False,False,False,False,12,1.1,15.0,13.523172779266051,8.36157109269982,114.0214239913612,102.79542781154193,study_results/v4p2_followups_20260806/pseudo65/gp_window_ensemble_20260806/runs/window_2p25eq2p5/draw_08/attempt_01/results_single.csv,1,1,1,1,single_attempt_outside_55_75MeV,False,,,,,,,window_2p25eq2p5,8
2021,0.131,0.003141825875,0.12393089178125,0.13806910821875,777717056.7816086,1.64,0.125847405565,0.136152594435,0.0103051888699999,0.0,1.0,8000,0.000125,True,7664.766480168577,2.4430138570199658e-06,0.4164839534071729,0.2108966646580972,911.4826806040674,4304.652016000835,True,tilde_q_mu,asymptotic,default,sidak_approx,observed,8.19**2 * RBF(length_scale=0.322),0.0260703509983903,0.3555047863416871,0.0962711512423922,0.3216673679528798,0.0237003190894458,67.08232698853367,1620.1312224390335,393,134,259,416,23,0.04,0.3,0.000625,1.0,1e-08,1e+18,False,False,False,False,12,1.1,15.0,13.57228004985487,8.297834455383493,113.1522880279567,102.38230275981792,study_results/v4p2_followups_20260806/pseudo65/gp_window_ensemble_20260806/runs/window_2p25eq2p5/draw_08/attempt_01/results_single.csv,1,1,1,1,single_attempt_outside_55_75MeV,False,,,,,,,window_2p25eq2p5,8
2021,0.132,0.003163036,0.124883169,0.139116831,758729637.4451472,1.64,0.12681262096,0.13718737904,0.0103747580799999,0.0,1.0,8000,0.000125,True,6789.708808541216,2.2014564123581106e-06,0.5,0.0,-356.31666835806027,4254.213460320502,True,tilde_q_mu,asymptotic,default,sidak_approx,observed,8.27**2 * RBF(length_scale=0.323),0.0260477814018274,0.3551970191158293,0.0961878074836403,0.3228917853753938,0.0236798012743886,68.46980202643208,1619.6185593740645,393,136,257,416,23,0.04,0.3,0.000625,1.0,1e-08,1e+18,False,False,False,False,12,1.1,15.0,13.635747261300883,8.235056888959685,112.2962303039957,102.08286765480818,study_results/v4p2_followups_20260806/pseudo65/gp_window_ensemble_20260806/runs/window_2p25eq2p5/draw_08/attempt_01/results_single.csv,1,1,1,1,single_attempt_outside_55_75MeV,False,,,,,,,window_2p25eq2p5,8
2021,0.133,0.003184417875,0.12583505978125,0.14016494021875,740120080.2932594,1.64,0.127777554685,0.138222445315,0.0104448906299999,0.0,1.0,8000,0.000125,True,6323.342481362462,2.085992767336272e-06,0.4999311292015692,0.0001726334915006,-1130.9591291397671,4213.704803012272,True,tilde_q_mu,asymptotic,default,sidak_approx,observed,8.18**2 * RBF(length_scale=0.322),0.0260269380191233,0.3549127911698635,0.0961108381920171,0.3215157956136474,0.0236608527446575,66.96420673667018,1616.5221166048143,393,137,256,416,23,0.04,0.3,0.000625,1.0,1e-08,1e+18,False,False,False,False,12,1.1,15.0,13.588512598568244,8.173216908325301,111.45295784079954,100.96532811782669,study_results/v4p2_followups_20260806/pseudo65/gp_window_ensemble_20260806/runs/window_2p25eq2p5/draw_08/attempt_01/results_single.csv,1,1,1,1,single_attempt_outside_55_75MeV,False,,,,,,,window_2p25eq2p5,8
2021,0.134,0.0032059715,0.126786564125,0.141213435875,721731213.3148873,1.64,0.12874220674,0.13925779326,0.01051558652,0.0,1.0,8000,0.000125,True,5941.496795262345,1.9949660204273814e-06,0.5,0.0,-1868.5315512833,4175.6554812171435,True,tilde_q_mu,asymptotic,default,sidak_approx,observed,8.11**2 * RBF(length_scale=0.321),0.0260077822908281,0.3546515766931113,0.0960401009773177,0.3205040983251802,0.0236434384462074,65.7152317979409,1618.1959079206645,393,139,254,416,23,0.04,0.3,0.000625,1.0,1e-08,1e+18,False,False,False,False,12,1.1,15.0,13.5557312890161,8.112293665376676,110.62218634604557,99.97097551403064,study_results/v4p2_followups_20260806/pseudo65/gp_window_ensemble_20260806/runs/window_2p25eq2p5/draw_08/attempt_01/results_single.csv,1,1,1,1,single_attempt_outside_55_75MeV,False,,,,,,,window_2p25eq2p5,8
2021,0.135,0.003227696875,0.12773768203125,0.14226231796875,703839749.1336825,1.64,0.129706577125,0.140293422875,0.01058684575,0.0,1.0,8000,0.000125,True,5532.196307467644,1.89064480703366e-06,0.5,0.0,-2875.0592615909786,4149.301908950313,True,tilde_q_mu,asymptotic,default,sidak_approx,observed,8.16**2 * RBF(length_scale=0.321),0.025990276792342,0.3544128653501188,0.0959754576400479,0.3211877987251718,0.0236275243566745,66.61877439356422,1613.0289829040794,392,140,252,416,24,0.04,0.3,0.000625,1.0,1e-08,1e+18,False,False,False,False,12,1.1,15.0,13.5937982277199,8.052266925574306,109.80363989419509,99.5099016927269,study_results/v4p2_followups_20260806/pseudo65/gp_window_ensemble_20260806/runs/window_2p25eq2p5/draw_08/attempt_01/results_single.csv,1,1,1,1,single_attempt_outside_55_75MeV,False,,,,,,,window_2p25eq2p5,8
2021,0.136,0.003249594,0.1286884135,0.1433115865,686424779.2721932,1.64,0.13067066584,0.14132933416,0.01065866832,0.0,1.0,8000,0.000125,True,5267.682794085107,1.8323468079965648e-06,0.5,0.0,-3407.8361908065003,4081.984956924845,True,tilde_q_mu,asymptotic,default,sidak_approx,observed,8.25**2 * RBF(length_scale=0.322),0.0259743851924713,0.3541961617155187,0.0959167740183841,0.3223402498610724,0.0236130774477012,68.09014242045966,1618.3972978485515,393,142,251,416,23,0.04,0.3,0.000625,1.0,1e-08,1e+18,False,False,False,False,12,1.1,15.0,13.650920790608447,7.993117045535957,108.99705062094486,99.1940069624305,study_results/v4p2_followups_20260806/pseudo65/gp_window_ensemble_20260806/runs/window_2p25eq2p5/draw_08/attempt_01/results_single.csv,1,1,1,1,single_attempt_outside_55_75MeV,False,,,,,,,window_2p25eq2p5,8
2021,0.137,0.003271662875,0.12963875853125,0.14436124146875,669116428.5880822,1.64,0.131634472885,0.142365527115,0.0107310542299999,0.0,1.0,8000,0.000125,True,27036.432486635553,9.57738722464707e-06,0.5,0.0,-9750.22931425634,19266.891349066267,True,tilde_q_mu,asymptotic,default,sidak_approx,observed,2.08**2 * RBF(length_scale=0.0884),0.0259600722137896,0.3540009847334957,0.0958639198417955,0.0883975631564095,0.0236000656488997,4.322633649045847,1318.1739146355044,392,143,249,416,24,0.04,0.3,0.000625,1.0,1e-08,1e+18,False,False,False,False,12,1.1,15.0,3.745649036384389,7.93482495160498,108.20215843097698,27.01915403077999,study_results/v4p2_followups_20260806/pseudo65/gp_window_ensemble_20260806/runs/window_2p25eq2p5/draw_08/attempt_01/results_single.csv,1,1,1,1,single_attempt_outside_55_75MeV,False,,,,,,,window_2p25eq2p5,8
2021,0.138,0.0032939035,0.130588717125,0.145411282875,652262296.7982231,1.64,0.13259799826,0.14340200174,0.0108040034799999,0.0,1.0,8000,0.000125,True,5450.882660092577,1.9664612525272e-06,0.5,0.0,-2536.945444802548,4023.366649926926,True,tilde_q_mu,asymptotic,default,sidak_approx,observed,8.17**2 * RBF(length_scale=0.321),0.0259473035947063,0.3538268672005407,0.095816768590974,0.3213326565476114,0.0235884578133693,66.74654390355519,1613.511456839493,392,145,247,416,24,0.04,0.3,0.000625,1.0,1e-08,1e+18,False,False,False,False,12,1.1,15.0,13.62245294245085,7.877372119342997,107.41871071831358,97.55375545993115,study_results/v4p2_followups_20260806/pseudo65/gp_window_ensemble_20260806/runs/window_2p25eq2p5/draw_08/attempt_01/results_single.csv,1,1,1,1,single_attempt_outside_55_75MeV,False,,,,,,,window_2p25eq2p5,8
2021,0.139,0.003316315875,0.13153828928125,0.14646171071875,635785521.2448627,1.64,0.133561241965,0.144438758035,0.0108775160699999,0.0,1.0,8000,0.000125,True,5551.111367302549,2.0397381963344486e-06,0.5,0.0,-2065.9660730200007,3979.4562010051222,True,tilde_q_mu,asymptotic,default,sidak_approx,observed,8.19**2 * RBF(length_scale=0.322),0.0259360460531648,0.3536733552704296,0.0957751973637809,0.3215140991945577,0.0235782236846953,67.00290505831404,1613.6577450481482,392,146,246,416,24,0.04,0.3,0.000625,1.0,1e-08,1e+18,False,False,False,False,12,1.1,15.0,13.636061116989634,7.820740553903008,106.64646209867738,96.94917833921888,study_results/v4p2_followups_20260806/pseudo65/gp_window_ensemble_20260806/runs/window_2p25eq2p5/draw_08/attempt_01/results_single.csv,1,1,1,1,single_attempt_outside_55_75MeV,False,,,,,,,window_2p25eq2p5,8
2021,0.14,0.0033389,0.132487475,0.147512525,619834689.867921,1.64,0.134524204,0.145475796,0.010951592,0.0,1.0,8000,0.000125,True,5726.098286840643,2.142766293866717e-06,0.5,0.0,-1467.750450972506,3938.6009266174738,True,tilde_q_mu,asymptotic,default,sidak_approx,observed,8.25**2 * RBF(length_scale=0.322),0.0259262672518869,0.3535400079802764,0.0957390867469023,0.3223785840264239,0.0235693338653517,68.13895777906515,1613.4169514564478,392,148,244,416,24,0.04,0.3,0.000625,1.0,1e-08,1e+18,False,False,False,False,12,1.1,15.0,13.677882704200584,7.764912771238112,105.88517415324698,96.55233281213089,study_results/v4p2_followups_20260806/pseudo65/gp_window_ensemble_20260806/runs/window_2p25eq2p5/draw_08/attempt_01/results_single.csv,1,1,1,1,single_attempt_outside_55_75MeV,False,,,,,,,window_2p25eq2p5,8
2021,0.141,0.003361655875,0.13343627428125,0.1485637257187499,604132627.2786524,1.64,0.1354868843649999,0.146513115635,0.01102623127,0.0,1.0,8000,0.000125,True,5776.021350580968,2.2018985632080754e-06,0.5,0.0,-1285.4885189977458,3919.117906666487,True,tilde_q_mu,asymptotic,default,sidak_approx,observed,8.21**2 * RBF(length_scale=0.322),0.0259179357650831,0.3534263967965889,0.0957083206929198,0.32165525775604,0.0235617597864392,67.42712756985168,1610.6260413473442,391,149,242,416,25,0.04,0.3,0.000625,1.0,1e-08,1e+18,False,False,False,False,12,1.1,15.0,13.651580385823536,7.709871780103963,105.13461518323584,95.68357670043784,study_results/v4p2_followups_20260806/pseudo65/gp_window_ensemble_20260806/runs/window_2p25eq2p5/draw_08/attempt_01/results_single.csv,1,1,1,1,single_attempt_outside_55_75MeV,False,,,,,,,window_2p25eq2p5,8
2021,0.142,0.0033845835,0.1343846871249999,0.149615312875,588792286.6909375,1.64,0.1364492830599999,0.14755071694,0.01110143388,0.0,1.0,8000,0.000125,True,5914.654922599278,2.2972003692326814e-06,0.5,0.0,-788.9567096152255,3861.460189433551,True,tilde_q_mu,asymptotic,default,sidak_approx,observed,8.17**2 * RBF(length_scale=0.321),0.0259110210465671,0.3533321051804605,0.0956827864025644,0.3212835809252353,0.0235554736786973,66.77888818937326,1615.6417089056404,392,151,241,416,24,0.04,0.3,0.000625,1.0,1e-08,1e+18,False,False,False,False,12,1.1,15.0,13.639444712835106,7.6556010648184945,104.39455997479764,94.92558860646676,study_results/v4p2_followups_20260806/pseudo65/gp_window_ensemble_20260806/runs/window_2p25eq2p5/draw_08/attempt_01/results_single.csv,1,1,1,1,single_attempt_outside_55_75MeV,False,,,,,,,window_2p25eq2p5,8
2021,0.143,0.003407682875,0.1353327135312499,0.15066728646875,573696429.0826498,1.64,0.137411400085,0.1485885999149999,0.0111771998299999,0.0,1.0,8000,0.000125,True,6141.083521253398,2.430786086996778e-06,0.4999311292015692,0.0001726334915006,-242.70598797055288,3820.7792323751905,True,tilde_q_mu,asymptotic,default,sidak_approx,observed,8.19**2 * RBF(length_scale=0.322),0.025905493399191,0.3532567281707865,0.0956623742118505,0.3215905610322642,0.0235504485447191,67.00943004297437,1616.2728102489991,392,153,239,416,24,0.04,0.3,0.000625,1.0,1e-08,1e+18,False,False,False,False,12,1.1,15.0,13.65539006280952,7.602084568738228,103.66478957370308,94.37220916053236,study_results/v4p2_followups_20260806/pseudo65/gp_window_ensemble_20260806/runs/window_2p25eq2p5/draw_08/attempt_01/results_single.csv,1,1,1,1,single_attempt_outside_55_75MeV,False,,,,,,,window_2p25eq2p5,8
2021,0.144,0.003430954,0.1362803534999999,0.1517196465,559083772.4170778,1.64,0.13837323544,0.14962676456,0.0112535291199999,0.0,1.0,8000,0.000125,True,6241.736942763706,2.5175957947144194e-06,0.5,0.0,-16.033182616162346,3800.3282620148498,True,tilde_q_mu,asymptotic,default,sidak_approx,observed,8.15**2 * RBF(length_scale=0.321),0.0259013239455544,0.3531998719848339,0.0956469774839098,0.3211540840275569,0.0235466581323222,66.42018405632497,1611.0829763801275,391,154,237,416,25,0.04,0.3,0.000625,1.0,1e-08,1e+18,False,False,False,False,12,1.1,15.0,13.639051547052103,7.5493066784207805,102.94509106937429,93.60489357407792,study_results/v4p2_followups_20260806/pseudo65/gp_window_ensemble_20260806/runs/window_2p25eq2p5/draw_08/attempt_01/results_single.csv,1,1,1,1,single_attempt_outside_55_75MeV,False,,,,,,,window_2p25eq2p5,8
2021,0.145,0.003454396875,0.1372276070312499,0.15277239296875,544779001.7566646,1.64,0.139334789125,0.1506652108749999,0.0113304217499999,0.0,1.0,8000,0.000125,True,6381.34743470916,2.6232757878527575e-06,0.4608371573253511,0.0983248899089197,367.39806823683494,3739.574603322348,True,tilde_q_mu,asymptotic,default,sidak_approx,observed,8.17**2 * RBF(length_scale=0.321),0.0258984845999115,0.3531611536351575,0.095636492505252,0.3214353119989187,0.0235440769090105,66.67467886121868,1617.0008736611617,392,156,236,416,24,0.04,0.3,0.000625,1.0,1e-08,1e+18,False,False,False,False,12,1.1,15.0,13.65249159018432,7.49725220843698,102.235257387777,93.051066113797,study_results/v4p2_followups_20260806/pseudo65/gp_window_ensemble_20260806/runs/window_2p25eq2p5/draw_08/attempt_01/results_single.csv,1,1,1,1,single_attempt_outside_55_75MeV,False,,,,,,,window_2p25eq2p5,8
2021,0.146,0.0034780115,0.138174474125,0.1538255258749999,530723198.11642635,1.64,0.1402960611399999,0.15170393886,0.01140787772,0.0,1.0,8000,0.000125,True,6342.038158971588,2.6578339574173086e-06,0.4613775131238981,0.0969639462096491,359.7087407497828,3719.02427648482,True,tilde_q_mu,asymptotic,default,sidak_approx,observed,8.15**2 * RBF(length_scale=0.321),0.0258969480412312,0.3531402005622441,0.0956308183862839,0.3211308493310926,0.0235426800374829,66.38841505812553,1611.8987658955748,391,157,234,416,25,0.04,0.3,0.000625,1.0,1e-08,1e+18,False,False,False,False,12,1.1,15.0,13.64036927061029,7.445906386805,101.53508709279544,92.3317387912871,study_results/v4p2_followups_20260806/pseudo65/gp_window_ensemble_20260806/runs/window_2p25eq2p5/draw_08/attempt_01/results_single.csv,1,1,1,1,single_attempt_outside_55_75MeV,False,,,,,,,window_2p25eq2p5,8
2021,0.147,0.0035017978749999,0.13912095478125,0.1548790452187499,517058895.8195766,1.64,0.141257051485,0.1527429485149999,0.0114858970299999,0.0,1.0,8000,0.000125,True,6266.848644584203,2.677390873991269e-06,0.4622160001509543,0.0948524817983111,341.34964821845614,3680.012507269203,True,tilde_q_mu,asymptotic,default,sidak_approx,observed,8.13**2 * RBF(length_scale=0.321),0.025896687687343,0.353136650281951,0.0956298569658356,0.3208912738355074,0.02354244335213,66.06254766273466,1613.0459297221023,391,159,232,416,25,0.04,0.3,0.000625,1.0,1e-08,1e+18,False,False,False,False,12,1.1,15.0,13.630330082390271,7.3952548410130845,100.84438419563295,91.63614956945722,study_results/v4p2_followups_20260806/pseudo65/gp_window_ensemble_20260806/runs/window_2p25eq2p5/draw_08/attempt_01/results_single.csv,1,1,1,1,single_attempt_outside_55_75MeV,False,,,,,,,window_2p25eq2p5,8
2021,0.148,0.0035257559999999,0.140067049,0.155932951,503681799.08701915,1.64,0.1422177601599999,0.15378223984,0.01156447968,0.0,1.0,8000,0.000125,True,6047.35733392096,2.634314246565247e-06,0.4904700737908028,0.0238902548342782,95.78997689450432,3639.9296446607377,True,tilde_q_mu,asymptotic,default,sidak_approx,observed,8.09**2 * RBF(length_scale=0.32),0.0258976776701328,0.3531501500472667,0.0956335127195648,0.3204379976451361,0.0235433433364844,65.5197077882877,1613.632895537071,391,160,231,416,25,0.04,0.3,0.000625,1.0,1e-08,1e+18,False,False,False,False,12,1.1,15.0,13.610556201190104,7.345283584607923,100.16295797192622,90.88490458362295,study_results/v4p2_followups_20260806/pseudo65/gp_window_ensemble_20260806/runs/window_2p25eq2p5/draw_08/attempt_01/results_single.csv,1,1,1,1,single_attempt_outside_55_75MeV,False,,,,,,,window_2p25eq2p5,8
2021,0.149,0.003549885875,0.14101275678125,0.15698724321875,490644352.2917579,1.64,0.143178187165,0.154821812835,0.0116436256699999,0.0,1.0,8000,0.000125,True,5822.421389855491,2.58624987821352e-06,0.5,0.0,-173.04417390745715,3602.250322204447,True,tilde_q_mu,asymptotic,default,sidak_approx,observed,8.09**2 * RBF(length_scale=0.32),0.0258998928117245,0.353180356523517,0.0956416926720024,0.3202492871756128,0.0235453571015678,65.36909421670661,1612.5722081712129,391,162,229,416,25,0.04,0.3,0.000625,1.0,1e-08,1e+18,False,False,False,False,12,1.1,15.0,13.601377366847776,7.295979004317872,99.49062278615278,90.21396699847789,study_results/v4p2_followups_20260806/pseudo65/gp_window_ensemble_20260806/runs/window_2p25eq2p5/draw_08/attempt_01/results_single.csv,1,1,1,1,single_attempt_outside_55_75MeV,False,,,,,,,window_2p25eq2p5,8
2021,0.15,0.0035741875,0.141958078125,0.158041921875,477946931.2512179,1.64,0.1441383325,0.1558616675,0.011723335,0.0,1.0,8000,0.000125,True,5718.021285269213,2.589970116787075e-06,0.5,0.0,-282.7516836310286,3577.430743533986,True,tilde_q_mu,asymptotic,default,sidak_approx,observed,8.11**2 * RBF(length_scale=0.321),0.0259033086016125,0.3532269354765349,0.0956543063121079,0.320671818554783,0.0235484623651023,65.82607129488625,1607.730340233518,390,163,227,416,26,0.04,0.3,0.000625,1.0,1e-08,1e+18,False,False,False,False,12,1.1,15.0,13.61752685092522,7.247327847689178,98.82719792303423,89.71880142124132,study_results/v4p2_followups_20260806/pseudo65/gp_window_ensemble_20260806/runs/window_2p25eq2p5/draw_08/attempt_01/results_single.csv,1,1,1,1,single_attempt_outside_55_75MeV,False,,,,,,,window_2p25eq2p5,8
2021,0.151,0.003598660875,0.14290301303125,0.15909698696875,465470649.96646106,1.64,0.145098196165,0.156901803835,0.0118036076699999,0.0,1.0,8000,0.000125,True,5715.084606145891,2.6404219650700696e-06,0.5,0.0,-163.6285999582352,3533.6794419562093,True,tilde_q_mu,asymptotic,default,sidak_approx,observed,8.21**2 * RBF(length_scale=0.322),0.0259079011746969,0.3532895614731401,0.0956712655121596,0.3219159700771153,0.0235526374315426,67.34370143369584,1608.9338797954915,390,165,225,416,26,0.04,0.3,0.000625,1.0,1e-08,1e+18,False,False,False,False,12,1.1,15.0,13.667937232625675,7.199317211210392,98.17250742559624,89.45437796416849,study_results/v4p2_followups_20260806/pseudo65/gp_window_ensemble_20260806/runs/window_2p25eq2p5/draw_08/attempt_01/results_single.csv,1,1,1,1,single_attempt_outside_55_75MeV,False,,,,,,,window_2p25eq2p5,8
2021,0.152,0.003623306,0.1438475615,0.1601524385,453362715.5960102,1.64,0.1460577781599999,0.15794222184,0.01188444368,0.0,1.0,8000,0.000125,True,22664.69187986594,1.0680223779072798e-05,0.5,0.0,-2767.3012131234277,14703.240807138478,True,tilde_q_mu,asymptotic,default,sidak_approx,observed,1.06**2 * RBF(length_scale=0.087),0.0259136472901786,0.3533679175933457,0.0956924844498192,0.0870060823679869,0.0235578611728897,1.1269141849795703,839.7891699664842,390,166,224,416,26,0.04,0.3,0.000625,1.0,1e-08,1e+18,False,False,False,False,12,1.1,15.0,3.693292940706908,7.151934528902247,97.5263799395761,24.012899370902417,study_results/v4p2_followups_20260806/pseudo65/gp_window_ensemble_20260806/runs/window_2p25eq2p5/draw_08/attempt_01/results_single.csv,1,1,1,1,single_attempt_outside_55_75MeV,False,,,,,,,window_2p25eq2p5,8
2021,0.153,0.003648122875,0.14479172353125,0.16120827646875,441644549.5313737,1.64,0.147017078485,0.158982921515,0.0119658430299999,0.0,1.0,8000,0.000125,True,5466.983016039214,2.6272617370559108e-06,0.5,0.0,-387.49711661624053,3459.85857469493,True,tilde_q_mu,asymptotic,default,sidak_approx,observed,8.19**2 * RBF(length_scale=0.322),0.0259205243112793,0.3534616951538094,0.0957178795332425,0.3216334628245601,0.0235641130102539,67.03610110885148,1608.3820232926907,390,168,222,416,26,0.04,0.3,0.000625,1.0,1e-08,1e+18,False,False,False,False,12,1.1,15.0,13.649292153903726,7.105167561352867,96.88864856390272,88.16409804304087,study_results/v4p2_followups_20260806/pseudo65/gp_window_ensemble_20260806/runs/window_2p25eq2p5/draw_08/attempt_01/results_single.csv,1,1,1,1,single_attempt_outside_55_75MeV,False,,,,,,,window_2p25eq2p5,8
2021,0.154,0.0036731115,0.145735499125,0.162264500875,430164399.9517347,1.64,0.1479760971399999,0.16002390286,0.01204780572,0.0,1.0,8000,0.000125,True,5730.938353015659,2.809250535754727e-06,0.4861588908205345,0.0347014789079257,118.58820864315544,3436.822796284473,True,tilde_q_mu,asymptotic,default,sidak_approx,observed,8.23**2 * RBF(length_scale=0.322),0.0259285101857464,0.3535705934419964,0.0957473693290902,0.3220469431140201,0.023571372896133,67.67843636125545,1605.4017971604897,389,169,220,416,27,0.04,0.3,0.000625,1.0,1e-08,1e+18,False,False,False,False,12,1.1,15.0,13.66262985754437,7.0590043851776345,96.25915070696774,87.67687643405871,study_results/v4p2_followups_20260806/pseudo65/gp_window_ensemble_20260806/runs/window_2p25eq2p5/draw_08/attempt_01/results_single.csv,1,1,1,1,single_attempt_outside_55_75MeV,False,,,,,,,window_2p25eq2p5,8
2021,0.155,0.003698271875,0.14667888828125,0.16332111171875,419006242.6242384,1.64,0.148934834125,0.161065165875,0.01213033175,0.0,1.0,8000,0.000125,True,6061.120067524383,3.0305441664927965e-06,0.4100545050909294,0.2274047717232075,769.8359937311571,3387.5251584325297,True,tilde_q_mu,asymptotic,default,sidak_approx,observed,8.2**2 * RBF(length_scale=0.322),0.0259375834271065,0.3536943194605435,0.0957808744933012,0.3216743106305513,0.0235796212973695,67.26522065308801,1610.7382211321162,390,171,219,416,26,0.04,0.3,0.000625,1.0,1e-08,1e+18,False,False,False,False,12,1.1,15.0,13.642047366826702,7.01343338288414,95.63772794842008,86.97962764853551,study_results/v4p2_followups_20260806/pseudo65/gp_window_ensemble_20260806/runs/window_2p25eq2p5/draw_08/attempt_01/results_single.csv,1,1,1,1,single_attempt_outside_55_75MeV,False,,,,,,,window_2p25eq2p5,8
2021,0.156,0.003723604,0.147621891,0.164378109,408018948.64312065,1.64,0.14989328944,0.16210671056,0.01221342112,0.0,1.0,8000,0.000125,True,6714.055862220566,3.4253104663685297e-06,0.3000782123875345,0.5241755790387403,1741.9811622714635,3367.641174319892,True,tilde_q_mu,asymptotic,default,sidak_approx,observed,8.21**2 * RBF(length_scale=0.322),0.0259477230966391,0.353832587681443,0.0958183177045254,0.3217297898662744,0.0235888391787628,67.33807075129096,1606.7329888328234,389,172,217,416,27,0.04,0.3,0.000625,1.0,1e-08,1e+18,False,False,False,False,12,1.1,15.0,13.63906835042265,6.968443233125529,95.0242259062572,86.40279413876299,study_results/v4p2_followups_20260806/pseudo65/gp_window_ensemble_20260806/runs/window_2p25eq2p5/draw_08/attempt_01/results_single.csv,1,1,1,1,single_attempt_outside_55_75MeV,False,,,,,,,window_2p25eq2p5,8
2021,0.157,0.003749107875,0.14856450728125,0.16543549271875,397354285.67265946,1.64,0.150851463085,0.163148536915,0.01229707383,0.0,1.0,8000,0.000125,True,7461.933784497929,3.884130017485486e-06,0.2023250786028258,0.8333450475505194,2776.026376085675,3331.498248421153,True,tilde_q_mu,asymptotic,default,sidak_approx,observed,8.28**2 * RBF(length_scale=0.323),0.0259589087860322,0.3539851198095312,0.0958596236000764,0.3226301641073297,0.023599007987302,68.48435223301759,1605.4416737071267,389,174,215,416,27,0.04,0.3,0.000625,1.0,1e-08,1e+18,False,False,False,False,12,1.1,15.0,13.67134433281803,6.924022901323501,94.41849410895684,86.05518295664663,study_results/v4p2_followups_20260806/pseudo65/gp_window_ensemble_20260806/runs/window_2p25eq2p5/draw_08/attempt_01/results_single.csv,1,1,1,1,single_attempt_outside_55_75MeV,False,,,,,,,window_2p25eq2p5,8
2021,0.158,0.0037747835,0.149506737125,0.166493262875,387039666.85970527,1.64,0.15180935506,0.16419064494,0.0123812898799999,0.0,1.0,8000,0.000125,True,8010.533390739074,4.2537189594409385e-06,0.1444791083352669,1.0604097758945497,3496.933674157123,3297.9040490833054,True,tilde_q_mu,asymptotic,default,sidak_approx,observed,8.25**2 * RBF(length_scale=0.322),0.0259711206006934,0.3541516445549109,0.0959047187143026,0.3222781531519895,0.023610109636994,68.01139734325321,1605.452905749761,389,175,214,416,27,0.04,0.3,0.000625,1.0,1e-08,1e+18,False,False,False,False,12,1.1,15.0,13.650006633049276,6.880161630645431,93.82038587243768,85.37659263160111,study_results/v4p2_followups_20260806/pseudo65/gp_window_ensemble_20260806/runs/window_2p25eq2p5/draw_08/attempt_01/results_single.csv,1,1,1,1,single_attempt_outside_55_75MeV,False,,,,,,,window_2p25eq2p5,8
2021,0.159,0.003800630875,0.15044858053125,0.16755141946875,376812670.72105056,1.64,0.152766965365,0.165233034635,0.0124660692699999,0.0,1.0,8000,0.000125,True,8475.326038047744,4.593605698081103e-06,0.1061799884057284,1.247102335232697,4079.0035144587105,3269.392360553539,True,tilde_q_mu,asymptotic,default,sidak_approx,observed,8.18**2 * RBF(length_scale=0.321),0.0259843391436889,0.3543318974139398,0.0959535314192792,0.3214360358428056,0.0236221264942626,66.94645948584342,1605.1392559897856,389,177,212,416,27,0.04,0.3,0.000625,1.0,1e-08,1e+18,False,False,False,False,12,1.1,15.0,13.607413198844572,6.836848933320556,93.22975818164392,84.57438946706596,study_results/v4p2_followups_20260806/pseudo65/gp_window_ensemble_20260806/runs/window_2p25eq2p5/draw_08/attempt_01/results_single.csv,1,1,1,1,single_attempt_outside_55_75MeV,False,,,,,,,window_2p25eq2p5,8
2021,0.16,0.00382665,0.1513900375,0.1686099625,367005424.0565123,1.64,0.153724294,0.166275706,0.0125514119999999,0.0,1.0,8000,0.000125,True,8650.239488791573,4.7836080491562455e-06,0.0925368157812996,1.3252940805239517,4307.340982479074,3249.8154542646366,True,tilde_q_mu,asymptotic,default,sidak_approx,observed,8.21**2 * RBF(length_scale=0.322),0.0259985455002782,0.3545256204583391,0.0960059918676979,0.3218041607911032,0.0236350413638892,67.36928073308444,1600.3968497712792,388,178,210,416,28,0.04,0.3,0.000625,1.0,1e-08,1e+18,False,False,False,False,12,1.1,15.0,13.615553103400558,6.7940745822790705,92.64647157653278,84.0955302395315,study_results/v4p2_followups_20260806/pseudo65/gp_window_ensemble_20260806/runs/window_2p25eq2p5/draw_08/attempt_01/results_single.csv,1,1,1,1,single_attempt_outside_55_75MeV,False,,,,,,,window_2p25eq2p5,8
2021,0.161,0.003852840875,0.15233110803125,0.16966889196875,357410945.39902496,1.64,0.154681340965,0.167318659035,0.01263731807,0.0,1.0,8000,0.000125,True,8249.665271310374,4.655459203850127e-06,0.1097907788332857,1.2276415482425227,3933.257770397678,3204.930149115468,True,tilde_q_mu,asymptotic,default,sidak_approx,observed,8.17**2 * RBF(length_scale=0.321),0.0260137212230255,0.3547325621321662,0.0960620319378876,0.3213667012373203,0.0236488374754777,66.73385709253945,1605.64513372137,389,180,209,416,27,0.04,0.3,0.000625,1.0,1e-08,1e+18,False,False,False,False,12,1.1,15.0,13.589112004789072,6.751828603101996,92.07039004229992,83.4103228406287,study_results/v4p2_followups_20260806/pseudo65/gp_window_ensemble_20260806/runs/window_2p25eq2p5/draw_08/attempt_01/results_single.csv,1,1,1,1,single_attempt_outside_55_75MeV,False,,,,,,,window_2p25eq2p5,8
2021,0.162,0.0038792035,0.153271792125,0.170728207875,348034765.9525295,1.64,0.15563810626,0.16836189374,0.01272378748,0.0,1.0,8000,0.000125,True,7798.5103722961885,4.491526153838503e-06,0.1398920352176398,1.0808045357157212,3445.076567801965,3186.8982273016895,True,tilde_q_mu,asymptotic,default,sidak_approx,observed,8.18**2 * RBF(length_scale=0.321),0.0260298483174566,0.3549524770562273,0.0961215851808485,0.3214510390903624,0.0236634984704151,66.88411738795892,1600.8971470810443,388,181,207,416,28,0.04,0.3,0.000625,1.0,1e-08,1e+18,False,False,False,False,12,1.1,15.0,13.584256761199134,6.710101266266818,91.50138090363842,82.86521681328716,study_results/v4p2_followups_20260806/pseudo65/gp_window_ensemble_20260806/runs/window_2p25eq2p5/draw_08/attempt_01/results_single.csv,1,1,1,1,single_attempt_outside_55_75MeV,False,,,,,,,window_2p25eq2p5,8
2021,0.163,0.003905737875,0.15421208978125,0.17178791021875,338899709.6922806,1.64,0.156594589885,0.169405410115,0.01281082023,0.0,1.0,8000,0.000125,True,7104.411481561527,4.176276345143401e-06,0.1972209847082827,0.8515894999292172,2679.601756891974,3155.1855898394847,True,tilde_q_mu,asymptotic,default,sidak_approx,observed,8.21**2 * RBF(length_scale=0.322),0.0260469092282431,0.3551851258396787,0.0961845867692335,0.3218165646688877,0.0236790083893119,67.42910680312845,1601.19687420382,388,183,205,416,28,0.04,0.3,0.000625,1.0,1e-08,1e+18,False,False,False,False,12,1.1,15.0,13.590795669220135,6.668883079677514,90.93931472287518,82.39584297983326,study_results/v4p2_followups_20260806/pseudo65/gp_window_ensemble_20260806/runs/window_2p25eq2p5/draw_08/attempt_01/results_single.csv,1,1,1,1,single_attempt_outside_55_75MeV,False,,,,,,,window_2p25eq2p5,8
2021,0.164,0.003932444,0.155152001,0.172847999,329984866.4340829,1.64,0.15755079184,0.17044920816,0.0128984163199999,0.0,1.0,8000,0.000125,True,6262.200719325554,3.7575869143050297e-06,0.3034799093794209,0.5144179405282321,1624.7030130077926,3137.3195909316114,True,tilde_q_mu,asymptotic,default,sidak_approx,observed,8.18**2 * RBF(length_scale=0.321),0.0260648868258862,0.3554302748984483,0.096250973448177,0.3214445747258269,0.0236953516598965,66.95102706412051,1596.3211021247173,387,184,203,416,29,0.04,0.3,0.000625,1.0,1e-08,1e+18,False,False,False,False,12,1.1,15.0,13.565722903781973,6.6281647814657285,90.38406520180536,81.74167889633695,study_results/v4p2_followups_20260806/pseudo65/gp_window_ensemble_20260806/runs/window_2p25eq2p5/draw_08/attempt_01/results_single.csv,1,1,1,1,single_attempt_outside_55_75MeV,False,,,,,,,window_2p25eq2p5,8
2021,0.165,0.003959321875,0.15609152578125,0.17390847421875,321257494.71634173,1.64,0.158506712125,0.171493287875,0.01298657575,0.0,1.0,8000,0.000125,True,5549.367741348069,3.399587430753511e-06,0.4086343402166535,0.2310593682763838,715.5361949425663,3093.1503440303045,True,tilde_q_mu,asymptotic,default,sidak_approx,observed,8.17**2 * RBF(length_scale=0.321),0.0260837643938859,0.3556876962802624,0.0963206834879114,0.32125535995989,0.0237125130853508,66.75440731541984,1601.736585630277,388,186,202,416,28,0.04,0.3,0.000625,1.0,1e-08,1e+18,False,False,False,False,12,1.1,15.0,13.547925468867993,6.587937333053001,89.83550908708638,81.1389854379773,study_results/v4p2_followups_20260806/pseudo65/gp_window_ensemble_20260806/runs/window_2p25eq2p5/draw_08/attempt_01/results_single.csv,1,1,1,1,single_attempt_outside_55_75MeV,False,,,,,,,window_2p25eq2p5,8
2021,0.166,0.0039863715,0.157030664125,0.174969335875,312800005.7109213,1.64,0.15946235074,0.17253764926,0.01307529852,0.0,1.0,8000,0.000125,True,4836.8859693862905,3.024899364173885e-06,0.4999513009912829,0.0001220703125,-377.2214857808146,3072.8623624879147,True,tilde_q_mu,asymptotic,default,sidak_approx,observed,8.2**2 * RBF(length_scale=0.322),0.0261035256163684,0.3559571674959338,0.09639365663808,0.321689467696393,0.0237304778330622,67.26420411151463,1598.8824329033816,387,187,200,416,29,0.04,0.3,0.000625,1.0,1e-08,1e+18,False,False,False,False,12,1.1,15.0,13.55596250355323,6.548191912461868,89.29352607902545,80.69731275582143,study_results/v4p2_followups_20260806/pseudo65/gp_window_ensemble_20260806/runs/window_2p25eq2p5/draw_08/attempt_01/results_single.csv,1,1,1,1,single_attempt_outside_55_75MeV,False,,,,,,,window_2p25eq2p5,8
2021,0.167,0.004013592875,0.15796941603125,0.17603058396875,304614329.32244956,1.64,0.160417707685,0.173582292315,0.0131645846299999,0.0,1.0,8000,0.000125,True,4200.41053014024,2.681296617969209e-06,0.5,0.0,-1679.8097433573637,3038.310600530069,True,tilde_q_mu,asymptotic,default,sidak_approx,observed,8.29**2 * RBF(length_scale=0.323),0.0261241545661564,0.3562384713566791,0.0964698340836822,0.3228451242916289,0.0237492314237786,68.70796181863611,1602.5852910775636,387,189,198,416,29,0.04,0.3,0.000625,1.0,1e-08,1e+18,False,False,False,False,12,1.1,15.0,13.593918831764151,6.508919907865958,88.7579987436267,80.43793537271239,study_results/v4p2_followups_20260806/pseudo65/gp_window_ensemble_20260806/runs/window_2p25eq2p5/draw_08/attempt_01/results_single.csv,1,1,1,1,single_attempt_outside_55_75MeV,False,,,,,,,window_2p25eq2p5,8
2021,0.168,0.004040986,0.1589077815,0.1770922185,296547392.151297,1.64,0.16137278296,0.17462721704,0.0132544340799999,0.0,1.0,8000,0.000125,True,3856.878458227974,2.5139259691731817e-06,0.5,0.0,-2580.434413745933,3004.414057002784,True,tilde_q_mu,asymptotic,default,sidak_approx,observed,8.29**2 * RBF(length_scale=0.323),0.0261456356932645,0.3565313958172433,0.0965491584025916,0.3229400564208091,0.0237687597211495,68.8065641947861,1602.723686103743,387,190,197,416,29,0.04,0.3,0.000625,1.0,1e-08,1e+18,False,False,False,False,12,1.1,15.0,13.586744121673942,6.470112911369777,88.22881242776968,79.91615324101816,study_results/v4p2_followups_20260806/pseudo65/gp_window_ensemble_20260806/runs/window_2p25eq2p5/draw_08/attempt_01/results_single.csv,1,1,1,1,single_attempt_outside_55_75MeV,False,,,,,,,window_2p25eq2p5,8
2021,0.169,0.004068550875,0.15984576053125,0.17815423946875,288615660.9608933,1.64,0.162327576565,0.175672423435,0.0133448468699999,0.0,1.0,8000,0.000125,True,3571.6709375923047,2.3778516934250447e-06,0.5,0.0,-3507.1446597283934,2971.3777306921843,True,tilde_q_mu,asymptotic,default,sidak_approx,observed,8.36**2 * RBF(length_scale=0.324),0.026167953813799,0.356835733824532,0.0966315735245651,0.323623725931048,0.0237890489216354,69.82950477353515,1603.498265093907,387,192,195,416,29,0.04,0.3,0.000625,1.0,1e-08,1e+18,False,False,False,False,12,1.1,15.0,13.603895094634126,6.431762713007495,87.70585517737493,79.54275020121212,study_results/v4p2_followups_20260806/pseudo65/gp_window_ensemble_20260806/runs/window_2p25eq2p5/draw_08/attempt_01/results_single.csv,1,1,1,1,single_attempt_outside_55_75MeV,False,,,,,,,window_2p25eq2p5,8
2021,0.17,0.0040962875,0.160783353125,0.179216646875,280901072.63455325,1.64,0.1632820885,0.1767179115,0.013435823,0.0,1.0,8000,0.000125,True,3455.566506377728,2.349832244859103e-06,0.5,0.0,-3917.544452607785,2952.843653936862,True,tilde_q_mu,asymptotic,default,sidak_approx,observed,8.29**2 * RBF(length_scale=0.323),0.026191094099248,0.3571512831715639,0.0967170246916933,0.3228386205118478,0.0238100855447709,68.67406498635486,1600.008745491968,386,193,193,416,30,0.04,0.3,0.000625,1.0,1e-08,1e+18,False,False,False,False,12,1.1,15.0,13.55890216794069,6.39386129495257,87.18901765844413,78.81249070331314,study_results/v4p2_followups_20260806/pseudo65/gp_window_ensemble_20260806/runs/window_2p25eq2p5/draw_08/attempt_01/results_single.csv,1,1,1,1,single_attempt_outside_55_75MeV,False,,,,,,,window_2p25eq2p5,8
2021,0.171,0.004124195875,0.16172055928125,0.18027944071875,273501986.67337126,1.64,0.164236318765,0.177763681235,0.01352736247,0.0,1.0,8000,0.000125,True,3326.8869948129263,2.3099435971279585e-06,0.5,0.0,-4250.155820718853,2909.396180934987,True,tilde_q_mu,asymptotic,default,sidak_approx,observed,8.27**2 * RBF(length_scale=0.323),0.0262150420661463,0.3574778463565409,0.0968054584202363,0.3226132023684154,0.0238318564237693,68.35434204006548,1605.5912251628276,387,195,192,416,29,0.04,0.3,0.000625,1.0,1e-08,1e+18,False,False,False,False,12,1.1,15.0,13.5370571487099,6.356400825929815,86.67819308086109,78.22451021883518,study_results/v4p2_followups_20260806/pseudo65/gp_window_ensemble_20260806/runs/window_2p25eq2p5/draw_08/attempt_01/results_single.csv,1,1,1,1,single_attempt_outside_55_75MeV,False,,,,,,,window_2p25eq2p5,8
2021,0.172,0.004152276,0.162657379,0.1813426209999999,266350991.61926585,1.64,0.1651902673599999,0.17880973264,0.01361946528,0.0,1.0,8000,0.000125,True,3190.617741816742,2.2615798859342327e-06,0.4999513009912829,0.0001220703125,-4850.074289511748,2888.6078183464515,True,tilde_q_mu,asymptotic,default,sidak_approx,observed,8.31**2 * RBF(length_scale=0.323),0.0262397835660971,0.3578152304467796,0.0968968224637768,0.3230914778055699,0.0238543486964519,69.0206469378354,1601.5361273266285,386,196,190,416,30,0.04,0.3,0.000625,1.0,1e-08,1e+18,False,False,False,False,12,1.1,15.0,13.544342875042554,6.31937365582085,86.17327712482977,77.81069413631704,study_results/v4p2_followups_20260806/pseudo65/gp_window_ensemble_20260806/runs/window_2p25eq2p5/draw_08/attempt_01/results_single.csv,1,1,1,1,single_attempt_outside_55_75MeV,False,,,,,,,window_2p25eq2p5,8
2021,0.173,0.004180527875,0.1635938122812499,0.18240618771875,259386988.21142492,1.64,0.166143934285,0.1798560657149999,0.0137121314299999,0.0,1.0,8000,0.000125,True,3155.8853324407273,2.2837409921341695e-06,0.4999513009912829,0.0001220703125,-4814.939457360348,2859.452919233842,True,tilde_q_mu,asymptotic,default,sidak_approx,observed,8.29**2 * RBF(length_scale=0.323),0.0262653047761392,0.3581632469473539,0.0969910657776472,0.3228698203570482,0.0238775497964902,68.69207299752559,1602.4785975818663,386,198,188,416,30,0.04,0.3,0.000625,1.0,1e-08,1e+18,False,False,False,False,12,1.1,15.0,13.521899152504607,6.282772310455958,85.67416786985397,77.23183052739438,study_results/v4p2_followups_20260806/pseudo65/gp_window_ensemble_20260806/runs/window_2p25eq2p5/draw_08/attempt_01/results_single.csv,1,1,1,1,single_attempt_outside_55_75MeV,False,,,,,,,window_2p25eq2p5,8
2021,0.174,0.0042089515,0.1645298591249999,0.183470140875,252502277.02987137,1.64,0.1670973195399999,0.18090268046,0.01380536092,0.0,1.0,8000,0.000125,True,3241.7816591466444,2.3960128106069297e-06,0.5,0.0,-4195.270417841708,2842.572541680405,True,tilde_q_mu,asymptotic,default,sidak_approx,observed,8.2**2 * RBF(length_scale=0.322),0.0262915921894454,0.3585217116742556,0.0970881384845824,0.3218761056769536,0.0239014474449503,67.3119411795162,1597.9264562250432,385,199,186,416,31,0.04,0.3,0.000625,1.0,1e-08,1e+18,False,False,False,False,12,1.1,15.0,13.46680390040378,6.246589486584821,85.18076572615664,76.47417787469244,study_results/v4p2_followups_20260806/pseudo65/gp_window_ensemble_20260806/runs/window_2p25eq2p5/draw_08/attempt_01/results_single.csv,1,1,1,1,single_attempt_outside_55_75MeV,False,,,,,,,window_2p25eq2p5,8
2021,0.175,0.0042375468749999,0.16546551953125,0.1845344804687499,245918579.9416027,1.64,0.168050423125,0.181949576875,0.01389915375,0.0,1.0,8000,0.000125,True,3379.146284637417,2.5497495511822334e-06,0.5,0.0,-3264.341186133793,2803.704862564602,True,tilde_q_mu,asymptotic,default,sidak_approx,observed,8.15**2 * RBF(length_scale=0.321),0.0263186326063351,0.358890444631843,0.0971879918415323,0.3211909008176696,0.0239260296421228,66.41652458156143,1603.4937133053213,386,201,185,416,30,0.04,0.3,0.000625,1.0,1e-08,1e+18,False,False,False,False,12,1.1,15.0,13.424329302518222,6.210818047018103,84.69297336842865,75.79642427381282,study_results/v4p2_followups_20260806/pseudo65/gp_window_ensemble_20260806/runs/window_2p25eq2p5/draw_08/attempt_01/results_single.csv,1,1,1,1,single_attempt_outside_55_75MeV,False,,,,,,,window_2p25eq2p5,8
2021,0.176,0.004266314,0.1664007934999999,0.1855992065,239463041.25493088,1.64,0.16900324504,0.1829967549599999,0.0139935099199999,0.0,1.0,8000,0.000125,True,3551.49431825341,2.736401908044072e-06,0.5,0.0,-2468.2396642939584,2784.06121032506,True,tilde_q_mu,asymptotic,default,sidak_approx,observed,8.2**2 * RBF(length_scale=0.322),0.0263464131255956,0.3592692698944855,0.0972905782076107,0.3217760524856113,0.0239512846596323,67.18820016540774,1599.769504298125,385,202,183,416,31,0.04,0.3,0.000625,1.0,1e-08,1e+18,False,False,False,False,12,1.1,15.0,13.434605160362633,6.175451015934506,84.21069567183416,75.4224964420367,study_results/v4p2_followups_20260806/pseudo65/gp_window_ensemble_20260806/runs/window_2p25eq2p5/draw_08/attempt_01/results_single.csv,1,1,1,1,single_attempt_outside_55_75MeV,False,,,,,,,window_2p25eq2p5,8
2021,0.177,0.004295252875,0.16733568103125,0.18666431896875,233151670.99112496,1.64,0.169955785285,0.184044214715,0.0140884294299999,0.0,1.0,8000,0.000125,True,3935.1392007766663,3.0964795982457004e-06,0.5,0.0,-1200.551635098387,2756.6431299499964,True,tilde_q_mu,asymptotic,default,sidak_approx,observed,8.19**2 * RBF(length_scale=0.322),0.026374921136093,0.359658015492178,0.0973958510131203,0.3216753211501958,0.0239772010328118,67.04712125634238,1600.1355186813705,385,204,181,416,31,0.04,0.3,0.000625,1.0,1e-08,1e+18,False,False,False,False,12,1.1,15.0,13.4158828926694,6.140481574345738,83.73383965016914,74.89089246001514,study_results/v4p2_followups_20260806/pseudo65/gp_window_ensemble_20260806/runs/window_2p25eq2p5/draw_08/attempt_01/results_single.csv,1,1,1,1,single_attempt_outside_55_75MeV,False,,,,,,,window_2p25eq2p5,8
2021,0.178,0.0043243635,0.168270182125,0.1877298178749999,227019370.79188985,1.64,0.17090804386,0.1850919561399999,0.0141839122799999,0.0,1.0,8000,0.000125,True,4654.574986561023,3.7403912761460928e-06,0.4627993660365312,0.0933837092779479,265.0414038184365,2728.776981640052,True,tilde_q_mu,asymptotic,default,sidak_approx,observed,8.15**2 * RBF(length_scale=0.321),0.0264041443086661,0.3600565132999933,0.0975037647296154,0.3211764576252771,0.0240037675533328,66.4017695646277,1599.885778655797,385,205,180,416,31,0.04,0.3,0.000625,1.0,1e-08,1e+18,False,False,False,False,12,1.1,15.0,13.380251950518586,6.105903055713559,83.26231439609397,74.27138297353521,study_results/v4p2_followups_20260806/pseudo65/gp_window_ensemble_20260806/runs/window_2p25eq2p5/draw_08/attempt_01/results_single.csv,1,1,1,1,single_attempt_outside_55_75MeV,False,,,,,,,window_2p25eq2p5,8
2021,0.179,0.004353645875,0.1692042967812499,0.18879570321875,220993245.42708975,1.64,0.1718600207649999,0.186139979235,0.01427995847,0.0,1.0,8000,0.000125,True,5440.445402079454,4.466037315970095e-06,0.2940514425506177,0.5415872384181148,1464.3481686105913,2703.2201652067506,True,tilde_q_mu,asymptotic,default,sidak_approx,observed,8.14**2 * RBF(length_scale=0.321),0.0264340705882899,0.3604645989312272,0.0976142748409662,0.3210927653170452,0.0240309732620818,66.30258789202568,1600.4422330293214,385,207,178,416,31,0.04,0.3,0.000625,1.0,1e-08,1e+18,False,False,False,False,12,1.1,15.0,13.36162134655169,6.0717089417131325,82.79603102336088,73.75261436876632,study_results/v4p2_followups_20260806/pseudo65/gp_window_ensemble_20260806/runs/window_2p25eq2p5/draw_08/attempt_01/results_single.csv,1,1,1,1,single_attempt_outside_55_75MeV,False,,,,,,,window_2p25eq2p5,8
2021,0.18,0.0043831,0.170138025,0.189861975,215155115.9948604,1.64,0.172811716,0.1871882839999999,0.0143765679999999,0.0,1.0,8000,0.000125,True,6256.415792009475,5.245916133634726e-06,0.1734466860517006,0.940632205124441,2528.512215881901,2687.223522872905,True,tilde_q_mu,asymptotic,default,sidak_approx,observed,8.14**2 * RBF(length_scale=0.321),0.0264646881865,0.360882111634091,0.0977273378153825,0.321071586579746,0.0240588074422727,66.27022181154571,1596.8437755593254,384,208,176,416,32,0.04,0.3,0.000625,1.0,1e-08,1e+18,False,False,False,False,12,1.1,15.0,13.345282693256207,6.037892858136936,82.33490261095821,73.25217005766373,study_results/v4p2_followups_20260806/pseudo65/gp_window_ensemble_20260806/runs/window_2p25eq2p5/draw_08/attempt_01/results_single.csv,1,1,1,1,single_attempt_outside_55_75MeV,False,,,,,,,window_2p25eq2p5,8
2021,0.181,0.004412725875,0.1710713667812499,0.19092863321875,209423665.4643851,1.64,0.173763129565,0.1882368704349999,0.0144737408699999,0.0,1.0,8000,0.000125,True,6934.573130190847,5.94066856023117e-06,0.1013221959696725,1.2740536819650623,3380.023324380887,2652.034690269747,True,tilde_q_mu,asymptotic,default,sidak_approx,observed,8.11**2 * RBF(length_scale=0.321),0.0264959855740647,0.3613088941917919,0.0978429110783556,0.3206206578824613,0.0240872596127861,65.70059938261315,1602.137575190884,385,210,175,416,31,0.04,0.3,0.000625,1.0,1e-08,1e+18,False,False,False,False,12,1.1,15.0,13.3107984484988,6.004448570933435,81.87884414909227,72.65818611097417,study_results/v4p2_followups_20260806/pseudo65/gp_window_ensemble_20260806/runs/window_2p25eq2p5/draw_08/attempt_01/results_single.csv,1,1,1,1,single_attempt_outside_55_75MeV,False,,,,,,,window_2p25eq2p5,8
2021,0.182,0.0044425235,0.172004322125,0.191995677875,203890389.41582435,1.64,0.17471426146,0.18928573854,0.01457147708,0.0,1.0,8000,0.000125,True,7110.209209881338,6.222059477474804e-06,0.0864762287300474,1.362778092579577,3596.675938949898,2636.8912791318576,True,tilde_q_mu,asymptotic,default,sidak_approx,observed,8.14**2 * RBF(length_scale=0.321),0.0265279514739,0.3617447928259099,0.0979609529864923,0.3210673749571525,0.0241163195217273,66.26281711442454,1597.7307972505887,384,211,173,416,32,0.04,0.3,0.000625,1.0,1e-08,1e+18,False,False,False,False,12,1.1,15.0,13.313282512611034,5.971369982376021,81.42777248694574,72.2713959660883,study_results/v4p2_followups_20260806/pseudo65/gp_window_ensemble_20260806/runs/window_2p25eq2p5/draw_08/attempt_01/results_single.csv,1,1,1,1,single_attempt_outside_55_75MeV,False,,,,,,,window_2p25eq2p5,8
2021,0.183,0.004472492875,0.1729368910312499,0.19306310896875,198621214.40460417,1.64,0.1756651116849999,0.190334888315,0.01466977663,0.0,1.0,8000,0.000125,True,6939.464405842228,6.199678261185075e-06,0.0941522196394155,1.3156115966168482,3442.106742072458,2613.433445142106,True,tilde_q_mu,asymptotic,default,sidak_approx,observed,8.16**2 * RBF(length_scale=0.321),0.0265605748542153,0.3621896571029359,0.098081422802206,0.321330399004171,0.0241459771401957,66.60489401043135,1598.4859520210043,384,213,171,416,32,0.04,0.3,0.000625,1.0,1e-08,1e+18,False,False,False,False,12,1.1,15.0,13.30782337523435,5.938651127357089,80.98160628214212,71.84592753636772,study_results/v4p2_followups_20260806/pseudo65/gp_window_ensemble_20260806/runs/window_2p25eq2p5/draw_08/attempt_01/results_single.csv,1,1,1,1,single_attempt_outside_55_75MeV,False,,,,,,,window_2p25eq2p5,8
2021,0.184,0.004502634,0.1738690735,0.1941309265,193360941.65798712,1.64,0.17661568024,0.19138431976,0.01476863952,0.0,1.0,8000,0.000125,True,6434.287252164031,5.872645590118957e-06,0.132817445855415,1.113171240741971,2894.378976155391,2598.9284464501948,True,tilde_q_mu,asymptotic,default,sidak_approx,observed,8.18**2 * RBF(length_scale=0.322),0.026593844921878,0.3626433398437911,0.0982042806692136,0.3215983541798345,0.0241762226562527,66.97146260157204,1596.8160090661545,383,214,169,416,33,0.04,0.3,0.000625,1.0,1e-08,1e+18,False,False,False,False,12,1.1,15.0,13.302258121644943,5.906286169801502,80.54026595183866,71.42449379181932,study_results/v4p2_followups_20260806/pseudo65/gp_window_ensemble_20260806/runs/window_2p25eq2p5/draw_08/attempt_01/results_single.csv,1,1,1,1,single_attempt_outside_55_75MeV,False,,,,,,,window_2p25eq2p5,8
2021,0.185,0.004532946875,0.1748008695312499,0.19519913046875,188216407.4390779,1.64,0.177565967125,0.192434032875,0.0148680657499999,0.0,1.0,8000,0.000125,True,5896.834164351796,5.499328063800526e-06,0.1827789558071591,0.9048253651066852,2318.7563709105766,2566.34698225916,True,tilde_q_mu,asymptotic,default,sidak_approx,observed,8.14**2 * RBF(length_scale=0.321),0.0266277511159985,0.3631056970363433,0.0983294875888454,0.3210228408524543,0.0242070464690895,66.21863188850809,1599.9762440623522,384,216,168,416,32,0.04,0.3,0.000625,1.0,1e-08,1e+18,False,False,False,False,12,1.1,15.0,13.261545197691698,5.874269399197075,80.10367362541467,70.81989921897207,study_results/v4p2_followups_20260806/pseudo65/gp_window_ensemble_20260806/runs/window_2p25eq2p5/draw_08/attempt_01/results_single.csv,1,1,1,1,single_attempt_outside_55_75MeV,False,,,,,,,window_2p25eq2p5,8
2021,0.186,0.0045634315,0.175732279125,0.196267720875,183203373.0638776,1.64,0.17851597234,0.19348402766,0.01496805532,0.0,1.0,8000,0.000125,True,5163.155348942123,4.920267386600035e-06,0.2904592070366717,0.5520436989454615,1410.0442885710695,2554.925896722385,True,tilde_q_mu,asymptotic,default,sidak_approx,observed,8.06**2 * RBF(length_scale=0.32),0.0266622831017154,0.3635765877506647,0.0984570053970965,0.3199285605268565,0.0242384391833776,64.89722279391029,1593.907339973634,383,217,166,416,33,0.04,0.3,0.000625,1.0,1e-08,1e+18,False,False,False,False,12,1.1,15.0,13.19922285863434,5.84259522723534,79.67175309866373,70.10701497915692,study_results/v4p2_followups_20260806/pseudo65/gp_window_ensemble_20260806/runs/window_2p25eq2p5/draw_08/attempt_01/results_single.csv,1,1,1,1,single_attempt_outside_55_75MeV,False,,,,,,,window_2p25eq2p5,8
2021,0.187,0.004594087875,0.17666330228125,0.19733669771875,178278504.14348978,1.64,0.179465695885,0.194534304115,0.01506860823,0.0,1.0,8000,0.000125,True,4427.9613779177125,4.3130367458825395e-06,0.4351992952478605,0.1631522129642935,413.1517408223794,2532.668072419848,True,tilde_q_mu,asymptotic,default,sidak_approx,observed,8.03**2 * RBF(length_scale=0.32),0.0266974307641825,0.3640558740570343,0.0985867967424219,0.3195652748738647,0.0242703916038022,64.45836413417148,1594.086746397937,383,219,164,416,33,0.04,0.3,0.000625,1.0,1e-08,1e+18,False,False,False,False,12,1.1,15.0,13.166877572086662,5.811258184560199,79.24442978945724,69.56011368717338,study_results/v4p2_followups_20260806/pseudo65/gp_window_ensemble_20260806/runs/window_2p25eq2p5/draw_08/attempt_01/results_single.csv,1,1,1,1,single_attempt_outside_55_75MeV,False,,,,,,,window_2p25eq2p5,8
2021,0.188,0.004624916,0.177593939,0.198406061,173567784.67781383,1.64,0.18041513776,0.19558486224,0.0151697244799999,0.0,1.0,8000,0.000125,True,3829.0155097851375,3.810483434024625e-06,0.5,0.0,-533.9192568198936,2507.1066129869996,True,tilde_q_mu,asymptotic,default,sidak_approx,observed,8.03**2 * RBF(length_scale=0.32),0.0267331842027451,0.3645434209465248,0.0987188250642313,0.3196314366005474,0.0243028947297683,64.4873824367062,1594.650755013276,383,220,163,416,33,0.04,0.3,0.000625,1.0,1e-08,1e+18,False,False,False,False,12,1.1,15.0,13.151990335086904,5.78025291761951,78.8216306948115,69.11075500626335,study_results/v4p2_followups_20260806/pseudo65/gp_window_ensemble_20260806/runs/window_2p25eq2p5/draw_08/attempt_01/results_single.csv,1,1,1,1,single_attempt_outside_55_75MeV,False,,,,,,,window_2p25eq2p5,8
2021,0.189,0.004655915875,0.17852418928125,0.19947581071875,168874228.16818193,1.64,0.181364297965,0.196635702035,0.0152714040699999,0.0,1.0,8000,0.000125,True,3477.3182546572566,3.5378480916706454e-06,0.5,0.0,-1254.2774224993182,2483.2188609208474,True,tilde_q_mu,asymptotic,default,sidak_approx,observed,8.06**2 * RBF(length_scale=0.32),0.0267695337253012,0.3650390962541072,0.0988530545720656,0.32008777656261,0.0243359397502738,65.04267258833816,1595.919654318,383,222,161,416,33,0.04,0.3,0.000625,1.0,1e-08,1e+18,False,False,False,False,12,1.1,15.0,13.152883342382887,5.749574185616315,78.40328434931338,68.74861684707953,study_results/v4p2_followups_20260806/pseudo65/gp_window_ensemble_20260806/runs/window_2p25eq2p5/draw_08/attempt_01/results_single.csv,1,1,1,1,single_attempt_outside_55_75MeV,False,,,,,,,window_2p25eq2p5,8
2021,0.19,0.0046870875,0.179454053125,0.200545946875,164378838.92039412,1.64,0.1823131765,0.1976868235,0.0153736469999999,0.0,1.0,8000,0.000125,True,3307.826198715486,3.4392448464015244e-06,0.5,0.0,-1658.8984076074028,2466.3637655863704,True,tilde_q_mu,asymptotic,default,sidak_approx,observed,8.14**2 * RBF(length_scale=0.321),0.0268064698428396,0.3655427705841774,0.0989894502254296,0.3209527775087897,0.0243695180389451,66.1868429174812,1592.590315357737,382,223,159,416,34,0.04,0.3,0.000625,1.0,1e-08,1e+18,False,False,False,False,12,1.1,15.0,13.17025543943348,5.719216857555929,77.98932078485358,68.47595175229601,study_results/v4p2_followups_20260806/pseudo65/gp_window_ensemble_20260806/runs/window_2p25eq2p5/draw_08/attempt_01/results_single.csv,1,1,1,1,single_attempt_outside_55_75MeV,False,,,,,,,window_2p25eq2p5,8
2021,0.191,0.004718430875,0.18038353053125,0.20161646946875,160024504.07567304,1.64,0.183261773365,0.198738226635,0.01547645327,0.0,1.0,8000,0.000125,True,3130.567771476171,3.326007121665594e-06,0.5,0.0,-2126.3003626635236,2444.741446673098,True,tilde_q_mu,asymptotic,default,sidak_approx,observed,8.07**2 * RBF(length_scale=0.32),0.026843983264149,0.3660543172383967,0.099127977714251,0.3201549826904327,0.0244036211492264,65.17260442490283,1593.8879799324827,382,225,157,416,34,0.04,0.3,0.000625,1.0,1e-08,1e+18,False,False,False,False,12,1.1,15.0,13.119158863051808,5.68917590938515,77.57967149161568,67.85200232279182,study_results/v4p2_followups_20260806/pseudo65/gp_window_ensemble_20260806/runs/window_2p25eq2p5/draw_08/attempt_01/results_single.csv,1,1,1,1,single_attempt_outside_55_75MeV,False,,,,,,,window_2p25eq2p5,8
2021,0.192,0.004749946,0.1813126215,0.2026873785,155718995.1526329,1.64,0.18421008856,0.19978991144,0.0155798228799999,0.0,1.0,8000,0.000125,True,3033.471200433138,3.2947083526492073e-06,0.5,0.0,-2338.262561008194,2419.0270314225177,True,tilde_q_mu,asymptotic,default,sidak_approx,observed,8.08**2 * RBF(length_scale=0.32),0.0268820648906906,0.3665736121457819,0.0992686034399486,0.3202638420925233,0.0244382408097187,65.33089416313533,1593.3285993026652,382,226,156,416,34,0.04,0.3,0.000625,1.0,1e-08,1e+18,False,False,False,False,12,1.1,15.0,13.10502849145992,5.659446421220509,77.17426938027965,67.42473326907786,study_results/v4p2_followups_20260806/pseudo65/gp_window_ensemble_20260806/runs/window_2p25eq2p5/draw_08/attempt_01/results_single.csv,1,1,1,1,single_attempt_outside_55_75MeV,False,,,,,,,window_2p25eq2p5,8
2021,0.193,0.004781632875,0.18224132603125,0.20375867396875,151601184.85939226,1.64,0.185158122085,0.200841877915,0.0156837558299999,0.0,1.0,8000,0.000125,True,3033.4432558106814,3.3666339047388446e-06,0.5,0.0,-2200.4938983900056,2394.2800044316377,True,tilde_q_mu,asymptotic,default,sidak_approx,observed,8.11**2 * RBF(length_scale=0.321),0.0269207058116312,0.3671005337949717,0.0994112944970904,0.3205771549205043,0.0244733689196647,65.74579748252822,1593.2187776815204,382,228,154,416,34,0.04,0.3,0.000625,1.0,1e-08,1e+18,False,False,False,False,12,1.1,15.0,13.099020244119924,5.630023574662507,76.77304874539782,67.04344798125146,study_results/v4p2_followups_20260806/pseudo65/gp_window_ensemble_20260806/runs/window_2p25eq2p5/draw_08/attempt_01/results_single.csv,1,1,1,1,single_attempt_outside_55_75MeV,False,,,,,,,window_2p25eq2p5,8
2021,0.194,0.0048134915,0.183169644125,0.204830355875,147523768.56605715,1.64,0.18610587394,0.20189412606,0.01578825212,0.0,1.0,8000,0.000125,True,3046.5626716679226,3.456736779641836e-06,0.5,0.0,-2071.3187053065426,2379.6604609715637,True,tilde_q_mu,asymptotic,default,sidak_approx,observed,8.07**2 * RBF(length_scale=0.32),0.0269598972990275,0.3676349631685571,0.0995560186556095,0.319990675177774,0.0245089975445704,65.08958100552766,1589.3733150670628,381,229,152,416,35,0.04,0.3,0.000625,1.0,1e-08,1e+18,False,False,False,False,12,1.1,15.0,13.056049093638354,5.600902650192177,76.37594522989332,66.47787269963476,study_results/v4p2_followups_20260806/pseudo65/gp_window_ensemble_20260806/runs/window_2p25eq2p5/draw_08/attempt_01/results_single.csv,1,1,1,1,single_attempt_outside_55_75MeV,False,,,,,,,window_2p25eq2p5,8
2021,0.195,0.004845521875,0.18409757578125,0.20590242421875,143578408.5209931,1.64,0.187053344125,0.202946655875,0.0158933117499999,0.0,1.0,8000,0.000125,True,3069.4229464477876,3.5600238792195663e-06,0.5,0.0,-1822.1724239811865,2346.194287699612,True,tilde_q_mu,asymptotic,default,sidak_approx,observed,8.05**2 * RBF(length_scale=0.32),0.0269996308031587,0.368176783679438,0.09970274434357,0.3196675948404032,0.0245451189119625,64.81630943000614,1593.420775968828,382,231,151,416,34,0.04,0.3,0.000625,1.0,1e-08,1e+18,False,False,False,False,12,1.1,15.0,13.023672689750423,5.572079024647637,75.9828957906496,65.97175765312238,study_results/v4p2_followups_20260806/pseudo65/gp_window_ensemble_20260806/runs/window_2p25eq2p5/draw_08/attempt_01/results_single.csv,1,1,1,1,single_attempt_outside_55_75MeV,False,,,,,,,window_2p25eq2p5,8
2021,0.196,0.004877724,0.185025121,0.206974879,139755894.5302579,1.64,0.18800053264,0.20399946736,0.01599893472,0.0,1.0,8000,0.000125,True,3212.3416671595305,3.8081622827986784e-06,0.4999655646006563,8.631674575031098e-05,-1310.666546675203,2328.8898045408446,True,tilde_q_mu,asymptotic,default,sidak_approx,observed,8.06**2 * RBF(length_scale=0.32),0.0270398979480013,0.3687258811091098,0.0998514406304547,0.3198840586432366,0.0245817254072739,65.03746773594183,1589.0307619608225,381,232,149,416,35,0.04,0.3,0.000625,1.0,1e-08,1e+18,False,False,False,False,12,1.1,15.0,13.01308404285484,5.543548168777362,75.59383866514584,65.5805983781035,study_results/v4p2_followups_20260806/pseudo65/gp_window_ensemble_20260806/runs/window_2p25eq2p5/draw_08/attempt_01/results_single.csv,1,1,1,1,single_attempt_outside_55_75MeV,False,,,,,,,window_2p25eq2p5,8
2021,0.197,0.004910097875,0.18595227978125,0.20804772021875,136004179.86803293,1.64,0.188947439485,0.205052560515,0.01610512103,0.0,1.0,8000,0.000125,True,3360.779411291602,4.073253580637057e-06,0.5,0.0,-830.8439437799174,2303.01859541203,True,tilde_q_mu,asymptotic,default,sidak_approx,observed,8.08**2 * RBF(length_scale=0.32),0.0270806905268411,0.3692821435478344,0.1000020772109632,0.3202056042180214,0.0246188095698556,65.3630201686155,1588.482966763392,381,234,147,416,35,0.04,0.3,0.000625,1.0,1e-08,1e+18,False,False,False,False,12,1.1,15.0,13.006542956898109,5.51530564486786,75.20871333910718,65.21369071854222,study_results/v4p2_followups_20260806/pseudo65/gp_window_ensemble_20260806/runs/window_2p25eq2p5/draw_08/attempt_01/results_single.csv,1,1,1,1,single_attempt_outside_55_75MeV,False,,,,,,,window_2p25eq2p5,8
2021,0.198,0.0049426435,0.186879052125,0.209120947875,132354320.73115931,1.64,0.18989406466,0.20610593534,0.01621187068,0.0,1.0,8000,0.000125,True,3584.892119342401,4.44214467862834e-06,0.5,0.0,-300.6111833656045,2283.9390173289453,True,tilde_q_mu,asymptotic,default,sidak_approx,observed,8.14**2 * RBF(length_scale=0.321),0.0271220004980165,0.3698454613365898,0.1001546243892919,0.3209584845024675,0.0246563640891059,66.2798546549188,1585.1084328785496,380,235,145,416,36,0.04,0.3,0.000625,1.0,1e-08,1e+18,False,False,False,False,12,1.1,15.0,13.01726740173657,5.487347104442508,74.82746051512511,64.93660416788455,study_results/v4p2_followups_20260806/pseudo65/gp_window_ensemble_20260806/runs/window_2p25eq2p5/draw_08/attempt_01/results_single.csv,1,1,1,1,single_attempt_outside_55_75MeV,False,,,,,,,window_2p25eq2p5,8
2021,0.199,0.004975360875,0.18780543803125,0.21019456196875,128788002.15036236,1.64,0.190840408165,0.207159591835,0.01631918367,0.0,1.0,8000,0.000125,True,3889.3740160957313,4.928005092374937e-06,0.4499329498199252,0.1258307507652035,283.60425454195763,2255.7204094322883,True,tilde_q_mu,asymptotic,default,sidak_approx,observed,8.21**2 * RBF(length_scale=0.322),0.0271638199807916,0.3704157270107955,0.100309053063895,0.3217777123831145,0.0246943818007197,67.34955185733224,1588.0585548547724,380,236,144,416,36,0.04,0.3,0.000625,1.0,1e-08,1e+18,False,False,False,False,12,1.1,15.0,13.030401610366958,5.459668286029939,74.45002208222643,64.67424584213992,study_results/v4p2_followups_20260806/pseudo65/gp_window_ensemble_20260806/runs/window_2p25eq2p5/draw_08/attempt_01/results_single.csv,1,1,1,1,single_attempt_outside_55_75MeV,False,,,,,,,window_2p25eq2p5,8
2021,0.2,0.00500825,0.1887314375,0.2112685625,125353032.55969112,1.64,0.19178647,0.20821353,0.0164270599999999,0.0,1.0,8000,0.000125,True,4026.560019543488,5.215419644420026e-06,0.4031818120285627,0.2451198623328905,547.4379179342513,2233.516425043084,True,tilde_q_mu,asymptotic,default,sidak_approx,observed,8.19**2 * RBF(length_scale=0.322),0.027206141251351,0.3709928352456959,0.1004653347126938,0.3215670816611232,0.0247328556830463,67.04326616534834,1588.982820271502,380,238,142,416,36,0.04,0.3,0.000625,1.0,1e-08,1e+18,False,False,False,False,12,1.1,15.0,13.001615574927218,5.432265012998759,74.0763410863467,64.20747400012442,study_results/v4p2_followups_20260806/pseudo65/gp_window_ensemble_20260806/runs/window_2p25eq2p5/draw_08/attempt_01/results_single.csv,1,1,1,1,single_attempt_outside_55_75MeV,False,,,,,,,window_2p25eq2p5,8
2021,0.201,0.005041310875,0.18965705053125,0.21234294946875,122019355.53382406,1.64,0.192732250165,0.209267749835,0.01653549967,0.0,1.0,8000,0.000125,True,4193.708383560115,5.552561347692444e-06,0.3543148364982775,0.3736971136299393,828.3966148505176,2217.3542660281723,True,tilde_q_mu,asymptotic,default,sidak_approx,observed,8.2**2 * RBF(length_scale=0.322),0.027248956738914,0.3715766828033728,0.1006234413787278,0.321676485102737,0.0247717788535581,67.17953473383966,1585.1066485117965,379,239,140,416,37,0.04,0.3,0.000625,1.0,1e-08,1e+18,False,False,False,False,12,1.1,15.0,12.985602972009891,5.405133191456678,73.70636170168197,63.80810330462649,study_results/v4p2_followups_20260806/pseudo65/gp_window_ensemble_20260806/runs/window_2p25eq2p5/draw_08/attempt_01/results_single.csv,1,1,1,1,single_attempt_outside_55_75MeV,False,,,,,,,window_2p25eq2p5,8
2021,0.202,0.0050745435,0.190582277125,0.213417722875,118808713.66471364,1.64,0.19367774866,0.21032225134,0.01664450268,0.0,1.0,8000,0.000125,True,4204.09742594252,5.688438021916641e-06,0.3390041684939593,0.4151824613687784,908.2355524341624,2188.724698611445,True,tilde_q_mu,asymptotic,default,sidak_approx,observed,8.14**2 * RBF(length_scale=0.321),0.0272922590219629,0.3721671684813132,0.100783345656227,0.3209229692990951,0.0248111445654208,66.21518098782968,1589.579403542652,380,241,139,416,36,0.04,0.3,0.000625,1.0,1e-08,1e+18,False,False,False,False,12,1.1,15.0,12.934629777070551,5.37826880821161,73.34002920288559,63.24174170525784,study_results/v4p2_followups_20260806/pseudo65/gp_window_ensemble_20260806/runs/window_2p25eq2p5/draw_08/attempt_01/results_single.csv,1,1,1,1,single_attempt_outside_55_75MeV,False,,,,,,,window_2p25eq2p5,8
2021,0.203,0.005107947875,0.19150711728125,0.21449288271875,115574322.00533302,1.64,0.194622965485,0.211377034515,0.0167540690299999,0.0,1.0,8000,0.000125,True,4507.554813967653,6.2388356678322465e-06,0.2691677366210881,0.615332023500734,1354.5126259392382,2172.23041732242,True,tilde_q_mu,asymptotic,default,sidak_approx,observed,8.2**2 * RBF(length_scale=0.322),0.0273360408245852,0.3727641930625258,0.1009450206771031,0.3217013556610154,0.0248509462041683,67.1977376696101,1585.4481554909544,379,242,137,416,37,0.04,0.3,0.000625,1.0,1e-08,1e+18,False,False,False,False,12,1.1,15.0,12.945235687124644,5.351667928793269,72.97728993809002,62.98054787041369,study_results/v4p2_followups_20260806/pseudo65/gp_window_ensemble_20260806/runs/window_2p25eq2p5/draw_08/attempt_01/results_single.csv,1,1,1,1,single_attempt_outside_55_75MeV,False,,,,,,,window_2p25eq2p5,8
2021,0.204,0.005141524,0.192431571,0.2155684289999999,112452833.18684237,1.64,0.19556790064,0.21243209936,0.01686419872,0.0,1.0,8000,0.000125,True,4877.808617822877,6.904688803341461e-06,0.1925659201478011,0.8684795909041763,1865.8961298586512,2150.229320906451,True,tilde_q_mu,asymptotic,default,sidak_approx,observed,8.26**2 * RBF(length_scale=0.322),0.0273802950129184,0.3733676592670698,0.1011084400978236,0.322421383534568,0.0248911772844713,68.19181362143841,1587.7659846853453,379,244,135,416,37,0.04,0.3,0.000625,1.0,1e-08,1e+18,False,False,False,False,12,1.1,15.0,12.953239609751796,5.325326695531998,72.61809130270905,62.70930244312155,study_results/v4p2_followups_20260806/pseudo65/gp_window_ensemble_20260806/runs/window_2p25eq2p5/draw_08/attempt_01/results_single.csv,1,1,1,1,single_attempt_outside_55_75MeV,False,,,,,,,window_2p25eq2p5,8
2021,0.205,0.005175271875,0.19335563828125,0.2166443617187499,109447447.25856656,1.64,0.196512554125,0.213487445875,0.01697489175,0.0,1.0,8000,0.000125,True,5123.704962232574,7.415569990675496e-06,0.15292182968319,1.0239822488548656,2186.5822296818424,2136.676806498088,True,tilde_q_mu,asymptotic,default,sidak_approx,observed,8.27**2 * RBF(length_scale=0.323),0.0274250145917023,0.3739774717050326,0.1012735780866781,0.3225377553491636,0.0249318314470021,68.35187867375474,1586.515403356094,378,245,133,416,38,0.04,0.3,0.000625,1.0,1e-08,1e+18,False,False,False,False,12,1.1,15.0,12.936785491863487,5.2992413256941004,72.26238171401046,62.322862091020795,study_results/v4p2_followups_20260806/pseudo65/gp_window_ensemble_20260806/runs/window_2p25eq2p5/draw_08/attempt_01/results_single.csv,1,1,1,1,single_attempt_outside_55_75MeV,False,,,,,,,window_2p25eq2p5,8
2021,0.206,0.0052091915,0.194279319125,0.217720680875,106491864.68179588,1.64,0.19745692594,0.2145430740599999,0.0170861481199999,0.0,1.0,8000,0.000125,True,5353.297024687534,7.924239821616488e-06,0.1177004965007292,1.1865605791974037,2501.624301941213,2108.6551061663795,True,tilde_q_mu,asymptotic,default,sidak_approx,observed,8.29**2 * RBF(length_scale=0.323),0.0274701927009294,0.3745935368308561,0.1014404093114096,0.3228501123989717,0.0249729024553904,68.78418941899203,1588.9900661712386,379,247,132,416,37,0.04,0.3,0.000625,1.0,1e-08,1e+18,False,False,False,False,12,1.1,15.0,12.928017196867096,5.273408109671041,71.91011058642329,61.977009752659654,study_results/v4p2_followups_20260806/pseudo65/gp_window_ensemble_20260806/runs/window_2p25eq2p5/draw_08/attempt_01/results_single.csv,1,1,1,1,single_attempt_outside_55_75MeV,False,,,,,,,window_2p25eq2p5,8
2021,0.207,0.005243282875,0.1952026135312499,0.21879738646875,103594993.30477582,1.64,0.198401016085,0.215598983915,0.0171979678299999,0.0,1.0,8000,0.000125,True,5470.309664005392,8.283668705865095e-06,0.1028079103892272,1.2657130881843266,2653.881206712184,2097.654490263558,True,tilde_q_mu,asymptotic,default,sidak_approx,observed,8.27**2 * RBF(length_scale=0.323),0.0275158226125923,0.375215762898986,0.1016089089272047,0.3225683814897449,0.0250143841932657,68.38253289558006,1584.7777969616195,378,248,130,416,38,0.04,0.3,0.000625,1.0,1e-08,1e+18,False,False,False,False,12,1.1,15.0,12.895315711053378,5.247823409220947,71.56122830755837,61.52030877978234,study_results/v4p2_followups_20260806/pseudo65/gp_window_ensemble_20260806/runs/window_2p25eq2p5/draw_08/attempt_01/results_single.csv,1,1,1,1,single_attempt_outside_55_75MeV,False,,,,,,,window_2p25eq2p5,8
2021,0.208,0.005277546,0.1961255214999999,0.2198744785,100755569.91566654,1.64,0.19934482456,0.21665517544,0.0173103508799999,0.0,1.0,8000,0.000125,True,5548.175910596609,8.596818257302836e-06,0.0913526350372527,1.332471592964452,2770.5877809053354,2079.650563541097,True,tilde_q_mu,asymptotic,default,sidak_approx,observed,8.31**2 * RBF(length_scale=0.323),0.0275618977275242,0.3758440599207857,0.1017790525650254,0.3229823017498143,0.0250562706613857,69.01676639905715,1585.4750856055036,378,250,128,416,38,0.04,0.3,0.000625,1.0,1e-08,1e+18,False,False,False,False,12,1.1,15.0,12.89027829059826,5.222483655760516,71.21568621491612,61.19933426441273,study_results/v4p2_followups_20260806/pseudo65/gp_window_ensemble_20260806/runs/window_2p25eq2p5/draw_08/attempt_01/results_single.csv,1,1,1,1,single_attempt_outside_55_75MeV,False,,,,,,,window_2p25eq2p5,8
2021,0.209,0.005311980875,0.1970480430312499,0.22095195696875,97975291.24730824,1.64,0.200288351365,0.2177116486349999,0.0174232972699999,0.0,1.0,8000,0.000125,True,5581.897033986272,8.851948811039263e-06,0.0859287764417558,1.3662594206512255,2826.038632209135,2068.6839934226264,True,tilde_q_mu,asymptotic,default,sidak_approx,observed,8.31**2 * RBF(length_scale=0.323),0.0276084115723308,0.3764783396226934,0.101950816320278,0.3230536903588361,0.0250985559748462,69.07266621996206,1581.7046208904765,377,251,126,416,39,0.04,0.3,0.000625,1.0,1e-08,1e+18,False,False,False,False,12,1.1,15.0,12.87140545785186,5.197385348705882,70.87343657326201,60.81604922172015,study_results/v4p2_followups_20260806/pseudo65/gp_window_ensemble_20260806/runs/window_2p25eq2p5/draw_08/attempt_01/results_single.csv,1,1,1,1,single_attempt_outside_55_75MeV,False,,,,,,,window_2p25eq2p5,8
2021,0.21,0.0053465875,0.197970178125,0.2220298218749999,95309478.67396852,1.64,0.2012315965,0.2187684034999999,0.0175368069999999,0.0,1.0,8000,0.000125,True,5282.167868960723,8.569919300920516e-06,0.1081084348342931,1.236650482144233,2529.6320137594453,2045.4525707139812,True,tilde_q_mu,asymptotic,default,sidak_approx,observed,8.26**2 * RBF(length_scale=0.322),0.0276553577964078,0.3771185154055612,0.1021241767418025,0.3224636639435335,0.0251412343603707,68.25718443073812,1586.580994690614,378,253,125,416,38,0.04,0.3,0.000625,1.0,1e-08,1e+18,False,False,False,False,12,1.1,15.0,12.8260871889338,5.172525053860584,70.53443255264432,60.312052116145765,study_results/v4p2_followups_20260806/pseudo65/gp_window_ensemble_20260806/runs/window_2p25eq2p5/draw_08/attempt_01/results_single.csv,1,1,1,1,single_attempt_outside_55_75MeV,False,,,,,,,window_2p25eq2p5,8
2021,0.211,0.005381365875,0.19889192678125,0.2231080732187499,92716703.49811862,1.64,0.202174559965,0.2198254400349999,0.0176508800699999,0.0,1.0,8000,0.000125,True,4886.342766708583,8.110794784585425e-06,0.1529084012746767,1.0240391098706132,2086.3407780337693,2037.5348698242835,True,tilde_q_mu,asymptotic,default,sidak_approx,observed,8.19**2 * RBF(length_scale=0.322),0.0277027301690448,0.3777645023051568,0.1022991108211761,0.3216030775129872,0.0251843001536771,67.08204033470706,1580.4291689782992,377,254,123,416,39,0.04,0.3,0.000625,1.0,1e-08,1e+18,False,False,False,False,12,1.1,15.0,12.769982709486984,5.147899401849318,70.19862820703615,59.76235122890379,study_results/v4p2_followups_20260806/pseudo65/gp_window_ensemble_20260806/runs/window_2p25eq2p5/draw_08/attempt_01/results_single.csv,1,1,1,1,single_attempt_outside_55_75MeV,False,,,,,,,window_2p25eq2p5,8
2021,0.212,0.005416316,0.199813289,0.2241867109999999,90185144.73372865,1.64,0.2031172417599999,0.22088275824,0.01776551648,0.0,1.0,8000,0.000125,True,4557.528917985477,7.740668832318868e-06,0.1974370361147636,0.8508115002917631,1720.1175740193153,2021.7064201467435,True,tilde_q_mu,asymptotic,default,sidak_approx,observed,8.19**2 * RBF(length_scale=0.322),0.0277505225766093,0.3784162169537641,0.1024755959823144,0.3215896721178327,0.0252277477969176,67.06924535414834,1580.796674134809,377,256,121,416,39,0.04,0.3,0.000625,1.0,1e-08,1e+18,False,False,False,False,12,1.1,15.0,12.747458659671768,5.123505086595644,69.86597845357696,59.37424480363271,study_results/v4p2_followups_20260806/pseudo65/gp_window_ensemble_20260806/runs/window_2p25eq2p5/draw_08/attempt_01/results_single.csv,1,1,1,1,single_attempt_outside_55_75MeV,False,,,,,,,window_2p25eq2p5,8
2021,0.213,0.005451437875,0.20073426478125,0.2252657352187499,87692400.078589,1.64,0.204059641885,0.2219403581149999,0.0178807162299999,0.0,1.0,8000,0.000125,True,4135.5776525147185,7.1897624563848625e-06,0.2711479166024692,0.6093449279505359,1218.2535347318155,2004.634166460061,True,tilde_q_mu,asymptotic,default,sidak_approx,observed,8.14**2 * RBF(length_scale=0.321),0.0277987290198092,0.3790735775428533,0.1026536100713629,0.3210305647102072,0.0252715718361902,66.32677593023585,1579.839826512203,377,257,120,416,39,0.04,0.3,0.000625,1.0,1e-08,1e+18,False,False,False,False,12,1.1,15.0,12.703229019196764,5.0993388638422745,69.53643905239464,58.88915403079912,study_results/v4p2_followups_20260806/pseudo65/gp_window_ensemble_20260806/runs/window_2p25eq2p5/draw_08/attempt_01/results_single.csv,1,1,1,1,single_attempt_outside_55_75MeV,False,,,,,,,window_2p25eq2p5,8
2021,0.214,0.0054867315,0.201654854125,0.226345145875,85297275.72952412,1.64,0.20500176034,0.2229982396599999,0.0179964793199999,0.0,1.0,8000,0.000125,True,3779.8940382022647,6.724354695296958e-06,0.3486366769682667,0.3890037748912404,773.1228527530598,1987.08503183136,True,tilde_q_mu,asymptotic,default,sidak_approx,observed,8.22**2 * RBF(length_scale=0.322),0.0278473436110351,0.3797365037868427,0.1028331313468833,0.3219650883491488,0.0253157669191228,67.59561333547073,1578.912800453323,377,259,118,416,39,0.04,0.3,0.000625,1.0,1e-08,1e+18,False,False,False,False,12,1.1,15.0,12.717967003636184,5.075397549713366,69.20996658700044,58.68067142508228,study_results/v4p2_followups_20260806/pseudo65/gp_window_ensemble_20260806/runs/window_2p25eq2p5/draw_08/attempt_01/results_single.csv,1,1,1,1,single_attempt_outside_55_75MeV,False,,,,,,,window_2p25eq2p5,8
2021,0.215,0.005522196875,0.20257505703125,0.22742494296875,82936171.06195708,1.64,0.205943597125,0.224056402875,0.01811280575,0.0,1.0,8000,0.000125,True,3247.783831107993,5.914589340151428e-06,0.5,0.0,-7.829306674953253,1977.0629518503113,True,tilde_q_mu,asymptotic,default,sidak_approx,observed,8.24**2 * RBF(length_scale=0.322),0.0278963605717713,0.380404916887791,0.1030141384702921,0.3220961358782383,0.0253603277925194,67.89991050528019,1576.180176169862,376,260,116,416,40,0.04,0.3,0.000625,1.0,1e-08,1e+18,False,False,False,False,12,1.1,15.0,12.700787565263562,5.051678019315698,68.88651844521407,58.32753579221826,study_results/v4p2_followups_20260806/pseudo65/gp_window_ensemble_20260806/runs/window_2p25eq2p5/draw_08/attempt_01/results_single.csv,1,1,1,1,single_attempt_outside_55_75MeV,False,,,,,,,window_2p25eq2p5,8
2021,0.216,0.0055578339999999,0.2034948735,0.2285051265,80666190.61149085,1.64,0.20688515224,0.22511484776,0.0182296955199999,0.0,1.0,8000,0.000125,True,2856.132588648569,5.32295735989342e-06,0.5,0.0,-718.0125712511557,1960.7783205677017,True,tilde_q_mu,asymptotic,default,sidak_approx,observed,8.23**2 * RBF(length_scale=0.322),0.0279457742300831,0.3810787395011339,0.1031966104965824,0.3219405127446709,0.0254052493000755,67.74182534832208,1577.2073538462862,376,262,114,416,40,0.04,0.3,0.000625,1.0,1e-08,1e+18,False,False,False,False,12,1.1,15.0,12.672204430747822,5.028177205379499,68.56605280062952,57.92553587326843,study_results/v4p2_followups_20260806/pseudo65/gp_window_ensemble_20260806/runs/window_2p25eq2p5/draw_08/attempt_01/results_single.csv,1,1,1,1,single_attempt_outside_55_75MeV,False,,,,,,,window_2p25eq2p5,8
2021,0.217,0.005593642875,0.20441430353125,0.22958569646875,78431109.94118327,1.64,0.207826425685,0.226173574315,0.0183471486299999,0.0,1.0,8000,0.000125,True,2641.0692581250523,5.039084222959704e-06,0.5,0.0,-1194.6476787344911,1941.6053766800549,True,tilde_q_mu,asymptotic,default,sidak_approx,observed,8.21**2 * RBF(length_scale=0.322),0.0279955790181704,0.3817578957023249,0.1033805268652899,0.3217657443247241,0.0254505263801549,67.37347068595435,1578.6895547004808,376,263,113,416,40,0.04,0.3,0.000625,1.0,1e-08,1e+18,False,False,False,False,12,1.1,15.0,12.642793297022749,5.0048920969361115,68.24852859458333,57.523469323150906,study_results/v4p2_followups_20260806/pseudo65/gp_window_ensemble_20260806/runs/window_2p25eq2p5/draw_08/attempt_01/results_single.csv,1,1,1,1,single_attempt_outside_55_75MeV,False,,,,,,,window_2p25eq2p5,8
2021,0.218,0.0056296235,0.205333347125,0.230666652875,76236851.52538474,1.64,0.20876741746,0.22723258254,0.01846516508,0.0,1.0,8000,0.000125,True,2476.6709389342022,4.839124374188219e-06,0.5,0.0,-1625.909582404396,1923.5810986811668,True,tilde_q_mu,asymptotic,default,sidak_approx,observed,8.22**2 * RBF(length_scale=0.322),0.0280457694699898,0.3824423109544073,0.103565867391711,0.3218790426155665,0.0254961540636271,67.5231855848125,1578.8913654462797,376,265,111,416,40,0.04,0.3,0.000625,1.0,1e-08,1e+18,False,False,False,False,12,1.1,15.0,12.62461161053147,4.981819738032192,67.93390551862079,57.17594482394187,study_results/v4p2_followups_20260806/pseudo65/gp_window_ensemble_20260806/runs/window_2p25eq2p5/draw_08/attempt_01/results_single.csv,1,1,1,1,single_attempt_outside_55_75MeV,False,,,,,,,window_2p25eq2p5,8
2021,0.219,0.005665775875,0.20625200428125,0.23174799571875,74103158.47642389,1.64,0.209708127565,0.228291872435,0.0185837448699999,0.0,1.0,8000,0.000125,True,2317.437814583169,4.637107641126029e-06,0.5,0.0,-2164.130683845743,1910.9219024090585,True,tilde_q_mu,asymptotic,default,sidak_approx,observed,8.25**2 * RBF(length_scale=0.322),0.0280963402189413,0.3831319120764731,0.1037526122583625,0.3222153196842465,0.0255421274717648,68.13476719015324,1576.0967577816534,375,266,109,416,41,0.04,0.3,0.000625,1.0,1e-08,1e+18,False,False,False,False,12,1.1,15.0,12.615054092124243,4.958957226478954,67.62214399744026,56.870466956874914,study_results/v4p2_followups_20260806/pseudo65/gp_window_ensemble_20260806/runs/window_2p25eq2p5/draw_08/attempt_01/results_single.csv,1,1,1,1,single_attempt_outside_55_75MeV,False,,,,,,,window_2p25eq2p5,8
2021,0.22,0.0057021,0.207170275,0.232829725,72056230.15568508,1.64,0.210648556,0.229351444,0.018702888,0.0,1.0,8000,0.000125,True,2271.454919720198,4.652965435007085e-06,0.4999655646006563,8.631674575031098e-05,-2284.1251808337374,1898.4639635430835,True,tilde_q_mu,asymptotic,default,sidak_approx,observed,8.19**2 * RBF(length_scale=0.321),0.0281472859956161,0.3838266272129476,0.1039407420066625,0.321489427200941,0.0255884418141965,67.00145627281753,1574.3543977300544,374,267,107,416,42,0.04,0.3,0.000625,1.0,1e-08,1e+18,False,False,False,False,12,1.1,15.0,12.563853224645284,4.936301712635021,67.31320517229574,56.380881991010504,study_results/v4p2_followups_20260806/pseudo65/gp_window_ensemble_20260806/runs/window_2p25eq2p5/draw_08/attempt_01/results_single.csv,1,1,1,1,single_attempt_outside_55_75MeV,False,,,,,,,window_2p25eq2p5,8
2021,0.221,0.005738595875,0.20808815928125,0.23391184071875,70072537.02592257,1.64,0.211588702765,0.230411297235,0.01882259447,0.0,1.0,8000,0.000125,True,2194.8643525795933,4.602433177360513e-06,0.5,0.0,-2455.57829356146,1871.2248954689264,True,tilde_q_mu,asymptotic,default,sidak_approx,observed,8.21**2 * RBF(length_scale=0.322),0.0281986016256085,0.3845263858037528,0.1041302375288517,0.3217383094996869,0.0256350923869168,67.39105033526418,1579.8053159561491,375,269,106,416,41,0.04,0.3,0.000625,1.0,1e-08,1e+18,False,False,False,False,12,1.1,15.0,12.550698263287302,4.913850398222813,67.00705088485654,56.065685144571525,study_results/v4p2_followups_20260806/pseudo65/gp_window_ensemble_20260806/runs/window_2p25eq2p5/draw_08/attempt_01/results_single.csv,1,1,1,1,single_attempt_outside_55_75MeV,False,,,,,,,window_2p25eq2p5,8
2021,0.222,0.0057752635,0.209005657125,0.234994342875,68109664.16035153,1.64,0.21252856786,0.23147143214,0.01894286428,0.0,1.0,8000,0.000125,True,2139.3503968124214,4.5945198349456026e-06,0.5,0.0,-2625.5919265624675,1856.401873845187,True,tilde_q_mu,asymptotic,default,sidak_approx,observed,8.26**2 * RBF(length_scale=0.322),0.0282502820273846,0.3852311185552448,0.1043210800601226,0.322186680888974,0.0256820745703496,68.2643165078277,1578.1666797280643,374,270,104,416,42,0.04,0.3,0.000625,1.0,1e-08,1e+18,False,False,False,False,12,1.1,15.0,12.545196845621788,4.891600535176381,66.7036436614961,55.78735600357871,study_results/v4p2_followups_20260806/pseudo65/gp_window_ensemble_20260806/runs/window_2p25eq2p5/draw_08/attempt_01/results_single.csv,1,1,1,1,single_attempt_outside_55_75MeV,False,,,,,,,window_2p25eq2p5,8
2021,0.223,0.005812102875,0.20992276853125,0.23607723146875,66214738.059975564,1.64,0.213468151285,0.232531848715,0.01906369743,0.0,1.0,8000,0.000125,True,2129.243408460873,4.682585383008129e-06,0.5,0.0,-2542.57985414944,1837.5994001944275,True,tilde_q_mu,asymptotic,default,sidak_approx,observed,8.23**2 * RBF(length_scale=0.322),0.0283023222102076,0.3859407574119222,0.1045132511709582,0.3217016641571937,0.0257293838274614,67.74253760307789,1576.6988519839572,374,272,102,416,42,0.04,0.3,0.000625,1.0,1e-08,1e+18,False,False,False,False,12,1.1,15.0,12.503278986954795,4.869549424520059,66.40294669800079,55.35030454139951,study_results/v4p2_followups_20260806/pseudo65/gp_window_ensemble_20260806/runs/window_2p25eq2p5/draw_08/attempt_01/results_single.csv,1,1,1,1,single_attempt_outside_55_75MeV,False,,,,,,,window_2p25eq2p5,8
2021,0.224,0.005849114,0.2108394935,0.2371605065,64362913.74671155,1.64,0.21440745304,0.23359254696,0.01918509392,0.0,1.0,8000,0.000125,True,2148.4396826329657,4.839041787509456e-06,0.5,0.0,-2286.265448951688,1814.2178820983445,True,tilde_q_mu,asymptotic,default,sidak_approx,observed,8.24**2 * RBF(length_scale=0.322),0.0283547172721207,0.3866552355289188,0.1047067327596833,0.3219107841305311,0.0257770157019279,67.96625027148306,1576.4161860232489,374,273,101,416,42,0.04,0.3,0.000625,1.0,1e-08,1e+18,False,False,False,False,12,1.1,15.0,12.488287544723605,4.847694415277375,66.10492384469147,55.03581980630419,study_results/v4p2_followups_20260806/pseudo65/gp_window_ensemble_20260806/runs/window_2p25eq2p5/draw_08/attempt_01/results_single.csv,1,1,1,1,single_attempt_outside_55_75MeV,False,,,,,,,window_2p25eq2p5,8
2021,0.225,0.005886296875,0.21175583203125,0.23824416796875,62544678.25081808,1.64,0.215346473125,0.234653526875,0.01930705375,0.0,1.0,8000,0.000125,True,2219.7073963832354,5.122037696422772e-06,0.5,0.0,-1852.3353257250233,1793.8995198534667,True,tilde_q_mu,asymptotic,default,sidak_approx,observed,8.21**2 * RBF(length_scale=0.322),0.0284074623979809,0.3873744872451945,0.1049015070452041,0.3216157006026036,0.0258249658163463,67.3345065950456,1576.7651645369567,374,275,99,416,42,0.04,0.3,0.000625,1.0,1e-08,1e+18,False,False,False,False,12,1.1,15.0,12.45367381663801,4.82603290340855,65.80953959193478,54.6380360067387,study_results/v4p2_followups_20260806/pseudo65/gp_window_ensemble_20260806/runs/window_2p25eq2p5/draw_08/attempt_01/results_single.csv,1,1,1,1,single_attempt_outside_55_75MeV,False,,,,,,,window_2p25eq2p5,8
2021,0.226,0.0059236515,0.212671784125,0.239328215875,60771554.15297639,1.64,0.21628521154,0.23571478846,0.01942957692,0.0,1.0,8000,0.000125,True,2260.0808429093877,5.343614430615054e-06,0.499975650495596,6.103515625e-05,-1609.8582514996694,1778.3839243288917,True,tilde_q_mu,asymptotic,default,sidak_approx,observed,8.23**2 * RBF(length_scale=0.322),0.0284605528575465,0.3880984480574534,0.1050975565599455,0.3218785959564129,0.0258732298704968,67.79094752182398,1573.829661509043,373,276,97,416,43,0.04,0.3,0.000625,1.0,1e-08,1e+18,False,False,False,False,12,1.1,15.0,12.440603572399336,4.804562330776309,65.51675905604058,54.337868450973666,study_results/v4p2_followups_20260806/pseudo65/gp_window_ensemble_20260806/runs/window_2p25eq2p5/draw_08/attempt_01/results_single.csv,1,1,1,1,single_attempt_outside_55_75MeV,False,,,,,,,window_2p25eq2p5,8
2021,0.227,0.005961177875,0.21358734978125,0.24041265021875,59077484.03982016,1.64,0.217223668285,0.236776331715,0.01955266343,0.0,1.0,8000,0.000125,True,2289.3092794738013,5.543404141697374e-06,0.5,0.0,-1397.818250585837,1757.4829123337645,True,tilde_q_mu,asymptotic,default,sidak_approx,observed,8.27**2 * RBF(length_scale=0.322),0.0285139840036164,0.3888270545947703,0.1052948641429799,0.3222973024458931,0.0259218036396513,68.45321044076167,1574.9029769248646,373,278,95,416,43,0.04,0.3,0.000625,1.0,1e-08,1e+18,False,False,False,False,12,1.1,15.0,12.43344432842205,4.783280184139193,65.22654796553445,54.066043524308206,study_results/v4p2_followups_20260806/pseudo65/gp_window_ensemble_20260806/runs/window_2p25eq2p5/draw_08/attempt_01/results_single.csv,1,1,1,1,single_attempt_outside_55_75MeV,False,,,,,,,window_2p25eq2p5,8
2021,0.228,0.005998876,0.214502529,0.241497471,57436780.43420136,1.64,0.21816184336,0.23783815664,0.01967631328,0.0,1.0,8000,0.000125,True,2349.7196364614174,5.826544039497137e-06,0.499975650495596,6.103515625e-05,-1105.61494451695,1736.1266874289197,True,tilde_q_mu,asymptotic,default,sidak_approx,observed,8.27**2 * RBF(length_scale=0.322),0.0285677512702127,0.3895602445938106,0.1054934129333165,0.3222490740617987,0.0259706829729207,68.40724700137807,1575.2007985652062,373,279,94,416,43,0.04,0.3,0.000625,1.0,1e-08,1e+18,False,False,False,False,12,1.1,15.0,12.408186353736005,4.762183994170372,64.9388726477778,53.71824222767711,study_results/v4p2_followups_20260806/pseudo65/gp_window_ensemble_20260806/runs/window_2p25eq2p5/draw_08/attempt_01/results_single.csv,1,1,1,1,single_attempt_outside_55_75MeV,False,,,,,,,window_2p25eq2p5,8
2021,0.229,0.006036745875,0.21541732178125,0.24258267821875,55831675.293223605,1.64,0.219099736765,0.238900263235,0.01980052647,0.0,1.0,8000,0.000125,True,2432.9818267838796,6.179347875278466e-06,0.5,0.0,-799.6311122307479,1717.7522684500325,True,tilde_q_mu,asymptotic,default,sidak_approx,observed,8.27**2 * RBF(length_scale=0.322),0.0286218501708174,0.3902979568747833,0.1056931863633896,0.3221766507984497,0.0260198637916522,68.42284037976758,1575.267320132893,373,281,92,416,43,0.04,0.3,0.000625,1.0,1e-08,1e+18,False,False,False,False,12,1.1,15.0,12.381949935564672,4.741271334503118,64.6537000159516,53.36925844976864,study_results/v4p2_followups_20260806/pseudo65/gp_window_ensemble_20260806/runs/window_2p25eq2p5/draw_08/attempt_01/results_single.csv,1,1,1,1,single_attempt_outside_55_75MeV,False,,,,,,,window_2p25eq2p5,8
2021,0.23,0.0060747875,0.216331728125,0.243668271875,54262302.35414737,1.64,0.2200373485,0.2399626515,0.019925303,0.0,1.0,8000,0.000125,True,2434.516807418625,6.334416945947289e-06,0.499975650495596,6.103515625e-05,-743.3932282302819,1704.0765445021457,True,tilde_q_mu,asymptotic,default,sidak_approx,observed,8.35**2 * RBF(length_scale=0.323),0.0286762762966508,0.3910401313179656,0.1058941681527014,0.322876581213053,0.0260693420878643,69.72215180852974,1573.0992546510483,372,282,90,416,44,0.04,0.3,0.000625,1.0,1e-08,1e+18,False,False,False,False,12,1.1,15.0,12.385298413931066,4.720539820800449,64.37099755636976,53.15026759587113,study_results/v4p2_followups_20260806/pseudo65/gp_window_ensemble_20260806/runs/window_2p25eq2p5/draw_08/attempt_01/results_single.csv,1,1,1,1,single_attempt_outside_55_75MeV,False,,,,,,,window_2p25eq2p5,8
2021,0.231,0.006113000875,0.21724574803125,0.24475425196875,52721717.822498925,1.64,0.220974678565,0.241025321435,0.02005064287,0.0,1.0,8000,0.000125,True,2553.2150822415333,6.8077843634020565e-06,0.5,0.0,-410.461097920716,1687.1065343373969,True,tilde_q_mu,asymptotic,default,sidak_approx,observed,8.28**2 * RBF(length_scale=0.322),0.0287310253149946,0.3917867088408355,0.1060963423016291,0.3223384822031237,0.0261191139227223,68.4926987660324,1570.666686267572,372,284,88,416,44,0.04,0.3,0.000625,1.0,1e-08,1e+18,False,False,False,False,12,1.1,15.0,12.341095611314165,4.699987109848828,64.09073331612038,52.72999117689864,study_results/v4p2_followups_20260806/pseudo65/gp_window_ensemble_20260806/runs/window_2p25eq2p5/draw_08/attempt_01/results_single.csv,1,1,1,1,single_attempt_outside_55_75MeV,False,,,,,,,window_2p25eq2p5,8
2021,0.232,0.006151386,0.2181593815,0.2458406185,51251552.38699205,1.64,0.22191172696,0.24208827304,0.02017654608,0.0,1.0,8000,0.000125,True,2560.9536112499663,6.994016047364783e-06,0.5,0.0,-335.29844404983254,1669.0296409735918,True,tilde_q_mu,asymptotic,default,sidak_approx,observed,8.28**2 * RBF(length_scale=0.322),0.0287860929675617,0.3925376313758422,0.1062996930854058,0.322480213878608,0.0261691754250561,68.62596675123588,1571.4739027101268,372,285,87,416,44,0.04,0.3,0.000625,1.0,1e-08,1e+18,False,False,False,False,12,1.1,15.0,12.322903134725582,4.679610898675804,63.81287589103368,52.423992556898234,study_results/v4p2_followups_20260806/pseudo65/gp_window_ensemble_20260806/runs/window_2p25eq2p5/draw_08/attempt_01/results_single.csv,1,1,1,1,single_attempt_outside_55_75MeV,False,,,,,,,window_2p25eq2p5,8
2021,0.233,0.006189942875,0.21907262853125,0.24692737146875,49805482.399550624,1.64,0.222848493685,0.243151506315,0.02030301263,0.0,1.0,8000,0.000125,True,2571.351770344675,7.195290686406771e-06,0.5,0.0,-266.8386045431233,1654.3694346405343,True,tilde_q_mu,asymptotic,default,sidak_approx,observed,8.26**2 * RBF(length_scale=0.322),0.0288414750689017,0.3932928418486603,0.1065042050482311,0.322314990211551,0.0262195227899106,68.25988615407009,1572.4768427707345,372,287,85,416,44,0.04,0.3,0.000625,1.0,1e-08,1e+18,False,False,False,False,12,1.1,15.0,12.292938845385024,4.659408923689259,63.53739441394444,52.07075359504847,study_results/v4p2_followups_20260806/pseudo65/gp_window_ensemble_20260806/runs/window_2p25eq2p5/draw_08/attempt_01/results_single.csv,1,1,1,1,single_attempt_outside_55_75MeV,False,,,,,,,window_2p25eq2p5,8
2021,0.234,0.0062286715,0.219985489125,0.248014510875,48395595.20414742,1.64,0.22378497874,0.24421502126,0.02043004252,0.0,1.0,8000,0.000125,True,2649.430638161598,7.597151435360718e-06,0.5,0.0,-99.04885677514184,1646.034166350773,True,tilde_q_mu,asymptotic,default,sidak_approx,observed,8.2**2 * RBF(length_scale=0.322),0.0288971675048537,0.394052284157097,0.1067098629975592,0.3216012942523397,0.0262701522771398,67.18462711353453,1568.6705247344466,371,288,83,416,45,0.04,0.3,0.000625,1.0,1e-08,1e+18,False,False,False,False,12,1.1,15.0,12.242079560848074,4.639378959839796,63.26425854326993,51.632405762984874,study_results/v4p2_followups_20260806/pseudo65/gp_window_ensemble_20260806/runs/window_2p25eq2p5/draw_08/attempt_01/results_single.csv,1,1,1,1,single_attempt_outside_55_75MeV,False,,,,,,,window_2p25eq2p5,8
2021,0.235,0.006267571875,0.22089796328125,0.2491020367187499,47012739.219878465,1.64,0.2247211821249999,0.245278817875,0.02055763575,0.0,1.0,8000,0.000125,True,2579.555628254874,7.581958471996758e-06,0.5,0.0,-199.891749572153,1637.8665410077265,True,tilde_q_mu,asymptotic,default,sidak_approx,observed,8.22**2 * RBF(length_scale=0.322),0.0289531662310341,0.394815903150465,0.1069166519985136,0.3219063869638378,0.026321060210031,67.57126641009467,1565.9189691351348,370,289,81,416,46,0.04,0.3,0.000625,1.0,1e-08,1e+18,False,False,False,False,12,1.1,15.0,12.229993183981197,4.619518819803578,62.993438451866965,51.36062152679147,study_results/v4p2_followups_20260806/pseudo65/gp_window_ensemble_20260806/runs/window_2p25eq2p5/draw_08/attempt_01/results_single.csv,1,1,1,1,single_attempt_outside_55_75MeV,False,,,,,,,window_2p25eq2p5,8
2021,0.236,0.006306644,0.2218100509999999,0.2501899489999999,45679826.44124699,1.64,0.2256571038399999,0.24634289616,0.02068579232,0.0,1.0,8000,0.000125,True,2582.668843305192,7.779509173889271e-06,0.499975650495596,6.103515625e-05,-141.88831161415476,1620.2735418202246,True,tilde_q_mu,asymptotic,default,sidak_approx,observed,8.18**2 * RBF(length_scale=0.321),0.0290094672713634,0.3955836446095018,0.1071245573684485,0.3214746397398794,0.0263722429739667,66.95694564108891,1570.288262643684,371,291,80,416,45,0.04,0.3,0.000625,1.0,1e-08,1e+18,False,False,False,False,12,1.1,15.0,12.18988616391944,4.599826353186174,62.7249048161751,50.973963290123784,study_results/v4p2_followups_20260806/pseudo65/gp_window_ensemble_20260806/runs/window_2p25eq2p5/draw_08/attempt_01/results_single.csv,1,1,1,1,single_attempt_outside_55_75MeV,False,,,,,,,window_2p25eq2p5,8
2021,0.237,0.006345887875,0.22272175228125,0.25127824771875,44384391.87212218,1.64,0.226592743885,0.2474072561149999,0.0208145122299999,0.0,1.0,8000,0.000125,True,2673.3280190615296,8.25265238784989e-06,0.4933125277928789,0.0167637920604221,26.641507994947546,1614.9964674471069,True,tilde_q_mu,asymptotic,default,sidak_approx,observed,8.13**2 * RBF(length_scale=0.321),0.0290660667166324,0.3963554552268056,0.1073335646716512,0.3208388709937783,0.0264236970151203,66.17316047668919,1568.5762038965622,370,292,78,416,46,0.04,0.3,0.000625,1.0,1e-08,1e+18,False,False,False,False,12,1.1,15.0,12.14208862636388,4.580299445746575,62.458628805635115,50.558547095945706,study_results/v4p2_followups_20260806/pseudo65/gp_window_ensemble_20260806/runs/window_2p25eq2p5/draw_08/attempt_01/results_single.csv,1,1,1,1,single_attempt_outside_55_75MeV,False,,,,,,,window_2p25eq2p5,8
2021,0.238,0.0063853035,0.223633067125,0.252366932875,43150069.97440755,1.64,0.2275281022599999,0.24847189774,0.02094379548,0.0,1.0,8000,0.000125,True,2701.2151781014163,8.54123442951679e-06,0.4762396817385285,0.0595935401032646,94.91241032969768,1606.128322105958,True,tilde_q_mu,asymptotic,default,sidak_approx,observed,8.13**2 * RBF(length_scale=0.321),0.0291229607231004,0.3971312825877338,0.1075436597141695,0.3207225923786342,0.0264754188391822,66.06189302713983,1569.5355707114209,370,294,76,416,46,0.04,0.3,0.000625,1.0,1e-08,1e+18,False,False,False,False,12,1.1,15.0,12.11397614998186,4.560936018640379,62.1945820723688,50.228245592184344,study_results/v4p2_followups_20260806/pseudo65/gp_window_ensemble_20260806/runs/window_2p25eq2p5/draw_08/attempt_01/results_single.csv,1,1,1,1,single_attempt_outside_55_75MeV,False,,,,,,,window_2p25eq2p5,8
2021,0.239,0.006424890875,0.2245439955312499,0.25345600446875,41910564.95451811,1.64,0.2284631789649999,0.249536821035,0.02107364207,0.0,1.0,8000,0.000125,True,2666.2547794760385,8.64370930756059e-06,0.4876633014591406,0.0309284475356936,49.31306828546088,1602.4057558215077,True,tilde_q_mu,asymptotic,default,sidak_approx,observed,8.15**2 * RBF(length_scale=0.321),0.0291801455111333,0.3979110751518178,0.1077548285387784,0.3210119541516601,0.0265274050101211,66.39333278415988,1566.0521953390444,369,295,74,416,47,0.04,0.3,0.000625,1.0,1e-08,1e+18,False,False,False,False,12,1.1,15.0,12.101144232886035,4.541734027682346,61.9327367411229,49.9637986694459,study_results/v4p2_followups_20260806/pseudo65/gp_window_ensemble_20260806/runs/window_2p25eq2p5/draw_08/attempt_01/results_single.csv,1,1,1,1,single_attempt_outside_55_75MeV,False,,,,,,,window_2p25eq2p5,8
2021,0.24,0.00646465,0.2254545375,0.2545454625,40722504.22475857,1.64,0.229397974,0.250602026,0.0212040519999999,0.0,1.0,8000,0.000125,True,2651.3503609744366,8.809298464480496e-06,0.4838517687308268,0.0404886727652272,63.517439652996195,1588.2526661996287,True,tilde_q_mu,asymptotic,default,sidak_approx,observed,8.13**2 * RBF(length_scale=0.321),0.0292376173638717,0.3986947822346143,0.1079670574200659,0.3208759447998495,0.0265796521489742,66.15030068789896,1570.5556544734145,370,297,73,416,46,0.04,0.3,0.000625,1.0,1e-08,1e+18,False,False,False,False,12,1.1,15.0,12.072240185890928,4.522691462627012,61.673065399459254,49.635470566828744,study_results/v4p2_followups_20260806/pseudo65/gp_window_ensemble_20260806/runs/window_2p25eq2p5/draw_08/attempt_01/results_single.csv,1,1,1,1,single_attempt_outside_55_75MeV,False,,,,,,,window_2p25eq2p5,8
2021,0.241,0.006504580875,0.2263646930312499,0.25563530696875,39555789.66735767,1.64,0.230332487365,0.251667512635,0.0213350252699999,0.0,1.0,8000,0.000125,True,2725.849735877999,9.285274172479104e-06,0.4529879329312435,0.118115848762015,186.97696016580548,1585.563427414753,True,tilde_q_mu,asymptotic,default,sidak_approx,observed,8.15**2 * RBF(length_scale=0.321),0.0292953726259335,0.3994823539900027,0.1081803328596386,0.3210144931355043,0.0266321569326668,66.42727366102082,1567.5000625571945,369,298,71,416,47,0.04,0.3,0.000625,1.0,1e-08,1e+18,False,False,False,False,12,1.1,15.0,12.05364229217761,4.503806346467102,61.41554108818776,49.35206423050344,study_results/v4p2_followups_20260806/pseudo65/gp_window_ensemble_20260806/runs/window_2p25eq2p5/draw_08/attempt_01/results_single.csv,1,1,1,1,single_attempt_outside_55_75MeV,False,,,,,,,window_2p25eq2p5,8
2021,0.242,0.0065446835,0.227274462125,0.256725537875,38433549.77614895,1.64,0.23126671906,0.2527332809399999,0.0214665618799999,0.0,1.0,8000,0.000125,True,2857.9391149226685,9.978081114799168e-06,0.3993503614649712,0.255028971424074,403.0549210179294,1578.8769026489847,True,tilde_q_mu,asymptotic,default,sidak_approx,observed,8.12**2 * RBF(length_scale=0.321),0.0293534077021493,0.4002737413929458,0.1083946415814538,0.3205920408107175,0.026684916092863,65.95840210941849,1569.0131643160375,369,300,69,416,47,0.04,0.3,0.000625,1.0,1e-08,1e+18,False,False,False,False,12,1.1,15.0,12.013979721542412,4.4850767347495655,61.16013729203953,48.98510994622085,study_results/v4p2_followups_20260806/pseudo65/gp_window_ensemble_20260806/runs/window_2p25eq2p5/draw_08/attempt_01/results_single.csv,1,1,1,1,single_attempt_outside_55_75MeV,False,,,,,,,window_2p25eq2p5,8
2021,0.243,0.006584957875,0.22818384478125,0.25781615521875,37332878.58161166,1.64,0.232200669085,0.253799330915,0.02159866183,0.0,1.0,8000,0.000125,True,2908.5694664249154,1.0411219703033868e-05,0.3797537961927288,0.3061274711568337,483.39063237224593,1576.4935910525012,True,tilde_q_mu,asymptotic,default,sidak_approx,observed,8.14**2 * RBF(length_scale=0.321),0.0294117190563266,0.4010688962226361,0.108609970527255,0.3208041240483112,0.0267379264148424,66.24984460997587,1565.3448542185329,368,301,67,416,48,0.04,0.3,0.000625,1.0,1e-08,1e+18,False,False,False,False,12,1.1,15.0,11.998092861465526,4.466500714908013,60.90682793056381,48.71771849388045,study_results/v4p2_followups_20260806/pseudo65/gp_window_ensemble_20260806/runs/window_2p25eq2p5/draw_08/attempt_01/results_single.csv,1,1,1,1,single_attempt_outside_55_75MeV,False,,,,,,,window_2p25eq2p5,8
2021,0.244,0.006625404,0.229092841,0.258907159,36240747.78783116,1.64,0.23313433744,0.25486566256,0.0217313251199999,0.0,1.0,8000,0.000125,True,2556.919704749,9.389663648273767e-06,0.3480652462928506,0.3905491850712725,524.876593091429,1342.9393097602915,True,tilde_q_mu,asymptotic,default,sidak_approx,observed,1.78**2 * RBF(length_scale=0.367),0.029470303210048,0.4018677710461094,0.1088263068521347,0.3674786643106762,0.0267911847364072,3.1797570942882065,1384.8199667409303,369,303,66,416,47,0.04,0.3,0.000625,1.0,1e-08,1e+18,False,False,False,False,12,1.1,15.0,13.716402164600774,4.448076405612099,60.65558734925589,55.465095307497656,study_results/v4p2_followups_20260806/pseudo65/gp_window_ensemble_20260806/runs/window_2p25eq2p5/draw_08/attempt_01/results_single.csv,1,1,1,1,single_attempt_outside_55_75MeV,False,,,,,,,window_2p25eq2p5,8
2021,0.245,0.006666021875,0.23000145078125,0.25999854921875,35231160.94273463,1.64,0.234067724125,0.255932275875,0.02186455175,0.0,1.0,8000,0.000125,True,3238.7398370135725,1.21843662934699e-05,0.2648892989425261,0.6283440238882603,977.9675823311504,1558.2219869623016,True,tilde_q_mu,asymptotic,default,sidak_approx,observed,8.21**2 * RBF(length_scale=0.321),0.0295291567414944,0.4026703192021974,0.1090436379201891,0.3212812782911045,0.0268446879468131,67.33416890478883,1569.8016572972292,368,304,64,416,48,0.04,0.3,0.000625,1.0,1e-08,1e+18,False,False,False,False,12,1.1,15.0,11.968150977491437,4.429801956132116,60.40639031089249,48.19685328306914,study_results/v4p2_followups_20260806/pseudo65/gp_window_ensemble_20260806/runs/window_2p25eq2p5/draw_08/attempt_01/results_single.csv,1,1,1,1,single_attempt_outside_55_75MeV,False,,,,,,,window_2p25eq2p5,8
2021,0.246,0.0067068115,0.230909674125,0.261090325875,34231611.46534635,1.64,0.23500082914,0.25699917086,0.02199834172,0.0,1.0,8000,0.000125,True,3393.555181805432,1.3086164831487763e-05,0.2226242851852806,0.7633602648066066,1185.3443932204664,1553.953597882314,True,tilde_q_mu,asymptotic,default,sidak_approx,observed,8.22**2 * RBF(length_scale=0.321),0.0295882762843003,0.4034764947859137,0.1092619513002888,0.3214225303956532,0.0268984329857275,67.63155019715188,1566.3406429252427,367,305,62,416,49,0.04,0.3,0.000625,1.0,1e-08,1e+18,False,False,False,False,12,1.1,15.0,11.949489048904868,4.411675545719503,60.159211987084134,47.92478965536055,study_results/v4p2_followups_20260806/pseudo65/gp_window_ensemble_20260806/runs/window_2p25eq2p5/draw_08/attempt_01/results_single.csv,1,1,1,1,single_attempt_outside_55_75MeV,False,,,,,,,window_2p25eq2p5,8
2021,0.247,0.006747772875,0.23181751103125,0.26218248896875,33240766.184267055,1.64,0.235933652485,0.258066347515,0.02213269503,0.0,1.0,8000,0.000125,True,3626.5177083578938,1.4343057707593932e-05,0.1638837145336184,0.9786206967558504,1502.0953124982152,1536.8632638506044,True,tilde_q_mu,asymptotic,default,sidak_approx,observed,8.24**2 * RBF(length_scale=0.321),0.0296476585264336,0.4042862526331858,0.1094812347619452,0.3212576626627517,0.0269524168422123,67.81612107093108,1570.9882199259578,368,307,61,416,48,0.04,0.3,0.000625,1.0,1e-08,1e+18,False,False,False,False,12,1.1,15.0,11.919438043107276,4.393695383001999,59.91402795002726,47.60943627088984,study_results/v4p2_followups_20260806/pseudo65/gp_window_ensemble_20260806/runs/window_2p25eq2p5/draw_08/attempt_01/results_single.csv,1,1,1,1,single_attempt_outside_55_75MeV,False,,,,,,,window_2p25eq2p5,8
2021,0.248,0.006788906,0.2327249615,0.2632750385,32306957.309929177,1.64,0.23686619416,0.25913380584,0.02226761168,0.0,1.0,8000,0.000125,True,3775.3015029344297,1.530114125296763e-05,0.1347043688603598,1.1044251921662367,1688.7517658261577,1530.4813472195383,True,tilde_q_mu,asymptotic,default,sidak_approx,observed,8.27**2 * RBF(length_scale=0.322),0.0297073002091074,0.4050995483060104,0.1097014762712903,0.3215441801648497,0.027006636553734,68.33024096451489,1567.359663459487,367,308,59,416,49,0.04,0.3,0.000625,1.0,1e-08,1e+18,False,False,False,False,12,1.1,15.0,11.906117206601644,4.375859705393982,59.67081416446339,47.363180483696446,study_results/v4p2_followups_20260806/pseudo65/gp_window_ensemble_20260806/runs/window_2p25eq2p5/draw_08/attempt_01/results_single.csv,1,1,1,1,single_attempt_outside_55_75MeV,False,,,,,,,window_2p25eq2p5,8
2021,0.249,0.006830210875,0.23363202553125,0.26436797446875,31367919.80580777,1.64,0.237798454165,0.260201545835,0.0224030916699999,0.0,1.0,8000,0.000125,True,3852.321130209575,1.601612091164912e-05,0.1179416315860427,1.185339446044383,1798.869276454182,1518.3861733386293,True,tilde_q_mu,asymptotic,default,sidak_approx,observed,8.28**2 * RBF(length_scale=0.322),0.029767198125712,0.4059163380778918,0.1099226639871329,0.3217748507999844,0.0270610892051927,68.50172176931734,1565.8242648157177,367,310,57,416,49,0.04,0.3,0.000625,1.0,1e-08,1e+18,False,False,False,False,12,1.1,15.0,11.89068364396207,4.358166778520153,59.429546979820266,47.110529482734954,study_results/v4p2_followups_20260806/pseudo65/gp_window_ensemble_20260806/runs/window_2p25eq2p5/draw_08/attempt_01/results_single.csv,1,1,1,1,single_attempt_outside_55_75MeV,False,,,,,,,window_2p25eq2p5,8
2021,0.25,0.0068716875,0.234538703125,0.265461296875,30463229.35640608,1.64,0.2387304325,0.2612695675,0.022539135,0.0,1.0,8000,0.000125,True,3867.304408495007,1.648968393064158e-05,0.1128158577430757,1.2116883103748748,1829.852189406847,1509.9423249601768,True,tilde_q_mu,asymptotic,default,sidak_approx,observed,8.23**2 * RBF(length_scale=0.322),0.0298273491207752,0.4067365789196631,0.1101447862571196,0.3215532935652438,0.0271157719279775,67.79266966899361,1564.5769472123309,366,311,55,416,50,0.04,0.3,0.000625,1.0,1e-08,1e+18,False,False,False,False,12,1.1,15.0,11.858533639364005,4.3406148956534025,59.19020312254639,46.79393432330032,study_results/v4p2_followups_20260806/pseudo65/gp_window_ensemble_20260806/runs/window_2p25eq2p5/draw_08/attempt_01/results_single.csv,1,1,1,1,single_attempt_outside_55_75MeV,False,,,,,,,window_2p25eq2p5,8
2021,0.05,0.0019941875,0.045513078125,0.054486921875,432274745.5035101,1.64,0.0467295325,0.0532704675,0.0065409349999999,0.0,1.0,8000,0.000125,True,22027.34795321571,3.309422887429906e-05,0.0003612599867538,3.3808879597654866,15944.670307834276,4724.567419771309,True,tilde_q_mu,asymptotic,default,sidak_approx,observed,7.35**2 * RBF(length_scale=0.325),0.0430198208653474,0.586633920891102,0.1588612167593829,0.3251956119742278,0.0391089280594068,53.98624821280481,1682.4203927836445,402,9,393,416,14,0.04,0.3,0.000625,1.0,1e-08,1e+18,False,False,False,False,12,1.1,15.0,8.315124655941807,21.57260581833327,294.1718975227264,163.07173321176057,study_results/v4p2_followups_20260806/pseudo65/gp_window_ensemble_20260806/runs/window_2p25eq2p5/draw_09/attempt_01/results_single.csv,1,1,1,1,single_attempt_outside_55_75MeV,False,,,,,,,window_2p25eq2p5,9
2021,0.051,0.002001485875,0.04649665678125,0.0555033432187499,505722115.71658146,1.64,0.047717563165,0.0542824368349999,0.0065648736699999,0.0,1.0,8000,0.000125,True,18390.531825609523,2.3154323052218157e-05,0.0069315671615616,2.460790363333405,12048.73048479737,4915.521555187644,True,tilde_q_mu,asymptotic,default,sidak_approx,observed,7.35**2 * RBF(length_scale=0.326),0.0423437473933882,0.5774147371825666,0.1563646500091317,0.326319092184468,0.0384943158121711,54.09005440029312,1676.429413761901,401,10,391,416,15,0.04,0.3,0.000625,1.0,1e-08,1e+18,False,False,False,False,12,1.1,15.0,8.477072141682088,21.15615599504954,288.4930362961301,163.0384187370136,study_results/v4p2_followups_20260806/pseudo65/gp_window_ensemble_20260806/runs/window_2p25eq2p5/draw_09/attempt_01/results_single.csv,1,1,1,1,single_attempt_outside_55_75MeV,False,,,,,,,window_2p25eq2p5,9
2021,0.052,0.002008956,0.047479849,0.056520151,582496150.2912881,1.64,0.04870531216,0.0552946878399999,0.0065893756799999,0.0,1.0,8000,0.000125,True,8920.57501338494,9.563489128781049e-06,0.3988079614029442,0.2564337594886553,1260.1951516747183,4941.882143701754,True,tilde_q_mu,asymptotic,default,sidak_approx,observed,7.7**2 * RBF(length_scale=0.32),0.0416967826910809,0.5685924912420126,0.1539755745145915,0.3197241929766559,0.0379061660828008,59.364659532249135,1673.344060915074,402,12,390,416,14,0.04,0.3,0.000625,1.0,1e-08,1e+18,False,False,False,False,12,1.1,15.0,8.43462227961177,20.75544844739304,283.02884246445046,159.1494253615589,study_results/v4p2_followups_20260806/pseudo65/gp_window_ensemble_20260806/runs/window_2p25eq2p5/draw_09/attempt_01/results_single.csv,1,1,1,1,single_attempt_outside_55_75MeV,False,,,,,,,window_2p25eq2p5,9
2021,0.053,0.002016597875,0.0484626547812499,0.05753734521875,661992830.0519445,1.64,0.049692779485,0.056307220515,0.00661444103,0.0,1.0,8000,0.000125,True,6285.281692243176,5.817220331485857e-06,0.5,0.0,-5224.477434598426,5092.536837717226,True,tilde_q_mu,asymptotic,default,sidak_approx,observed,7.72**2 * RBF(length_scale=0.319),0.0410773062694674,0.5601450854927381,0.1516880062237032,0.3185108774623986,0.0373430056995158,59.59903948554403,1669.3562245119012,402,14,388,416,14,0.04,0.3,0.000625,1.0,1e-08,1e+18,False,False,False,False,12,1.1,15.0,8.529331570825534,20.369607039017364,277.76736871387317,157.94466582109166,study_results/v4p2_followups_20260806/pseudo65/gp_window_ensemble_20260806/runs/window_2p25eq2p5/draw_09/attempt_01/results_single.csv,1,1,1,1,single_attempt_outside_55_75MeV,False,,,,,,,window_2p25eq2p5,9
2021,0.054,0.0020244115,0.049445074125,0.058554925875,743432117.467634,1.64,0.05067996514,0.05732003486,0.00664006972,0.0,1.0,8000,0.000125,True,5674.768952537038,4.590214989381486e-06,0.4999311292015692,0.0001726334915006,-11855.411111292768,5492.266708967687,True,tilde_q_mu,asymptotic,default,sidak_approx,observed,7.49**2 * RBF(length_scale=0.317),0.0404838157112043,0.552052032425514,0.1494963970927404,0.3166767984442848,0.0368034688283676,56.032539790914846,1663.5941910462964,401,15,386,416,15,0.04,0.3,0.000625,1.0,1e-08,1e+18,False,False,False,False,12,1.1,15.0,8.604536706067087,19.99781947059892,272.6975382354398,156.42906516006497,study_results/v4p2_followups_20260806/pseudo65/gp_window_ensemble_20260806/runs/window_2p25eq2p5/draw_09/attempt_01/results_single.csv,1,1,1,1,single_attempt_outside_55_75MeV,False,,,,,,,window_2p25eq2p5,9
2021,0.055,0.002032396875,0.05042710703125,0.05957289296875,825863093.242175,1.64,0.051666869125,0.058333130875,0.0066662617499999,0.0,1.0,8000,0.000125,True,5652.8995205024985,4.041293944242956e-06,0.5,0.0,-12966.914378940031,5596.602028901873,True,tilde_q_mu,asymptotic,default,sidak_approx,observed,7.53**2 * RBF(length_scale=0.317),0.0399149161083646,0.5442943105686093,0.1473955960828078,0.317443056026529,0.0362862873712406,56.759956496048,1668.1584315781931,402,17,385,416,14,0.04,0.3,0.000625,1.0,1e-08,1e+18,False,False,False,False,12,1.1,15.0,8.748292510027479,19.639331569216612,267.8090668529538,156.19147024447625,study_results/v4p2_followups_20260806/pseudo65/gp_window_ensemble_20260806/runs/window_2p25eq2p5/draw_09/attempt_01/results_single.csv,2,2,1,2,stable_reproduced,False,attempt_01_full,False,1668.1584315781931,1668.158430948992,study_results/v4p2_followups_20260806/pseudo65/gp_window_ensemble_20260806/runs/window_2p25eq2p5/draw_09/attempt_01/results_single.csv|study_results/v4p2_followups_20260806/pseudo65/gp_window_ensemble_20260806/central_repeat/window_2p25eq2p5/draw_09/attempt_02/results_single.csv,1668.15843158|1668.15843095,window_2p25eq2p5,9
2021,0.056,0.002040554,0.0514087535,0.0605912465,908527012.009006,1.64,0.05265349144,0.05934650856,0.00669301712,0.0,1.0,8000,0.000125,True,6336.255555768354,4.0441451622667265e-06,0.4999311292015692,0.0001726334915006,-10386.866760615452,5846.352679795995,True,tilde_q_mu,asymptotic,default,sidak_approx,observed,7.55**2 * RBF(length_scale=0.319),0.0393693106142212,0.5368542356484718,0.1453808142699889,0.3188201224956136,0.0357902823765647,57.02874523664747,1662.3119383456717,401,18,383,416,15,0.04,0.3,0.000625,1.0,1e-08,1e+18,False,False,False,False,12,1.1,15.0,8.908008021316274,19.293442180026243,263.0923933639942,156.24194336225045,study_results/v4p2_followups_20260806/pseudo65/gp_window_ensemble_20260806/central_repeat/window_2p25eq2p5/draw_09/attempt_02/results_single.csv,2,2,1,2,stable_reproduced,False,attempt_02_55_75MeV,False,1662.311938042418,1662.3119383456717,study_results/v4p2_followups_20260806/pseudo65/gp_window_ensemble_20260806/runs/window_2p25eq2p5/draw_09/attempt_01/results_single.csv|study_results/v4p2_followups_20260806/pseudo65/gp_window_ensemble_20260806/central_repeat/window_2p25eq2p5/draw_09/attempt_02/results_single.csv,1662.31193804|1662.31193835,window_2p25eq2p5,9
2021,0.057,0.002048882875,0.05239001353125,0.06160998646875,990698451.230132,1.64,0.053639832085,0.060360167915,0.0067203358299999,0.0,1.0,8000,0.000125,True,7757.547121395404,4.460956667128306e-06,0.5,0.0,-4260.021989351072,5874.958543356114,True,tilde_q_mu,asymptotic,default,sidak_approx,observed,7.91**2 * RBF(length_scale=0.321),0.0388457919743114,0.5297153451042469,0.1434475935717297,0.3210472978945276,0.0353143563402831,62.63533000231333,1659.4615699649871,401,20,381,416,15,0.04,0.3,0.000625,1.0,1e-08,1e+18,False,False,False,False,12,1.1,15.0,9.091126985324903,18.959498587400432,258.53861710091496,156.6938265783141,study_results/v4p2_followups_20260806/pseudo65/gp_window_ensemble_20260806/runs/window_2p25eq2p5/draw_09/attempt_01/results_single.csv,2,2,1,2,stable_reproduced,False,attempt_01_full,False,1659.4615699649871,1659.4615688103374,study_results/v4p2_followups_20260806/pseudo65/gp_window_ensemble_20260806/runs/window_2p25eq2p5/draw_09/attempt_01/results_single.csv|study_results/v4p2_followups_20260806/pseudo65/gp_window_ensemble_20260806/central_repeat/window_2p25eq2p5/draw_09/attempt_02/results_single.csv,1659.46156996|1659.46156881,window_2p25eq2p5,9
2021,0.058,0.0020573835,0.053370887125,0.062629112875,1071787147.301676,1.64,0.05462589106,0.06137410894,0.00674821788,0.0,1.0,8000,0.000125,True,11202.87459358364,5.852115085269122e-06,0.356428169392968,0.3680226588192685,2110.9887600975476,5971.232386722834,True,tilde_q_mu,asymptotic,default,sidak_approx,observed,8.06**2 * RBF(length_scale=0.32),0.0383432349203511,0.5228622943684247,0.1415917786595051,0.3195672328358853,0.0348574862912283,65.03056659302791,1656.9587359467575,401,21,380,416,15,0.04,0.3,0.000625,1.0,1e-08,1e+18,False,False,False,False,12,1.1,15.0,9.167822090381271,18.63689240258374,254.13944185341464,155.32701260406012,study_results/v4p2_followups_20260806/pseudo65/gp_window_ensemble_20260806/central_repeat/window_2p25eq2p5/draw_09/attempt_02/results_single.csv,2,2,1,2,stable_reproduced,False,attempt_02_55_75MeV,False,1656.9587357675066,1656.9587359467575,study_results/v4p2_followups_20260806/pseudo65/gp_window_ensemble_20260806/runs/window_2p25eq2p5/draw_09/attempt_01/results_single.csv|study_results/v4p2_followups_20260806/pseudo65/gp_window_ensemble_20260806/central_repeat/window_2p25eq2p5/draw_09/attempt_02/results_single.csv,1656.95873577|1656.95873595,window_2p25eq2p5,9
2021,0.059,0.002066055875,0.0543513742812499,0.0636486257187499,1150804940.8640366,1.64,0.055611668365,0.0623883316349999,0.0067766632699999,0.0,1.0,8000,0.000125,True,13955.011497355135,6.67415657936525e-06,0.1805382583205741,0.9133157206377857,5530.771433778077,6057.226766644239,True,tilde_q_mu,asymptotic,default,sidak_approx,observed,7.88**2 * RBF(length_scale=0.318),0.0378605893261601,0.516280763538548,0.139809491685398,0.317708943222959,0.0344187175692365,62.14176511277051,1655.9273560443228,401,23,378,416,15,0.04,0.3,0.000625,1.0,1e-08,1e+18,False,False,False,False,12,1.1,15.0,9.230702526433683,18.325055863341635,249.88712540920412,153.77558132253273,study_results/v4p2_followups_20260806/pseudo65/gp_window_ensemble_20260806/runs/window_2p25eq2p5/draw_09/attempt_01/results_single.csv,2,2,1,2,stable_reproduced,False,attempt_01_full,False,1655.9273560443228,1655.9273552219304,study_results/v4p2_followups_20260806/pseudo65/gp_window_ensemble_20260806/runs/window_2p25eq2p5/draw_09/attempt_01/results_single.csv|study_results/v4p2_followups_20260806/pseudo65/gp_window_ensemble_20260806/central_repeat/window_2p25eq2p5/draw_09/attempt_02/results_single.csv,1655.92735604|1655.92735522,window_2p25eq2p5,9
2021,0.06,0.0020749,0.055331475,0.064668525,1227655535.5450573,1.64,0.056597164,0.063402836,0.006805672,0.0,1.0,8000,0.000125,True,14396.239208140303,6.346601054382509e-06,0.1613735767627592,0.9888283040981668,6011.448583993518,6086.441773594085,True,tilde_q_mu,asymptotic,default,sidak_approx,observed,7.8**2 * RBF(length_scale=0.316),0.0373968740379758,0.5099573732451246,0.1380971094990222,0.3158526416365643,0.0339971582163416,60.88212913840428,1660.173434297176,402,25,377,416,14,0.04,0.3,0.000625,1.0,1e-08,1e+18,False,False,False,False,12,1.1,15.0,9.290560099953924,18.023458498229218,245.77443406676204,152.22547671529438,study_results/v4p2_followups_20260806/pseudo65/gp_window_ensemble_20260806/runs/window_2p25eq2p5/draw_09/attempt_01/results_single.csv,3,3,2,2,resolved_reproduced_max_lml,False,attempt_01_full,False,1660.173434297176,1143.5388676388122,study_results/v4p2_followups_20260806/pseudo65/gp_window_ensemble_20260806/runs/window_2p25eq2p5/draw_09/attempt_01/results_single.csv|study_results/v4p2_followups_20260806/pseudo65/gp_window_ensemble_20260806/central_repeat/window_2p25eq2p5/draw_09/attempt_02/results_single.csv|study_results/v4p2_followups_20260806/pseudo65/gp_window_ensemble_20260806/central_repairs/window_2p25eq2p5/draw_09/m060/attempt_03/results_single.csv,1660.1734343|1143.53886764|1660.17343385,window_2p25eq2p5,9
2021,0.061,0.002083915875,0.05631118928125,0.06568881071875,1300919002.0031748,1.64,0.057582377965,0.064417622035,0.0068352440699999,0.0,1.0,8000,0.000125,True,14958.46499999128,6.1210631399076135e-06,0.1611792727216058,0.9896227510866876,6323.72167110695,6332.882232653664,True,tilde_q_mu,asymptotic,default,sidak_approx,observed,7.58**2 * RBF(length_scale=0.315),0.0369511713028735,0.5038796086755482,0.136451243073103,0.3151111405418686,0.0335919739117032,57.44023979473839,1655.8768498990082,401,26,375,416,15,0.04,0.3,0.000625,1.0,1e-08,1e+18,False,False,False,False,12,1.1,15.0,9.380548501559954,17.731604114236877,241.7946015577755,151.21106582187184,study_results/v4p2_followups_20260806/pseudo65/gp_window_ensemble_20260806/central_repeat/window_2p25eq2p5/draw_09/attempt_02/results_single.csv,2,2,1,2,stable_reproduced,False,attempt_02_55_75MeV,False,1655.876849069524,1655.8768498990082,study_results/v4p2_followups_20260806/pseudo65/gp_window_ensemble_20260806/runs/window_2p25eq2p5/draw_09/attempt_01/results_single.csv|study_results/v4p2_followups_20260806/pseudo65/gp_window_ensemble_20260806/central_repeat/window_2p25eq2p5/draw_09/attempt_02/results_single.csv,1655.87684907|1655.8768499,window_2p25eq2p5,9
2021,0.062,0.0020931035,0.057290517125,0.066709482875,1370766566.91808,1.64,0.05856731026,0.06543268974,0.0068653794799999,0.0,1.0,8000,0.000125,True,13105.51452300973,5.0074751779482415e-06,0.2742758572218295,0.5999317607221619,3844.314404135201,6410.476846288411,True,tilde_q_mu,asymptotic,default,sidak_approx,observed,7.9**2 * RBF(length_scale=0.317),0.0365226217287332,0.4980357508463617,0.1348687188919183,0.3171144188647453,0.0332023833897574,62.35300006274163,1655.0080457265724,401,28,373,416,15,0.04,0.3,0.000625,1.0,1e-08,1e+18,False,False,False,False,12,1.1,15.0,9.550953470484032,17.449028071824063,237.9412918885099,151.50441383560118,study_results/v4p2_followups_20260806/pseudo65/gp_window_ensemble_20260806/central_repeat/window_2p25eq2p5/draw_09/attempt_02/results_single.csv,2,2,1,2,stable_reproduced,False,attempt_02_55_75MeV,False,1655.008045515464,1655.0080457265724,study_results/v4p2_followups_20260806/pseudo65/gp_window_ensemble_20260806/runs/window_2p25eq2p5/draw_09/attempt_01/results_single.csv|study_results/v4p2_followups_20260806/pseudo65/gp_window_ensemble_20260806/central_repeat/window_2p25eq2p5/draw_09/attempt_02/results_single.csv,1655.00804552|1655.00804573,window_2p25eq2p5,9
2021,0.063,0.002102462875,0.05826945853125,0.06773054146875,1435845006.3756351,1.64,0.059551960885,0.066448039115,0.0068960782299999,0.0,1.0,8000,0.000125,True,12919.420334818846,4.6378301417376385e-06,0.3043414648953842,0.511954391619965,3323.6601549888915,6493.8376958110775,True,tilde_q_mu,asymptotic,default,sidak_approx,observed,7.87**2 * RBF(length_scale=0.317),0.0361104197174945,0.4924148143294715,0.133346562087477,0.3170863447916051,0.0328276542886314,61.9945527149855,1654.7360273551917,401,29,372,416,15,0.04,0.3,0.000625,1.0,1e-08,1e+18,False,False,False,False,12,1.1,15.0,9.659122823814291,17.17529481584524,234.20856567061688,150.81662014679097,study_results/v4p2_followups_20260806/pseudo65/gp_window_ensemble_20260806/central_repairs/window_2p25eq2p5/draw_09/m063/attempt_03/results_single.csv,3,3,2,2,resolved_reproduced_max_lml,False,attempt_03_targeted,False,1538.4898926318235,1654.736027238214,study_results/v4p2_followups_20260806/pseudo65/gp_window_ensemble_20260806/runs/window_2p25eq2p5/draw_09/attempt_01/results_single.csv|study_results/v4p2_followups_20260806/pseudo65/gp_window_ensemble_20260806/central_repeat/window_2p25eq2p5/draw_09/attempt_02/results_single.csv|study_results/v4p2_followups_20260806/pseudo65/gp_window_ensemble_20260806/central_repairs/window_2p25eq2p5/draw_09/m063/attempt_03/results_single.csv,1538.48989263|1654.73602724|1654.73602736,window_2p25eq2p5,9
2021,0.064,0.002111994,0.0592480135,0.0687519865,1496681634.3969183,1.64,0.06053632984,0.06746367016,0.00692734032,0.0,1.0,8000,0.000125,True,12035.04809147317,4.079982953619248e-06,0.3752716968389222,0.3179229365905865,2082.421858022299,6509.60114491585,True,tilde_q_mu,asymptotic,default,sidak_approx,observed,8.11**2 * RBF(length_scale=0.319),0.0357138093206567,0.4870064907362281,0.1318819811349368,0.3187440234590503,0.0324670993824152,65.73487467853076,1653.5571359624466,401,31,370,416,15,0.04,0.3,0.000625,1.0,1e-08,1e+18,False,False,False,False,12,1.1,15.0,9.81744687767482,16.909995634768247,230.59084956502153,150.92089440550032,study_results/v4p2_followups_20260806/pseudo65/gp_window_ensemble_20260806/central_repeat/window_2p25eq2p5/draw_09/attempt_02/results_single.csv,2,2,1,2,stable_reproduced,False,attempt_02_55_75MeV,False,1653.5571357606148,1653.5571359624466,study_results/v4p2_followups_20260806/pseudo65/gp_window_ensemble_20260806/runs/window_2p25eq2p5/draw_09/attempt_01/results_single.csv|study_results/v4p2_followups_20260806/pseudo65/gp_window_ensemble_20260806/central_repeat/window_2p25eq2p5/draw_09/attempt_02/results_single.csv,1653.55713576|1653.55713596,window_2p25eq2p5,9
2021,0.065,0.002121696875,0.06022618203125,0.06977381796875,1552839245.5647416,1.64,0.061520417125,0.068479582875,0.0069591657499999,0.0,1.0,8000,0.000125,True,11591.67615040439,3.7292912830747226e-06,0.4284418071135327,0.1803425996142514,1201.69861611061,6604.040644374519,True,tilde_q_mu,asymptotic,default,sidak_approx,observed,8.14**2 * RBF(length_scale=0.319),0.0353320804721528,0.4818010973475384,0.1304723539415717,0.3194734113011824,0.0321200731565025,66.34044146630521,1648.806087784382,400,32,368,416,16,0.04,0.3,0.000625,1.0,1e-08,1e+18,False,False,False,False,12,1.1,15.0,9.946223028340349,16.652746623927047,227.08290850809607,150.57448359638195,study_results/v4p2_followups_20260806/pseudo65/gp_window_ensemble_20260806/runs/window_2p25eq2p5/draw_09/attempt_01/results_single.csv,2,2,1,2,stable_reproduced,False,attempt_01_full,False,1648.806087784382,1648.8060867966244,study_results/v4p2_followups_20260806/pseudo65/gp_window_ensemble_20260806/runs/window_2p25eq2p5/draw_09/attempt_01/results_single.csv|study_results/v4p2_followups_20260806/pseudo65/gp_window_ensemble_20260806/central_repeat/window_2p25eq2p5/draw_09/attempt_02/results_single.csv,1648.80608778|1648.8060868,window_2p25eq2p5,9
2021,0.066,0.0021315715,0.061203964125,0.070796035875,1603730920.886966,1.64,0.06250422274,0.06949577726,0.0069915545199999,0.0,1.0,8000,0.000125,True,11449.36092298012,3.5125760012757657e-06,0.4342612057156805,0.1655356255994169,1077.1168019244858,6520.210788556111,True,tilde_q_mu,asymptotic,default,sidak_approx,observed,8.31**2 * RBF(length_scale=0.32),0.0349645655591176,0.4767895303516045,0.1291152151834926,0.3203974716868585,0.0317859686901069,69.01563099835414,1655.5051705301255,401,34,367,416,15,0.04,0.3,0.000625,1.0,1e-08,1e+18,False,False,False,False,12,1.1,15.0,10.079839781210715,16.403186831461046,223.67982042901423,150.31045014762984,study_results/v4p2_followups_20260806/pseudo65/gp_window_ensemble_20260806/runs/window_2p25eq2p5/draw_09/attempt_01/results_single.csv,2,2,1,2,stable_reproduced,False,attempt_01_full,False,1655.5051705301255,1655.5051702002731,study_results/v4p2_followups_20260806/pseudo65/gp_window_ensemble_20260806/runs/window_2p25eq2p5/draw_09/attempt_01/results_single.csv|study_results/v4p2_followups_20260806/pseudo65/gp_window_ensemble_20260806/central_repeat/window_2p25eq2p5/draw_09/attempt_02/results_single.csv,1655.50517053|1655.5051702,window_2p25eq2p5,9
2021,0.067,0.002141617875,0.06218135978125,0.07181864021875,1648992854.4808242,1.64,0.063487746685,0.070512253315,0.00702450663,0.0,1.0,8000,0.000125,True,11640.91562730688,3.421475914463168e-06,0.4287164046790632,0.1796430449849094,1189.120495545615,6622.872960733346,True,tilde_q_mu,asymptotic,default,sidak_approx,observed,8.16**2 * RBF(length_scale=0.32),0.034610636295701,0.4719632222141046,0.1278082447614374,0.3196960419799899,0.0314642148142736,66.51227184148999,1650.1724243910885,400,35,365,416,16,0.04,0.3,0.000625,1.0,1e-08,1e+18,False,False,False,False,12,1.1,15.0,10.16062354859594,16.16097656810088,220.37695320137564,149.27781735104818,study_results/v4p2_followups_20260806/pseudo65/gp_window_ensemble_20260806/central_repeat/window_2p25eq2p5/draw_09/attempt_02/results_single.csv,2,2,1,2,stable_reproduced,False,attempt_02_55_75MeV,False,1650.172423912633,1650.1724243910885,study_results/v4p2_followups_20260806/pseudo65/gp_window_ensemble_20260806/runs/window_2p25eq2p5/draw_09/attempt_01/results_single.csv|study_results/v4p2_followups_20260806/pseudo65/gp_window_ensemble_20260806/central_repeat/window_2p25eq2p5/draw_09/attempt_02/results_single.csv,1650.17242391|1650.17242439,window_2p25eq2p5,9
2021,0.068,0.002151836,0.063158369,0.072841631,1689078885.5130382,1.64,0.06447098896,0.07152901104,0.00705802208,0.0,1.0,8000,0.000125,True,11862.030633128496,3.353668390950931e-06,0.4139324823116991,0.2174406374019405,1445.5615872071912,6651.956953224432,True,tilde_q_mu,asymptotic,default,sidak_approx,observed,8.04**2 * RBF(length_scale=0.319),0.0342697008691363,0.4673141027609495,0.1265492572619316,0.3185448399427517,0.0311542735173966,64.60830951401596,1651.2108140177418,400,37,363,416,16,0.04,0.3,0.000625,1.0,1e-08,1e+18,False,False,False,False,12,1.1,15.0,10.2247558353391,15.92579586415336,217.1699436020912,148.03397654038304,study_results/v4p2_followups_20260806/pseudo65/gp_window_ensemble_20260806/central_repeat/window_2p25eq2p5/draw_09/attempt_02/results_single.csv,2,2,1,2,stable_reproduced,False,attempt_02_55_75MeV,False,1651.2108138155866,1651.2108140177418,study_results/v4p2_followups_20260806/pseudo65/gp_window_ensemble_20260806/runs/window_2p25eq2p5/draw_09/attempt_01/results_single.csv|study_results/v4p2_followups_20260806/pseudo65/gp_window_ensemble_20260806/central_repeat/window_2p25eq2p5/draw_09/attempt_02/results_single.csv,1651.21081382|1651.21081402,window_2p25eq2p5,9
2021,0.069,0.002162225875,0.06413499178125,0.07386500821875,1723976867.670109,1.64,0.065453949565,0.072546050435,0.00709210087,0.0,1.0,8000,0.000125,True,10903.930037112794,2.976613543328999e-06,0.4927922807949899,0.018068055773514,117.08740584948548,6585.277125507845,True,tilde_q_mu,asymptotic,default,sidak_approx,observed,7.99**2 * RBF(length_scale=0.319),0.0339412013307978,0.4628345636017883,0.1253361923231284,0.3187355549491344,0.0308556375734525,63.77932063345015,1657.6599703454524,401,39,362,416,15,0.04,0.3,0.000625,1.0,1e-08,1e+18,False,False,False,False,12,1.1,15.0,10.329896901024236,15.697343058942815,214.05467807649293,147.41085038080698,study_results/v4p2_followups_20260806/pseudo65/gp_window_ensemble_20260806/central_repeat/window_2p25eq2p5/draw_09/attempt_02/results_single.csv,2,2,1,2,stable_reproduced,False,attempt_02_55_75MeV,False,1657.6599692102875,1657.6599703454524,study_results/v4p2_followups_20260806/pseudo65/gp_window_ensemble_20260806/runs/window_2p25eq2p5/draw_09/attempt_01/results_single.csv|study_results/v4p2_followups_20260806/pseudo65/gp_window_ensemble_20260806/central_repeat/window_2p25eq2p5/draw_09/attempt_02/results_single.csv,1657.65996921|1657.65997035,window_2p25eq2p5,9
2021,0.07,0.0021727875,0.065111228125,0.074888771875,1754182272.5354366,1.64,0.0664366285,0.0735633715,0.0071267429999999,0.0,1.0,8000,0.000125,True,9593.016520126266,2.5368942062519027e-06,0.5,0.0,-2820.103327661727,6696.790676412365,True,tilde_q_mu,asymptotic,default,sidak_approx,observed,7.94**2 * RBF(length_scale=0.318),0.0336246112080568,0.4585174255644109,0.1241671058160028,0.3178865858307526,0.0305678283709607,62.991588669398354,1651.6218241430877,400,40,360,416,16,0.04,0.3,0.000625,1.0,1e-08,1e+18,False,False,False,False,12,1.1,15.0,10.399384018157576,15.475333509630737,211.02727513132825,146.30357815973838,study_results/v4p2_followups_20260806/pseudo65/gp_window_ensemble_20260806/runs/window_2p25eq2p5/draw_09/attempt_01/results_single.csv,2,2,1,2,stable_reproduced,False,attempt_01_full,False,1651.6218241430877,1651.6218223455364,study_results/v4p2_followups_20260806/pseudo65/gp_window_ensemble_20260806/runs/window_2p25eq2p5/draw_09/attempt_01/results_single.csv|study_results/v4p2_followups_20260806/pseudo65/gp_window_ensemble_20260806/central_repeat/window_2p25eq2p5/draw_09/attempt_02/results_single.csv,1651.62182414|1651.62182235,window_2p25eq2p5,9
2021,0.071,0.002183520875,0.06608707803125,0.0759129219687499,1779554873.7945404,1.64,0.0674190257649999,0.074580974235,0.00716194847,0.0,1.0,8000,0.000125,True,8158.125392926913,2.0967206154210195e-06,0.5,0.0,-6695.43420439173,6577.859695004623,True,tilde_q_mu,asymptotic,default,sidak_approx,observed,8.17**2 * RBF(length_scale=0.321),0.0333194333154327,0.4543559088468107,0.1230401617614922,0.3208672282215049,0.0302903939231207,66.74374478696771,1656.172144272893,401,42,359,416,15,0.04,0.3,0.000625,1.0,1e-08,1e+18,False,False,False,False,12,1.1,15.0,10.59303583294063,15.259498407787282,208.08406919709927,146.94946675126468,study_results/v4p2_followups_20260806/pseudo65/gp_window_ensemble_20260806/runs/window_2p25eq2p5/draw_09/attempt_01/results_single.csv,2,2,1,2,stable_reproduced,False,attempt_01_full,False,1656.172144272893,1656.172143397301,study_results/v4p2_followups_20260806/pseudo65/gp_window_ensemble_20260806/runs/window_2p25eq2p5/draw_09/attempt_01/results_single.csv|study_results/v4p2_followups_20260806/pseudo65/gp_window_ensemble_20260806/central_repeat/window_2p25eq2p5/draw_09/attempt_02/results_single.csv,1656.17214427|1656.1721434,window_2p25eq2p5,9
2021,0.072,0.002194426,0.0670625414999999,0.0769374585,1799894406.9765427,1.64,0.06840114136,0.0755988586399999,0.0071977172799999,0.0,1.0,8000,0.000125,True,7545.512108032616,1.8907282732673568e-06,0.5,0.0,-9935.07435294881,6650.110285872616,True,tilde_q_mu,asymptotic,default,sidak_approx,observed,8.18**2 * RBF(length_scale=0.321),0.0330251977459068,0.4503436056260024,0.1219536249129291,0.3205098962714501,0.0300229070417334,66.88562241038176,1650.323716450863,400,43,357,416,16,0.04,0.3,0.000625,1.0,1e-08,1e+18,False,False,False,False,12,1.1,15.0,10.675511729291363,15.049583693369856,205.22159581867984,146.0563702177472,study_results/v4p2_followups_20260806/pseudo65/gp_window_ensemble_20260806/central_repeat/window_2p25eq2p5/draw_09/attempt_02/results_single.csv,2,2,1,2,stable_reproduced,False,attempt_02_55_75MeV,False,1650.3237160457809,1650.323716450863,study_results/v4p2_followups_20260806/pseudo65/gp_window_ensemble_20260806/runs/window_2p25eq2p5/draw_09/attempt_01/results_single.csv|study_results/v4p2_followups_20260806/pseudo65/gp_window_ensemble_20260806/central_repeat/window_2p25eq2p5/draw_09/attempt_02/results_single.csv,1650.32371605|1650.32371645,window_2p25eq2p5,9
2021,0.073,0.002205502875,0.06803761853125,0.07796238146875,1816580432.6280384,1.64,0.069382975285,0.076617024715,0.00723404943,0.0,1.0,8000,0.000125,True,7647.817783763625,1.87275067383122e-06,0.4999026019832914,0.000244140625,-9331.567685695649,6632.755841964207,True,tilde_q_mu,asymptotic,default,sidak_approx,observed,8.05**2 * RBF(length_scale=0.319),0.0327414600253253,0.4464744548907995,0.1209058539407253,0.3186873735018613,0.0297649636593866,64.868887538428,1650.6894848351185,400,45,355,416,16,0.04,0.3,0.000625,1.0,1e-08,1e+18,False,False,False,False,12,1.1,15.0,10.706795316424332,14.845349056879057,202.43657804835075,144.49646704807006,study_results/v4p2_followups_20260806/pseudo65/gp_window_ensemble_20260806/central_repeat/window_2p25eq2p5/draw_09/attempt_02/results_single.csv,2,2,1,2,stable_reproduced,False,attempt_02_55_75MeV,False,1650.6894834002217,1650.6894848351185,study_results/v4p2_followups_20260806/pseudo65/gp_window_ensemble_20260806/runs/window_2p25eq2p5/draw_09/attempt_01/results_single.csv|study_results/v4p2_followups_20260806/pseudo65/gp_window_ensemble_20260806/central_repeat/window_2p25eq2p5/draw_09/attempt_02/results_single.csv,1650.6894834|1650.68948484,window_2p25eq2p5,9
2021,0.074,0.0022167515,0.0690123091249999,0.078987690875,1829474701.9884825,1.64,0.07036452754,0.07763547246,0.0072709449199999,0.0,1.0,8000,0.000125,True,7991.023165815522,1.9167443138665604e-06,0.5,0.0,-7311.378452223638,6570.198106701933,True,tilde_q_mu,asymptotic,default,sidak_approx,observed,8.22**2 * RBF(length_scale=0.321),0.0324677994146582,0.442742719290794,0.1198952951630456,0.3212697150006131,0.0295161812860529,67.57967955102795,1652.8485259597498,400,46,354,416,16,0.04,0.3,0.000625,1.0,1e-08,1e+18,False,False,False,False,12,1.1,15.0,10.884528451938335,14.646567021453794,199.72591392891536,144.92815951657778,study_results/v4p2_followups_20260806/pseudo65/gp_window_ensemble_20260806/central_repeat/window_2p25eq2p5/draw_09/attempt_02/results_single.csv,2,2,1,2,stable_reproduced,False,attempt_02_55_75MeV,False,1652.8485243656075,1652.8485259597498,study_results/v4p2_followups_20260806/pseudo65/gp_window_ensemble_20260806/runs/window_2p25eq2p5/draw_09/attempt_01/results_single.csv|study_results/v4p2_followups_20260806/pseudo65/gp_window_ensemble_20260806/central_repeat/window_2p25eq2p5/draw_09/attempt_02/results_single.csv,1652.84852437|1652.84852596,window_2p25eq2p5,9
2021,0.075,0.002228171875,0.06998661328125,0.08001338671875,1838368958.6354597,1.64,0.071345798125,0.078654201875,0.0073084037499999,0.0,1.0,8000,0.000125,True,9330.746429939518,2.1975682291677733e-06,0.4999026019832914,0.000244140625,-2863.5528617347222,6543.462297016485,True,tilde_q_mu,asymptotic,default,sidak_approx,observed,8.2**2 * RBF(length_scale=0.32),0.032203817346461,0.4391429638153776,0.1189204767720596,0.3204917870358136,0.0292761975876918,67.20162244532743,1651.6749787097135,400,48,352,416,16,0.04,0.3,0.000625,1.0,1e-08,1e+18,False,False,False,False,12,1.1,15.0,10.947179396362362,14.45302209752604,197.08666496626415,143.83620520109724,study_results/v4p2_followups_20260806/pseudo65/gp_window_ensemble_20260806/central_repeat/window_2p25eq2p5/draw_09/attempt_02/results_single.csv,2,2,1,2,stable_reproduced,False,attempt_02_55_75MeV,False,1651.674977956979,1651.6749787097135,study_results/v4p2_followups_20260806/pseudo65/gp_window_ensemble_20260806/runs/window_2p25eq2p5/draw_09/attempt_01/results_single.csv|study_results/v4p2_followups_20260806/pseudo65/gp_window_ensemble_20260806/central_repeat/window_2p25eq2p5/draw_09/attempt_02/results_single.csv,1651.67497796|1651.67497871,window_2p25eq2p5,9
2021,0.076,0.002239764,0.070960531,0.081039469,1844398591.748667,1.64,0.0723267870399999,0.07967321296,0.00734642592,0.0,1.0,8000,0.000125,True,11511.57950005799,2.666775551516486e-06,0.4225076538057051,0.1954824090053368,1271.5645160979402,6506.352546451509,True,tilde_q_mu,asymptotic,default,sidak_approx,observed,8.11**2 * RBF(length_scale=0.319),0.0319491359833398,0.4356700361364529,0.1179800035107226,0.3194720173110849,0.0290446690757635,65.71482468757658,1650.528148631333,400,50,350,416,16,0.04,0.3,0.000625,1.0,1e-08,1e+18,False,False,False,False,12,1.1,15.0,10.999334042255278,14.264510003437811,194.51604550142468,142.63646406991313,study_results/v4p2_followups_20260806/pseudo65/gp_window_ensemble_20260806/runs/window_2p25eq2p5/draw_09/attempt_01/results_single.csv,1,1,1,1,single_attempt_outside_55_75MeV,False,,,,,,,window_2p25eq2p5,9
2021,0.077,0.002251527875,0.07193406228125,0.08206593771875,1847461207.5520144,1.64,0.073307494285,0.080692505715,0.00738501143,0.0,1.0,8000,0.000125,True,14267.327717841275,3.256840619318833e-06,0.2151023971240981,0.7888412543102703,5132.391623681536,6506.910552025676,True,tilde_q_mu,asymptotic,default,sidak_approx,observed,7.9**2 * RBF(length_scale=0.317),0.0317033968874435,0.4323190484651396,0.1170725517595489,0.3167450342286232,0.0288212698976759,62.35876989229208,1650.9207172973397,400,51,349,416,16,0.04,0.3,0.000625,1.0,1e-08,1e+18,False,False,False,False,12,1.1,15.0,10.989974950901251,14.080836946086476,192.0114129011792,140.68004120474112,study_results/v4p2_followups_20260806/pseudo65/gp_window_ensemble_20260806/runs/window_2p25eq2p5/draw_09/attempt_01/results_single.csv,1,1,1,1,single_attempt_outside_55_75MeV,False,,,,,,,window_2p25eq2p5,9
2021,0.078,0.0022634635,0.072907207125,0.083092792875,1847769944.3645077,1.64,0.07428791986,0.08171208014,0.00742416028,0.0,1.0,8000,0.000125,True,16052.528464991396,3.616769814438264e-06,0.1328655721489788,1.1129471126853987,7234.483799820567,6482.929441925894,True,tilde_q_mu,asymptotic,default,sidak_approx,observed,7.84**2 * RBF(length_scale=0.316),0.0314662597911359,0.4290853607882172,0.1161968649970184,0.3161402780566605,0.0286056907192144,61.463365164512126,1650.5185394144494,400,53,347,416,16,0.04,0.3,0.000625,1.0,1e-08,1e+18,False,False,False,False,12,1.1,15.0,11.051656859462186,13.901818956274722,189.57025849465532,139.6710298428318,study_results/v4p2_followups_20260806/pseudo65/gp_window_ensemble_20260806/runs/window_2p25eq2p5/draw_09/attempt_01/results_single.csv,1,1,1,1,single_attempt_outside_55_75MeV,False,,,,,,,window_2p25eq2p5,9
2021,0.079,0.002275570875,0.07387996553125,0.08412003446875,1845689661.7151537,1.64,0.075268063765,0.082731936235,0.0074638724699999,0.0,1.0,8000,0.000125,True,17015.15054506588,3.789395605306392e-06,0.1015293104182395,1.272885653507679,8308.378238663137,6525.582706232434,True,tilde_q_mu,asymptotic,default,sidak_approx,observed,7.8**2 * RBF(length_scale=0.316),0.0312374014599871,0.4259645653634614,0.1153517496008941,0.3155185120860935,0.0283976376908974,60.805704412269264,1644.3970360435612,399,54,345,416,17,0.04,0.3,0.000625,1.0,1e-08,1e+18,False,False,False,False,12,1.1,15.0,11.110730953061978,13.727281273973578,187.1901991905488,138.65466268375116,study_results/v4p2_followups_20260806/pseudo65/gp_window_ensemble_20260806/runs/window_2p25eq2p5/draw_09/attempt_01/results_single.csv,1,1,1,1,single_attempt_outside_55_75MeV,False,,,,,,,window_2p25eq2p5,9
2021,0.08,0.00228785,0.0748523375,0.0851476625,1840971776.2432177,1.64,0.076247926,0.083752074,0.0075041479999999,0.0,1.0,8000,0.000125,True,16689.466142874462,3.6798087644897302e-06,0.1036943956367419,1.2607781414693815,8083.406990273496,6409.500745907183,True,tilde_q_mu,asymptotic,default,sidak_approx,observed,7.96**2 * RBF(length_scale=0.318),0.0310165146400847,0.4229524723647926,0.1145360709609101,0.3176789570792038,0.0281968314909861,63.43296565161741,1649.1139807896636,400,56,344,416,16,0.04,0.3,0.000625,1.0,1e-08,1e+18,False,False,False,False,12,1.1,15.0,11.26647712813966,13.55705777917468,184.8689697160183,138.85480126721762,study_results/v4p2_followups_20260806/pseudo65/gp_window_ensemble_20260806/runs/window_2p25eq2p5/draw_09/attempt_01/results_single.csv,1,1,1,1,single_attempt_outside_55_75MeV,False,,,,,,,window_2p25eq2p5,9
2021,0.081,0.002300300875,0.07582432303125,0.08617567696875,1834117166.8439004,1.64,0.077227506565,0.084772493435,0.0075449868699999,0.0,1.0,8000,0.000125,True,16641.178756578618,3.637407124843908e-06,0.109445224840235,1.2294838490707116,7928.778660497925,6435.807390729638,True,tilde_q_mu,asymptotic,default,sidak_approx,observed,7.9**2 * RBF(length_scale=0.318),0.030803307082474,0.4200450965791913,0.113748749876279,0.3175390454260572,0.0280030064386127,62.39400648836161,1643.0590189916677,399,57,342,416,17,0.04,0.3,0.000625,1.0,1e-08,1e+18,False,False,False,False,12,1.1,15.0,11.33946264384703,13.390990464442623,182.6044154242176,138.04239648696267,study_results/v4p2_followups_20260806/pseudo65/gp_window_ensemble_20260806/runs/window_2p25eq2p5/draw_09/attempt_01/results_single.csv,1,1,1,1,single_attempt_outside_55_75MeV,False,,,,,,,window_2p25eq2p5,9
2021,0.082,0.0023129235,0.076795922125,0.087204077875,1825600864.265104,1.64,0.07820680546,0.08579319454,0.00758638908,0.0,1.0,8000,0.000125,True,14465.948157395063,3.1379581074608334e-06,0.1925261005376548,0.8686251365342021,5547.239555021929,6380.322942599295,True,tilde_q_mu,asymptotic,default,sidak_approx,observed,8.06**2 * RBF(length_scale=0.319),0.0305975006382008,0.4172386450663756,0.1129887592139169,0.3191710938528607,0.0278159096710917,64.99457302524708,1641.941128667829,399,59,340,416,17,0.04,0.3,0.000625,1.0,1e-08,1e+18,False,False,False,False,12,1.1,15.0,11.47440790637044,13.228928945639955,180.39448562236305,137.99466080605808,study_results/v4p2_followups_20260806/pseudo65/gp_window_ensemble_20260806/runs/window_2p25eq2p5/draw_09/attempt_01/results_single.csv,1,1,1,1,single_attempt_outside_55_75MeV,False,,,,,,,window_2p25eq2p5,9
2021,0.083,0.002325717875,0.07776713478125,0.08823286521875,1815668681.2943528,1.64,0.079185822685,0.086814177315,0.00762835463,0.0,1.0,8000,0.000125,True,11359.64459519127,2.447766412443274e-06,0.4126607475503791,0.2207058256541071,1403.3965184604288,6360.682865586387,True,tilde_q_mu,asymptotic,default,sidak_approx,observed,7.97**2 * RBF(length_scale=0.317),0.030398830418065,0.4145295057008868,0.1122551208056255,0.3166080325257747,0.0276353003800591,63.51375152363031,1644.7696683269362,399,60,339,416,17,0.04,0.3,0.000625,1.0,1e-08,1e+18,False,False,False,False,12,1.1,15.0,11.45665247605669,13.070730007639057,178.2372273768962,136.13346482353313,study_results/v4p2_followups_20260806/pseudo65/gp_window_ensemble_20260806/runs/window_2p25eq2p5/draw_09/attempt_01/results_single.csv,1,1,1,1,single_attempt_outside_55_75MeV,False,,,,,,,window_2p25eq2p5,9
2021,0.084,0.002338684,0.078737961,0.089262039,1803665927.1918256,1.64,0.08016455824,0.08783544176,0.00767088352,0.0,1.0,8000,0.000125,True,10063.400576511223,2.156896447186065e-06,0.5,0.0,-517.840559831019,6304.733154621309,True,tilde_q_mu,asymptotic,default,sidak_approx,observed,8.01**2 * RBF(length_scale=0.318),0.0302070440117673,0.4119142365241002,0.111546902564603,0.3178254176821118,0.0274609491016066,64.15276036668787,1644.8456696938083,399,62,337,416,17,0.04,0.3,0.000625,1.0,1e-08,1e+18,False,False,False,False,12,1.1,15.0,11.573722980445586,12.916257182144893,176.13077975652126,135.89925688212335,study_results/v4p2_followups_20260806/pseudo65/gp_window_ensemble_20260806/runs/window_2p25eq2p5/draw_09/attempt_01/results_single.csv,1,1,1,1,single_attempt_outside_55_75MeV,False,,,,,,,window_2p25eq2p5,9
2021,0.085,0.002351821875,0.07970840078125,0.09029159921875,1790440672.4133158,1.64,0.081143012125,0.088856987875,0.0077139757499999,0.0,1.0,8000,0.000125,True,8571.791579270865,1.828995614631148e-06,0.5,0.0,-3384.0223209104483,6201.83236549213,True,tilde_q_mu,asymptotic,default,sidak_approx,observed,7.96**2 * RBF(length_scale=0.317),0.0300219007615834,0.4093895558397742,0.1108632158033061,0.3167781678143631,0.0272926370559849,63.39123277466637,1650.4843589572954,400,64,336,416,16,0.04,0.3,0.000625,1.0,1e-08,1e+18,False,False,False,False,12,1.1,15.0,11.606726281691328,12.76538035499965,174.07336847726796,134.69479605650966,study_results/v4p2_followups_20260806/pseudo65/gp_window_ensemble_20260806/runs/window_2p25eq2p5/draw_09/attempt_01/results_single.csv,1,1,1,1,single_attempt_outside_55_75MeV,False,,,,,,,window_2p25eq2p5,9
2021,0.086,0.0023651315,0.080678454125,0.091321545875,1775696555.8627672,1.64,0.0821211843399999,0.08987881566,0.00775763132,0.0,1.0,8000,0.000125,True,7992.6742648530035,1.6995926037770377e-06,0.5,0.0,-5262.235440884809,6222.6484643106405,True,tilde_q_mu,asymptotic,default,sidak_approx,observed,7.93**2 * RBF(length_scale=0.316),0.0298431710861948,0.4069523329935665,0.1102032127365311,0.3163009366014137,0.0271301555329044,62.92397944721123,1644.7622103145857,399,65,334,416,17,0.04,0.3,0.000625,1.0,1e-08,1e+18,False,False,False,False,12,1.1,15.0,11.658648112716955,12.61797540060452,172.0633009173344,133.73503190051534,study_results/v4p2_followups_20260806/pseudo65/gp_window_ensemble_20260806/runs/window_2p25eq2p5/draw_09/attempt_01/results_single.csv,1,1,1,1,single_attempt_outside_55_75MeV,False,,,,,,,window_2p25eq2p5,9
2021,0.087,0.002378612875,0.0816481210312499,0.09235187896875,1760136602.064715,1.64,0.083099074885,0.0909009251149999,0.0078018502299999,0.0,1.0,8000,0.000125,True,7526.272379376784,1.5960049237571704e-06,0.4999026019832914,0.000244140625,-6948.39157675135,6192.69500988563,True,tilde_q_mu,asymptotic,default,sidak_approx,observed,7.84**2 * RBF(length_scale=0.314),0.0296706358506726,0.4045995797818991,0.1095660841549239,0.3144297952644141,0.0269733053187932,61.42355751853776,1644.123504916866,399,67,332,416,17,0.04,0.3,0.000625,1.0,1e-08,1e+18,False,False,False,False,12,1.1,15.0,11.657073226592647,12.47392384129452,170.098961472198,132.19040330991822,study_results/v4p2_followups_20260806/pseudo65/gp_window_ensemble_20260806/runs/window_2p25eq2p5/draw_09/attempt_01/results_single.csv,1,1,1,1,single_attempt_outside_55_75MeV,False,,,,,,,window_2p25eq2p5,9
2021,0.088,0.002392266,0.0826174014999999,0.0933825985,1743632625.119082,1.64,0.0840766837599999,0.09192331624,0.00784663248,0.0,1.0,8000,0.000125,True,7455.0318627195475,1.5777266715227091e-06,0.5,0.0,-6999.143286409039,6153.151123031699,True,tilde_q_mu,asymptotic,default,sidak_approx,observed,7.81**2 * RBF(length_scale=0.314),0.0295040857789749,0.4023284424405671,0.1089510572554845,0.3140248129006973,0.0268218961627044,60.95392398432771,1644.206570491271,399,68,331,416,17,0.04,0.3,0.000625,1.0,1e-08,1e+18,False,False,False,False,12,1.1,15.0,11.707778264287857,12.33311252969984,168.17880722317963,131.26667891476,study_results/v4p2_followups_20260806/pseudo65/gp_window_ensemble_20260806/runs/window_2p25eq2p5/draw_09/attempt_01/results_single.csv,1,1,1,1,single_attempt_outside_55_75MeV,False,,,,,,,window_2p25eq2p5,9
2021,0.089,0.002406090875,0.08358629553125,0.09441370446875,1725874782.225614,1.64,0.085054010965,0.092945989035,0.00789197807,0.0,1.0,8000,0.000125,True,7935.905422645818,1.677710859934862e-06,0.5,0.0,-4841.62910794181,6090.088272492424,True,tilde_q_mu,asymptotic,default,sidak_approx,observed,7.99**2 * RBF(length_scale=0.317),0.0293433209056615,0.4001361941681125,0.1083573936168872,0.3167346372359299,0.0266757462778741,63.897447892309025,1642.9627119107292,399,70,329,416,17,0.04,0.3,0.000625,1.0,1e-08,1e+18,False,False,False,False,12,1.1,15.0,11.873506140618868,12.1954333523091,166.3013638951241,131.63868436013658,study_results/v4p2_followups_20260806/pseudo65/gp_window_ensemble_20260806/runs/window_2p25eq2p5/draw_09/attempt_01/results_single.csv,1,1,1,1,single_attempt_outside_55_75MeV,False,,,,,,,window_2p25eq2p5,9
2021,0.09,0.0024200875,0.084554803125,0.095445196875,1707421799.183081,1.64,0.0860310565,0.0939689435,0.007937887,0.0,1.0,8000,0.000125,True,8931.846501911592,1.887460369467674e-06,0.5,0.0,-2103.4309235494056,6094.416602166749,True,tilde_q_mu,asymptotic,default,sidak_approx,observed,8.05**2 * RBF(length_scale=0.317),0.0291881500637943,0.3980202281426503,0.1077843873084286,0.3172953929796449,0.0265346818761766,64.8201575167038,1638.0132674972574,398,71,327,416,18,0.04,0.3,0.000625,1.0,1e-08,1e+18,False,False,False,False,12,1.1,15.0,11.957761335157304,12.060782952597524,164.46522208087532,131.10905823845002,study_results/v4p2_followups_20260806/pseudo65/gp_window_ensemble_20260806/runs/window_2p25eq2p5/draw_09/attempt_01/results_single.csv,1,1,1,1,single_attempt_outside_55_75MeV,False,,,,,,,window_2p25eq2p5,9
2021,0.091,0.002434255875,0.08552292428125,0.09647707571875,1688209960.037576,1.64,0.087007820365,0.094992179635,0.0079843592699999,0.0,1.0,8000,0.000125,True,10879.830789451436,2.2997160304407855e-06,0.3861917330871173,0.2892586326201131,1578.0251000002172,6005.682874789176,True,tilde_q_mu,asymptotic,default,sidak_approx,observed,8.05**2 * RBF(length_scale=0.317),0.0290383904062669,0.3959780509945498,0.1072313631224206,0.3168781163327114,0.0263985367329699,64.78275365992464,1644.7356553194352,399,73,326,416,17,0.04,0.3,0.000625,1.0,1e-08,1e+18,False,False,False,False,12,1.1,15.0,12.003624274255776,11.929062472229626,162.66903371222216,130.17453078251742,study_results/v4p2_followups_20260806/pseudo65/gp_window_ensemble_20260806/runs/window_2p25eq2p5/draw_09/attempt_01/results_single.csv,1,1,1,1,single_attempt_outside_55_75MeV,False,,,,,,,window_2p25eq2p5,9
2021,0.092,0.002448596,0.086490659,0.097509341,1668257878.789034,1.64,0.08798430256,0.0960156974399999,0.0080313948799999,0.0,1.0,8000,0.000125,True,11997.039272285909,2.5383002387980064e-06,0.3011997301660872,0.5209530756314696,3130.125358509421,6002.7510518276595,True,tilde_q_mu,asymptotic,default,sidak_approx,observed,8.05**2 * RBF(length_scale=0.318),0.0288938669580575,0.3940072767007851,0.1066976749207735,0.3180168624059939,0.0262671517800523,64.73772962700042,1641.6937401810965,398,74,324,416,18,0.04,0.3,0.000625,1.0,1e-08,1e+18,False,False,False,False,12,1.1,15.0,12.107017352657952,11.800177308979343,160.9115087588092,129.877228585685,study_results/v4p2_followups_20260806/pseudo65/gp_window_ensemble_20260806/runs/window_2p25eq2p5/draw_09/attempt_01/results_single.csv,1,1,1,1,single_attempt_outside_55_75MeV,False,,,,,,,window_2p25eq2p5,9
2021,0.093,0.002463107875,0.08745800728125,0.09854199271875,1647188801.3305027,1.64,0.088960503085,0.097039496915,0.0080789938299999,0.0,1.0,8000,0.000125,True,12084.943677788928,2.561758720143647e-06,0.2844705166958474,0.5696117851761978,3356.191002549032,5951.790762059066,True,tilde_q_mu,asymptotic,default,sidak_approx,observed,8.09**2 * RBF(length_scale=0.319),0.0287544121970801,0.3921056208692741,0.106182704087187,0.3189838393054438,0.0261403747246182,65.433794660864,1642.4241924556543,398,76,322,416,18,0.04,0.3,0.000625,1.0,1e-08,1e+18,False,False,False,False,12,1.1,15.0,12.202726344432763,11.674036890113918,159.19141213791704,129.50461591352095,study_results/v4p2_followups_20260806/pseudo65/gp_window_ensemble_20260806/runs/window_2p25eq2p5/draw_09/attempt_01/results_single.csv,1,1,1,1,single_attempt_outside_55_75MeV,False,,,,,,,window_2p25eq2p5,9
2021,0.094,0.0024777915,0.088424969125,0.099575030875,1625450307.8031468,1.64,0.08993642194,0.09806357806,0.00812715612,0.0,1.0,8000,0.000125,True,10935.334791099453,2.3240766915625986e-06,0.3738569062097949,0.3216553429272339,1896.3958483832491,5895.603507397968,True,tilde_q_mu,asymptotic,default,sidak_approx,observed,8.23**2 * RBF(length_scale=0.32),0.0286198656615447,0.3902708953847011,0.1056858580772325,0.3199477078306417,0.0260180596923134,67.66166989003355,1638.5843986622797,398,77,321,416,18,0.04,0.3,0.000625,1.0,1e-08,1e+18,False,False,False,False,12,1.1,15.0,12.297139433697462,11.550554460108833,157.50756081966588,129.12616248406763,study_results/v4p2_followups_20260806/pseudo65/gp_window_ensemble_20260806/runs/window_2p25eq2p5/draw_09/attempt_01/results_single.csv,1,1,1,1,single_attempt_outside_55_75MeV,False,,,,,,,window_2p25eq2p5,9
2021,0.095,0.002492646875,0.08939154453125,0.10060845546875,1603496027.5520115,1.64,0.090912059125,0.099087940875,0.00817588175,0.0,1.0,8000,0.000125,True,9595.375865337885,2.0454573093132855e-06,0.5,0.0,-96.49823899362369,5870.105514653351,True,tilde_q_mu,asymptotic,default,sidak_approx,observed,8.06**2 * RBF(length_scale=0.317),0.0284900735818755,0.3885010033892122,0.1052065690591188,0.3174244138807262,0.0259000668926141,65.01377731071896,1639.084410904915,398,79,319,416,18,0.04,0.3,0.000625,1.0,1e-08,1e+18,False,False,False,False,12,1.1,15.0,12.255737222487454,11.429646881640853,155.85882111328436,127.3443170247395,study_results/v4p2_followups_20260806/pseudo65/gp_window_ensemble_20260806/runs/window_2p25eq2p5/draw_09/attempt_01/results_single.csv,1,1,1,1,single_attempt_outside_55_75MeV,False,,,,,,,window_2p25eq2p5,9
2021,0.096,0.002507674,0.0903577335,0.1016422665,1581239228.7143855,1.64,0.09188741464,0.10011258536,0.00822517072,0.0,1.0,8000,0.000125,True,8149.139926282598,1.7432628848856171e-06,0.5,0.0,-2923.36884150416,5814.401446513325,True,tilde_q_mu,asymptotic,default,sidak_approx,observed,8.11**2 * RBF(length_scale=0.318),0.0283648885354218,0.3867939345739346,0.1047442926386298,0.318001387678018,0.0257862623049289,65.81758840999738,1639.3610802665698,398,81,317,416,18,0.04,0.3,0.000625,1.0,1e-08,1e+18,False,False,False,False,12,1.1,15.0,12.332201693970704,11.311234448904392,154.24410612142353,126.81129511970774,study_results/v4p2_followups_20260806/pseudo65/gp_window_ensemble_20260806/runs/window_2p25eq2p5/draw_09/attempt_01/results_single.csv,1,1,1,1,single_attempt_outside_55_75MeV,False,,,,,,,window_2p25eq2p5,9
2021,0.097,0.002522872875,0.09132353603125,0.10267646396875,1558363770.3660083,1.64,0.092862488485,0.101137511515,0.0082750230299999,0.0,1.0,8000,0.000125,True,7514.848427356408,1.6143569592985516e-06,0.5,0.0,-4528.049622989198,5762.593323715586,True,tilde_q_mu,asymptotic,default,sidak_approx,observed,8.14**2 * RBF(length_scale=0.319),0.02824416912233,0.3851477607590459,0.104298506662201,0.3186466316415746,0.0256765173839363,66.31588157344395,1639.3117344151042,398,82,316,416,18,0.04,0.3,0.000625,1.0,1e-08,1e+18,False,False,False,False,12,1.1,15.0,12.410040928717407,11.195240712368449,152.66237335047882,126.30308677030531,study_results/v4p2_followups_20260806/pseudo65/gp_window_ensemble_20260806/runs/window_2p25eq2p5/draw_09/attempt_01/results_single.csv,1,1,1,1,single_attempt_outside_55_75MeV,False,,,,,,,window_2p25eq2p5,9
2021,0.098,0.0025382435,0.092288952125,0.103711047875,1534811175.2125387,1.64,0.09383728066,0.10216271934,0.0083254386799999,0.0,1.0,8000,0.000125,True,7512.029938114421,1.621795920811298e-06,0.5,0.0,-4281.012593514486,5709.70839491695,True,tilde_q_mu,asymptotic,default,sidak_approx,observed,8.17**2 * RBF(length_scale=0.319),0.0281277796610786,0.3835606317419815,0.1038687100926096,0.319163509277387,0.0255707087827987,66.72997770660902,1639.5953304973757,398,84,314,416,18,0.04,0.3,0.000625,1.0,1e-08,1e+18,False,False,False,False,12,1.1,15.0,12.48160588697041,11.081592314164752,151.11262246588296,125.74187987771349,study_results/v4p2_followups_20260806/pseudo65/gp_window_ensemble_20260806/runs/window_2p25eq2p5/draw_09/attempt_01/results_single.csv,1,1,1,1,single_attempt_outside_55_75MeV,False,,,,,,,window_2p25eq2p5,9
2021,0.099,0.002553785875,0.09325398178125,0.10474601821875,1511028905.8514876,1.64,0.094811791165,0.103188208835,0.0083764176699999,0.0,1.0,8000,0.000125,True,8161.845953684257,1.7717414624203189e-06,0.5,0.0,-2424.8462276212213,5703.731907709366,True,tilde_q_mu,asymptotic,default,sidak_approx,observed,8.14**2 * RBF(length_scale=0.319),0.0280155899022987,0.3820307713949833,0.1034544219521848,0.3188108093509172,0.0254687180929988,66.31369330356043,1634.1956136616743,397,85,312,416,19,0.04,0.3,0.000625,1.0,1e-08,1e+18,False,False,False,False,12,1.1,15.0,12.517740711832502,10.970218833361969,149.59389318220866,124.83850446189706,study_results/v4p2_followups_20260806/pseudo65/gp_window_ensemble_20260806/runs/window_2p25eq2p5/draw_09/attempt_01/results_single.csv,1,1,1,1,single_attempt_outside_55_75MeV,False,,,,,,,window_2p25eq2p5,9
2021,0.1,0.0025695,0.094218625,0.105781375,1487397833.440122,1.64,0.09578602,0.10421398,0.00842796,0.0,1.0,8000,0.000125,True,9014.04521182003,1.967942974047096e-06,0.4998622584051908,0.0003452669830012,-370.4844149261541,5614.203527213001,True,tilde_q_mu,asymptotic,default,sidak_approx,observed,8.12**2 * RBF(length_scale=0.319),0.027907474759607,0.3805564739946421,0.1030551803288439,0.3188361819710335,0.0253704315996428,65.9796751178412,1640.6616799721332,398,87,311,416,18,0.04,0.3,0.000625,1.0,1e-08,1e+18,False,False,False,False,12,1.1,15.0,12.56723523676761,10.861052640438642,148.10526327870872,124.08491222846216,study_results/v4p2_followups_20260806/pseudo65/gp_window_ensemble_20260806/runs/window_2p25eq2p5/draw_09/attempt_01/results_single.csv,1,1,1,1,single_attempt_outside_55_75MeV,False,,,,,,,window_2p25eq2p5,9
2021,0.101,0.002585385875,0.09518288178125,0.10681711821875,1463545807.7925766,1.64,0.096759967165,0.105240032835,0.00848006567,0.0,1.0,8000,0.000125,True,10162.214674364795,2.2324441011441885e-06,0.3944994750883769,0.2676107567707897,1499.5029509343249,5604.366150692715,True,tilde_q_mu,asymptotic,default,sidak_approx,observed,8.14**2 * RBF(length_scale=0.319),0.0278033140562975,0.3791361007676941,0.1026705414406892,0.3193919388165748,0.0252757400511796,66.33056211662556,1634.9916497886816,397,88,309,416,19,0.04,0.3,0.000625,1.0,1e-08,1e+18,False,False,False,False,12,1.1,15.0,12.636304146579045,10.754028760328694,146.64584673175492,123.53743474233796,study_results/v4p2_followups_20260806/pseudo65/gp_window_ensemble_20260806/runs/window_2p25eq2p5/draw_09/attempt_01/results_single.csv,1,1,1,1,single_attempt_outside_55_75MeV,False,,,,,,,window_2p25eq2p5,9
2021,0.102,0.0026014435,0.096146752125,0.1078532478749999,1439773239.9828668,1.64,0.09773363266,0.1062663673399999,0.0085327346799999,0.0,1.0,8000,0.000125,True,10697.555944304915,2.365430646718695e-06,0.3307855137153623,0.4377451618478397,2363.339830320845,5554.835119467627,True,tilde_q_mu,asymptotic,default,sidak_approx,observed,8.22**2 * RBF(length_scale=0.32),0.0277029922867878,0.3777680766380165,0.1023000787550902,0.3200297216935368,0.0251845384425344,67.61525678547993,1635.318978874201,397,90,307,416,19,0.04,0.3,0.000625,1.0,1e-08,1e+18,False,False,False,False,12,1.1,15.0,12.707388798241196,10.649084743446428,145.21479195608765,123.0200547094476,study_results/v4p2_followups_20260806/pseudo65/gp_window_ensemble_20260806/runs/window_2p25eq2p5/draw_09/attempt_01/results_single.csv,1,1,1,1,single_attempt_outside_55_75MeV,False,,,,,,,window_2p25eq2p5,9
2021,0.103,0.002617672875,0.0971102360312499,0.10888976396875,1415306075.6792226,1.64,0.098707016485,0.107292983515,0.00858596703,0.0,1.0,8000,0.000125,True,11891.417988205483,2.648902488508465e-06,0.2332332623288733,0.7282402602230957,4001.764267902843,5520.985854020441,True,tilde_q_mu,asymptotic,default,sidak_approx,observed,8.05**2 * RBF(length_scale=0.318),0.0276063983918545,0.3764508871616523,0.1019433821586847,0.3179210144101653,0.0250967258107768,64.76652581279193,1633.6108187762052,397,91,306,416,19,0.04,0.3,0.000625,1.0,1e-08,1e+18,False,False,False,False,12,1.1,15.0,12.667828337736648,10.546160544164444,143.81128014769695,121.4517739960786,study_results/v4p2_followups_20260806/pseudo65/gp_window_ensemble_20260806/runs/window_2p25eq2p5/draw_09/attempt_01/results_single.csv,1,1,1,1,single_attempt_outside_55_75MeV,False,,,,,,,window_2p25eq2p5,9
2021,0.104,0.002634074,0.0980733335,0.1099266664999999,1390650623.4117515,1.64,0.09968011864,0.10831988136,0.00863976272,0.0,1.0,8000,0.000125,True,12576.450951061704,2.8237526357679643e-06,0.1844187802874943,0.8986529216410896,4931.509053293793,5485.00612500575,True,tilde_q_mu,asymptotic,default,sidak_approx,observed,7.94**2 * RBF(length_scale=0.317),0.0275134255467139,0.3751830756370089,0.1016000571748166,0.3167191172468219,0.0250122050424672,63.06881754412251,1634.0625960614325,397,93,304,416,19,0.04,0.3,0.000625,1.0,1e-08,1e+18,False,False,False,False,12,1.1,15.0,12.662582795442331,10.445198406238394,142.4345237214326,120.23926330346904,study_results/v4p2_followups_20260806/pseudo65/gp_window_ensemble_20260806/runs/window_2p25eq2p5/draw_09/attempt_01/results_single.csv,1,1,1,1,single_attempt_outside_55_75MeV,False,,,,,,,window_2p25eq2p5,9
2021,0.105,0.002650646875,0.0990360445312499,0.11096395546875,1366191403.4118524,1.64,0.100652939125,0.109347060875,0.00869412175,0.0,1.0,8000,0.000125,True,12317.875721433304,2.788398836027274e-06,0.1953978631417592,0.8581752031148304,4667.379397956196,5473.42514922952,True,tilde_q_mu,asymptotic,default,sidak_approx,observed,7.94**2 * RBF(length_scale=0.317),0.0274239709611162,0.3739632403788584,0.1012697242253318,0.316666225769837,0.0249308826919238,63.0107493279254,1628.7261099858056,396,94,302,416,20,0.04,0.3,0.000625,1.0,1e-08,1e+18,False,False,False,False,12,1.1,15.0,12.701765504372526,10.346142754725216,141.08376483716202,119.46752649571135,study_results/v4p2_followups_20260806/pseudo65/gp_window_ensemble_20260806/runs/window_2p25eq2p5/draw_09/attempt_01/results_single.csv,1,1,1,1,single_attempt_outside_55_75MeV,False,,,,,,,window_2p25eq2p5,9
2021,0.106,0.0026673915,0.099998369125,0.112001630875,1341676381.151068,1.64,0.10162547794,0.11037452206,0.0087490441199999,0.0,1.0,8000,0.000125,True,11473.113783228808,2.6196760095064065e-06,0.243511349901302,0.695052023113806,3744.7101769509513,5381.386937066249,True,tilde_q_mu,asymptotic,default,sidak_approx,observed,8.1**2 * RBF(length_scale=0.319),0.0273379356906521,0.3727900321452559,0.1009520179337844,0.318715399031069,0.0248526688096837,65.68233793319999,1631.8022258302158,397,96,301,416,19,0.04,0.3,0.000625,1.0,1e-08,1e+18,False,False,False,False,12,1.1,15.0,12.824192100724533,10.248940093965247,139.758274008617,119.48579690348006,study_results/v4p2_followups_20260806/pseudo65/gp_window_ensemble_20260806/runs/window_2p25eq2p5/draw_09/attempt_01/results_single.csv,1,1,1,1,single_attempt_outside_55_75MeV,False,,,,,,,window_2p25eq2p5,9
2021,0.107,0.002684307875,0.10096030728125,0.11303969271875,1317225676.2626095,1.64,0.102597735085,0.111402264915,0.0088045298299999,0.0,1.0,8000,0.000125,True,10812.87765915073,2.4912496226911977e-06,0.288087049932955,0.5589818606530028,2984.013359591466,5336.690045009263,True,tilde_q_mu,asymptotic,default,sidak_approx,observed,8.09**2 * RBF(length_scale=0.318),0.0272552244585561,0.3716621517075835,0.1006465864674015,0.3184125188470952,0.0247774767805055,65.39265983135493,1632.097808335051,397,98,299,416,19,0.04,0.3,0.000625,1.0,1e-08,1e+18,False,False,False,False,12,1.1,15.0,12.85088557110932,10.153538911238387,138.45734878961437,118.61996971830035,study_results/v4p2_followups_20260806/pseudo65/gp_window_ensemble_20260806/runs/window_2p25eq2p5/draw_09/attempt_01/results_single.csv,1,1,1,1,single_attempt_outside_55_75MeV,False,,,,,,,window_2p25eq2p5,9
2021,0.108,0.002701396,0.101921859,0.114078141,1292640439.8447058,1.64,0.10356971056,0.11243028944,0.0088605788799999,0.0,1.0,8000,0.000125,True,9784.314075071536,2.275877137175751e-06,0.3782050015742343,0.3101985105074176,1589.8611102459952,5328.5655579821405,True,tilde_q_mu,asymptotic,default,sidak_approx,observed,8.06**2 * RBF(length_scale=0.318),0.0271757454873275,0.3705783475544666,0.1003530909153006,0.3178675676981934,0.0247052231702977,64.88924928498282,1628.0520601175697,396,99,297,416,20,0.04,0.3,0.000625,1.0,1e-08,1e+18,False,False,False,False,12,1.1,15.0,12.866411507682896,10.059889585728104,137.18031253265593,117.6678901198467,study_results/v4p2_followups_20260806/pseudo65/gp_window_ensemble_20260806/runs/window_2p25eq2p5/draw_09/attempt_01/results_single.csv,1,1,1,1,single_attempt_outside_55_75MeV,False,,,,,,,window_2p25eq2p5,9
2021,0.109,0.002718655875,0.10288302428125,0.11511697571875,1268214292.8765628,1.64,0.104541404365,0.1134585956349999,0.0089171912699999,0.0,1.0,8000,0.000125,True,9052.00161717195,2.1264021542054864e-06,0.4627165557259496,0.0935921930301422,670.6703692333821,5242.745941366083,True,tilde_q_mu,asymptotic,default,sidak_approx,observed,8.07**2 * RBF(length_scale=0.318),0.0270994103395402,0.3695374137210039,0.1000712047006427,0.3183018953770006,0.0246358275814002,65.13563430100093,1634.164452153359,397,101,296,416,19,0.04,0.3,0.000625,1.0,1e-08,1e+18,False,False,False,False,12,1.1,15.0,12.920284261825024,9.967944302454349,135.92651321528655,117.0806126306812,study_results/v4p2_followups_20260806/pseudo65/gp_window_ensemble_20260806/runs/window_2p25eq2p5/draw_09/attempt_01/results_single.csv,1,1,1,1,single_attempt_outside_55_75MeV,False,,,,,,,window_2p25eq2p5,9
2021,0.11,0.0027360875,0.103843803125,0.116156196875,1243647528.4440663,1.64,0.1055128165,0.1144871835,0.008974367,0.0,1.0,8000,0.000125,True,8155.195263488967,1.9358169570246306e-06,0.4919818964921282,0.020099758264407,-791.668721404241,5233.791075569282,True,tilde_q_mu,asymptotic,default,sidak_approx,observed,8.04**2 * RBF(length_scale=0.318),0.0270261337672677,0.3685381877354698,0.0998006130245964,0.3176387908561433,0.0245692125156979,64.6324822105569,1628.579988759443,396,102,294,416,20,0.04,0.3,0.000625,1.0,1e-08,1e+18,False,False,False,False,12,1.1,15.0,12.92832607692227,9.87765697086361,134.69532232995832,116.09233654119002,study_results/v4p2_followups_20260806/pseudo65/gp_window_ensemble_20260806/runs/window_2p25eq2p5/draw_09/attempt_01/results_single.csv,1,1,1,1,single_attempt_outside_55_75MeV,False,,,,,,,window_2p25eq2p5,9
2021,0.111,0.002753690875,0.10480419553125,0.11719580446875,1219296431.1209323,1.64,0.106483946965,0.115516053035,0.0090321060699999,0.0,1.0,8000,0.000125,True,7547.33667230446,1.810845357838521e-06,0.5,0.0,-1925.9234454477617,5186.352388905353,True,tilde_q_mu,asymptotic,default,sidak_approx,observed,8.01**2 * RBF(length_scale=0.317),0.0269558335695793,0.3675795486760824,0.0995410123401082,0.3171714310048037,0.0245053032450721,64.22673673370963,1628.4523903743348,396,104,292,416,20,0.04,0.3,0.000625,1.0,1e-08,1e+18,False,False,False,False,12,1.1,15.0,12.942971071724427,9.788983147783204,133.4861338334073,115.18047791214174,study_results/v4p2_followups_20260806/pseudo65/gp_window_ensemble_20260806/runs/window_2p25eq2p5/draw_09/attempt_01/results_single.csv,1,1,1,1,single_attempt_outside_55_75MeV,False,,,,,,,window_2p25eq2p5,9
2021,0.112,0.002771466,0.1057642015,0.1182357985,1195083180.8359652,1.64,0.10745479576,0.11654520424,0.00909040848,0.0,1.0,8000,0.000125,True,6882.1109510824535,1.6696499735835157e-06,0.5,0.0,-3544.9408936666096,5148.92239087703,True,tilde_q_mu,asymptotic,default,sidak_approx,observed,7.91**2 * RBF(length_scale=0.315),0.0268884304576102,0.3666604153310482,0.0992921098536402,0.3154081123848303,0.0244440276887365,62.50805156145844,1629.2527422059509,396,105,291,416,20,0.04,0.3,0.000625,1.0,1e-08,1e+18,False,False,False,False,12,1.1,15.0,12.903279132275154,9.70187996447014,132.29836315186554,113.8055138994418,study_results/v4p2_followups_20260806/pseudo65/gp_window_ensemble_20260806/runs/window_2p25eq2p5/draw_09/attempt_01/results_single.csv,1,1,1,1,single_attempt_outside_55_75MeV,False,,,,,,,window_2p25eq2p5,9
2021,0.113,0.002789412875,0.10672382103125,0.11927617896875,1171074447.656905,1.64,0.108425362885,0.117574637115,0.00914927423,0.0,1.0,8000,0.000125,True,6679.411172603588,1.6390611340824766e-06,0.5,0.0,-3910.842591326691,5096.368573352721,True,tilde_q_mu,asymptotic,default,sidak_approx,observed,7.97**2 * RBF(length_scale=0.316),0.0268238479267369,0.3657797444555033,0.0990536230531478,0.3161733953174824,0.0243853162970335,63.442263228942046,1629.4944817266232,396,107,289,416,20,0.04,0.3,0.000625,1.0,1e-08,1e+18,False,False,False,False,12,1.1,15.0,12.965728697804282,9.616306057502122,131.1314462386653,113.34765037874946,study_results/v4p2_followups_20260806/pseudo65/gp_window_ensemble_20260806/runs/window_2p25eq2p5/draw_09/attempt_01/results_single.csv,1,1,1,1,single_attempt_outside_55_75MeV,False,,,,,,,window_2p25eq2p5,9
2021,0.114,0.0028075315,0.107683054125,0.120316945875,1146935681.7505815,1.64,0.10939564834,0.11860435166,0.00920870332,0.0,1.0,8000,0.000125,True,6533.43142027942,1.6226219381796204e-06,0.5,0.0,-4297.395796400868,5076.5822574668555,True,tilde_q_mu,asymptotic,default,sidak_approx,observed,7.96**2 * RBF(length_scale=0.316),0.0267620121354335,0.3649365291195483,0.0988252792607253,0.3162703674427533,0.0243291019413032,63.29094528637805,1624.3649569236686,395,108,287,416,21,0.04,0.3,0.000625,1.0,1e-08,1e+18,False,False,False,False,12,1.1,15.0,12.999672910483596,9.532221503279144,129.9848386810792,112.6506924117337,study_results/v4p2_followups_20260806/pseudo65/gp_window_ensemble_20260806/runs/window_2p25eq2p5/draw_09/attempt_01/results_single.csv,1,1,1,1,single_attempt_outside_55_75MeV,False,,,,,,,window_2p25eq2p5,9
2021,0.115,0.002825821875,0.10864190078125,0.12135809921875,1123372222.1676126,1.64,0.110365652125,0.119634347875,0.00926869575,0.0,1.0,8000,0.000125,True,6417.044602631536,1.612996625580648e-06,0.5,0.0,-4275.426551475619,4996.064880696221,True,tilde_q_mu,asymptotic,default,sidak_approx,observed,7.98**2 * RBF(length_scale=0.317),0.026702851790388,0.3641297971416546,0.0986068152083701,0.3166581296466131,0.0242753198094436,63.73720690193188,1629.404666167588,396,110,286,416,20,0.04,0.3,0.000625,1.0,1e-08,1e+18,False,False,False,False,12,1.1,15.0,13.044447287710955,9.4495877559119,128.85801485334406,112.05877215690148,study_results/v4p2_followups_20260806/pseudo65/gp_window_ensemble_20260806/runs/window_2p25eq2p5/draw_09/attempt_01/results_single.csv,1,1,1,1,single_attempt_outside_55_75MeV,False,,,,,,,window_2p25eq2p5,9
2021,0.116,0.002844284,0.109600361,0.122399639,1099793946.70252,1.64,0.11133537424,0.12066462576,0.0093292515199999,0.0,1.0,8000,0.000125,True,6397.259361577593,1.6283380313602477e-06,0.4999026019832914,0.000244140625,-4290.94091766143,4984.429275951154,True,tilde_q_mu,asymptotic,default,sidak_approx,observed,7.91**2 * RBF(length_scale=0.316),0.0266462980375249,0.3633586096026131,0.0983979766355584,0.3156355962332322,0.0242239073068408,62.59214440141615,1623.9229440064646,395,111,284,416,21,0.04,0.3,0.000625,1.0,1e-08,1e+18,False,False,False,False,12,1.1,15.0,13.02992090562104,9.368367588301648,127.75046711320428,110.97189880941288,study_results/v4p2_followups_20260806/pseudo65/gp_window_ensemble_20260806/runs/window_2p25eq2p5/draw_09/attempt_01/results_single.csv,1,1,1,1,single_attempt_outside_55_75MeV,False,,,,,,,window_2p25eq2p5,9
2021,0.117,0.002862917875,0.11055843478125,0.12344156521875,1076409135.485572,1.64,0.112304814685,0.121695185315,0.00939037063,0.0,1.0,8000,0.000125,True,6701.642057422407,1.7279768238102382e-06,0.5,0.0,-3025.2633805000537,4927.017031704371,True,tilde_q_mu,asymptotic,default,sidak_approx,observed,8.03**2 * RBF(length_scale=0.317),0.0265922843585697,0.3626220594350426,0.0981985179072823,0.3173335153300643,0.0241748039623361,64.55696925898307,1624.698130814529,395,113,282,416,21,0.04,0.3,0.000625,1.0,1e-08,1e+18,False,False,False,False,12,1.1,15.0,13.12662207414228,9.288525036216694,126.66170503931852,110.84268888784116,study_results/v4p2_followups_20260806/pseudo65/gp_window_ensemble_20260806/runs/window_2p25eq2p5/draw_09/attempt_01/results_single.csv,1,1,1,1,single_attempt_outside_55_75MeV,False,,,,,,,window_2p25eq2p5,9
2021,0.118,0.0028817235,0.1115161221249999,0.124483877875,1053178929.4199272,1.64,0.11327397346,0.1227260265399999,0.0094520530799999,0.0,1.0,8000,0.000125,True,7168.300302460878,1.8730610979457791e-06,0.5,0.0,-1628.683039814901,4879.502824829753,True,tilde_q_mu,asymptotic,default,sidak_approx,observed,8.04**2 * RBF(length_scale=0.317),0.0265407464728296,0.3619192700840412,0.0980082016513522,0.3172376898357087,0.024127951338936,64.70470395388581,1625.9020731175729,395,114,281,416,21,0.04,0.3,0.000625,1.0,1e-08,1e+18,False,False,False,False,12,1.1,15.0,13.14814031988583,9.21002534519002,125.59125470713664,110.08609598933027,study_results/v4p2_followups_20260806/pseudo65/gp_window_ensemble_20260806/runs/window_2p25eq2p5/draw_09/attempt_01/results_single.csv,1,1,1,1,single_attempt_outside_55_75MeV,False,,,,,,,window_2p25eq2p5,9
2021,0.119,0.002900700875,0.1124734230312499,0.12552657696875,1030627124.242168,1.64,0.114242850565,0.1237571494349999,0.0095142988699999,0.0,1.0,8000,0.000125,True,7768.250002823999,2.0568119477886747e-06,0.5,0.0,-316.35264699358817,4834.7530375390115,True,tilde_q_mu,asymptotic,default,sidak_approx,observed,8.04**2 * RBF(length_scale=0.317),0.0264916222438949,0.3612493942349304,0.0978267984138683,0.3174227489355061,0.0240832929489953,64.64763582998926,1628.3642355460238,395,116,279,416,21,0.04,0.3,0.000625,1.0,1e-08,1e+18,False,False,False,False,12,1.1,15.0,13.18020544814024,9.13283492007596,124.53865800103584,109.4296732459551,study_results/v4p2_followups_20260806/pseudo65/gp_window_ensemble_20260806/runs/window_2p25eq2p5/draw_09/attempt_01/results_single.csv,1,1,1,1,single_attempt_outside_55_75MeV,False,,,,,,,window_2p25eq2p5,9
2021,0.12,0.00291985,0.1134303374999999,0.1265696624999999,1008026180.837055,1.64,0.115211446,0.124788554,0.009577108,0.0,1.0,8000,0.000125,True,10591.504991108037,2.843312139722113e-06,0.4075982134331724,0.233727641948833,1303.330614993206,5930.989517204698,True,tilde_q_mu,asymptotic,default,sidak_approx,observed,1.75**2 * RBF(length_scale=0.202),0.0264448515909636,0.3606116126040493,0.0976540863317667,0.2024737698945743,0.0240407741736032,3.063854918183911,1509.4815993319344,394,117,277,416,22,0.04,0.3,0.000625,1.0,1e-08,1e+18,False,False,False,False,12,1.1,15.0,8.422098574383268,9.05692127710794,123.5034719605628,69.34389434202932,study_results/v4p2_followups_20260806/pseudo65/gp_window_ensemble_20260806/runs/window_2p25eq2p5/draw_09/attempt_01/results_single.csv,1,1,1,1,single_attempt_outside_55_75MeV,False,,,,,,,window_2p25eq2p5,9
2021,0.121,0.002939170875,0.1143868655312499,0.12761313446875,985440224.1699862,1.64,0.116179759765,0.125820240235,0.0096404804699999,0.0,1.0,8000,0.000125,True,8986.443879641261,2.447327738906825e-06,0.3514368205010179,0.3814442374296806,1803.072028369941,4739.524083501433,True,tilde_q_mu,asymptotic,default,sidak_approx,observed,8.09**2 * RBF(length_scale=0.318),0.0264003764045369,0.3600051327891407,0.0974898508215015,0.3180555881992335,0.0240003421859427,65.36868838258198,1627.4303719910895,395,119,276,416,21,0.04,0.3,0.000625,1.0,1e-08,1e+18,False,False,False,False,12,1.1,15.0,13.252127229482689,8.982252998317762,122.48526815887854,108.21269049191756,study_results/v4p2_followups_20260806/pseudo65/gp_window_ensemble_20260806/runs/window_2p25eq2p5/draw_09/attempt_01/results_single.csv,1,1,1,1,single_attempt_outside_55_75MeV,False,,,,,,,window_2p25eq2p5,9
2021,0.122,0.0029586635,0.115343007125,0.128656992875,963312661.4875358,1.64,0.11714779186,0.12685220814,0.00970441628,0.0,1.0,8000,0.000125,True,9514.0000025005,2.6287904599983934e-06,0.2844016034385132,0.5698149614146004,2639.7345928899767,4698.109317094613,True,tilde_q_mu,asymptotic,default,sidak_approx,observed,8.04**2 * RBF(length_scale=0.317),0.0263581404662262,0.3594291881758127,0.0973338842829142,0.3171978105876805,0.0239619458783875,64.57853080501152,1628.3749993981955,395,121,274,416,21,0.04,0.3,0.000625,1.0,1e-08,1e+18,False,False,False,False,12,1.1,15.0,13.237564770304283,8.908799688178892,121.48363211153033,107.20982990721332,study_results/v4p2_followups_20260806/pseudo65/gp_window_ensemble_20260806/runs/window_2p25eq2p5/draw_09/attempt_01/results_single.csv,1,1,1,1,single_attempt_outside_55_75MeV,False,,,,,,,window_2p25eq2p5,9
2021,0.123,0.002978327875,0.11629876228125,0.12970123771875,941612336.1342888,1.64,0.118115542285,0.127884457715,0.00976891543,0.0,1.0,8000,0.000125,True,9396.072874504942,2.6344444621464116e-06,0.2947614543174103,0.5395275266305093,2514.1579833466317,4673.41400763504,True,tilde_q_mu,asymptotic,default,sidak_approx,observed,8.11**2 * RBF(length_scale=0.318),0.026318089372443,0.3588830368969509,0.0971859858174404,0.3183442561130009,0.02392553579313,65.80018952819819,1623.967182366337,394,122,272,416,22,0.04,0.3,0.000625,1.0,1e-08,1e+18,False,False,False,False,12,1.1,15.0,13.305627044908636,8.836531932349143,120.49816271385194,106.88690751114864,study_results/v4p2_followups_20260806/pseudo65/gp_window_ensemble_20260806/runs/window_2p25eq2p5/draw_09/attempt_01/results_single.csv,1,1,1,1,single_attempt_outside_55_75MeV,False,,,,,,,window_2p25eq2p5,9
2021,0.124,0.002998164,0.117254131,0.130745869,920037116.668702,1.64,0.1190830110399999,0.12891698896,0.00983397792,0.0,1.0,8000,0.000125,True,9035.21517135121,2.571765631842017e-06,0.3179325957298393,0.4734878160788275,2180.259966867367,4602.982146028899,True,tilde_q_mu,asymptotic,default,sidak_approx,observed,8.09**2 * RBF(length_scale=0.318),0.0262801704617562,0.3583659608421308,0.0970459609598579,0.3179266004922129,0.023891064056142,65.450333123507,1630.2258840999084,395,124,271,416,21,0.04,0.3,0.000625,1.0,1e-08,1e+18,False,False,False,False,12,1.1,15.0,13.307343689050908,8.765421258395557,119.52847170539395,106.0404302407116,study_results/v4p2_followups_20260806/pseudo65/gp_window_ensemble_20260806/runs/window_2p25eq2p5/draw_09/attempt_01/results_single.csv,1,1,1,1,single_attempt_outside_55_75MeV,False,,,,,,,window_2p25eq2p5,9
2021,0.125,0.003018171875,0.11820911328125,0.13179088671875,898531012.9433209,1.64,0.120050198125,0.129949801875,0.00989960375,0.0,1.0,8000,0.000125,True,9071.43130933724,2.622724383761392e-06,0.3113252906504942,0.4920972711116519,2259.169412365192,4590.929640686231,True,tilde_q_mu,asymptotic,default,sidak_approx,observed,8**2 * RBF(length_scale=0.316),0.0262443327457108,0.3578772647142392,0.0969136214228183,0.3162935116607157,0.0238584843142826,63.99769598921245,1625.7258927317862,394,125,269,416,22,0.04,0.3,0.000625,1.0,1e-08,1e+18,False,False,False,False,12,1.1,15.0,13.257066437844507,8.695440098390975,118.57418315987692,104.79638826424213,study_results/v4p2_followups_20260806/pseudo65/gp_window_ensemble_20260806/runs/window_2p25eq2p5/draw_09/attempt_01/results_single.csv,1,1,1,1,single_attempt_outside_55_75MeV,False,,,,,,,window_2p25eq2p5,9
2021,0.126,0.0030383515,0.119163709125,0.132836290875,877660484.0400469,1.64,0.12101710354,0.13098289646,0.0099657929199999,0.0,1.0,8000,0.000125,True,8637.300616712204,2.5363014334465865e-06,0.3506989321217096,0.3834341801108697,1761.9270026359654,4543.415104324608,True,tilde_q_mu,asymptotic,default,sidak_approx,observed,7.98**2 * RBF(length_scale=0.316),0.0262105268429174,0.3574162751306931,0.0967887848534561,0.3163632698461912,0.0238277516753795,63.71914629726444,1624.7891091832462,394,127,267,416,22,0.04,0.3,0.000625,1.0,1e-08,1e+18,False,False,False,False,12,1.1,15.0,13.277092784758176,8.626561753278871,117.63493299925732,104.1233280106634,study_results/v4p2_followups_20260806/pseudo65/gp_window_ensemble_20260806/runs/window_2p25eq2p5/draw_09/attempt_01/results_single.csv,1,1,1,1,single_attempt_outside_55_75MeV,False,,,,,,,window_2p25eq2p5,9
2021,0.127,0.003058702875,0.12011791853125,0.13388208146875,857126402.643784,1.64,0.121983727285,0.132016272715,0.0100325454299999,0.0,1.0,8000,0.000125,True,8724.27875862336,2.602560665370805e-06,0.3306120834229265,0.4382236490460686,1984.3063924335856,4495.7908408231315,True,tilde_q_mu,asymptotic,default,sidak_approx,observed,7.98**2 * RBF(length_scale=0.316),0.0261787049162304,0.3569823397667782,0.0966712746014036,0.3164317714892571,0.0237988226511185,63.710058231808816,1624.8131527282517,394,128,266,416,22,0.04,0.3,0.000625,1.0,1e-08,1e+18,False,False,False,False,12,1.1,15.0,13.296110321423182,8.558760358908806,116.71036853057464,103.45292904243178,study_results/v4p2_followups_20260806/pseudo65/gp_window_ensemble_20260806/runs/window_2p25eq2p5/draw_09/attempt_01/results_single.csv,1,1,1,1,single_attempt_outside_55_75MeV,False,,,,,,,window_2p25eq2p5,9
2021,0.128,0.003079226,0.1210717415,0.1349282585,836870911.2847852,1.64,0.12295006936,0.13304993064,0.01009986128,0.0,1.0,8000,0.000125,True,8637.377633860684,2.6183842963218107e-06,0.3283275170419396,0.444536101142144,1987.3739297742848,4444.816425455026,True,tilde_q_mu,asymptotic,default,sidak_approx,observed,8.06**2 * RBF(length_scale=0.317),0.0261488206128557,0.3565748265389423,0.0965609194976257,0.317491862998531,0.0237716551025961,64.92322400095757,1624.867872996716,394,130,264,416,22,0.04,0.3,0.000625,1.0,1e-08,1e+18,False,False,False,False,12,1.1,15.0,13.355900614755976,8.492010853654708,115.80014800438238,103.10768452803758,study_results/v4p2_followups_20260806/pseudo65/gp_window_ensemble_20260806/runs/window_2p25eq2p5/draw_09/attempt_01/results_single.csv,1,1,1,1,single_attempt_outside_55_75MeV,False,,,,,,,window_2p25eq2p5,9
2021,0.129,0.003099920875,0.12202517803125,0.13597482196875,816661383.882061,1.64,0.123916129765,0.134083870235,0.01016774047,0.0,1.0,8000,0.000125,True,8880.759315721149,2.7374001802616756e-06,0.2908520014681717,0.550897410162632,2375.788692822238,4421.809138473331,True,tilde_q_mu,asymptotic,default,sidak_approx,observed,8.05**2 * RBF(length_scale=0.317),0.0261208290072193,0.3561931228257187,0.096457553643445,0.3172289231988887,0.0237462081883812,64.73744542218779,1619.8362048569395,393,131,262,416,23,0.04,0.3,0.000625,1.0,1e-08,1e+18,False,False,False,False,12,1.1,15.0,13.359140149125166,8.426288947526562,114.90394019354402,102.3345227154834,study_results/v4p2_followups_20260806/pseudo65/gp_window_ensemble_20260806/runs/window_2p25eq2p5/draw_09/attempt_01/results_single.csv,1,1,1,1,single_attempt_outside_55_75MeV,False,,,,,,,window_2p25eq2p5,9
2021,0.13,0.0031207875,0.122978228125,0.137021771875,796778619.4646972,1.64,0.1248819085,0.1351180915,0.010236183,0.0,1.0,8000,0.000125,True,8664.933323946298,2.7164650583185833e-06,0.3041927825799134,0.5123793145877776,2231.2714438189573,4350.456196877703,True,tilde_q_mu,asymptotic,default,sidak_approx,observed,8.06**2 * RBF(length_scale=0.317),0.0260946865464589,0.3558366347244401,0.0963610162092589,0.317436721707488,0.0237224423149626,64.95267934448144,1625.4903544782755,394,133,261,416,22,0.04,0.3,0.000625,1.0,1e-08,1e+18,False,False,False,False,12,1.1,15.0,13.381283322049358,8.36157109269982,114.0214239913612,101.71686528079466,study_results/v4p2_followups_20260806/pseudo65/gp_window_ensemble_20260806/runs/window_2p25eq2p5/draw_09/attempt_01/results_single.csv,1,1,1,1,single_attempt_outside_55_75MeV,False,,,,,,,window_2p25eq2p5,9
2021,0.131,0.003141825875,0.12393089178125,0.13806910821875,777717056.7816086,1.64,0.125847405565,0.136152594435,0.0103051888699999,0.0,1.0,8000,0.000125,True,8025.34798206983,2.5579430734558536e-06,0.3732725697331209,0.323198206004036,1401.6019481460376,4321.704299208062,True,tilde_q_mu,asymptotic,default,sidak_approx,observed,8.12**2 * RBF(length_scale=0.318),0.0260703509983903,0.3555047863416871,0.0962711512423922,0.3184881601309607,0.0237003190894458,65.99769647709434,1618.8788112189277,393,134,259,416,23,0.04,0.3,0.000625,1.0,1e-08,1e+18,False,False,False,False,12,1.1,15.0,13.43813806594652,8.297834455383493,113.1522880279567,101.37040459982865,study_results/v4p2_followups_20260806/pseudo65/gp_window_ensemble_20260806/runs/window_2p25eq2p5/draw_09/attempt_01/results_single.csv,1,1,1,1,single_attempt_outside_55_75MeV,False,,,,,,,window_2p25eq2p5,9
2021,0.132,0.003163036,0.124883169,0.139116831,758729637.4451472,1.64,0.12681262096,0.13718737904,0.0103747580799999,0.0,1.0,8000,0.000125,True,7112.49345501827,2.3061142629133142e-06,0.4865886240045603,0.0336236687435684,141.39345896121242,4270.013238596891,True,tilde_q_mu,asymptotic,default,sidak_approx,observed,8.22**2 * RBF(length_scale=0.32),0.0260477814018274,0.3551970191158293,0.0961878074836403,0.3198560733619435,0.0236798012743886,67.55198014338278,1618.3024503377646,393,136,257,416,23,0.04,0.3,0.000625,1.0,1e-08,1e+18,False,False,False,False,12,1.1,15.0,13.507548887578311,8.235056888959685,112.2962303039957,101.123121381465,study_results/v4p2_followups_20260806/pseudo65/gp_window_ensemble_20260806/runs/window_2p25eq2p5/draw_09/attempt_01/results_single.csv,1,1,1,1,single_attempt_outside_55_75MeV,False,,,,,,,window_2p25eq2p5,9
2021,0.133,0.003184417875,0.12583505978125,0.14016494021875,740120080.2932594,1.64,0.127777554685,0.138222445315,0.0104448906299999,0.0,1.0,8000,0.000125,True,6603.622401683489,2.1784536593949407e-06,0.499880712279145,0.000299009978367,-624.3580307411893,4230.528563175612,True,tilde_q_mu,asymptotic,default,sidak_approx,observed,8.11**2 * RBF(length_scale=0.318),0.0260269380191233,0.3549127911698635,0.0961108381920171,0.3182380802472032,0.0236608527446575,65.72351331649217,1615.2749004910129,393,137,256,416,23,0.04,0.3,0.000625,1.0,1e-08,1e+18,False,False,False,False,12,1.1,15.0,13.449983552222514,8.173216908325301,111.45295784079954,99.9360299870202,study_results/v4p2_followups_20260806/pseudo65/gp_window_ensemble_20260806/runs/window_2p25eq2p5/draw_09/attempt_01/results_single.csv,1,1,1,1,single_attempt_outside_55_75MeV,False,,,,,,,window_2p25eq2p5,9
2021,0.134,0.0032059715,0.126786564125,0.141213435875,721731213.3148873,1.64,0.12874220674,0.13925779326,0.01051558652,0.0,1.0,8000,0.000125,True,6168.75658853163,2.0712726450043886e-06,0.5,0.0,-1391.8412583128668,4191.751229359832,True,tilde_q_mu,asymptotic,default,sidak_approx,observed,8.04**2 * RBF(length_scale=0.317),0.0260077822908281,0.3546515766931113,0.0960401009773177,0.3173414059443015,0.0236434384462074,64.6308046074355,1617.0159505994798,393,139,254,416,23,0.04,0.3,0.000625,1.0,1e-08,1e+18,False,False,False,False,12,1.1,15.0,13.421965111644132,8.112293665376676,110.62218634604557,98.9844750473613,study_results/v4p2_followups_20260806/pseudo65/gp_window_ensemble_20260806/runs/window_2p25eq2p5/draw_09/attempt_01/results_single.csv,1,1,1,1,single_attempt_outside_55_75MeV,False,,,,,,,window_2p25eq2p5,9
2021,0.135,0.003227696875,0.12773768203125,0.14226231796875,703839749.1336825,1.64,0.129706577125,0.140293422875,0.01058684575,0.0,1.0,8000,0.000125,True,5717.6092955878385,1.954010256063885e-06,0.5,0.0,-2411.90071884118,4165.555019556079,True,tilde_q_mu,asymptotic,default,sidak_approx,observed,8.08**2 * RBF(length_scale=0.318),0.025990276792342,0.3544128653501188,0.0959754576400479,0.3179038152705574,0.0236275243566745,65.36257619170432,1611.7972419445673,392,140,252,416,24,0.04,0.3,0.000625,1.0,1e-08,1e+18,False,False,False,False,12,1.1,15.0,13.45480848825163,8.052266925574306,109.80363989419509,98.49246307262275,study_results/v4p2_followups_20260806/pseudo65/gp_window_ensemble_20260806/runs/window_2p25eq2p5/draw_09/attempt_01/results_single.csv,1,1,1,1,single_attempt_outside_55_75MeV,False,,,,,,,window_2p25eq2p5,9
2021,0.136,0.003249594,0.1286884135,0.1433115865,686424779.2721932,1.64,0.13067066584,0.14132933416,0.01065866832,0.0,1.0,8000,0.000125,True,5423.9279462285795,1.8866961902555912e-06,0.5,0.0,-2971.452527635121,4097.444064091846,True,tilde_q_mu,asymptotic,default,sidak_approx,observed,8.17**2 * RBF(length_scale=0.319),0.0259743851924713,0.3541961617155187,0.0959167740183841,0.3189918372024236,0.0236130774477012,66.7685569643671,1617.086012906746,393,142,251,416,23,0.04,0.3,0.000625,1.0,1e-08,1e+18,False,False,False,False,12,1.1,15.0,13.509117475641776,7.993117045535957,108.99705062094486,98.16359742245449,study_results/v4p2_followups_20260806/pseudo65/gp_window_ensemble_20260806/runs/window_2p25eq2p5/draw_09/attempt_01/results_single.csv,1,1,1,1,single_attempt_outside_55_75MeV,False,,,,,,,window_2p25eq2p5,9
2021,0.137,0.003271662875,0.12963875853125,0.14436124146875,669116428.5880822,1.64,0.131634472885,0.142365527115,0.0107310542299999,0.0,1.0,8000,0.000125,True,5430.722616417464,1.923779456952717e-06,0.5,0.0,-2849.687602910163,4076.8627476453057,True,tilde_q_mu,asymptotic,default,sidak_approx,observed,8.15**2 * RBF(length_scale=0.319),0.0259600722137896,0.3540009847334957,0.0958639198417955,0.3185889044606093,0.0236000656488997,66.34887407247405,1613.091569451426,392,143,249,416,24,0.04,0.3,0.000625,1.0,1e-08,1e+18,False,False,False,False,12,1.1,15.0,13.499492298042089,7.93482495160498,108.20215843097698,97.3782802913669,study_results/v4p2_followups_20260806/pseudo65/gp_window_ensemble_20260806/runs/window_2p25eq2p5/draw_09/attempt_01/results_single.csv,1,1,1,1,single_attempt_outside_55_75MeV,False,,,,,,,window_2p25eq2p5,9
2021,0.138,0.0032939035,0.130588717125,0.145411282875,652262296.7982231,1.64,0.13259799826,0.14340200174,0.0108040034799999,0.0,1.0,8000,0.000125,True,5589.05230336734,2.0163073539236873e-06,0.4999311292015692,0.0001726334915006,-2208.440415271063,4037.343249554763,True,tilde_q_mu,asymptotic,default,sidak_approx,observed,8.11**2 * RBF(length_scale=0.318),0.0259473035947063,0.3538268672005407,0.095816768590974,0.3182332195920901,0.0235884578133693,65.71990506125502,1612.271761676075,392,145,247,416,24,0.04,0.3,0.000625,1.0,1e-08,1e+18,False,False,False,False,12,1.1,15.0,13.491056605308172,7.877372119342997,107.41871071831358,96.61279378466614,study_results/v4p2_followups_20260806/pseudo65/gp_window_ensemble_20260806/runs/window_2p25eq2p5/draw_09/attempt_01/results_single.csv,1,1,1,1,single_attempt_outside_55_75MeV,False,,,,,,,window_2p25eq2p5,9
2021,0.139,0.003316315875,0.13153828928125,0.14646171071875,635785521.2448627,1.64,0.133561241965,0.144438758035,0.0108775160699999,0.0,1.0,8000,0.000125,True,5680.245300856627,2.0871880490368564e-06,0.5,0.0,-1788.8116342896722,3993.1341604571894,True,tilde_q_mu,asymptotic,default,sidak_approx,observed,8.12**2 * RBF(length_scale=0.318),0.0259360460531648,0.3536733552704296,0.0957751973637809,0.3183865851140001,0.0235782236846953,65.94803778899673,1612.4022986695927,392,146,246,416,24,0.04,0.3,0.000625,1.0,1e-08,1e+18,False,False,False,False,12,1.1,15.0,13.503416939786934,7.820740553903008,106.64646209867738,96.006109524775,study_results/v4p2_followups_20260806/pseudo65/gp_window_ensemble_20260806/runs/window_2p25eq2p5/draw_09/attempt_01/results_single.csv,1,1,1,1,single_attempt_outside_55_75MeV,False,,,,,,,window_2p25eq2p5,9
2021,0.14,0.0033389,0.132487475,0.147512525,619834689.867921,1.64,0.134524204,0.145475796,0.010951592,0.0,1.0,8000,0.000125,True,5845.141579138332,2.187313547767794e-06,0.5,0.0,-1238.6925407693334,3952.194059360772,True,tilde_q_mu,asymptotic,default,sidak_approx,observed,8.19**2 * RBF(length_scale=0.319),0.0259262672518869,0.3535400079802764,0.0957390867469023,0.3192085983510281,0.0235693338653517,67.02958217319066,1612.100846518294,392,148,244,416,24,0.04,0.3,0.000625,1.0,1e-08,1e+18,False,False,False,False,12,1.1,15.0,13.543386511244709,7.764912771238112,105.88517415324698,95.60292262452548,study_results/v4p2_followups_20260806/pseudo65/gp_window_ensemble_20260806/runs/window_2p25eq2p5/draw_09/attempt_01/results_single.csv,1,1,1,1,single_attempt_outside_55_75MeV,False,,,,,,,window_2p25eq2p5,9
2021,0.141,0.003361655875,0.13343627428125,0.1485637257187499,604132627.2786524,1.64,0.1354868843649999,0.146513115635,0.01102623127,0.0,1.0,8000,0.000125,True,5865.936097501002,2.236175298011787e-06,0.5,0.0,-1137.4342554902166,3934.0306656019225,True,tilde_q_mu,asymptotic,default,sidak_approx,observed,8.12**2 * RBF(length_scale=0.318),0.0259179357650831,0.3534263967965889,0.0957083206929198,0.3181820181706785,0.0235617597864392,65.97852151793069,1609.3314573918906,391,149,242,416,25,0.04,0.3,0.000625,1.0,1e-08,1e+18,False,False,False,False,12,1.1,15.0,13.504170361409296,7.709871780103963,105.13461518323584,94.65038362104168,study_results/v4p2_followups_20260806/pseudo65/gp_window_ensemble_20260806/runs/window_2p25eq2p5/draw_09/attempt_01/results_single.csv,1,1,1,1,single_attempt_outside_55_75MeV,False,,,,,,,window_2p25eq2p5,9
2021,0.142,0.0033845835,0.1343846871249999,0.149615312875,588792286.6909375,1.64,0.1364492830599999,0.14755071694,0.01110143388,0.0,1.0,8000,0.000125,True,5977.776844012349,2.3217163727991348e-06,0.5,0.0,-708.300256850927,3874.887126117263,True,tilde_q_mu,asymptotic,default,sidak_approx,observed,8.11**2 * RBF(length_scale=0.318),0.0259110210465671,0.3533321051804605,0.0956827864025644,0.3181178446965609,0.0235554736786973,65.69636852524992,1614.3901361854068,392,151,241,416,24,0.04,0.3,0.000625,1.0,1e-08,1e+18,False,False,False,False,12,1.1,15.0,13.50504978315312,7.6556010648184945,104.39455997479764,93.99024863666708,study_results/v4p2_followups_20260806/pseudo65/gp_window_ensemble_20260806/runs/window_2p25eq2p5/draw_09/attempt_01/results_single.csv,1,1,1,1,single_attempt_outside_55_75MeV,False,,,,,,,window_2p25eq2p5,9
2021,0.143,0.003407682875,0.1353327135312499,0.15066728646875,573696429.0826498,1.64,0.137411400085,0.1485885999149999,0.0111771998299999,0.0,1.0,8000,0.000125,True,6176.466247206489,2.444791406688186e-06,0.5,0.0,-217.21095853669289,3833.4504661110273,True,tilde_q_mu,asymptotic,default,sidak_approx,observed,8.14**2 * RBF(length_scale=0.319),0.025905493399191,0.3532567281707865,0.0956623742118505,0.3186442219828918,0.0235504485447191,66.19008117940187,1615.0187534337856,392,153,239,416,24,0.04,0.3,0.000625,1.0,1e-08,1e+18,False,False,False,False,12,1.1,15.0,13.53028250726646,7.602084568738228,103.66478957370308,93.50759259923556,study_results/v4p2_followups_20260806/pseudo65/gp_window_ensemble_20260806/runs/window_2p25eq2p5/draw_09/attempt_01/results_single.csv,1,1,1,1,single_attempt_outside_55_75MeV,False,,,,,,,window_2p25eq2p5,9
2021,0.144,0.003430954,0.1362803534999999,0.1517196465,559083772.4170778,1.64,0.13837323544,0.14962676456,0.0112535291199999,0.0,1.0,8000,0.000125,True,6238.394425779592,2.516247595201987e-06,0.5,0.0,-55.650987010907315,3813.1187014228976,True,tilde_q_mu,asymptotic,default,sidak_approx,observed,8.1**2 * RBF(length_scale=0.318),0.0259013239455544,0.3531998719848339,0.0956469774839098,0.3182687791596433,0.0235466581323222,65.6766349305777,1609.860799167289,391,154,237,416,25,0.04,0.3,0.000625,1.0,1e-08,1e+18,False,False,False,False,12,1.1,15.0,13.516515905191612,7.5493066784207805,102.94509106937429,92.76393072003977,study_results/v4p2_followups_20260806/pseudo65/gp_window_ensemble_20260806/runs/window_2p25eq2p5/draw_09/attempt_01/results_single.csv,1,1,1,1,single_attempt_outside_55_75MeV,False,,,,,,,window_2p25eq2p5,9
2021,0.145,0.003454396875,0.1372276070312499,0.15277239296875,544779001.7566646,1.64,0.139334789125,0.1506652108749999,0.0113304217499999,0.0,1.0,8000,0.000125,True,6346.3030702414435,2.6088695776049312e-06,0.4701425243400917,0.0749115979223553,280.9855418511797,3751.722234999312,True,tilde_q_mu,asymptotic,default,sidak_approx,observed,8.13**2 * RBF(length_scale=0.319),0.0258984845999115,0.3531611536351575,0.095636492505252,0.3186793657534237,0.0235440769090105,66.08553683008074,1615.7717021133617,392,156,236,416,24,0.04,0.3,0.000625,1.0,1e-08,1e+18,False,False,False,False,12,1.1,15.0,13.535436831310324,7.49725220843698,102.235257387777,92.25325788700052,study_results/v4p2_followups_20260806/pseudo65/gp_window_ensemble_20260806/runs/window_2p25eq2p5/draw_09/attempt_01/results_single.csv,1,1,1,1,single_attempt_outside_55_75MeV,False,,,,,,,window_2p25eq2p5,9
2021,0.146,0.0034780115,0.138174474125,0.1538255258749999,530723198.11642635,1.64,0.1402960611399999,0.15170393886,0.01140787772,0.0,1.0,8000,0.000125,True,6268.321687464306,2.6269407120154538e-06,0.4776009229834854,0.0561756914776158,209.47300603184044,3732.084316570501,True,tilde_q_mu,asymptotic,default,sidak_approx,observed,8.1**2 * RBF(length_scale=0.318),0.0258969480412312,0.3531402005622441,0.0956308183862839,0.3182369534634627,0.0235426800374829,65.63438727490767,1610.6808397754548,391,157,234,416,25,0.04,0.3,0.000625,1.0,1e-08,1e+18,False,False,False,False,12,1.1,15.0,13.51744801172972,7.445906386805,101.53508709279544,91.49968407622076,study_results/v4p2_followups_20260806/pseudo65/gp_window_ensemble_20260806/runs/window_2p25eq2p5/draw_09/attempt_01/results_single.csv,1,1,1,1,single_attempt_outside_55_75MeV,False,,,,,,,window_2p25eq2p5,9
2021,0.147,0.0035017978749999,0.13912095478125,0.1548790452187499,517058895.8195766,1.64,0.141257051485,0.1527429485149999,0.0114858970299999,0.0,1.0,8000,0.000125,True,6161.611387769293,2.632430274656608e-06,0.4858527405563417,0.0354693563132201,139.3857188498856,3693.2307802382775,True,tilde_q_mu,asymptotic,default,sidak_approx,observed,8.08**2 * RBF(length_scale=0.318),0.025896687687343,0.353136650281951,0.0956298569658356,0.3179924143281597,0.02354244335213,65.31085288690849,1611.8449954238713,391,159,232,416,25,0.04,0.3,0.000625,1.0,1e-08,1e+18,False,False,False,False,12,1.1,15.0,13.507196749796508,7.3952548410130845,100.84438419563295,90.80832922949894,study_results/v4p2_followups_20260806/pseudo65/gp_window_ensemble_20260806/runs/window_2p25eq2p5/draw_09/attempt_01/results_single.csv,1,1,1,1,single_attempt_outside_55_75MeV,False,,,,,,,window_2p25eq2p5,9
2021,0.148,0.0035257559999999,0.140067049,0.155932951,503681799.08701915,1.64,0.1422177601599999,0.15378223984,0.01156447968,0.0,1.0,8000,0.000125,True,5921.170864039203,2.5793456384645317e-06,0.5,0.0,-148.583995173735,3653.2335370557735,True,tilde_q_mu,asymptotic,default,sidak_approx,observed,8.05**2 * RBF(length_scale=0.318),0.0258976776701328,0.3531501500472667,0.0956335127195648,0.317529607884188,0.0235433433364844,64.76292564256549,1612.459223253124,391,160,231,416,25,0.04,0.3,0.000625,1.0,1e-08,1e+18,False,False,False,False,12,1.1,15.0,13.487022779475906,7.345283584607923,100.16295797192622,90.06000638847046,study_results/v4p2_followups_20260806/pseudo65/gp_window_ensemble_20260806/runs/window_2p25eq2p5/draw_09/attempt_01/results_single.csv,1,1,1,1,single_attempt_outside_55_75MeV,False,,,,,,,window_2p25eq2p5,9
2021,0.149,0.003549885875,0.14101275678125,0.15698724321875,490644352.2917579,1.64,0.143178187165,0.154821812835,0.0116436256699999,0.0,1.0,8000,0.000125,True,5683.917224104491,2.52472798589056e-06,0.5,0.0,-460.30377467215465,3616.127570846807,True,tilde_q_mu,asymptotic,default,sidak_approx,observed,8.03**2 * RBF(length_scale=0.317),0.0258998928117245,0.353180356523517,0.0956416926720024,0.3172091101868338,0.0235453571015678,64.46360122124969,1611.4038865404846,391,162,229,416,25,0.04,0.3,0.000625,1.0,1e-08,1e+18,False,False,False,False,12,1.1,15.0,13.472257346469044,7.295979004317872,99.49062278615278,89.35755158236849,study_results/v4p2_followups_20260806/pseudo65/gp_window_ensemble_20260806/runs/window_2p25eq2p5/draw_09/attempt_01/results_single.csv,1,1,1,1,single_attempt_outside_55_75MeV,False,,,,,,,window_2p25eq2p5,9
2021,0.15,0.0035741875,0.141958078125,0.158041921875,477946931.2512179,1.64,0.1441383325,0.1558616675,0.011723335,0.0,1.0,8000,0.000125,True,5570.658332577524,2.52322226385826e-06,0.5,0.0,-596.1377763552679,3591.274329361718,True,tilde_q_mu,asymptotic,default,sidak_approx,observed,8.06**2 * RBF(length_scale=0.318),0.0259033086016125,0.3532269354765349,0.0956543063121079,0.3176616961226339,0.0235484623651023,64.9496739958084,1606.5419032153202,390,163,227,416,26,0.04,0.3,0.000625,1.0,1e-08,1e+18,False,False,False,False,12,1.1,15.0,13.489700142519412,7.247327847689178,98.82719792303423,88.87661772714327,study_results/v4p2_followups_20260806/pseudo65/gp_window_ensemble_20260806/runs/window_2p25eq2p5/draw_09/attempt_01/results_single.csv,1,1,1,1,single_attempt_outside_55_75MeV,False,,,,,,,window_2p25eq2p5,9
2021,0.151,0.003598660875,0.14290301303125,0.15909698696875,465470649.96646106,1.64,0.145098196165,0.156901803835,0.0118036076699999,0.0,1.0,8000,0.000125,True,5551.084941552654,2.564652602672453e-06,0.4999311292015692,0.0001726334915006,-496.89425773855214,3547.245811948608,True,tilde_q_mu,asymptotic,default,sidak_approx,observed,8.15**2 * RBF(length_scale=0.319),0.0259079011746969,0.3532895614731401,0.0956712655121596,0.3188673888829501,0.0235526374315426,66.41423100299518,1607.6730048915713,390,165,225,416,26,0.04,0.3,0.000625,1.0,1e-08,1e+18,False,False,False,False,12,1.1,15.0,13.538500297886364,7.199317211210392,98.17250742559624,88.60723473504574,study_results/v4p2_followups_20260806/pseudo65/gp_window_ensemble_20260806/runs/window_2p25eq2p5/draw_09/attempt_01/results_single.csv,1,1,1,1,single_attempt_outside_55_75MeV,False,,,,,,,window_2p25eq2p5,9
2021,0.152,0.003623306,0.1438475615,0.1601524385,453362715.5960102,1.64,0.1460577781599999,0.15794222184,0.01188444368,0.0,1.0,8000,0.000125,True,5281.468948602282,2.488772869813677e-06,0.5,0.0,-915.7120672188744,3511.4863105933555,True,tilde_q_mu,asymptotic,default,sidak_approx,observed,8.09**2 * RBF(length_scale=0.318),0.0259136472901786,0.3533679175933457,0.0956924844498192,0.3180497651636997,0.0235578611728897,65.41949388102432,1608.0379315955022,390,166,224,416,26,0.04,0.3,0.000625,1.0,1e-08,1e+18,False,False,False,False,12,1.1,15.0,13.500791214854006,7.151934528902247,97.5263799395761,87.77888623364953,study_results/v4p2_followups_20260806/pseudo65/gp_window_ensemble_20260806/runs/window_2p25eq2p5/draw_09/attempt_01/results_single.csv,1,1,1,1,single_attempt_outside_55_75MeV,False,,,,,,,window_2p25eq2p5,9
2021,0.153,0.003648122875,0.14479172353125,0.16120827646875,441644549.5313737,1.64,0.147017078485,0.158982921515,0.0119658430299999,0.0,1.0,8000,0.000125,True,5305.253838880183,2.5495397324934564e-06,0.5,0.0,-738.4701474159283,3473.04621698803,True,tilde_q_mu,asymptotic,default,sidak_approx,observed,8.12**2 * RBF(length_scale=0.319),0.0259205243112793,0.3534616951538094,0.0957178795332425,0.3185098952995731,0.0235641130102539,66.00449951794884,1607.1348404551543,390,168,222,416,26,0.04,0.3,0.000625,1.0,1e-08,1e+18,False,False,False,False,12,1.1,15.0,13.516736028255044,7.105167561352867,96.88864856390272,87.30788578484301,study_results/v4p2_followups_20260806/pseudo65/gp_window_ensemble_20260806/runs/window_2p25eq2p5/draw_09/attempt_01/results_single.csv,1,1,1,1,single_attempt_outside_55_75MeV,False,,,,,,,window_2p25eq2p5,9
2021,0.154,0.0036731115,0.145735499125,0.162264500875,430164399.9517347,1.64,0.1479760971399999,0.16002390286,0.01204780572,0.0,1.0,8000,0.000125,True,5537.096776962598,2.7142312705253154e-06,0.5,0.0,-242.27896625964468,3450.7599589863257,True,tilde_q_mu,asymptotic,default,sidak_approx,observed,8.14**2 * RBF(length_scale=0.319),0.0259285101857464,0.3535705934419964,0.0957473693290902,0.3186383332869292,0.023571372896133,66.31360383887537,1604.1182655304367,389,169,220,416,27,0.04,0.3,0.000625,1.0,1e-08,1e+18,False,False,False,False,12,1.1,15.0,13.51802182634861,7.0590043851776345,96.25915070696774,86.74888668283802,study_results/v4p2_followups_20260806/pseudo65/gp_window_ensemble_20260806/runs/window_2p25eq2p5/draw_09/attempt_01/results_single.csv,1,1,1,1,single_attempt_outside_55_75MeV,False,,,,,,,window_2p25eq2p5,9
2021,0.155,0.003698271875,0.14667888828125,0.16332111171875,419006242.6242384,1.64,0.148934834125,0.161065165875,0.01213033175,0.0,1.0,8000,0.000125,True,5866.1911660200685,2.9330802260406097e-06,0.4494559666179213,0.1270359649346252,431.6715129832496,3401.024821719846,True,tilde_q_mu,asymptotic,default,sidak_approx,observed,8.11**2 * RBF(length_scale=0.318),0.0259375834271065,0.3536943194605435,0.0957808744933012,0.3181953100018127,0.0235796212973695,65.81444887286939,1609.4709531929082,390,171,219,416,26,0.04,0.3,0.000625,1.0,1e-08,1e+18,False,False,False,False,12,1.1,15.0,13.494504682198144,7.01343338288414,95.63772794842008,86.03891783964981,study_results/v4p2_followups_20260806/pseudo65/gp_window_ensemble_20260806/runs/window_2p25eq2p5/draw_09/attempt_01/results_single.csv,1,1,1,1,single_attempt_outside_55_75MeV,False,,,,,,,window_2p25eq2p5,9
2021,0.156,0.003723604,0.147621891,0.164378109,408018948.64312065,1.64,0.14989328944,0.16210671056,0.01221342112,0.0,1.0,8000,0.000125,True,6505.909239621105,3.3191202857146865e-06,0.3332300605592719,0.4310113453821126,1427.19459981798,3380.8120137664564,True,tilde_q_mu,asymptotic,default,sidak_approx,observed,8.12**2 * RBF(length_scale=0.318),0.0259477230966391,0.353832587681443,0.0958183177045254,0.3182589679008507,0.0235888391787628,65.89234460333041,1605.461874394193,389,172,217,416,27,0.04,0.3,0.000625,1.0,1e-08,1e+18,False,False,False,False,12,1.1,15.0,13.49193003898982,6.968443233125529,95.0242259062572,85.47068052909242,study_results/v4p2_followups_20260806/pseudo65/gp_window_ensemble_20260806/runs/window_2p25eq2p5/draw_09/attempt_01/results_single.csv,1,1,1,1,single_attempt_outside_55_75MeV,False,,,,,,,window_2p25eq2p5,9
2021,0.157,0.003749107875,0.14856450728125,0.16543549271875,397354285.67265946,1.64,0.150851463085,0.163148536915,0.01229707383,0.0,1.0,8000,0.000125,True,7248.916484245314,3.773248989316382e-06,0.2286102230884795,0.7434315544682798,2485.7302849324133,3343.804988443379,True,tilde_q_mu,asymptotic,default,sidak_approx,observed,8.19**2 * RBF(length_scale=0.319),0.0259589087860322,0.3539851198095312,0.0958596236000764,0.3192181557876764,0.023599007987302,67.06145687358503,1604.119963541373,389,174,215,416,27,0.04,0.3,0.000625,1.0,1e-08,1e+18,False,False,False,False,12,1.1,15.0,13.526761631651558,6.924022901323501,94.41849410895684,85.1450975620904,study_results/v4p2_followups_20260806/pseudo65/gp_window_ensemble_20260806/runs/window_2p25eq2p5/draw_09/attempt_01/results_single.csv,1,1,1,1,single_attempt_outside_55_75MeV,False,,,,,,,window_2p25eq2p5,9
2021,0.158,0.0037747835,0.149506737125,0.166493262875,387039666.85970527,1.64,0.15180935506,0.16419064494,0.0123812898799999,0.0,1.0,8000,0.000125,True,7815.162994399849,4.1499742125577374e-06,0.1634316494660653,0.980451500121578,3244.8585106822393,3309.767166607544,True,tilde_q_mu,asymptotic,default,sidak_approx,observed,8.16**2 * RBF(length_scale=0.319),0.0259711206006934,0.3541516445549109,0.0959047187143026,0.3188896719121604,0.023610109636994,66.64937283161134,1604.1506087820264,389,175,214,416,27,0.04,0.3,0.000625,1.0,1e-08,1e+18,False,False,False,False,12,1.1,15.0,13.506488399041595,6.880161630645431,93.82038587243768,84.47893022531238,study_results/v4p2_followups_20260806/pseudo65/gp_window_ensemble_20260806/runs/window_2p25eq2p5/draw_09/attempt_01/results_single.csv,1,1,1,1,single_attempt_outside_55_75MeV,False,,,,,,,window_2p25eq2p5,9
2021,0.159,0.003800630875,0.15044858053125,0.16755141946875,376812670.72105056,1.64,0.152766965365,0.165233034635,0.0124660692699999,0.0,1.0,8000,0.000125,True,8317.3387058937,4.50797695578264e-06,0.1188336619038053,1.1808373992116776,3876.786023002384,3280.8867195595226,True,tilde_q_mu,asymptotic,default,sidak_approx,observed,8.1**2 * RBF(length_scale=0.318),0.0259843391436889,0.3543318974139398,0.0959535314192792,0.318091386286214,0.0236221264942626,65.66091351768326,1603.884847247349,389,177,212,416,27,0.04,0.3,0.000625,1.0,1e-08,1e+18,False,False,False,False,12,1.1,15.0,13.46582350930481,6.836848933320556,93.22975818164392,83.69436463261222,study_results/v4p2_followups_20260806/pseudo65/gp_window_ensemble_20260806/runs/window_2p25eq2p5/draw_09/attempt_01/results_single.csv,1,1,1,1,single_attempt_outside_55_75MeV,False,,,,,,,window_2p25eq2p5,9
2021,0.16,0.00382665,0.1513900375,0.1686099625,367005424.0565123,1.64,0.153724294,0.166275706,0.0125514119999999,0.0,1.0,8000,0.000125,True,8513.625424236552,4.708060066966837e-06,0.1023036308818244,1.2685341543366853,4136.697278712567,3260.8451017385473,True,tilde_q_mu,asymptotic,default,sidak_approx,observed,8.14**2 * RBF(length_scale=0.319),0.0259985455002782,0.3545256204583391,0.0960059918676979,0.3185718948364204,0.0236350413638892,66.18596622424333,1599.1252842364345,388,178,210,416,28,0.04,0.3,0.000625,1.0,1e-08,1e+18,False,False,False,False,12,1.1,15.0,13.47879573941214,6.7940745822790705,92.64647157653278,83.25085775715586,study_results/v4p2_followups_20260806/pseudo65/gp_window_ensemble_20260806/runs/window_2p25eq2p5/draw_09/attempt_01/results_single.csv,1,1,1,1,single_attempt_outside_55_75MeV,False,,,,,,,window_2p25eq2p5,9
2021,0.161,0.003852840875,0.15233110803125,0.16966889196875,357410945.39902496,1.64,0.154681340965,0.167318659035,0.01263731807,0.0,1.0,8000,0.000125,True,8152.071904752789,4.6003852194358415e-06,0.1182304148722631,1.1838793394290958,3804.98323266628,3215.0765957780573,True,tilde_q_mu,asymptotic,default,sidak_approx,observed,8.11**2 * RBF(length_scale=0.318),0.0260137212230255,0.3547325621321662,0.0960620319378876,0.3183275247052123,0.0236488374754777,65.82237400786988,1604.4052977502104,389,180,209,416,27,0.04,0.3,0.000625,1.0,1e-08,1e+18,False,False,False,False,12,1.1,15.0,13.460599280421144,6.751828603101996,92.07039004229992,82.62150839676511,study_results/v4p2_followups_20260806/pseudo65/gp_window_ensemble_20260806/runs/window_2p25eq2p5/draw_09/attempt_01/results_single.csv,1,1,1,1,single_attempt_outside_55_75MeV,False,,,,,,,window_2p25eq2p5,9
2021,0.162,0.0038792035,0.153271792125,0.170728207875,348034765.9525295,1.64,0.15563810626,0.16836189374,0.01272378748,0.0,1.0,8000,0.000125,True,7733.793747638898,4.454252828759783e-06,0.1473131027384455,1.0480269172465833,3351.2276704743413,3197.270739346771,True,tilde_q_mu,asymptotic,default,sidak_approx,observed,8.12**2 * RBF(length_scale=0.318),0.0260298483174566,0.3549524770562273,0.0961215851808485,0.3183671403891537,0.0236634984704151,65.90067626936866,1599.6501846846447,388,181,207,416,28,0.04,0.3,0.000625,1.0,1e-08,1e+18,False,False,False,False,12,1.1,15.0,13.453933736264156,6.710101266266818,91.50138090363842,82.07023436361452,study_results/v4p2_followups_20260806/pseudo65/gp_window_ensemble_20260806/runs/window_2p25eq2p5/draw_09/attempt_01/results_single.csv,1,1,1,1,single_attempt_outside_55_75MeV,False,,,,,,,window_2p25eq2p5,9
2021,0.163,0.003905737875,0.15421208978125,0.17178791021875,338899709.6922806,1.64,0.156594589885,0.169405410115,0.01281082023,0.0,1.0,8000,0.000125,True,7074.714199383088,4.1588190149481065e-06,0.2032175180443118,0.8301835116636886,2621.4363238373885,3166.193966699543,True,tilde_q_mu,asymptotic,default,sidak_approx,observed,8.14**2 * RBF(length_scale=0.319),0.0260469092282431,0.3551851258396787,0.0961845867692335,0.3185235062752786,0.0236790083893119,66.18972796477917,1599.9181176794452,388,183,205,416,28,0.04,0.3,0.000625,1.0,1e-08,1e+18,False,False,False,False,12,1.1,15.0,13.451724879621722,6.668883079677514,90.93931472287518,81.55270949289667,study_results/v4p2_followups_20260806/pseudo65/gp_window_ensemble_20260806/runs/window_2p25eq2p5/draw_09/attempt_01/results_single.csv,1,1,1,1,single_attempt_outside_55_75MeV,False,,,,,,,window_2p25eq2p5,9
2021,0.164,0.003932444,0.155152001,0.172847999,329984866.4340829,1.64,0.15755079184,0.17044920816,0.0128984163199999,0.0,1.0,8000,0.000125,True,6264.836847220287,3.759168703220085e-06,0.3062634631810628,0.5064697412733111,1604.33819695156,3148.48861675931,True,tilde_q_mu,asymptotic,default,sidak_approx,observed,8.11**2 * RBF(length_scale=0.318),0.0260648868258862,0.3554302748984483,0.096250973448177,0.3181914906172636,0.0236953516598965,65.77635630720548,1595.0653218898467,387,184,203,416,29,0.04,0.3,0.000625,1.0,1e-08,1e+18,False,False,False,False,12,1.1,15.0,13.428435044320956,6.6281647814657285,90.38406520180536,80.91443657360756,study_results/v4p2_followups_20260806/pseudo65/gp_window_ensemble_20260806/runs/window_2p25eq2p5/draw_09/attempt_01/results_single.csv,1,1,1,1,single_attempt_outside_55_75MeV,False,,,,,,,window_2p25eq2p5,9
2021,0.165,0.003959321875,0.15609152578125,0.17390847421875,321257494.71634173,1.64,0.158506712125,0.171493287875,0.01298657575,0.0,1.0,8000,0.000125,True,5579.909596869375,3.418297617748057e-06,0.4067276082704698,0.2359709444404969,733.3769687645112,3104.577445612916,True,tilde_q_mu,asymptotic,default,sidak_approx,observed,8.09**2 * RBF(length_scale=0.318),0.0260837643938859,0.3556876962802624,0.0963206834879114,0.3179031268343774,0.0237125130853508,65.47925106066505,1600.486810495791,388,186,202,416,28,0.04,0.3,0.000625,1.0,1e-08,1e+18,False,False,False,False,12,1.1,15.0,13.406555673374507,6.587937333053001,89.83550908708638,80.29231693479767,study_results/v4p2_followups_20260806/pseudo65/gp_window_ensemble_20260806/runs/window_2p25eq2p5/draw_09/attempt_01/results_single.csv,1,1,1,1,single_attempt_outside_55_75MeV,False,,,,,,,window_2p25eq2p5,9
2021,0.166,0.0039863715,0.157030664125,0.174969335875,312800005.7109213,1.64,0.15946235074,0.17253764926,0.01307529852,0.0,1.0,8000,0.000125,True,4878.677629696196,3.051035098507776e-06,0.5,0.0,-335.37028970691966,3084.4108455199716,True,tilde_q_mu,asymptotic,default,sidak_approx,observed,8.13**2 * RBF(length_scale=0.318),0.0261035256163684,0.3559571674959338,0.09639365663808,0.3184208550672031,0.0237304778330622,66.06279765077393,1597.613168392763,387,187,200,416,29,0.04,0.3,0.000625,1.0,1e-08,1e+18,False,False,False,False,12,1.1,15.0,13.418223489101695,6.548191912461868,89.29352607902545,79.87736593721961,study_results/v4p2_followups_20260806/pseudo65/gp_window_ensemble_20260806/runs/window_2p25eq2p5/draw_09/attempt_01/results_single.csv,1,1,1,1,single_attempt_outside_55_75MeV,False,,,,,,,window_2p25eq2p5,9
2021,0.167,0.004013592875,0.15796941603125,0.17603058396875,304614329.32244956,1.64,0.160417707685,0.173582292315,0.0131645846299999,0.0,1.0,8000,0.000125,True,4235.369401034048,2.70361231821398e-06,0.5,0.0,-1630.532913090255,3048.9366065231907,True,tilde_q_mu,asymptotic,default,sidak_approx,observed,8.24**2 * RBF(length_scale=0.32),0.0261241545661564,0.3562384713566791,0.0964698340836822,0.3199472878952932,0.0237492314237786,67.94586167991056,1601.2660459756746,387,189,198,416,29,0.04,0.3,0.000625,1.0,1e-08,1e+18,False,False,False,False,12,1.1,15.0,13.471900719067069,6.508919907865958,88.7579987436267,79.71592980648123,study_results/v4p2_followups_20260806/pseudo65/gp_window_ensemble_20260806/runs/window_2p25eq2p5/draw_09/attempt_01/results_single.csv,1,1,1,1,single_attempt_outside_55_75MeV,False,,,,,,,window_2p25eq2p5,9
2021,0.168,0.004040986,0.1589077815,0.1770922185,296547392.151297,1.64,0.16137278296,0.17462721704,0.0132544340799999,0.0,1.0,8000,0.000125,True,3892.851991280934,2.5373736354463616e-06,0.5,0.0,-2510.315705733451,3014.7093681532247,True,tilde_q_mu,asymptotic,default,sidak_approx,observed,8.26**2 * RBF(length_scale=0.32),0.0261456356932645,0.3565313958172433,0.0965491584025916,0.3201792837725419,0.0237687597211495,68.20342231992379,1601.404053740687,387,190,197,416,29,0.04,0.3,0.000625,1.0,1e-08,1e+18,False,False,False,False,12,1.1,15.0,13.470592808746554,6.470112911369777,88.22881242776968,79.23296041425085,study_results/v4p2_followups_20260806/pseudo65/gp_window_ensemble_20260806/runs/window_2p25eq2p5/draw_09/attempt_01/results_single.csv,1,1,1,1,single_attempt_outside_55_75MeV,False,,,,,,,window_2p25eq2p5,9
2021,0.169,0.004068550875,0.15984576053125,0.17815423946875,288615660.9608933,1.64,0.162327576565,0.175672423435,0.0133448468699999,0.0,1.0,8000,0.000125,True,3606.9517929838175,2.401340039133271e-06,0.5,0.0,-3419.0057397543787,2981.572531770527,True,tilde_q_mu,asymptotic,default,sidak_approx,observed,8.32**2 * RBF(length_scale=0.321),0.026167953813799,0.356835733824532,0.0966315735245651,0.3209192655356989,0.0237890489216354,69.26384278253771,1602.1414875699272,387,192,195,416,29,0.04,0.3,0.000625,1.0,1e-08,1e+18,False,False,False,False,12,1.1,15.0,13.490209995063395,6.431762713007495,87.70585517737493,78.87802694262706,study_results/v4p2_followups_20260806/pseudo65/gp_window_ensemble_20260806/runs/window_2p25eq2p5/draw_09/attempt_01/results_single.csv,1,1,1,1,single_attempt_outside_55_75MeV,False,,,,,,,window_2p25eq2p5,9
2021,0.17,0.0040962875,0.160783353125,0.179216646875,280901072.63455325,1.64,0.1632820885,0.1767179115,0.013435823,0.0,1.0,8000,0.000125,True,3495.823075510123,2.3772072596475936e-06,0.5,0.0,-3798.248943451007,2963.36895223089,True,tilde_q_mu,asymptotic,default,sidak_approx,observed,8.25**2 * RBF(length_scale=0.32),0.026191094099248,0.3571512831715639,0.0967170246916933,0.3200984535289181,0.0238100855447709,68.07722344724178,1598.6976215842285,386,193,193,416,30,0.04,0.3,0.000625,1.0,1e-08,1e+18,False,False,False,False,12,1.1,15.0,13.443817869827718,6.39386129495257,87.18901765844413,78.14355157662104,study_results/v4p2_followups_20260806/pseudo65/gp_window_ensemble_20260806/runs/window_2p25eq2p5/draw_09/attempt_01/results_single.csv,1,1,1,1,single_attempt_outside_55_75MeV,False,,,,,,,window_2p25eq2p5,9
2021,0.171,0.004124195875,0.16172055928125,0.18027944071875,273501986.67337126,1.64,0.164236318765,0.177763681235,0.01352736247,0.0,1.0,8000,0.000125,True,3368.8596870236897,2.339086321776449e-06,0.5,0.0,-4109.959633839353,2919.8128157686274,True,tilde_q_mu,asymptotic,default,sidak_approx,observed,8.23**2 * RBF(length_scale=0.32),0.0262150420661463,0.3574778463565409,0.0968054584202363,0.3198442078751423,0.0238318564237693,67.72412640004671,1604.29301470029,387,195,192,416,29,0.04,0.3,0.000625,1.0,1e-08,1e+18,False,False,False,False,12,1.1,15.0,13.420868361565672,6.356400825929815,86.67819308086109,77.55310794377395,study_results/v4p2_followups_20260806/pseudo65/gp_window_ensemble_20260806/runs/window_2p25eq2p5/draw_09/attempt_01/results_single.csv,1,1,1,1,single_attempt_outside_55_75MeV,False,,,,,,,window_2p25eq2p5,9
2021,0.172,0.004152276,0.162657379,0.1813426209999999,266350991.61926585,1.64,0.1651902673599999,0.17880973264,0.01361946528,0.0,1.0,8000,0.000125,True,3229.4588635240134,2.289111325520057e-06,0.5,0.0,-4701.792862174134,2898.3426728354443,True,tilde_q_mu,asymptotic,default,sidak_approx,observed,8.28**2 * RBF(length_scale=0.321),0.0262397835660971,0.3578152304467796,0.0968968224637768,0.3205377002887939,0.0238543486964519,68.6270729302051,1600.217842457149,386,196,190,416,30,0.04,0.3,0.000625,1.0,1e-08,1e+18,False,False,False,False,12,1.1,15.0,13.437285769888565,6.31937365582085,86.17327712482977,77.19566336360926,study_results/v4p2_followups_20260806/pseudo65/gp_window_ensemble_20260806/runs/window_2p25eq2p5/draw_09/attempt_01/results_single.csv,1,1,1,1,single_attempt_outside_55_75MeV,False,,,,,,,window_2p25eq2p5,9
2021,0.173,0.004180527875,0.1635938122812499,0.18240618771875,259386988.21142492,1.64,0.166143934285,0.1798560657149999,0.0137121314299999,0.0,1.0,8000,0.000125,True,3196.670604857043,2.313255055124685e-06,0.5,0.0,-4651.7889140115085,2868.79193340296,True,tilde_q_mu,asymptotic,default,sidak_approx,observed,8.27**2 * RBF(length_scale=0.32),0.0262653047761392,0.3581632469473539,0.0969910657776472,0.3203975006224992,0.0238775497964902,68.40950201232337,1601.1762750956968,386,198,188,416,30,0.04,0.3,0.000625,1.0,1e-08,1e+18,False,False,False,False,12,1.1,15.0,13.418357551476834,6.282772310455958,85.67416786985397,76.64044116019659,study_results/v4p2_followups_20260806/pseudo65/gp_window_ensemble_20260806/runs/window_2p25eq2p5/draw_09/attempt_01/results_single.csv,1,1,1,1,single_attempt_outside_55_75MeV,False,,,,,,,window_2p25eq2p5,9
2021,0.174,0.0042089515,0.1645298591249999,0.183470140875,252502277.02987137,1.64,0.1670973195399999,0.18090268046,0.01380536092,0.0,1.0,8000,0.000125,True,3290.948535445376,2.4323522306714806e-06,0.5,0.0,-4011.4903195513302,2852.232614068658,True,tilde_q_mu,asymptotic,default,sidak_approx,observed,8.18**2 * RBF(length_scale=0.319),0.0262915921894454,0.3585217116742556,0.0970881384845824,0.3193060548046544,0.0239014474449503,66.92447220881635,1596.6793510761167,385,199,186,416,31,0.04,0.3,0.000625,1.0,1e-08,1e+18,False,False,False,False,12,1.1,15.0,13.359276903211724,6.246589486584821,85.18076572615664,75.86356241088889,study_results/v4p2_followups_20260806/pseudo65/gp_window_ensemble_20260806/runs/window_2p25eq2p5/draw_09/attempt_01/results_single.csv,1,1,1,1,single_attempt_outside_55_75MeV,False,,,,,,,window_2p25eq2p5,9
2021,0.175,0.0042375468749999,0.16546551953125,0.1845344804687499,245918579.9416027,1.64,0.168050423125,0.181949576875,0.01389915375,0.0,1.0,8000,0.000125,True,3439.010868151415,2.594920633487983e-06,0.4997614245689551,0.0005980199567341,-3069.403392624642,2813.129499905908,True,tilde_q_mu,asymptotic,default,sidak_approx,observed,8.12**2 * RBF(length_scale=0.319),0.0263186326063351,0.358890444631843,0.0971879918415323,0.3185795700209677,0.0239260296421228,65.96896750235136,1602.2845293863234,386,201,185,416,30,0.04,0.3,0.000625,1.0,1e-08,1e+18,False,False,False,False,12,1.1,15.0,13.31518746679532,6.210818047018103,84.69297336842865,75.18018783472874,study_results/v4p2_followups_20260806/pseudo65/gp_window_ensemble_20260806/runs/window_2p25eq2p5/draw_09/attempt_01/results_single.csv,1,1,1,1,single_attempt_outside_55_75MeV,False,,,,,,,window_2p25eq2p5,9
2021,0.176,0.004266314,0.1664007934999999,0.1855992065,239463041.25493088,1.64,0.16900324504,0.1829967549599999,0.0139935099199999,0.0,1.0,8000,0.000125,True,3626.2227762571897,2.79397967017528e-06,0.5,0.0,-2259.1458572236925,2793.5503926372385,True,tilde_q_mu,asymptotic,default,sidak_approx,observed,8.16**2 * RBF(length_scale=0.319),0.0263464131255956,0.3592692698944855,0.0972905782076107,0.3190511525475039,0.0239512846596323,66.60698397425392,1598.5246876923356,385,202,183,416,31,0.04,0.3,0.000625,1.0,1e-08,1e+18,False,False,False,False,12,1.1,15.0,13.320836735126552,6.175451015934506,84.21069567183416,74.7837952263954,study_results/v4p2_followups_20260806/pseudo65/gp_window_ensemble_20260806/runs/window_2p25eq2p5/draw_09/attempt_01/results_single.csv,1,1,1,1,single_attempt_outside_55_75MeV,False,,,,,,,window_2p25eq2p5,9
2021,0.177,0.004295252875,0.16733568103125,0.18666431896875,233151670.99112496,1.64,0.169955785285,0.184044214715,0.0140884294299999,0.0,1.0,8000,0.000125,True,4039.4228571602534,3.1785382492734738e-06,0.5,0.0,-986.0256395131844,2765.537651907723,True,tilde_q_mu,asymptotic,default,sidak_approx,observed,8.16**2 * RBF(length_scale=0.319),0.026374921136093,0.359658015492178,0.0973958510131203,0.3189995830712314,0.0239772010328118,66.51693134863137,1598.8978013817325,385,204,181,416,31,0.04,0.3,0.000625,1.0,1e-08,1e+18,False,False,False,False,12,1.1,15.0,13.304287795505944,6.140481574345738,83.73383965016914,74.26794006190647,study_results/v4p2_followups_20260806/pseudo65/gp_window_ensemble_20260806/runs/window_2p25eq2p5/draw_09/attempt_01/results_single.csv,1,1,1,1,single_attempt_outside_55_75MeV,False,,,,,,,window_2p25eq2p5,9
2021,0.178,0.0043243635,0.168270182125,0.1877298178749999,227019370.79188985,1.64,0.17090804386,0.1850919561399999,0.0141839122799999,0.0,1.0,8000,0.000125,True,4808.739690040706,3.86427719777158e-06,0.4428793369076094,0.1436730240925756,481.4909891851108,2737.4243328568,True,tilde_q_mu,asymptotic,default,sidak_approx,observed,8.12**2 * RBF(length_scale=0.318),0.0264041443086661,0.3600565132999933,0.0975037647296154,0.3184921406967109,0.0240037675533328,65.87395637482165,1598.6758523731032,385,205,180,416,31,0.04,0.3,0.000625,1.0,1e-08,1e+18,False,False,False,False,12,1.1,15.0,13.268422966897491,6.105903055713559,83.26231439609397,73.65064030734487,study_results/v4p2_followups_20260806/pseudo65/gp_window_ensemble_20260806/runs/window_2p25eq2p5/draw_09/attempt_01/results_single.csv,1,1,1,1,single_attempt_outside_55_75MeV,False,,,,,,,window_2p25eq2p5,9
2021,0.179,0.004353645875,0.1692042967812499,0.18879570321875,220993245.42708975,1.64,0.1718600207649999,0.186139979235,0.01427995847,0.0,1.0,8000,0.000125,True,5617.434380725774,4.611326777536565e-06,0.2676918255714884,0.6198088352379292,1681.0935841524215,2711.706286388113,True,tilde_q_mu,asymptotic,default,sidak_approx,observed,8.1**2 * RBF(length_scale=0.318),0.0264340705882899,0.3604645989312272,0.0976142748409662,0.3183255440402848,0.0240309732620818,65.68106682342595,1599.2342735063935,385,207,178,416,31,0.04,0.3,0.000625,1.0,1e-08,1e+18,False,False,False,False,12,1.1,15.0,13.246469070088263,6.0717089417131325,82.79603102336088,73.11700427180122,study_results/v4p2_followups_20260806/pseudo65/gp_window_ensemble_20260806/runs/window_2p25eq2p5/draw_09/attempt_01/results_single.csv,1,1,1,1,single_attempt_outside_55_75MeV,False,,,,,,,window_2p25eq2p5,9
2021,0.18,0.0043831,0.170138025,0.189861975,215155115.9948604,1.64,0.172811716,0.1871882839999999,0.0143765679999999,0.0,1.0,8000,0.000125,True,6444.867450232223,5.403930183075549e-06,0.1548646502182749,1.0157902069706164,2738.6422478063982,2695.200966630329,True,tilde_q_mu,asymptotic,default,sidak_approx,observed,8.11**2 * RBF(length_scale=0.318),0.0264646881865,0.360882111634091,0.0977273378153825,0.3183941346431859,0.0240588074422727,65.74914028485595,1595.6390929906595,384,208,176,416,32,0.04,0.3,0.000625,1.0,1e-08,1e+18,False,False,False,False,12,1.1,15.0,13.233994885538204,6.037892858136936,82.33490261095821,72.64131200364714,study_results/v4p2_followups_20260806/pseudo65/gp_window_ensemble_20260806/runs/window_2p25eq2p5/draw_09/attempt_01/results_single.csv,1,1,1,1,single_attempt_outside_55_75MeV,False,,,,,,,window_2p25eq2p5,9
2021,0.181,0.004412725875,0.1710713667812499,0.19092863321875,209423665.4643851,1.64,0.173763129565,0.1882368704349999,0.0144737408699999,0.0,1.0,8000,0.000125,True,7117.9786036126625,6.0977872623164854e-06,0.0893742839867786,1.344618184162372,3572.638282520938,2659.37511285849,True,tilde_q_mu,asymptotic,default,sidak_approx,observed,8.08**2 * RBF(length_scale=0.318),0.0264959855740647,0.3613088941917919,0.0978429110783556,0.3180332555252153,0.0240872596127861,65.29355718624818,1600.9597346818596,385,210,175,416,31,0.04,0.3,0.000625,1.0,1e-08,1e+18,False,False,False,False,12,1.1,15.0,13.203380568721698,6.004448570933435,81.87884414909227,72.07183598850115,study_results/v4p2_followups_20260806/pseudo65/gp_window_ensemble_20260806/runs/window_2p25eq2p5/draw_09/attempt_01/results_single.csv,1,1,1,1,single_attempt_outside_55_75MeV,False,,,,,,,window_2p25eq2p5,9
2021,0.182,0.0044425235,0.172004322125,0.191995677875,203890389.41582435,1.64,0.17471426146,0.18928573854,0.01457147708,0.0,1.0,8000,0.000125,True,7288.198239688759,6.377815559625062e-06,0.0765420110138658,1.4287224519465092,3780.863032621026,2644.257274061105,True,tilde_q_mu,asymptotic,default,sidak_approx,observed,8.11**2 * RBF(length_scale=0.318),0.0265279514739,0.3617447928259099,0.0979609529864923,0.3183803533815007,0.0241163195217273,65.74105446297685,1596.524465491479,384,211,173,416,32,0.04,0.3,0.000625,1.0,1e-08,1e+18,False,False,False,False,12,1.1,15.0,13.201863289904562,5.971369982376021,81.42777248694574,71.6665546916073,study_results/v4p2_followups_20260806/pseudo65/gp_window_ensemble_20260806/runs/window_2p25eq2p5/draw_09/attempt_01/results_single.csv,1,1,1,1,single_attempt_outside_55_75MeV,False,,,,,,,window_2p25eq2p5,9
2021,0.183,0.004472492875,0.1729368910312499,0.19306310896875,198621214.40460417,1.64,0.1756651116849999,0.190334888315,0.01466977663,0.0,1.0,8000,0.000125,True,7099.12226531249,6.342315690055205e-06,0.0841910439006666,1.3774211169414892,3610.419599248264,2620.887479932308,True,tilde_q_mu,asymptotic,default,sidak_approx,observed,8.12**2 * RBF(length_scale=0.319),0.0265605748542153,0.3621896571029359,0.098081422802206,0.31851296473947,0.0241459771401957,65.93932182437902,1597.260157357563,384,213,171,416,32,0.04,0.3,0.000625,1.0,1e-08,1e+18,False,False,False,False,12,1.1,15.0,13.19113999363656,5.938651127357089,80.98160628214212,71.21598035848632,study_results/v4p2_followups_20260806/pseudo65/gp_window_ensemble_20260806/runs/window_2p25eq2p5/draw_09/attempt_01/results_single.csv,1,1,1,1,single_attempt_outside_55_75MeV,False,,,,,,,window_2p25eq2p5,9
2021,0.184,0.004502634,0.1738690735,0.1941309265,193360941.65798712,1.64,0.17661568024,0.19138431976,0.01476863952,0.0,1.0,8000,0.000125,True,6576.454971906605,6.002403650286803e-06,0.1214876650424551,1.1675822087226375,3044.6005532111544,2606.6913691895875,True,tilde_q_mu,asymptotic,default,sidak_approx,observed,8.13**2 * RBF(length_scale=0.319),0.026593844921878,0.3626433398437911,0.0982042806692136,0.3186178240233693,0.0241762226562527,66.11515238466997,1595.5694117838566,383,214,169,416,33,0.04,0.3,0.000625,1.0,1e-08,1e+18,False,False,False,False,12,1.1,15.0,13.178974588115176,5.906286169801502,80.54026595183866,70.76254121995466,study_results/v4p2_followups_20260806/pseudo65/gp_window_ensemble_20260806/runs/window_2p25eq2p5/draw_09/attempt_01/results_single.csv,1,1,1,1,single_attempt_outside_55_75MeV,False,,,,,,,window_2p25eq2p5,9
2021,0.185,0.004532946875,0.1748008695312499,0.19519913046875,188216407.4390779,1.64,0.177565967125,0.192434032875,0.0148680657499999,0.0,1.0,8000,0.000125,True,6004.502746183186,5.599738697227258e-06,0.1717528652197154,0.9472611338715418,2435.223724610828,2573.579879751366,True,tilde_q_mu,asymptotic,default,sidak_approx,observed,8.1**2 * RBF(length_scale=0.318),0.0266277511159985,0.3631056970363433,0.0983294875888454,0.3182073755119714,0.0242070464690895,65.55931593554833,1598.7658729257678,384,216,168,416,32,0.04,0.3,0.000625,1.0,1e-08,1e+18,False,False,False,False,12,1.1,15.0,13.145237520748209,5.874269399197075,80.10367362541467,70.1987877393713,study_results/v4p2_followups_20260806/pseudo65/gp_window_ensemble_20260806/runs/window_2p25eq2p5/draw_09/attempt_01/results_single.csv,1,1,1,1,single_attempt_outside_55_75MeV,False,,,,,,,window_2p25eq2p5,9
2021,0.186,0.0045634315,0.175732279125,0.196267720875,183203373.0638776,1.64,0.17851597234,0.19348402766,0.01496805532,0.0,1.0,8000,0.000125,True,5234.6544709253685,4.988403007996121e-06,0.2804387252633737,0.5815386896112112,1489.573872563134,2562.264534966164,True,tilde_q_mu,asymptotic,default,sidak_approx,observed,8.02**2 * RBF(length_scale=0.317),0.0266622831017154,0.3635765877506647,0.0984570053970965,0.3171340091662789,0.0242384391833776,64.2830532205006,1592.756516265565,383,217,166,416,33,0.04,0.3,0.000625,1.0,1e-08,1e+18,False,False,False,False,12,1.1,15.0,13.083928662525622,5.84259522723534,79.67175309866373,69.49463559741807,study_results/v4p2_followups_20260806/pseudo65/gp_window_ensemble_20260806/runs/window_2p25eq2p5/draw_09/attempt_01/results_single.csv,1,1,1,1,single_attempt_outside_55_75MeV,False,,,,,,,window_2p25eq2p5,9
2021,0.187,0.004594087875,0.17666330228125,0.19733669771875,178278504.14348978,1.64,0.179465695885,0.194534304115,0.01506860823,0.0,1.0,8000,0.000125,True,4470.903931922214,4.3548647560154e-06,0.4280158756064,0.1814278617819262,460.72585521961304,2539.8310476573947,True,tilde_q_mu,asymptotic,default,sidak_approx,observed,8**2 * RBF(length_scale=0.317),0.0266974307641825,0.3640558740570343,0.0985867967424219,0.3168885652077441,0.0242703916038022,63.96681456090708,1592.9591905351112,383,219,164,416,33,0.04,0.3,0.000625,1.0,1e-08,1e+18,False,False,False,False,12,1.1,15.0,13.05659053140697,5.811258184560199,79.24442978945724,68.97747144371813,study_results/v4p2_followups_20260806/pseudo65/gp_window_ensemble_20260806/runs/window_2p25eq2p5/draw_09/attempt_01/results_single.csv,1,1,1,1,single_attempt_outside_55_75MeV,False,,,,,,,window_2p25eq2p5,9
2021,0.188,0.004624916,0.177593939,0.198406061,173567784.67781383,1.64,0.18041513776,0.19558486224,0.0151697244799999,0.0,1.0,8000,0.000125,True,3851.629800900507,3.832988274093074e-06,0.5,0.0,-511.6936689698772,2514.171535814194,True,tilde_q_mu,asymptotic,default,sidak_approx,observed,8.01**2 * RBF(length_scale=0.317),0.0267331842027451,0.3645434209465248,0.0987188250642313,0.3170505942624148,0.0243028947297683,64.13295547290095,1593.5226318045911,383,220,163,416,33,0.04,0.3,0.000625,1.0,1e-08,1e+18,False,False,False,False,12,1.1,15.0,13.045795481888144,5.78025291761951,78.8216306948115,68.55272490622852,study_results/v4p2_followups_20260806/pseudo65/gp_window_ensemble_20260806/runs/window_2p25eq2p5/draw_09/attempt_01/results_single.csv,1,1,1,1,single_attempt_outside_55_75MeV,False,,,,,,,window_2p25eq2p5,9
2021,0.189,0.004655915875,0.17852418928125,0.19947581071875,168874228.16818193,1.64,0.181364297965,0.196635702035,0.0152714040699999,0.0,1.0,8000,0.000125,True,3488.5945867371843,3.549320711375956e-06,0.5,0.0,-1254.643033911433,2490.387860970945,True,tilde_q_mu,asymptotic,default,sidak_approx,observed,8.04**2 * RBF(length_scale=0.318),0.0267695337253012,0.3650390962541072,0.0988530545720656,0.3175521291126681,0.0243359397502738,64.72017345010357,1594.7681547091292,383,222,161,416,33,0.04,0.3,0.000625,1.0,1e-08,1e+18,False,False,False,False,12,1.1,15.0,13.048689813143344,5.749574185616315,78.40328434931338,68.20400918705776,study_results/v4p2_followups_20260806/pseudo65/gp_window_ensemble_20260806/runs/window_2p25eq2p5/draw_09/attempt_01/results_single.csv,1,1,1,1,single_attempt_outside_55_75MeV,False,,,,,,,window_2p25eq2p5,9
2021,0.19,0.0046870875,0.179454053125,0.200545946875,164378838.92039412,1.64,0.1823131765,0.1976868235,0.0153736469999999,0.0,1.0,8000,0.000125,True,3313.7738384481854,3.445428783546373e-06,0.5,0.0,-1676.2416021265929,2473.781841634022,True,tilde_q_mu,asymptotic,default,sidak_approx,observed,8.12**2 * RBF(length_scale=0.318),0.0268064698428396,0.3655427705841774,0.0989894502254296,0.3184440548690912,0.0243695180389451,65.85405738200535,1591.3927231677962,382,223,159,416,34,0.04,0.3,0.000625,1.0,1e-08,1e+18,False,False,False,False,12,1.1,15.0,13.067310332530283,5.719216857555929,77.98932078485358,67.94071048792907,study_results/v4p2_followups_20260806/pseudo65/gp_window_ensemble_20260806/runs/window_2p25eq2p5/draw_09/attempt_01/results_single.csv,1,1,1,1,single_attempt_outside_55_75MeV,False,,,,,,,window_2p25eq2p5,9
2021,0.191,0.004718430875,0.18038353053125,0.20161646946875,160024504.07567304,1.64,0.183261773365,0.198738226635,0.01547645327,0.0,1.0,8000,0.000125,True,3128.5598332805844,3.323873829168548e-06,0.5,0.0,-2176.557577060323,2452.7176279259734,True,tilde_q_mu,asymptotic,default,sidak_approx,observed,8.05**2 * RBF(length_scale=0.318),0.026843983264149,0.3660543172383967,0.099127977714251,0.3175386759051499,0.0244036211492264,64.73919457717928,1592.7304377805567,382,225,157,416,34,0.04,0.3,0.000625,1.0,1e-08,1e+18,False,False,False,False,12,1.1,15.0,13.011949085892743,5.68917590938515,77.57967149161568,67.2975157032792,study_results/v4p2_followups_20260806/pseudo65/gp_window_ensemble_20260806/runs/window_2p25eq2p5/draw_09/attempt_01/results_single.csv,1,1,1,1,single_attempt_outside_55_75MeV,False,,,,,,,window_2p25eq2p5,9
2021,0.192,0.004749946,0.1813126215,0.2026873785,155718995.1526329,1.64,0.18421008856,0.19978991144,0.0155798228799999,0.0,1.0,8000,0.000125,True,3027.1015177690233,3.2877901242268683e-06,0.5,0.0,-2412.392946977238,2427.6565379632875,True,tilde_q_mu,asymptotic,default,sidak_approx,observed,8.05**2 * RBF(length_scale=0.317),0.0268820648906906,0.3665736121457819,0.0992686034399486,0.3174838608652248,0.0244382408097187,64.72392407752949,1592.1600687077466,382,226,156,416,34,0.04,0.3,0.000625,1.0,1e-08,1e+18,False,False,False,False,12,1.1,15.0,12.991273117292687,5.659446421220509,77.17426938027965,66.83946740978209,study_results/v4p2_followups_20260806/pseudo65/gp_window_ensemble_20260806/runs/window_2p25eq2p5/draw_09/attempt_01/results_single.csv,1,1,1,1,single_attempt_outside_55_75MeV,False,,,,,,,window_2p25eq2p5,9
2021,0.193,0.004781632875,0.18224132603125,0.20375867396875,151601184.85939226,1.64,0.185158122085,0.200841877915,0.0156837558299999,0.0,1.0,8000,0.000125,True,3022.512159846647,3.354502147133695e-06,0.5,0.0,-2295.4332004534936,2403.559137640775,True,tilde_q_mu,asymptotic,default,sidak_approx,observed,8.06**2 * RBF(length_scale=0.318),0.0269207058116312,0.3671005337949717,0.0994112944970904,0.3176552437744391,0.0244733689196647,64.98952912347993,1592.0293929393883,382,228,154,416,34,0.04,0.3,0.000625,1.0,1e-08,1e+18,False,False,False,False,12,1.1,15.0,12.979628788221206,5.630023574662507,76.77304874539782,66.43237824368504,study_results/v4p2_followups_20260806/pseudo65/gp_window_ensemble_20260806/runs/window_2p25eq2p5/draw_09/attempt_01/results_single.csv,1,1,1,1,single_attempt_outside_55_75MeV,False,,,,,,,window_2p25eq2p5,9
2021,0.194,0.0048134915,0.183169644125,0.204830355875,147523768.56605715,1.64,0.18610587394,0.20189412606,0.01578825212,0.0,1.0,8000,0.000125,True,3028.675383403589,3.436441235484353e-06,0.5,0.0,-2190.363383055916,2389.690607159653,True,tilde_q_mu,asymptotic,default,sidak_approx,observed,8.01**2 * RBF(length_scale=0.317),0.0269598972990275,0.3676349631685571,0.0995560186556095,0.3169301411279255,0.0245089975445704,64.19745255053081,1588.2113699815995,381,229,152,416,35,0.04,0.3,0.000625,1.0,1e-08,1e+18,False,False,False,False,12,1.1,15.0,12.931175196030637,5.600902650192177,76.37594522989332,65.84204856867939,study_results/v4p2_followups_20260806/pseudo65/gp_window_ensemble_20260806/runs/window_2p25eq2p5/draw_09/attempt_01/results_single.csv,1,1,1,1,single_attempt_outside_55_75MeV,False,,,,,,,window_2p25eq2p5,9
2021,0.195,0.004845521875,0.18409757578125,0.20590242421875,143578408.5209931,1.64,0.187053344125,0.202946655875,0.0158933117499999,0.0,1.0,8000,0.000125,True,3044.656382476554,3.5312987537865116e-06,0.5,0.0,-1961.4938143830768,2356.9964335900704,True,tilde_q_mu,asymptotic,default,sidak_approx,observed,7.98**2 * RBF(length_scale=0.316),0.0269996308031587,0.368176783679438,0.09970274434357,0.3163437688533884,0.0245451189119625,63.65104191649692,1592.2677977898063,382,231,151,416,34,0.04,0.3,0.000625,1.0,1e-08,1e+18,False,False,False,False,12,1.1,15.0,12.888255705260084,5.572079024647637,75.9828957906496,65.28579934506814,study_results/v4p2_followups_20260806/pseudo65/gp_window_ensemble_20260806/runs/window_2p25eq2p5/draw_09/attempt_01/results_single.csv,1,1,1,1,single_attempt_outside_55_75MeV,False,,,,,,,window_2p25eq2p5,9
2021,0.196,0.004877724,0.185025121,0.206974879,139755894.5302579,1.64,0.18800053264,0.20399946736,0.01599893472,0.0,1.0,8000,0.000125,True,3177.5670546850815,3.766937724098098e-06,0.5,0.0,-1457.1929079859926,2339.8024197221007,True,tilde_q_mu,asymptotic,default,sidak_approx,observed,7.99**2 * RBF(length_scale=0.317),0.0270398979480013,0.3687258811091098,0.0998514406304547,0.3166029568082004,0.0245817254072739,63.915869614394474,1587.8690456978088,381,232,149,416,35,0.04,0.3,0.000625,1.0,1e-08,1e+18,False,False,False,False,12,1.1,15.0,12.879606763263014,5.543548168777362,75.59383866514584,64.90792771550836,study_results/v4p2_followups_20260806/pseudo65/gp_window_ensemble_20260806/runs/window_2p25eq2p5/draw_09/attempt_01/results_single.csv,1,1,1,1,single_attempt_outside_55_75MeV,False,,,,,,,window_2p25eq2p5,9
2021,0.197,0.004910097875,0.18595227978125,0.20804772021875,136004179.86803293,1.64,0.188947439485,0.205052560515,0.01610512103,0.0,1.0,8000,0.000125,True,3315.166693277094,4.017971116589891e-06,0.4999655646006563,8.631674575031098e-05,-979.9286566410856,2313.5918121643963,True,tilde_q_mu,asymptotic,default,sidak_approx,observed,8.02**2 * RBF(length_scale=0.317),0.0270806905268411,0.3692821435478344,0.1000020772109632,0.3170340627993195,0.0246188095698556,64.34526966640962,1587.30872364262,381,234,147,416,35,0.04,0.3,0.000625,1.0,1e-08,1e+18,False,False,False,False,12,1.1,15.0,12.87771701144763,5.51530564486786,75.20871333910718,64.56776847840726,study_results/v4p2_followups_20260806/pseudo65/gp_window_ensemble_20260806/runs/window_2p25eq2p5/draw_09/attempt_01/results_single.csv,1,1,1,1,single_attempt_outside_55_75MeV,False,,,,,,,window_2p25eq2p5,9
2021,0.198,0.0049426435,0.186879052125,0.209120947875,132354320.73115931,1.64,0.18989406466,0.20610593534,0.01621187068,0.0,1.0,8000,0.000125,True,3522.2804800217145,4.364560765034978e-06,0.5,0.0,-455.1225335248231,2294.634360050329,True,tilde_q_mu,asymptotic,default,sidak_approx,observed,8.07**2 * RBF(length_scale=0.318),0.0271220004980165,0.3698454613365898,0.1001546243892919,0.3177216412873663,0.0246563640891059,65.15450481130495,1583.8940204401183,380,235,145,416,36,0.04,0.3,0.000625,1.0,1e-08,1e+18,False,False,False,False,12,1.1,15.0,12.885989196912714,5.487347104442508,74.82746051512511,64.28172318868765,study_results/v4p2_followups_20260806/pseudo65/gp_window_ensemble_20260806/runs/window_2p25eq2p5/draw_09/attempt_01/results_single.csv,1,1,1,1,single_attempt_outside_55_75MeV,False,,,,,,,window_2p25eq2p5,9
2021,0.199,0.004975360875,0.18780543803125,0.21019456196875,128788002.15036236,1.64,0.190840408165,0.207159591835,0.01631918367,0.0,1.0,8000,0.000125,True,3806.716157438016,4.823274010533924e-06,0.4778499723007086,0.0555504425662975,125.78587112353158,2266.402485499234,True,tilde_q_mu,asymptotic,default,sidak_approx,observed,8.13**2 * RBF(length_scale=0.318),0.0271638199807916,0.3704157270107955,0.100309053063895,0.3184191380357739,0.0246943818007197,66.04915520410881,1586.7983481647484,380,236,144,416,36,0.04,0.3,0.000625,1.0,1e-08,1e+18,False,False,False,False,12,1.1,15.0,12.894396004944486,5.459668286029939,74.45002208222643,63.999204487005954,study_results/v4p2_followups_20260806/pseudo65/gp_window_ensemble_20260806/runs/window_2p25eq2p5/draw_09/attempt_01/results_single.csv,1,1,1,1,single_attempt_outside_55_75MeV,False,,,,,,,window_2p25eq2p5,9
2021,0.2,0.00500825,0.1887314375,0.2112685625,125353032.55969112,1.64,0.19178647,0.20821353,0.0164270599999999,0.0,1.0,8000,0.000125,True,3939.009757911289,5.102019781466424e-06,0.4308138195593957,0.1743026215047554,391.0632024081622,2243.5115907203717,True,tilde_q_mu,asymptotic,default,sidak_approx,observed,8.12**2 * RBF(length_scale=0.318),0.027206141251351,0.3709928352456959,0.1004653347126938,0.3183711171931381,0.0247328556830463,65.93505593501325,1587.7378809530433,380,238,142,416,36,0.04,0.3,0.000625,1.0,1e-08,1e+18,False,False,False,False,12,1.1,15.0,12.872396187205007,5.432265012998759,74.0763410863467,63.569334037465794,study_results/v4p2_followups_20260806/pseudo65/gp_window_ensemble_20260806/runs/window_2p25eq2p5/draw_09/attempt_01/results_single.csv,1,1,1,1,single_attempt_outside_55_75MeV,False,,,,,,,window_2p25eq2p5,9
2021,0.201,0.005041310875,0.18965705053125,0.21234294946875,122019355.53382406,1.64,0.192732250165,0.209267749835,0.01653549967,0.0,1.0,8000,0.000125,True,4100.346695460296,5.428948436806567e-06,0.3814147043531869,0.3017673676098314,671.856769948841,2226.9607698159934,True,tilde_q_mu,asymptotic,default,sidak_approx,observed,8.13**2 * RBF(length_scale=0.319),0.027248956738914,0.3715766828033728,0.1006234413787278,0.3185316992886333,0.0247717788535581,66.12492462609407,1583.8570651356818,379,239,140,416,37,0.04,0.3,0.000625,1.0,1e-08,1e+18,False,False,False,False,12,1.1,15.0,12.858652629335896,5.405133191456678,73.70636170168197,63.184300112941024,study_results/v4p2_followups_20260806/pseudo65/gp_window_ensemble_20260806/runs/window_2p25eq2p5/draw_09/attempt_01/results_single.csv,1,1,1,1,single_attempt_outside_55_75MeV,False,,,,,,,window_2p25eq2p5,9
2021,0.202,0.0050745435,0.190582277125,0.213417722875,118808713.66471364,1.64,0.19367774866,0.21032225134,0.01664450268,0.0,1.0,8000,0.000125,True,4110.1923776590065,5.561377920071808e-06,0.3657510472664058,0.3431280969434825,753.7755913157775,2198.074133372029,True,tilde_q_mu,asymptotic,default,sidak_approx,observed,8.07**2 * RBF(length_scale=0.318),0.0272922590219629,0.3721671684813132,0.100783345656227,0.3177175433561146,0.0248111445654208,65.12401090143352,1588.368384788867,380,241,139,416,36,0.04,0.3,0.000625,1.0,1e-08,1e+18,False,False,False,False,12,1.1,15.0,12.805436787423153,5.37826880821161,73.34002920288559,62.610073863021285,study_results/v4p2_followups_20260806/pseudo65/gp_window_ensemble_20260806/runs/window_2p25eq2p5/draw_09/attempt_01/results_single.csv,1,1,1,1,single_attempt_outside_55_75MeV,False,,,,,,,window_2p25eq2p5,9
2021,0.203,0.005107947875,0.19150711728125,0.21449288271875,115574322.00533302,1.64,0.194622965485,0.211377034515,0.0167540690299999,0.0,1.0,8000,0.000125,True,4405.5472509957945,6.097648605550624e-06,0.2909573984008148,0.5505899543520956,1200.3450046654712,2181.3031874835256,True,tilde_q_mu,asymptotic,default,sidak_approx,observed,8.12**2 * RBF(length_scale=0.318),0.0273360408245852,0.3727641930625258,0.1009450206771031,0.3184215639659041,0.0248509462041683,66.00370962386204,1584.1946695910915,379,242,137,416,37,0.04,0.3,0.000625,1.0,1e-08,1e+18,False,False,False,False,12,1.1,15.0,12.8132571432026,5.351667928793269,72.97728993809002,62.33845210605328,study_results/v4p2_followups_20260806/pseudo65/gp_window_ensemble_20260806/runs/window_2p25eq2p5/draw_09/attempt_01/results_single.csv,1,1,1,1,single_attempt_outside_55_75MeV,False,,,,,,,window_2p25eq2p5,9
2021,0.204,0.005141524,0.192431571,0.2155684289999999,112452833.18684237,1.64,0.19556790064,0.21243209936,0.01686419872,0.0,1.0,8000,0.000125,True,4767.461202341947,6.748488627433594e-06,0.2136731950329559,0.7937407188924214,1712.4185468978037,2159.159992632397,True,tilde_q_mu,asymptotic,default,sidak_approx,observed,8.17**2 * RBF(length_scale=0.319),0.0273802950129184,0.3733676592670698,0.1011084400978236,0.3189400362846973,0.0248911772844713,66.72028744851653,1586.4699944138406,379,244,135,416,37,0.04,0.3,0.000625,1.0,1e-08,1e+18,False,False,False,False,12,1.1,15.0,12.813376910206337,5.325326695531998,72.61809130270905,62.03219829075918,study_results/v4p2_followups_20260806/pseudo65/gp_window_ensemble_20260806/runs/window_2p25eq2p5/draw_09/attempt_01/results_single.csv,1,1,1,1,single_attempt_outside_55_75MeV,False,,,,,,,window_2p25eq2p5,9
2021,0.205,0.005175271875,0.19335563828125,0.2166443617187499,109447447.25856656,1.64,0.196512554125,0.213487445875,0.01697489175,0.0,1.0,8000,0.000125,True,5013.551394714836,7.256144048769883e-06,0.1705800717880993,0.951875465584564,2040.560537259594,2144.970840388833,True,tilde_q_mu,asymptotic,default,sidak_approx,observed,8.18**2 * RBF(length_scale=0.319),0.0274250145917023,0.3739774717050326,0.1012735780866781,0.3191570210501459,0.0249318314470021,66.99112000401222,1585.2147710068605,378,245,133,416,38,0.04,0.3,0.000625,1.0,1e-08,1e+18,False,False,False,False,12,1.1,15.0,12.801186376082356,5.2992413256941004,72.26238171401046,61.66961442004356,study_results/v4p2_followups_20260806/pseudo65/gp_window_ensemble_20260806/runs/window_2p25eq2p5/draw_09/attempt_01/results_single.csv,1,1,1,1,single_attempt_outside_55_75MeV,False,,,,,,,window_2p25eq2p5,9
2021,0.206,0.0052091915,0.194279319125,0.217720680875,106491864.68179588,1.64,0.19745692594,0.2145430740599999,0.0170861481199999,0.0,1.0,8000,0.000125,True,5244.653363952944,7.76341959834306e-06,0.1320666741398934,1.1166749125088429,2363.483042850075,2116.3749241830005,True,tilde_q_mu,asymptotic,default,sidak_approx,observed,8.21**2 * RBF(length_scale=0.319),0.0274701927009294,0.3745935368308561,0.1014404093114096,0.3194523523079995,0.0249729024553904,67.40400161872036,1587.6719004330023,379,247,132,416,37,0.04,0.3,0.000625,1.0,1e-08,1e+18,False,False,False,False,12,1.1,15.0,12.79195931985253,5.273408109671041,71.91011058642329,61.324747287174894,study_results/v4p2_followups_20260806/pseudo65/gp_window_ensemble_20260806/runs/window_2p25eq2p5/draw_09/attempt_01/results_single.csv,1,1,1,1,single_attempt_outside_55_75MeV,False,,,,,,,window_2p25eq2p5,9
2021,0.207,0.005243282875,0.1952026135312499,0.21879738646875,103594993.30477582,1.64,0.198401016085,0.215598983915,0.0171979678299999,0.0,1.0,8000,0.000125,True,5368.174568218552,8.129005926478583e-06,0.1149587888636488,1.200571201520115,2525.964337490766,2104.976356771594,True,tilde_q_mu,asymptotic,default,sidak_approx,observed,8.19**2 * RBF(length_scale=0.319),0.0275158226125923,0.375215762898986,0.1016089089272047,0.3192213998305948,0.0250143841932657,67.05999302107865,1583.4758758291505,378,248,130,416,38,0.04,0.3,0.000625,1.0,1e-08,1e+18,False,False,False,False,12,1.1,15.0,12.761513430202058,5.247823409220947,71.56122830755837,60.88197174191079,study_results/v4p2_followups_20260806/pseudo65/gp_window_ensemble_20260806/runs/window_2p25eq2p5/draw_09/attempt_01/results_single.csv,1,1,1,1,single_attempt_outside_55_75MeV,False,,,,,,,window_2p25eq2p5,9
2021,0.208,0.005277546,0.1961255214999999,0.2198744785,100755569.91566654,1.64,0.19934482456,0.21665517544,0.0173103508799999,0.0,1.0,8000,0.000125,True,5451.898723681303,8.447638149899525e-06,0.1017854927456327,1.271443303348731,2652.159335771066,2086.2667721253815,True,tilde_q_mu,asymptotic,default,sidak_approx,observed,8.24**2 * RBF(length_scale=0.32),0.0275618977275242,0.3758440599207857,0.1017790525650254,0.319798506545293,0.0250562706613857,67.8567327335502,1584.1529643397373,378,250,128,416,38,0.04,0.3,0.000625,1.0,1e-08,1e+18,False,False,False,False,12,1.1,15.0,12.76321248549312,5.222483655760516,71.21568621491612,60.596062364078506,study_results/v4p2_followups_20260806/pseudo65/gp_window_ensemble_20260806/runs/window_2p25eq2p5/draw_09/attempt_01/results_single.csv,1,1,1,1,single_attempt_outside_55_75MeV,False,,,,,,,window_2p25eq2p5,9
2021,0.209,0.005311980875,0.1970480430312499,0.22095195696875,97975291.24730824,1.64,0.200288351365,0.2177116486349999,0.0174232972699999,0.0,1.0,8000,0.000125,True,5492.621291448211,8.710372515704044e-06,0.0952918466361667,1.308854347585212,2716.070614370908,2075.335797922819,True,tilde_q_mu,asymptotic,default,sidak_approx,observed,8.23**2 * RBF(length_scale=0.32),0.0276084115723308,0.3764783396226934,0.101950816320278,0.319744581175606,0.0250985559748462,67.80861586408665,1580.3758116480817,377,251,126,416,39,0.04,0.3,0.000625,1.0,1e-08,1e+18,False,False,False,False,12,1.1,15.0,12.739560853463203,5.197385348705882,70.87343657326201,60.19309720794241,study_results/v4p2_followups_20260806/pseudo65/gp_window_ensemble_20260806/runs/window_2p25eq2p5/draw_09/attempt_01/results_single.csv,1,1,1,1,single_attempt_outside_55_75MeV,False,,,,,,,window_2p25eq2p5,9
2021,0.21,0.0053465875,0.197970178125,0.2220298218749999,95309478.67396852,1.64,0.2012315965,0.2187684034999999,0.0175368069999999,0.0,1.0,8000,0.000125,True,5208.896662770826,8.451042290627378e-06,0.1175318722518451,1.1874155623130571,2436.158274718726,2051.5220139188687,True,tilde_q_mu,asymptotic,default,sidak_approx,observed,8.2**2 * RBF(length_scale=0.319),0.0276553577964078,0.3771185154055612,0.1021241767418025,0.3193484946345626,0.0251412343603707,67.19630816833195,1585.2880437467818,378,253,125,416,38,0.04,0.3,0.000625,1.0,1e-08,1e+18,False,False,False,False,12,1.1,15.0,12.702180412348431,5.172525053860584,70.53443255264432,59.72940583775402,study_results/v4p2_followups_20260806/pseudo65/gp_window_ensemble_20260806/runs/window_2p25eq2p5/draw_09/attempt_01/results_single.csv,1,1,1,1,single_attempt_outside_55_75MeV,False,,,,,,,window_2p25eq2p5,9
2021,0.211,0.005381365875,0.19889192678125,0.2231080732187499,92716703.49811862,1.64,0.202174559965,0.2198254400349999,0.0176508800699999,0.0,1.0,8000,0.000125,True,4830.285448130319,8.01774576431199e-06,0.1626629541448533,0.9835721821802615,2009.5256624243357,2043.2274689717203,True,tilde_q_mu,asymptotic,default,sidak_approx,observed,8.14**2 * RBF(length_scale=0.319),0.0277027301690448,0.3777645023051568,0.1022991108211761,0.3187198919812738,0.0251843001536771,66.31882841599227,1579.1868391808523,377,254,123,416,39,0.04,0.3,0.000625,1.0,1e-08,1e+18,False,False,False,False,12,1.1,15.0,12.655499260905133,5.147899401849318,70.19862820703615,59.226579159380016,study_results/v4p2_followups_20260806/pseudo65/gp_window_ensemble_20260806/runs/window_2p25eq2p5/draw_09/attempt_01/results_single.csv,1,1,1,1,single_attempt_outside_55_75MeV,False,,,,,,,window_2p25eq2p5,9
2021,0.212,0.005416316,0.199813289,0.2241867109999999,90185144.73372865,1.64,0.2031172417599999,0.22088275824,0.01776551648,0.0,1.0,8000,0.000125,True,4514.064547642914,7.666847403452155e-06,0.2070926875600328,0.8165504611106342,1655.4818796002671,2027.3700871392311,True,tilde_q_mu,asymptotic,default,sidak_approx,observed,8.14**2 * RBF(length_scale=0.319),0.0277505225766093,0.3784162169537641,0.1024755959823144,0.3187137464062617,0.0252277477969176,66.3119582363407,1579.5542670155571,377,256,121,416,39,0.04,0.3,0.000625,1.0,1e-08,1e+18,False,False,False,False,12,1.1,15.0,12.633460147607906,5.123505086595644,69.86597845357696,58.84327029779314,study_results/v4p2_followups_20260806/pseudo65/gp_window_ensemble_20260806/runs/window_2p25eq2p5/draw_09/attempt_01/results_single.csv,1,1,1,1,single_attempt_outside_55_75MeV,False,,,,,,,window_2p25eq2p5,9
2021,0.213,0.005451437875,0.20073426478125,0.2252657352187499,87692400.078589,1.64,0.204059641885,0.2219403581149999,0.0178807162299999,0.0,1.0,8000,0.000125,True,4106.982371961858,7.140049141384301e-06,0.2799106297604293,0.5831070181372915,1168.494032480772,2010.2262129806536,True,tilde_q_mu,asymptotic,default,sidak_approx,observed,8.1**2 * RBF(length_scale=0.318),0.0277987290198092,0.3790735775428533,0.1026536100713629,0.3182257863938744,0.0252715718361902,65.65953388238037,1578.6291011937676,377,257,120,416,39,0.04,0.3,0.000625,1.0,1e-08,1e+18,False,False,False,False,12,1.1,15.0,12.592243508104955,5.0993388638422745,69.53643905239464,58.37465154895017,study_results/v4p2_followups_20260806/pseudo65/gp_window_ensemble_20260806/runs/window_2p25eq2p5/draw_09/attempt_01/results_single.csv,1,1,1,1,single_attempt_outside_55_75MeV,False,,,,,,,window_2p25eq2p5,9
2021,0.214,0.0054867315,0.201654854125,0.226345145875,85297275.72952412,1.64,0.20500176034,0.2229982396599999,0.0179964793199999,0.0,1.0,8000,0.000125,True,3759.088247842874,6.687341616972923e-06,0.3571556503890051,0.3660720663613402,729.8053433475884,1993.0871612141968,True,tilde_q_mu,asymptotic,default,sidak_approx,observed,8.17**2 * RBF(length_scale=0.319),0.0278473436110351,0.3797365037868427,0.1028331313468833,0.3190005346209944,0.0253157669191228,66.72558315890028,1577.6479150314456,377,259,118,416,39,0.04,0.3,0.000625,1.0,1e-08,1e+18,False,False,False,False,12,1.1,15.0,12.600863945386935,5.075397549713366,69.20996658700044,58.14035817517122,study_results/v4p2_followups_20260806/pseudo65/gp_window_ensemble_20260806/runs/window_2p25eq2p5/draw_09/attempt_01/results_single.csv,1,1,1,1,single_attempt_outside_55_75MeV,False,,,,,,,window_2p25eq2p5,9
2021,0.215,0.005522196875,0.20257505703125,0.22742494296875,82936171.06195708,1.64,0.205943597125,0.224056402875,0.01811280575,0.0,1.0,8000,0.000125,True,3236.64264696576,5.894299957485884e-06,0.5,0.0,-42.550698988565074,1983.0526884978576,True,tilde_q_mu,asymptotic,default,sidak_approx,observed,8.2**2 * RBF(length_scale=0.319),0.0278963605717713,0.380404916887791,0.1030141384702921,0.3193004426541874,0.0253603277925194,67.18643867935764,1574.91176739848,376,260,116,416,40,0.04,0.3,0.000625,1.0,1e-08,1e+18,False,False,False,False,12,1.1,15.0,12.59054872107656,5.051678019315698,68.88651844521407,57.82127111398712,study_results/v4p2_followups_20260806/pseudo65/gp_window_ensemble_20260806/runs/window_2p25eq2p5/draw_09/attempt_01/results_single.csv,1,1,1,1,single_attempt_outside_55_75MeV,False,,,,,,,window_2p25eq2p5,9
2021,0.216,0.0055578339999999,0.2034948735,0.2285051265,80666190.61149085,1.64,0.20688515224,0.22511484776,0.0182296955199999,0.0,1.0,8000,0.000125,True,2855.9158555373497,5.322553435679929e-06,0.5,0.0,-741.443449620098,1966.8640459221936,True,tilde_q_mu,asymptotic,default,sidak_approx,observed,8.2**2 * RBF(length_scale=0.319),0.0279457742300831,0.3810787395011339,0.1031966104965824,0.319251478651894,0.0254052493000755,67.16594926456152,1575.9492706214398,376,262,114,416,40,0.04,0.3,0.000625,1.0,1e-08,1e+18,False,False,False,False,12,1.1,15.0,12.566358821400904,5.028177205379499,68.56605280062952,57.44170816398872,study_results/v4p2_followups_20260806/pseudo65/gp_window_ensemble_20260806/runs/window_2p25eq2p5/draw_09/attempt_01/results_single.csv,1,1,1,1,single_attempt_outside_55_75MeV,False,,,,,,,window_2p25eq2p5,9
2021,0.217,0.005593642875,0.20441430353125,0.22958569646875,78431109.94118327,1.64,0.207826425685,0.226173574315,0.0183471486299999,0.0,1.0,8000,0.000125,True,2647.591601128741,5.051528665916096e-06,0.4999513009912829,0.0001220703125,-1205.8851638061888,1948.2316719798728,True,tilde_q_mu,asymptotic,default,sidak_approx,observed,8.17**2 * RBF(length_scale=0.319),0.0279955790181704,0.3817578957023249,0.1033805268652899,0.3189403180588034,0.0254505263801549,66.68755642005603,1577.437517414244,376,263,113,416,40,0.04,0.3,0.000625,1.0,1e-08,1e+18,False,False,False,False,12,1.1,15.0,12.531776879377103,5.0048920969361115,68.24852859458333,57.018355512873775,study_results/v4p2_followups_20260806/pseudo65/gp_window_ensemble_20260806/runs/window_2p25eq2p5/draw_09/attempt_01/results_single.csv,1,1,1,1,single_attempt_outside_55_75MeV,False,,,,,,,window_2p25eq2p5,9
2021,0.218,0.0056296235,0.205333347125,0.230666652875,76236851.52538474,1.64,0.20876741746,0.22723258254,0.01846516508,0.0,1.0,8000,0.000125,True,2487.714248469447,4.860701705073647e-06,0.5,0.0,-1625.8981152913022,1930.7995720930785,True,tilde_q_mu,asymptotic,default,sidak_approx,observed,8.17**2 * RBF(length_scale=0.319),0.0280457694699898,0.3824423109544073,0.103565867391711,0.3189276852323641,0.0254961540636271,66.67186441897462,1577.6307915915706,376,265,111,416,40,0.04,0.3,0.000625,1.0,1e-08,1e+18,False,False,False,False,12,1.1,15.0,12.508854646722847,4.981819738032192,67.93390551862079,56.65168998110871,study_results/v4p2_followups_20260806/pseudo65/gp_window_ensemble_20260806/runs/window_2p25eq2p5/draw_09/attempt_01/results_single.csv,1,1,1,1,single_attempt_outside_55_75MeV,False,,,,,,,window_2p25eq2p5,9
2021,0.219,0.005665775875,0.20625200428125,0.23174799571875,74103158.47642389,1.64,0.209708127565,0.228291872435,0.0185837448699999,0.0,1.0,8000,0.000125,True,2329.7768409343166,4.661797578011026e-06,0.4999513009912829,0.0001220703125,-2158.0539357040607,1918.3037741323917,True,tilde_q_mu,asymptotic,default,sidak_approx,observed,8.21**2 * RBF(length_scale=0.319),0.0280963402189413,0.3831319120764731,0.1037526122583625,0.3193881363355294,0.0255421274717648,67.39236911006029,1574.82114895541,375,266,109,416,41,0.04,0.3,0.000625,1.0,1e-08,1e+18,False,False,False,False,12,1.1,15.0,12.504367018314811,4.958957226478954,67.62214399744026,56.371473807288474,study_results/v4p2_followups_20260806/pseudo65/gp_window_ensemble_20260806/runs/window_2p25eq2p5/draw_09/attempt_01/results_single.csv,1,1,1,1,single_attempt_outside_55_75MeV,False,,,,,,,window_2p25eq2p5,9
2021,0.22,0.0057021,0.207170275,0.232829725,72056230.15568508,1.64,0.210648556,0.229351444,0.018702888,0.0,1.0,8000,0.000125,True,2288.1863986426824,4.687239059558022e-06,0.5,0.0,-2261.937406149585,1906.4819485140208,True,tilde_q_mu,asymptotic,default,sidak_approx,observed,8.14**2 * RBF(length_scale=0.319),0.0281472859956161,0.3838266272129476,0.1039407420066625,0.3185622366205702,0.0255884418141965,66.19413770414481,1573.1149477702322,374,267,107,416,42,0.04,0.3,0.000625,1.0,1e-08,1e+18,False,False,False,False,12,1.1,15.0,12.449458194200451,4.936301712635021,67.31320517229574,55.8675289140089,study_results/v4p2_followups_20260806/pseudo65/gp_window_ensemble_20260806/runs/window_2p25eq2p5/draw_09/attempt_01/results_single.csv,1,1,1,1,single_attempt_outside_55_75MeV,False,,,,,,,window_2p25eq2p5,9
2021,0.221,0.005738595875,0.20808815928125,0.23391184071875,70072537.02592257,1.64,0.211588702765,0.230411297235,0.01882259447,0.0,1.0,8000,0.000125,True,2212.5583555885214,4.639535910562633e-06,0.5,0.0,-2426.1805627452604,1879.1915133051673,True,tilde_q_mu,asymptotic,default,sidak_approx,observed,8.17**2 * RBF(length_scale=0.319),0.0281986016256085,0.3845263858037528,0.1041302375288517,0.3189116626722243,0.0256350923869168,66.6847908436473,1578.55569107329,375,269,106,416,41,0.04,0.3,0.000625,1.0,1e-08,1e+18,False,False,False,False,12,1.1,15.0,12.44043352209584,4.913850398222813,67.00705088485654,55.57311746965007,study_results/v4p2_followups_20260806/pseudo65/gp_window_ensemble_20260806/runs/window_2p25eq2p5/draw_09/attempt_01/results_single.csv,1,1,1,1,single_attempt_outside_55_75MeV,False,,,,,,,window_2p25eq2p5,9
2021,0.222,0.0057752635,0.209005657125,0.234994342875,68109664.16035153,1.64,0.21252856786,0.23147143214,0.01894286428,0.0,1.0,8000,0.000125,True,2157.473787200627,4.633442059532627e-06,0.5,0.0,-2590.764731632136,1864.2782201224663,True,tilde_q_mu,asymptotic,default,sidak_approx,observed,8.23**2 * RBF(length_scale=0.32),0.0282502820273846,0.3852311185552448,0.1043210800601226,0.3195168993950704,0.0256820745703496,67.67839234098673,1576.8964209255034,374,270,104,416,42,0.04,0.3,0.000625,1.0,1e-08,1e+18,False,False,False,False,12,1.1,15.0,12.441241789865272,4.891600535176381,66.7036436614961,55.32507727051248,study_results/v4p2_followups_20260806/pseudo65/gp_window_ensemble_20260806/runs/window_2p25eq2p5/draw_09/attempt_01/results_single.csv,1,1,1,1,single_attempt_outside_55_75MeV,False,,,,,,,window_2p25eq2p5,9
2021,0.223,0.005812102875,0.20992276853125,0.23607723146875,66214738.059975564,1.64,0.213468151285,0.232531848715,0.01906369743,0.0,1.0,8000,0.000125,True,2148.636223792846,4.725233636959758e-06,0.5,0.0,-2498.786529145009,1844.9743659745336,True,tilde_q_mu,asymptotic,default,sidak_approx,observed,8.21**2 * RBF(length_scale=0.319),0.0283023222102076,0.3859407574119222,0.1045132511709582,0.3193140547177926,0.0257293838274614,67.47556084555023,1575.4590023659568,374,272,102,416,42,0.04,0.3,0.000625,1.0,1e-08,1e+18,False,False,False,False,12,1.1,15.0,12.410481994402929,4.869549424520059,66.40294669800079,54.93950495805575,study_results/v4p2_followups_20260806/pseudo65/gp_window_ensemble_20260806/runs/window_2p25eq2p5/draw_09/attempt_01/results_single.csv,1,1,1,1,single_attempt_outside_55_75MeV,False,,,,,,,window_2p25eq2p5,9
2021,0.224,0.005849114,0.2108394935,0.2371605065,64362913.74671155,1.64,0.21440745304,0.23359254696,0.01918509392,0.0,1.0,8000,0.000125,True,2171.4414061210523,4.890849758681902e-06,0.5,0.0,-2232.1866040002074,1821.9012397809151,True,tilde_q_mu,asymptotic,default,sidak_approx,observed,8.22**2 * RBF(length_scale=0.319),0.0283547172721207,0.3866552355289188,0.1047067327596833,0.3194013072566398,0.0257770157019279,67.5601854276362,1575.1637256848555,374,273,101,416,42,0.04,0.3,0.000625,1.0,1e-08,1e+18,False,False,False,False,12,1.1,15.0,12.39093427067087,4.847694415277375,66.10492384469147,54.606784421818375,study_results/v4p2_followups_20260806/pseudo65/gp_window_ensemble_20260806/runs/window_2p25eq2p5/draw_09/attempt_01/results_single.csv,1,1,1,1,single_attempt_outside_55_75MeV,False,,,,,,,window_2p25eq2p5,9
2021,0.225,0.005886296875,0.21175583203125,0.23824416796875,62544678.25081808,1.64,0.215346473125,0.234653526875,0.01930705375,0.0,1.0,8000,0.000125,True,2249.3747487320225,5.1904959523763006e-06,0.5,0.0,-1783.847559820928,1802.043516427492,True,tilde_q_mu,asymptotic,default,sidak_approx,observed,8.17**2 * RBF(length_scale=0.319),0.0284074623979809,0.3873744872451945,0.1049015070452041,0.3189230736779145,0.0258249658163463,66.7485327551935,1575.5254505080522,374,275,99,416,42,0.04,0.3,0.000625,1.0,1e-08,1e+18,False,False,False,False,12,1.1,15.0,12.349409325298986,4.82603290340855,65.80953959193478,54.18059612868481,study_results/v4p2_followups_20260806/pseudo65/gp_window_ensemble_20260806/runs/window_2p25eq2p5/draw_09/attempt_01/results_single.csv,1,1,1,1,single_attempt_outside_55_75MeV,False,,,,,,,window_2p25eq2p5,9
2021,0.226,0.0059236515,0.212671784125,0.239328215875,60771554.15297639,1.64,0.21628521154,0.23571478846,0.01942957692,0.0,1.0,8000,0.000125,True,2293.628262705036,5.422932158161102e-06,0.5,0.0,-1533.7580847069632,1786.4160081265718,True,tilde_q_mu,asymptotic,default,sidak_approx,observed,8.2**2 * RBF(length_scale=0.319),0.0284605528575465,0.3880984480574534,0.1050975565599455,0.3192167475840931,0.0258732298704968,67.2220105825458,1572.5771328945902,373,276,97,416,43,0.04,0.3,0.000625,1.0,1e-08,1e+18,False,False,False,False,12,1.1,15.0,12.337723167222128,4.804562330776309,65.51675905604058,53.88850906980147,study_results/v4p2_followups_20260806/pseudo65/gp_window_ensemble_20260806/runs/window_2p25eq2p5/draw_09/attempt_01/results_single.csv,1,1,1,1,single_attempt_outside_55_75MeV,False,,,,,,,window_2p25eq2p5,9
2021,0.227,0.005961177875,0.21358734978125,0.24041265021875,59077484.03982016,1.64,0.217223668285,0.236776331715,0.01955266343,0.0,1.0,8000,0.000125,True,2327.065413263594,5.634828009281103e-06,0.5,0.0,-1314.2348509640235,1765.4345324415551,True,tilde_q_mu,asymptotic,default,sidak_approx,observed,8.23**2 * RBF(length_scale=0.32),0.0285139840036164,0.3888270545947703,0.1052948641429799,0.319570022478761,0.0259218036396513,67.76612897501784,1573.6277770892725,373,278,95,416,43,0.04,0.3,0.000625,1.0,1e-08,1e+18,False,False,False,False,12,1.1,15.0,12.32823251503726,4.783280184139193,65.22654796553445,53.60853663148928,study_results/v4p2_followups_20260806/pseudo65/gp_window_ensemble_20260806/runs/window_2p25eq2p5/draw_09/attempt_01/results_single.csv,1,1,1,1,single_attempt_outside_55_75MeV,False,,,,,,,window_2p25eq2p5,9
2021,0.228,0.005998876,0.214502529,0.241497471,57436780.43420136,1.64,0.21816184336,0.23783815664,0.01967631328,0.0,1.0,8000,0.000125,True,2392.601082539609,5.932876144049053e-06,0.499975650495596,6.103515625e-05,-1016.7893108888532,1743.6809625324463,True,tilde_q_mu,asymptotic,default,sidak_approx,observed,8.23**2 * RBF(length_scale=0.32),0.0285677512702127,0.3895602445938106,0.1054934129333165,0.3195785336700929,0.0259706829729207,67.80412526035289,1573.9291856825166,373,279,94,416,43,0.04,0.3,0.000625,1.0,1e-08,1e+18,False,False,False,False,12,1.1,15.0,12.305357313987978,4.762183994170372,64.9388726477778,53.27306876656442,study_results/v4p2_followups_20260806/pseudo65/gp_window_ensemble_20260806/runs/window_2p25eq2p5/draw_09/attempt_01/results_single.csv,1,1,1,1,single_attempt_outside_55_75MeV,False,,,,,,,window_2p25eq2p5,9
2021,0.229,0.006036745875,0.21541732178125,0.24258267821875,55831675.293223605,1.64,0.219099736765,0.238900263235,0.01980052647,0.0,1.0,8000,0.000125,True,2481.1572195248546,6.301704938326555e-06,0.4999655646006563,8.631674575031098e-05,-707.7096409037307,1724.692223131284,True,tilde_q_mu,asymptotic,default,sidak_approx,observed,8.25**2 * RBF(length_scale=0.32),0.0286218501708174,0.3902979568747833,0.1056931863633896,0.3196475113128881,0.0260198637916522,67.99511829033443,1574.0015148587229,373,281,92,416,43,0.04,0.3,0.000625,1.0,1e-08,1e+18,False,False,False,False,12,1.1,15.0,12.28474960024343,4.741271334503118,64.6537000159516,52.950301028348,study_results/v4p2_followups_20260806/pseudo65/gp_window_ensemble_20260806/runs/window_2p25eq2p5/draw_09/attempt_01/results_single.csv,1,1,1,1,single_attempt_outside_55_75MeV,False,,,,,,,window_2p25eq2p5,9
2021,0.23,0.0060747875,0.216331728125,0.243668271875,54262302.35414737,1.64,0.2200373485,0.2399626515,0.019925303,0.0,1.0,8000,0.000125,True,2484.5380836342256,6.464568283885259e-06,0.499975650495596,6.103515625e-05,-648.4319069205833,1710.7090316071908,True,tilde_q_mu,asymptotic,default,sidak_approx,observed,8.32**2 * RBF(length_scale=0.32),0.0286762762966508,0.3910401313179656,0.1058941681527014,0.3203179673707068,0.0260693420878643,69.20047450993039,1571.7962148593042,372,282,90,416,44,0.04,0.3,0.000625,1.0,1e-08,1e+18,False,False,False,False,12,1.1,15.0,12.28715194618659,4.720539820800449,64.37099755636976,52.729081860181395,study_results/v4p2_followups_20260806/pseudo65/gp_window_ensemble_20260806/runs/window_2p25eq2p5/draw_09/attempt_01/results_single.csv,1,1,1,1,single_attempt_outside_55_75MeV,False,,,,,,,window_2p25eq2p5,9
2021,0.231,0.006113000875,0.21724574803125,0.24475425196875,52721717.822498925,1.64,0.220974678565,0.241025321435,0.02005064287,0.0,1.0,8000,0.000125,True,2614.0264251476956,6.96992914792628e-06,0.499975650495596,6.103515625e-05,-309.8146809701596,1693.6630344830262,True,tilde_q_mu,asymptotic,default,sidak_approx,observed,8.24**2 * RBF(length_scale=0.32),0.0287310253149946,0.3917867088408355,0.1060963423016291,0.3196351240969589,0.0261191139227223,67.85082070360558,1569.389812384943,372,284,88,416,44,0.04,0.3,0.000625,1.0,1e-08,1e+18,False,False,False,False,12,1.1,15.0,12.237594469806718,4.699987109848828,64.09073331612038,52.28776023968079,study_results/v4p2_followups_20260806/pseudo65/gp_window_ensemble_20260806/runs/window_2p25eq2p5/draw_09/attempt_01/results_single.csv,1,1,1,1,single_attempt_outside_55_75MeV,False,,,,,,,window_2p25eq2p5,9
2021,0.232,0.006151386,0.2181593815,0.2458406185,51251552.38699205,1.64,0.22191172696,0.24208827304,0.02017654608,0.0,1.0,8000,0.000125,True,2624.314587114104,7.1670561524349325e-06,0.5,0.0,-233.06625853096577,1675.332232034502,True,tilde_q_mu,asymptotic,default,sidak_approx,observed,8.24**2 * RBF(length_scale=0.32),0.0287860929675617,0.3925376313758422,0.1062996930854058,0.3196676060790442,0.0261691754250561,67.86268450816101,1570.1891570552834,372,285,87,416,44,0.04,0.3,0.000625,1.0,1e-08,1e+18,False,False,False,False,12,1.1,15.0,12.215425243126797,4.679610898675804,63.81287589103368,51.96676099972335,study_results/v4p2_followups_20260806/pseudo65/gp_window_ensemble_20260806/runs/window_2p25eq2p5/draw_09/attempt_01/results_single.csv,1,1,1,1,single_attempt_outside_55_75MeV,False,,,,,,,window_2p25eq2p5,9
2021,0.233,0.006189942875,0.21907262853125,0.24692737146875,49805482.399550624,1.64,0.222848493685,0.243151506315,0.02030301263,0.0,1.0,8000,0.000125,True,2636.4958760934696,7.377580322066294e-06,0.5,0.0,-164.83288475082418,1660.3711845920034,True,tilde_q_mu,asymptotic,default,sidak_approx,observed,8.21**2 * RBF(length_scale=0.319),0.0288414750689017,0.3932928418486603,0.1065042050482311,0.3194172027601469,0.0262195227899106,67.4225477863791,1571.1996744947355,372,287,85,416,44,0.04,0.3,0.000625,1.0,1e-08,1e+18,False,False,False,False,12,1.1,15.0,12.182418624455636,4.659408923689259,63.53739441394444,51.60260913718802,study_results/v4p2_followups_20260806/pseudo65/gp_window_ensemble_20260806/runs/window_2p25eq2p5/draw_09/attempt_01/results_single.csv,1,1,1,1,single_attempt_outside_55_75MeV,False,,,,,,,window_2p25eq2p5,9
2021,0.234,0.0062286715,0.219985489125,0.248014510875,48395595.20414742,1.64,0.22378497874,0.24421502126,0.02043004252,0.0,1.0,8000,0.000125,True,2716.899535413061,7.79061618292317e-06,0.499975650495596,6.103515625e-05,-0.7250509596882011,1651.6126450716313,True,tilde_q_mu,asymptotic,default,sidak_approx,observed,8.15**2 * RBF(length_scale=0.319),0.0288971675048537,0.394052284157097,0.1067098629975592,0.3187399952952638,0.0262701522771398,66.38545372188199,1567.430694891908,371,288,83,416,45,0.04,0.3,0.000625,1.0,1e-08,1e+18,False,False,False,False,12,1.1,15.0,12.133161312986765,4.639378959839796,63.26425854326993,51.173030283466346,study_results/v4p2_followups_20260806/pseudo65/gp_window_ensemble_20260806/runs/window_2p25eq2p5/draw_09/attempt_01/results_single.csv,1,1,1,1,single_attempt_outside_55_75MeV,False,,,,,,,window_2p25eq2p5,9
2021,0.235,0.006267571875,0.22089796328125,0.2491020367187499,47012739.219878465,1.64,0.2247211821249999,0.245278817875,0.02055763575,0.0,1.0,8000,0.000125,True,2642.0328856405954,7.765594740877402e-06,0.5,0.0,-103.71614536975925,1643.1957644528864,True,tilde_q_mu,asymptotic,default,sidak_approx,observed,8.17**2 * RBF(length_scale=0.319),0.0289531662310341,0.394815903150465,0.1069166519985136,0.3189525915305511,0.026321060210031,66.7189465883799,1564.6621278761495,370,289,81,416,46,0.04,0.3,0.000625,1.0,1e-08,1e+18,False,False,False,False,12,1.1,15.0,12.117771434184013,4.619518819803578,62.993438451866965,50.88933926753749,study_results/v4p2_followups_20260806/pseudo65/gp_window_ensemble_20260806/runs/window_2p25eq2p5/draw_09/attempt_01/results_single.csv,1,1,1,1,single_attempt_outside_55_75MeV,False,,,,,,,window_2p25eq2p5,9
2021,0.236,0.006306644,0.2218100509999999,0.2501899489999999,45679826.44124699,1.64,0.2256571038399999,0.24634289616,0.02068579232,0.0,1.0,8000,0.000125,True,2640.479824046122,7.953647277654073e-06,0.5,0.0,-53.649816560541375,1625.0629996357557,True,tilde_q_mu,asymptotic,default,sidak_approx,observed,8.14**2 * RBF(length_scale=0.319),0.0290094672713634,0.3955836446095018,0.1071245573684485,0.318593824721671,0.0263722429739667,66.18684118593328,1569.0546091696851,371,291,80,416,45,0.04,0.3,0.000625,1.0,1e-08,1e+18,False,False,False,False,12,1.1,15.0,12.08064953125789,4.599826353186174,62.7249048161751,50.51717279771477,study_results/v4p2_followups_20260806/pseudo65/gp_window_ensemble_20260806/runs/window_2p25eq2p5/draw_09/attempt_01/results_single.csv,1,1,1,1,single_attempt_outside_55_75MeV,False,,,,,,,window_2p25eq2p5,9
2021,0.237,0.006345887875,0.22272175228125,0.25127824771875,44384391.87212218,1.64,0.226592743885,0.2474072561149999,0.0208145122299999,0.0,1.0,8000,0.000125,True,2730.0901879304624,8.427879088470108e-06,0.4737865404691442,0.0657547519529512,105.986748734896,1619.2773252996956,True,tilde_q_mu,asymptotic,default,sidak_approx,observed,8.1**2 * RBF(length_scale=0.318),0.0290660667166324,0.3963554552268056,0.1073335646716512,0.3181370338295979,0.0264236970151203,65.60703153018004,1567.377577626124,370,292,78,416,46,0.04,0.3,0.000625,1.0,1e-08,1e+18,False,False,False,False,12,1.1,15.0,12.039838091072232,4.580299445746575,62.458628805635115,50.13278521401513,study_results/v4p2_followups_20260806/pseudo65/gp_window_ensemble_20260806/runs/window_2p25eq2p5/draw_09/attempt_01/results_single.csv,1,1,1,1,single_attempt_outside_55_75MeV,False,,,,,,,window_2p25eq2p5,9
2021,0.238,0.0063853035,0.223633067125,0.252366932875,43150069.97440755,1.64,0.2275281022599999,0.24847189774,0.02094379548,0.0,1.0,8000,0.000125,True,2753.0237623744306,8.70505302024758e-06,0.4585965858171134,0.1039699803569929,166.51143739475447,1610.0520812431964,True,tilde_q_mu,asymptotic,default,sidak_approx,observed,8.1**2 * RBF(length_scale=0.318),0.0291229607231004,0.3971312825877338,0.1075436597141695,0.3181017758895584,0.0264754188391822,65.58722636997624,1568.3438267432684,370,294,76,416,46,0.04,0.3,0.000625,1.0,1e-08,1e+18,False,False,False,False,12,1.1,15.0,12.01498559179673,4.560936018640379,62.1945820723688,49.81780049915536,study_results/v4p2_followups_20260806/pseudo65/gp_window_ensemble_20260806/runs/window_2p25eq2p5/draw_09/attempt_01/results_single.csv,1,1,1,1,single_attempt_outside_55_75MeV,False,,,,,,,window_2p25eq2p5,9
2021,0.239,0.006424890875,0.2245439955312499,0.25345600446875,41910564.95451811,1.64,0.2284631789649999,0.249536821035,0.02107364207,0.0,1.0,8000,0.000125,True,2714.5964417955383,8.800427742629321e-06,0.471228672984636,0.0721816528726575,115.63755249711473,1606.2996762255684,True,tilde_q_mu,asymptotic,default,sidak_approx,observed,8.11**2 * RBF(length_scale=0.318),0.0291801455111333,0.3979110751518178,0.1077548285387784,0.3183016859416383,0.0265274050101211,65.82189869295014,1564.844121836265,369,295,74,416,47,0.04,0.3,0.000625,1.0,1e-08,1e+18,False,False,False,False,12,1.1,15.0,11.998975618617594,4.541734027682346,61.9327367411229,49.54195987673305,study_results/v4p2_followups_20260806/pseudo65/gp_window_ensemble_20260806/runs/window_2p25eq2p5/draw_09/attempt_01/results_single.csv,1,1,1,1,single_attempt_outside_55_75MeV,False,,,,,,,window_2p25eq2p5,9
2021,0.24,0.00646465,0.2254545375,0.2545454625,40722504.22475857,1.64,0.229397974,0.250602026,0.0212040519999999,0.0,1.0,8000,0.000125,True,2693.694333698685,8.94998929862685e-06,0.4695308805793767,0.0764491585225511,121.09966567809325,1592.0925732460569,True,tilde_q_mu,asymptotic,default,sidak_approx,observed,8.09**2 * RBF(length_scale=0.318),0.0292376173638717,0.3986947822346143,0.1079670574200659,0.318112943288463,0.0265796521489742,65.51094699749085,1569.3531834764462,370,297,73,416,46,0.04,0.3,0.000625,1.0,1e-08,1e+18,False,False,False,False,12,1.1,15.0,11.968288430017664,4.522691462627012,61.673065399459254,49.20806900427139,study_results/v4p2_followups_20260806/pseudo65/gp_window_ensemble_20260806/runs/window_2p25eq2p5/draw_09/attempt_01/results_single.csv,1,1,1,1,single_attempt_outside_55_75MeV,False,,,,,,,window_2p25eq2p5,9
2021,0.241,0.006504580875,0.2263646930312499,0.25563530696875,39555789.66735767,1.64,0.230332487365,0.251667512635,0.0213350252699999,0.0,1.0,8000,0.000125,True,2764.5273089442167,9.417024600802054e-06,0.4405948507631368,0.149461227652001,237.18573641340384,1589.3568156308888,True,tilde_q_mu,asymptotic,default,sidak_approx,observed,8.12**2 * RBF(length_scale=0.318),0.0292953726259335,0.3994823539900027,0.1081803328596386,0.3183387491899898,0.0266321569326668,65.89175267322224,1566.2918289235863,369,298,71,416,47,0.04,0.3,0.000625,1.0,1e-08,1e+18,False,False,False,False,12,1.1,15.0,11.953171873943012,4.503806346467102,61.41554108818776,48.94070122388783,study_results/v4p2_followups_20260806/pseudo65/gp_window_ensemble_20260806/runs/window_2p25eq2p5/draw_09/attempt_01/results_single.csv,1,1,1,1,single_attempt_outside_55_75MeV,False,,,,,,,window_2p25eq2p5,9
2021,0.242,0.0065446835,0.227274462125,0.256725537875,38433549.77614895,1.64,0.23126671906,0.2527332809399999,0.0214665618799999,0.0,1.0,8000,0.000125,True,2891.2156045697816,1.0094261166074912e-05,0.3899219630568615,0.2795224312680721,442.8568822391724,1582.6415366603917,True,tilde_q_mu,asymptotic,default,sidak_approx,observed,8.1**2 * RBF(length_scale=0.318),0.0293534077021493,0.4002737413929458,0.1083946415814538,0.3180567687308382,0.026684916092863,65.57591266522418,1567.8283395807766,369,300,69,416,47,0.04,0.3,0.000625,1.0,1e-08,1e+18,False,False,False,False,12,1.1,15.0,11.918972037386444,4.4850767347495655,61.16013729203953,48.59773107910232,study_results/v4p2_followups_20260806/pseudo65/gp_window_ensemble_20260806/runs/window_2p25eq2p5/draw_09/attempt_01/results_single.csv,1,1,1,1,single_attempt_outside_55_75MeV,False,,,,,,,window_2p25eq2p5,9
2021,0.243,0.006584957875,0.22818384478125,0.25781615521875,37332878.58161166,1.64,0.232200669085,0.253799330915,0.02159866183,0.0,1.0,8000,0.000125,True,2937.652633793675,1.0515322853614086e-05,0.3722679753390682,0.3258525061495034,515.8193412814368,1580.5835649795365,True,tilde_q_mu,asymptotic,default,sidak_approx,observed,8.11**2 * RBF(length_scale=0.318),0.0294117190563266,0.4010688962226361,0.108609970527255,0.3182238101237936,0.0267379264148424,65.80857571975852,1564.1482532896862,368,301,67,416,48,0.04,0.3,0.000625,1.0,1e-08,1e+18,False,False,False,False,12,1.1,15.0,11.90158897090634,4.466500714908013,60.90682793056381,48.32586877008589,study_results/v4p2_followups_20260806/pseudo65/gp_window_ensemble_20260806/runs/window_2p25eq2p5/draw_09/attempt_01/results_single.csv,1,1,1,1,single_attempt_outside_55_75MeV,False,,,,,,,window_2p25eq2p5,9
2021,0.244,0.006625404,0.229092841,0.258907159,36240747.78783116,1.64,0.23313433744,0.25486566256,0.0217313251199999,0.0,1.0,8000,0.000125,True,3073.2904279084833,1.128590911866463e-05,0.3178666283315966,0.4736727943455531,740.6114211541177,1565.6450062366748,True,tilde_q_mu,asymptotic,default,sidak_approx,observed,8.16**2 * RBF(length_scale=0.319),0.029470303210048,0.4018677710461094,0.1088263068521347,0.3187248388620664,0.0267911847364072,66.66360450677467,1569.2308993762567,369,303,66,416,47,0.04,0.3,0.000625,1.0,1e-08,1e+18,False,False,False,False,12,1.1,15.0,11.89663100000734,4.448076405612099,60.65558734925589,48.10647605218737,study_results/v4p2_followups_20260806/pseudo65/gp_window_ensemble_20260806/runs/window_2p25eq2p5/draw_09/attempt_01/results_single.csv,1,1,1,1,single_attempt_outside_55_75MeV,False,,,,,,,window_2p25eq2p5,9
2021,0.245,0.006666021875,0.23000145078125,0.25999854921875,35231160.94273463,1.64,0.234067724125,0.255932275875,0.02186455175,0.0,1.0,8000,0.000125,True,3260.640023823926,1.2266756331392436e-05,0.2614972065469362,0.6387364241152071,997.0194441718904,1562.775860979648,True,tilde_q_mu,asymptotic,default,sidak_approx,observed,8.19**2 * RBF(length_scale=0.319),0.0295291567414944,0.4026703192021974,0.1090436379201891,0.3188558565752976,0.0268446879468131,67.00322571751818,1568.5838692161465,368,304,64,416,48,0.04,0.3,0.000625,1.0,1e-08,1e+18,False,False,False,False,12,1.1,15.0,11.877800822532944,4.429801956132116,60.40639031089249,47.833004834731,study_results/v4p2_followups_20260806/pseudo65/gp_window_ensemble_20260806/runs/window_2p25eq2p5/draw_09/attempt_01/results_single.csv,1,1,1,1,single_attempt_outside_55_75MeV,False,,,,,,,window_2p25eq2p5,9
2021,0.246,0.0067068115,0.230909674125,0.261090325875,34231611.46534635,1.64,0.23500082914,0.25699917086,0.02199834172,0.0,1.0,8000,0.000125,True,3411.2487423350394,1.3154394412897771e-05,0.2210319268304688,0.7687127509435694,1197.5195153378177,1559.0190185940278,True,tilde_q_mu,asymptotic,default,sidak_approx,observed,8.2**2 * RBF(length_scale=0.319),0.0295882762843003,0.4034764947859137,0.1092619513002888,0.3189874293631717,0.0268984329857275,67.26556307056812,1565.1156884275097,367,305,62,416,49,0.04,0.3,0.000625,1.0,1e-08,1e+18,False,False,False,False,12,1.1,15.0,11.858959573311491,4.411675545719503,60.159211987084134,47.56171086114045,study_results/v4p2_followups_20260806/pseudo65/gp_window_ensemble_20260806/runs/window_2p25eq2p5/draw_09/attempt_01/results_single.csv,1,1,1,1,single_attempt_outside_55_75MeV,False,,,,,,,window_2p25eq2p5,9
2021,0.247,0.006747772875,0.23181751103125,0.26218248896875,33240766.184267055,1.64,0.235933652485,0.258066347515,0.02213269503,0.0,1.0,8000,0.000125,True,3639.031461567271,1.4392550223239738e-05,0.1638165944695904,0.9788923166657988,1507.522094539709,1542.0323347871013,True,tilde_q_mu,asymptotic,default,sidak_approx,observed,8.22**2 * RBF(length_scale=0.319),0.0296476585264336,0.4042862526331858,0.1094812347619452,0.3189880735566117,0.0269524168422123,67.60009850601993,1569.7749316263744,368,307,61,416,48,0.04,0.3,0.000625,1.0,1e-08,1e+18,False,False,False,False,12,1.1,15.0,11.835230785575352,4.393695383001999,59.91402795002726,47.27308987213232,study_results/v4p2_followups_20260806/pseudo65/gp_window_ensemble_20260806/runs/window_2p25eq2p5/draw_09/attempt_01/results_single.csv,1,1,1,1,single_attempt_outside_55_75MeV,False,,,,,,,window_2p25eq2p5,9
2021,0.248,0.006788906,0.2327249615,0.2632750385,32306957.309929177,1.64,0.23686619416,0.25913380584,0.02226761168,0.0,1.0,8000,0.000125,True,3784.0376616317126,1.533654854378442e-05,0.1356120659205267,1.1002478854652693,1688.694622990124,1536.2720523473558,True,tilde_q_mu,asymptotic,default,sidak_approx,observed,8.25**2 * RBF(length_scale=0.319),0.0297073002091074,0.4050995483060104,0.1097014762712903,0.3192371032747678,0.027006636553734,68.07792037415147,1566.1316347265529,367,308,59,416,49,0.04,0.3,0.000625,1.0,1e-08,1e+18,False,False,False,False,12,1.1,15.0,11.820690912013216,4.375859705393982,59.67081416446339,47.02335004708679,study_results/v4p2_followups_20260806/pseudo65/gp_window_ensemble_20260806/runs/window_2p25eq2p5/draw_09/attempt_01/results_single.csv,1,1,1,1,single_attempt_outside_55_75MeV,False,,,,,,,window_2p25eq2p5,9
2021,0.249,0.006830210875,0.23363202553125,0.26436797446875,31367919.80580777,1.64,0.237798454165,0.260201545835,0.0224030916699999,0.0,1.0,8000,0.000125,True,3856.5489247098417,1.6033698072435347e-05,0.1197798503094916,1.1760880301346444,1792.505756678443,1524.925059493962,True,tilde_q_mu,asymptotic,default,sidak_approx,observed,8.25**2 * RBF(length_scale=0.319),0.029767198125712,0.4059163380778918,0.1099226639871329,0.319356107712968,0.0270610892051927,68.12364900578899,1564.582461757188,367,310,57,416,49,0.04,0.3,0.000625,1.0,1e-08,1e+18,False,False,False,False,12,1.1,15.0,11.801302796477472,4.358166778520153,59.429546979820266,46.75640526442282,study_results/v4p2_followups_20260806/pseudo65/gp_window_ensemble_20260806/runs/window_2p25eq2p5/draw_09/attempt_01/results_single.csv,1,1,1,1,single_attempt_outside_55_75MeV,False,,,,,,,window_2p25eq2p5,9
2021,0.25,0.0068716875,0.234538703125,0.265461296875,30463229.35640608,1.64,0.2387304325,0.2612695675,0.022539135,0.0,1.0,8000,0.000125,True,3865.7663120053294,1.6483125686890736e-05,0.1158219024329373,1.1961351957434772,1815.406928175492,1517.3078744218908,True,tilde_q_mu,asymptotic,default,sidak_approx,observed,8.21**2 * RBF(length_scale=0.319),0.0298273491207752,0.4067365789196631,0.1101447862571196,0.3190235494065373,0.0271157719279775,67.33513235015046,1563.3439074490905,366,311,55,416,50,0.04,0.3,0.000625,1.0,1e-08,1e+18,False,False,False,False,12,1.1,15.0,11.765239442708795,4.3406148956534025,59.19020312254639,46.42579415995522,study_results/v4p2_followups_20260806/pseudo65/gp_window_ensemble_20260806/runs/window_2p25eq2p5/draw_09/attempt_01/results_single.csv,1,1,1,1,single_attempt_outside_55_75MeV,False,,,,,,,window_2p25eq2p5,9
2021,0.05,0.0019941875,0.045513078125,0.054486921875,432274745.5035101,1.64,0.0467295325,0.0532704675,0.0065409349999999,0.0,1.0,8000,0.000125,True,22948.24499395914,3.447779885742899e-05,0.0001544057780761,3.6077939695111207,16902.673879094342,4693.8051786384,True,tilde_q_mu,asymptotic,default,sidak_approx,observed,7.43**2 * RBF(length_scale=0.328),0.0430198208653474,0.586633920891102,0.1588612167593829,0.3275981762406195,0.0391089280594068,55.193322151999205,1678.9745691043652,402,9,393,416,14,0.04,0.3,0.000625,1.0,1e-08,1e+18,False,False,False,False,12,1.1,15.0,8.376557284899116,21.57260581833327,294.1718975227264,164.276516747106,study_results/v4p2_followups_20260806/pseudo65/gp_window_ensemble_20260806/runs/window_3p0/draw_00/attempt_01/results_single.csv,1,1,1,1,single_attempt_outside_55_75MeV,False,,,,,,,window_3p0,0
2021,0.051,0.002001485875,0.04649665678125,0.0555033432187499,505722115.71658146,1.64,0.047717563165,0.0542824368349999,0.0065648736699999,0.0,1.0,8000,0.000125,True,19196.27729923794,2.4168784796509588e-05,0.0041052068453496,2.6432922368284397,12883.815616733562,4893.647944630644,True,tilde_q_mu,asymptotic,default,sidak_approx,observed,7.45**2 * RBF(length_scale=0.329),0.0423437473933882,0.5774147371825666,0.1563646500091317,0.3288267272588706,0.0384943158121711,55.55218777840189,1673.014585659411,401,10,391,416,15,0.04,0.3,0.000625,1.0,1e-08,1e+18,False,False,False,False,12,1.1,15.0,8.542215138030908,21.15615599504954,288.4930362961301,164.29130545768686,study_results/v4p2_followups_20260806/pseudo65/gp_window_ensemble_20260806/runs/window_3p0/draw_00/attempt_01/results_single.csv,1,1,1,1,single_attempt_outside_55_75MeV,False,,,,,,,window_3p0,0
2021,0.052,0.002008956,0.047479849,0.056520151,582496150.2912881,1.64,0.04870531216,0.0552946878399999,0.0065893756799999,0.0,1.0,8000,0.000125,True,9138.635497986554,9.79726543476751e-06,0.3732261515966848,0.3233207998886205,1587.2007687233431,4924.647496918588,True,tilde_q_mu,asymptotic,default,sidak_approx,observed,7.84**2 * RBF(length_scale=0.322),0.0416967826910809,0.5685924912420126,0.1539755745145915,0.321645381810273,0.0379061660828008,61.52361806823312,1669.4644199496831,402,12,390,416,14,0.04,0.3,0.000625,1.0,1e-08,1e+18,False,False,False,False,12,1.1,15.0,8.485305032106982,20.75544844739304,283.02884246445046,160.1057374130011,study_results/v4p2_followups_20260806/pseudo65/gp_window_ensemble_20260806/runs/window_3p0/draw_00/attempt_01/results_single.csv,1,1,1,1,single_attempt_outside_55_75MeV,False,,,,,,,window_3p0,0
2021,0.053,0.002016597875,0.0484626547812499,0.05753734521875,661992830.0519445,1.64,0.049692779485,0.056307220515,0.00661444103,0.0,1.0,8000,0.000125,True,6248.864677981099,5.7835152716094154e-06,0.5,0.0,-5257.69813754568,5073.387438662556,True,tilde_q_mu,asymptotic,default,sidak_approx,observed,7.85**2 * RBF(length_scale=0.32),0.0410773062694674,0.5601450854927381,0.1516880062237032,0.3202007969696233,0.0373430056995158,61.69094229916188,1665.412522027041,402,14,388,416,14,0.04,0.3,0.000625,1.0,1e-08,1e+18,False,False,False,False,12,1.1,15.0,8.574585547455664,20.369607039017364,277.76736871387317,158.78267102191768,study_results/v4p2_followups_20260806/pseudo65/gp_window_ensemble_20260806/runs/window_3p0/draw_00/attempt_01/results_single.csv,1,1,1,1,single_attempt_outside_55_75MeV,False,,,,,,,window_3p0,0
2021,0.054,0.0020244115,0.049445074125,0.058554925875,743432117.467634,1.64,0.05067996514,0.05732003486,0.00664006972,0.0,1.0,8000,0.000125,True,5611.577075368668,4.539100256039659e-06,0.4999311292015692,0.0001726334915006,-12091.195021709558,5467.558737530472,True,tilde_q_mu,asymptotic,default,sidak_approx,observed,7.62**2 * RBF(length_scale=0.318),0.0404838157112043,0.552052032425514,0.1494963970927404,0.3184526588368073,0.0368034688283676,57.9956531808115,1659.569497036903,401,15,386,416,15,0.04,0.3,0.000625,1.0,1e-08,1e+18,False,False,False,False,12,1.1,15.0,8.652789233588448,19.99781947059892,272.6975382354398,157.30628819131252,study_results/v4p2_followups_20260806/pseudo65/gp_window_ensemble_20260806/runs/window_3p0/draw_00/attempt_01/results_single.csv,1,1,1,1,single_attempt_outside_55_75MeV,False,,,,,,,window_3p0,0
2021,0.055,0.002032396875,0.05042710703125,0.05957289296875,825863093.242175,1.64,0.051666869125,0.058333130875,0.0066662617499999,0.0,1.0,8000,0.000125,True,5655.965218956429,4.043485631633083e-06,0.5,0.0,-12854.02550760042,5588.420548954313,True,tilde_q_mu,asymptotic,default,sidak_approx,observed,7.68**2 * RBF(length_scale=0.318),0.0399149161083646,0.5442943105686093,0.1473955960828078,0.3184039763115471,0.0362862873712406,58.926358846598426,1664.322809177004,402,17,385,416,14,0.04,0.3,0.000625,1.0,1e-08,1e+18,False,False,False,False,12,1.1,15.0,8.774774146883491,19.639331569216612,267.8090668529538,156.66427174148606,study_results/v4p2_followups_20260806/pseudo65/gp_window_ensemble_20260806/runs/window_3p0/draw_00/attempt_01/results_single.csv,2,2,1,2,stable_reproduced,False,attempt_01_full,False,1664.322809177004,1664.3228091552612,study_results/v4p2_followups_20260806/pseudo65/gp_window_ensemble_20260806/runs/window_3p0/draw_00/attempt_01/results_single.csv|study_results/v4p2_followups_20260806/pseudo65/gp_window_ensemble_20260806/central_repeat/window_3p0/draw_00/attempt_02/results_single.csv,1664.32280918|1664.32280916,window_3p0,0
2021,0.056,0.002040554,0.0514087535,0.0605912465,908596450.0013714,1.64,0.05265349144,0.05934650856,0.00669301712,0.0,1.0,8000,0.000125,True,6014.980859515588,3.838796667373172e-06,0.5,0.0,-11958.139171447934,5786.808614472062,True,tilde_q_mu,asymptotic,default,sidak_approx,observed,7.72**2 * RBF(length_scale=0.324),0.0393693106142212,0.5368542356484718,0.1453808142699889,0.3239876469168359,0.0357902823765647,59.58989235359606,1663.8230729993222,401,18,383,416,15,0.04,0.3,0.000625,1.0,1e-08,1e+18,False,False,False,False,12,1.1,15.0,9.0523914706239,19.293442180026243,263.0923933639942,158.77435584494992,study_results/v4p2_followups_20260806/pseudo65/gp_window_ensemble_20260806/runs/window_3p0/draw_00/attempt_01/results_single.csv,2,2,1,2,stable_reproduced,False,attempt_01_full,False,1663.8230729993222,1663.823072152212,study_results/v4p2_followups_20260806/pseudo65/gp_window_ensemble_20260806/runs/window_3p0/draw_00/attempt_01/results_single.csv|study_results/v4p2_followups_20260806/pseudo65/gp_window_ensemble_20260806/central_repeat/window_3p0/draw_00/attempt_02/results_single.csv,1663.823073|1663.82307215,window_3p0,0
2021,0.057,0.002048882875,0.05239001353125,0.06160998646875,990493852.1318276,1.64,0.053639832085,0.060360167915,0.0067203358299999,0.0,1.0,8000,0.000125,True,7442.534118748637,4.280693333813576e-06,0.5,0.0,-5227.932797156289,5856.398877700153,True,tilde_q_mu,asymptotic,default,sidak_approx,observed,8.05**2 * RBF(length_scale=0.323),0.0388457919743114,0.5297153451042469,0.1434475935717297,0.3231633769871583,0.0353143563402831,64.84449278825842,1659.6342617774546,401,20,381,416,15,0.04,0.3,0.000625,1.0,1e-08,1e+18,False,False,False,False,12,1.1,15.0,9.151048199016032,18.959498587400432,258.53861710091496,157.72662309316158,study_results/v4p2_followups_20260806/pseudo65/gp_window_ensemble_20260806/central_repeat/window_3p0/draw_00/attempt_02/results_single.csv,2,2,1,2,stable_reproduced,False,attempt_02_55_75MeV,False,1659.6342608542195,1659.6342617774546,study_results/v4p2_followups_20260806/pseudo65/gp_window_ensemble_20260806/runs/window_3p0/draw_00/attempt_01/results_single.csv|study_results/v4p2_followups_20260806/pseudo65/gp_window_ensemble_20260806/central_repeat/window_3p0/draw_00/attempt_02/results_single.csv,1659.63426085|1659.63426178,window_3p0,0
2021,0.058,0.0020573835,0.053370887125,0.062629112875,1071518697.1598378,1.64,0.05462589106,0.06137410894,0.00674821788,0.0,1.0,8000,0.000125,True,10401.539855918738,5.4348781602010075e-06,0.435094700245915,0.1634179122886409,973.1627678579072,5960.147569000842,True,tilde_q_mu,asymptotic,default,sidak_approx,observed,8.14**2 * RBF(length_scale=0.321),0.0383432349203511,0.5228622943684247,0.1415917786595051,0.3206519851591505,0.0348574862912283,66.3173767990891,1656.9086632471433,401,21,380,416,15,0.04,0.3,0.000625,1.0,1e-08,1e+18,False,False,False,False,12,1.1,15.0,9.198941727471633,18.63689240258374,254.13944185341464,155.85426108411508,study_results/v4p2_followups_20260806/pseudo65/gp_window_ensemble_20260806/central_repeat/window_3p0/draw_00/attempt_02/results_single.csv,2,2,1,2,stable_reproduced,False,attempt_02_55_75MeV,False,1656.9086626326346,1656.9086632471433,study_results/v4p2_followups_20260806/pseudo65/gp_window_ensemble_20260806/runs/window_3p0/draw_00/attempt_01/results_single.csv|study_results/v4p2_followups_20260806/pseudo65/gp_window_ensemble_20260806/central_repeat/window_3p0/draw_00/attempt_02/results_single.csv,1656.90866263|1656.90866325,window_3p0,0
2021,0.059,0.002066055875,0.0543513742812499,0.0636486257187499,1150790879.4490125,1.64,0.055611668365,0.0623883316349999,0.0067766632699999,0.0,1.0,8000,0.000125,True,11885.200240092729,5.684313240720231e-06,0.3134409665418763,0.486120217858646,2931.0131106153963,6031.974011674879,True,tilde_q_mu,asymptotic,default,sidak_approx,observed,8.2**2 * RBF(length_scale=0.321),0.0378605893261601,0.516280763538548,0.139809491685398,0.3205209657756324,0.0344187175692365,67.25884007669046,1655.5370065317709,401,23,378,416,15,0.04,0.3,0.000625,1.0,1e-08,1e+18,False,False,False,False,12,1.1,15.0,9.312402913643542,18.325055863341635,249.88712540920412,155.1366396495121,study_results/v4p2_followups_20260806/pseudo65/gp_window_ensemble_20260806/runs/window_3p0/draw_00/attempt_01/results_single.csv,2,2,1,2,stable_reproduced,False,attempt_01_full,False,1655.5370065317709,1655.5370048671932,study_results/v4p2_followups_20260806/pseudo65/gp_window_ensemble_20260806/runs/window_3p0/draw_00/attempt_01/results_single.csv|study_results/v4p2_followups_20260806/pseudo65/gp_window_ensemble_20260806/central_repeat/window_3p0/draw_00/attempt_02/results_single.csv,1655.53700653|1655.53700487,window_3p0,0
2021,0.06,0.0020749,0.055331475,0.064668525,1227306363.9011695,1.64,0.056597164,0.063402836,0.006805672,0.0,1.0,8000,0.000125,True,12759.701220122795,5.626731486017787e-06,0.2538700516722673,0.6623606697255782,4023.3275044759785,6064.746513607738,True,tilde_q_mu,asymptotic,default,sidak_approx,observed,8**2 * RBF(length_scale=0.318),0.0373968740379758,0.5099573732451246,0.1380971094990222,0.3178238349233389,0.0339971582163416,64.0534682004582,1659.818454484291,402,25,377,416,14,0.04,0.3,0.000625,1.0,1e-08,1e+18,False,False,False,False,12,1.1,15.0,9.348541219264863,18.023458498229218,245.77443406676204,153.1754951676413,study_results/v4p2_followups_20260806/pseudo65/gp_window_ensemble_20260806/central_repeat/window_3p0/draw_00/attempt_02/results_single.csv,2,2,1,2,stable_reproduced,False,attempt_02_55_75MeV,False,1659.8184543502764,1659.818454484291,study_results/v4p2_followups_20260806/pseudo65/gp_window_ensemble_20260806/runs/window_3p0/draw_00/attempt_01/results_single.csv|study_results/v4p2_followups_20260806/pseudo65/gp_window_ensemble_20260806/central_repeat/window_3p0/draw_00/attempt_02/results_single.csv,1659.81845435|1659.81845448,window_3p0,0
2021,0.061,0.002083915875,0.05631118928125,0.06568881071875,1300567726.902533,1.64,0.057582377965,0.064417622035,0.0068352440699999,0.0,1.0,8000,0.000125,True,14288.00793648606,5.848288612498095e-06,0.1982286068265941,0.8479654477745581,5397.086237682537,6311.545166876871,True,tilde_q_mu,asymptotic,default,sidak_approx,observed,7.78**2 * RBF(length_scale=0.317),0.0369511713028735,0.5038796086755482,0.136451243073103,0.3169655664386739,0.0335919739117032,60.552753585130766,1656.748713569418,401,26,375,416,15,0.04,0.3,0.000625,1.0,1e-08,1e+18,False,False,False,False,12,1.1,15.0,9.435752935264258,17.731604114236877,241.7946015577755,152.10094142532216,study_results/v4p2_followups_20260806/pseudo65/gp_window_ensemble_20260806/runs/window_3p0/draw_00/attempt_01/results_single.csv,3,3,2,2,resolved_reproduced_max_lml,False,attempt_01_full,False,1656.748713569418,1133.3689622973232,study_results/v4p2_followups_20260806/pseudo65/gp_window_ensemble_20260806/runs/window_3p0/draw_00/attempt_01/results_single.csv|study_results/v4p2_followups_20260806/pseudo65/gp_window_ensemble_20260806/central_repeat/window_3p0/draw_00/attempt_02/results_single.csv|study_results/v4p2_followups_20260806/pseudo65/gp_window_ensemble_20260806/central_repairs/window_3p0/draw_00/m061/attempt_03/results_single.csv,1656.74871357|1133.3689623|1656.74871345,window_3p0,0
2021,0.062,0.0020931035,0.057290517125,0.066709482875,1370264417.4242663,1.64,0.05856731026,0.06543268974,0.0068653794799999,0.0,1.0,8000,0.000125,True,15112.561653815616,5.776462229044174e-06,0.1603360532064967,0.9930776672895204,6331.175594883701,6355.820888742445,True,tilde_q_mu,asymptotic,default,sidak_approx,observed,8.03**2 * RBF(length_scale=0.321),0.0365226217287332,0.4980357508463617,0.1348687188919183,0.3207775739962782,0.0332023833897574,64.48980849028113,1656.0413951235398,401,28,373,416,15,0.04,0.3,0.000625,1.0,1e-08,1e+18,False,False,False,False,12,1.1,15.0,9.661281548096165,17.449028071824063,237.9412918885099,153.25452085684165,study_results/v4p2_followups_20260806/pseudo65/gp_window_ensemble_20260806/central_repeat/window_3p0/draw_00/attempt_02/results_single.csv,2,2,1,2,stable_reproduced,False,attempt_02_55_75MeV,False,1656.0413943268516,1656.0413951235398,study_results/v4p2_followups_20260806/pseudo65/gp_window_ensemble_20260806/runs/window_3p0/draw_00/attempt_01/results_single.csv|study_results/v4p2_followups_20260806/pseudo65/gp_window_ensemble_20260806/central_repeat/window_3p0/draw_00/attempt_02/results_single.csv,1656.04139433|1656.04139512,window_3p0,0
2021,0.063,0.002102462875,0.05826945853125,0.06773054146875,1435535338.6160398,1.64,0.059551960885,0.066448039115,0.0068960782299999,0.0,1.0,8000,0.000125,True,16296.429930602251,5.85137535565717e-06,0.120850144210863,1.1707474942943177,7558.245066758837,6457.831471356972,True,tilde_q_mu,asymptotic,default,sidak_approx,observed,8.02**2 * RBF(length_scale=0.32),0.0361104197174945,0.4924148143294715,0.133346562087477,0.3199830934849923,0.0328276542886314,64.36965777203837,1656.0996440286965,401,29,372,416,15,0.04,0.3,0.000625,1.0,1e-08,1e+18,False,False,False,False,12,1.1,15.0,9.747363935040765,17.17529481584524,234.20856567061688,152.19440841969316,study_results/v4p2_followups_20260806/pseudo65/gp_window_ensemble_20260806/runs/window_3p0/draw_00/attempt_01/results_single.csv,2,2,1,2,stable_reproduced,False,attempt_01_full,False,1656.0996440286965,1656.099642633497,study_results/v4p2_followups_20260806/pseudo65/gp_window_ensemble_20260806/runs/window_3p0/draw_00/attempt_01/results_single.csv|study_results/v4p2_followups_20260806/pseudo65/gp_window_ensemble_20260806/central_repeat/window_3p0/draw_00/attempt_02/results_single.csv,1656.09964403|1656.09964263,window_3p0,0
2021,0.064,0.002111994,0.0592480135,0.0687519865,1496394035.8979664,1.64,0.06053632984,0.06746367016,0.00692734032,0.0,1.0,8000,0.000125,True,16350.909737431051,5.5441618561998065e-06,0.1204582529893382,1.172699066336029,7551.770478966162,6482.031673404423,True,tilde_q_mu,asymptotic,default,sidak_approx,observed,8.35**2 * RBF(length_scale=0.322),0.0357138093206567,0.4870064907362281,0.1318819811349368,0.3215633368387343,0.0324670993824152,69.66063871876521,1655.1595042648485,401,31,370,416,15,0.04,0.3,0.000625,1.0,1e-08,1e+18,False,False,False,False,12,1.1,15.0,9.904282888076509,16.909995634768247,230.59084956502153,152.2558003662578,study_results/v4p2_followups_20260806/pseudo65/gp_window_ensemble_20260806/central_repeat/window_3p0/draw_00/attempt_02/results_single.csv,2,2,1,2,stable_reproduced,False,attempt_02_55_75MeV,False,1655.1595036415658,1655.1595042648485,study_results/v4p2_followups_20260806/pseudo65/gp_window_ensemble_20260806/runs/window_3p0/draw_00/attempt_01/results_single.csv|study_results/v4p2_followups_20260806/pseudo65/gp_window_ensemble_20260806/central_repeat/window_3p0/draw_00/attempt_02/results_single.csv,1655.15950364|1655.15950426,window_3p0,0
2021,0.065,0.002121696875,0.06022618203125,0.06977381796875,1551992356.6098409,1.64,0.061520417125,0.068479582875,0.0069591657499999,0.0,1.0,8000,0.000125,True,16286.557452789912,5.242594686310833e-06,0.1302486143319071,1.1252166751316222,7372.743813279911,6568.294287428291,True,tilde_q_mu,asymptotic,default,sidak_approx,observed,8.39**2 * RBF(length_scale=0.323),0.0353320804721528,0.4818010973475384,0.1304723539415717,0.3229298949901765,0.0321200731565025,70.41205103126582,1649.4706683086615,400,32,368,416,16,0.04,0.3,0.000625,1.0,1e-08,1e+18,False,False,False,False,12,1.1,15.0,10.053834355131317,16.652746623927047,227.08290850809607,152.2035964681225,study_results/v4p2_followups_20260806/pseudo65/gp_window_ensemble_20260806/central_repeat/window_3p0/draw_00/attempt_02/results_single.csv,2,2,1,2,stable_reproduced,False,attempt_02_55_75MeV,False,1649.4706664367216,1649.4706683086615,study_results/v4p2_followups_20260806/pseudo65/gp_window_ensemble_20260806/runs/window_3p0/draw_00/attempt_01/results_single.csv|study_results/v4p2_followups_20260806/pseudo65/gp_window_ensemble_20260806/central_repeat/window_3p0/draw_00/attempt_02/results_single.csv,1649.47066644|1649.47066831,window_3p0,0
2021,0.066,0.0021315715,0.061203964125,0.070796035875,1602849748.64054,1.64,0.06250422274,0.06949577726,0.0069915545199999,0.0,1.0,8000,0.000125,True,13250.330855476115,4.067334548085005e-06,0.2825841437283046,0.5751818928990862,3740.050780068544,6503.298103155532,True,tilde_q_mu,asymptotic,default,sidak_approx,observed,8.3**2 * RBF(length_scale=0.322),0.0349645655591176,0.4767895303516045,0.1291152151834926,0.3216592446806336,0.0317859686901069,68.90057633460638,1651.8144784627375,401,34,367,416,15,0.04,0.3,0.000625,1.0,1e-08,1e+18,False,False,False,False,12,1.1,15.0,10.11953569251286,16.403186831461046,223.67982042901423,150.90239510175175,study_results/v4p2_followups_20260806/pseudo65/gp_window_ensemble_20260806/central_repeat/window_3p0/draw_00/attempt_02/results_single.csv,2,2,1,2,stable_reproduced,False,attempt_02_55_75MeV,False,1651.814477942725,1651.8144784627375,study_results/v4p2_followups_20260806/pseudo65/gp_window_ensemble_20260806/runs/window_3p0/draw_00/attempt_01/results_single.csv|study_results/v4p2_followups_20260806/pseudo65/gp_window_ensemble_20260806/central_repeat/window_3p0/draw_00/attempt_02/results_single.csv,1651.81447794|1651.81447846,window_3p0,0
2021,0.067,0.002141617875,0.06218135978125,0.07181864021875,1648225521.8327005,1.64,0.063487746685,0.070512253315,0.00702450663,0.0,1.0,8000,0.000125,True,10290.48832930806,3.0259689625889837e-06,0.5,0.0,-1059.1767946000905,6629.632259676047,True,tilde_q_mu,asymptotic,default,sidak_approx,observed,8.08**2 * RBF(length_scale=0.319),0.034610636295701,0.4719632222141046,0.1278082447614374,0.3189281335922834,0.0314642148142736,65.2295165917328,1646.344242963068,400,35,365,416,16,0.04,0.3,0.000625,1.0,1e-08,1e+18,False,False,False,False,12,1.1,15.0,10.136217778668442,16.16097656810088,220.37695320137564,148.91925273657114,study_results/v4p2_followups_20260806/pseudo65/gp_window_ensemble_20260806/runs/window_3p0/draw_00/attempt_01/results_single.csv,2,2,1,2,stable_reproduced,False,attempt_01_full,False,1646.344242963068,1646.344242257718,study_results/v4p2_followups_20260806/pseudo65/gp_window_ensemble_20260806/runs/window_3p0/draw_00/attempt_01/results_single.csv|study_results/v4p2_followups_20260806/pseudo65/gp_window_ensemble_20260806/central_repeat/window_3p0/draw_00/attempt_02/results_single.csv,1646.34424296|1646.34424226,window_3p0,0
2021,0.068,0.002151836,0.063158369,0.072841631,1688091099.218326,1.64,0.06447098896,0.07152901104,0.00705802208,0.0,1.0,8000,0.000125,True,8856.028222057132,2.5052675966293605e-06,0.5,0.0,-4592.104461564223,6640.5302825114195,True,tilde_q_mu,asymptotic,default,sidak_approx,observed,8.05**2 * RBF(length_scale=0.319),0.0342697008691363,0.4673141027609495,0.1265492572619316,0.3192667652730042,0.0311542735173966,64.86414148056897,1647.5114487940257,400,37,363,416,16,0.04,0.3,0.000625,1.0,1e-08,1e+18,False,False,False,False,12,1.1,15.0,10.247928429296378,15.92579586415336,217.1699436020912,148.36946926857078,study_results/v4p2_followups_20260806/pseudo65/gp_window_ensemble_20260806/central_repeat/window_3p0/draw_00/attempt_02/results_single.csv,2,2,1,2,stable_reproduced,False,attempt_02_55_75MeV,False,1647.511448512479,1647.5114487940257,study_results/v4p2_followups_20260806/pseudo65/gp_window_ensemble_20260806/runs/window_3p0/draw_00/attempt_01/results_single.csv|study_results/v4p2_followups_20260806/pseudo65/gp_window_ensemble_20260806/central_repeat/window_3p0/draw_00/attempt_02/results_single.csv,1647.51144851|1647.51144879,window_3p0,0
2021,0.069,0.002162225875,0.06413499178125,0.07386500821875,1723173893.0655358,1.64,0.065453949565,0.072546050435,0.00709210087,0.0,1.0,8000,0.000125,True,7741.075761844528,2.114185271593968e-06,0.5,0.0,-8458.777695539977,6572.230982031468,True,tilde_q_mu,asymptotic,default,sidak_approx,observed,8**2 * RBF(length_scale=0.32),0.0339412013307978,0.4628345636017883,0.1253361923231284,0.3195862147112623,0.0308556375734525,64.06751545586012,1653.828283387886,401,39,362,416,15,0.04,0.3,0.000625,1.0,1e-08,1e+18,False,False,False,False,12,1.1,15.0,10.357465923382073,15.697343058942815,214.05467807649293,147.804268927853,study_results/v4p2_followups_20260806/pseudo65/gp_window_ensemble_20260806/runs/window_3p0/draw_00/attempt_01/results_single.csv,2,2,1,2,stable_reproduced,False,attempt_01_full,False,1653.828283387886,1653.8282826626576,study_results/v4p2_followups_20260806/pseudo65/gp_window_ensemble_20260806/runs/window_3p0/draw_00/attempt_01/results_single.csv|study_results/v4p2_followups_20260806/pseudo65/gp_window_ensemble_20260806/central_repeat/window_3p0/draw_00/attempt_02/results_single.csv,1653.82828339|1653.82828266,window_3p0,0
2021,0.07,0.0021727875,0.065111228125,0.074888771875,1753129882.6204362,1.64,0.0664366285,0.0735633715,0.0071267429999999,0.0,1.0,8000,0.000125,True,7421.679392461943,1.963857533205534e-06,0.4999026019832914,0.000244140625,-11013.605325443918,6693.222023332787,True,tilde_q_mu,asymptotic,default,sidak_approx,observed,7.88**2 * RBF(length_scale=0.318),0.0336246112080568,0.4585174255644109,0.1241671058160028,0.3179118989780587,0.0305678283709607,62.13983995217842,1647.0489540395154,400,40,360,416,16,0.04,0.3,0.000625,1.0,1e-08,1e+18,False,False,False,False,12,1.1,15.0,10.400212115822836,15.475333509630737,211.02727513132825,146.31522823932792,study_results/v4p2_followups_20260806/pseudo65/gp_window_ensemble_20260806/central_repeat/window_3p0/draw_00/attempt_02/results_single.csv,2,2,1,2,stable_reproduced,False,attempt_02_55_75MeV,False,1647.048953347282,1647.0489540395154,study_results/v4p2_followups_20260806/pseudo65/gp_window_ensemble_20260806/runs/window_3p0/draw_00/attempt_01/results_single.csv|study_results/v4p2_followups_20260806/pseudo65/gp_window_ensemble_20260806/central_repeat/window_3p0/draw_00/attempt_02/results_single.csv,1647.04895335|1647.04895404,window_3p0,0
2021,0.071,0.002183520875,0.06608707803125,0.0759129219687499,1778802393.7391903,1.64,0.0674190257649999,0.074580974235,0.00716194847,0.0,1.0,8000,0.000125,True,7132.3733894689085,1.833867437374844e-06,0.5,0.0,-11840.467146175764,6578.528760150771,True,tilde_q_mu,asymptotic,default,sidak_approx,observed,8.01**2 * RBF(length_scale=0.32),0.0333194333154327,0.4543559088468107,0.1230401617614922,0.3203648164043466,0.0302903939231207,64.19407726996715,1653.1011594581107,401,42,359,416,15,0.04,0.3,0.000625,1.0,1e-08,1e+18,False,False,False,False,12,1.1,15.0,10.576449326392272,15.259498407787282,208.08406919709927,146.71937423284157,study_results/v4p2_followups_20260806/pseudo65/gp_window_ensemble_20260806/central_repeat/window_3p0/draw_00/attempt_02/results_single.csv,2,2,1,2,stable_reproduced,False,attempt_02_55_75MeV,False,1653.1011589413197,1653.1011594581107,study_results/v4p2_followups_20260806/pseudo65/gp_window_ensemble_20260806/runs/window_3p0/draw_00/attempt_01/results_single.csv|study_results/v4p2_followups_20260806/pseudo65/gp_window_ensemble_20260806/central_repeat/window_3p0/draw_00/attempt_02/results_single.csv,1653.10115894|1653.10115946,window_3p0,0
2021,0.072,0.002194426,0.0670625414999999,0.0769374585,1799474219.9413326,1.64,0.06840114136,0.0755988586399999,0.0071977172799999,0.0,1.0,8000,0.000125,True,7523.585149832445,1.8856741044605715e-06,0.5,0.0,-10072.136700303286,6645.2104284380375,True,tilde_q_mu,asymptotic,default,sidak_approx,observed,8.12**2 * RBF(length_scale=0.321),0.0330251977459068,0.4503436056260024,0.1219536249129291,0.3207306269955918,0.0300229070417334,65.89558424161996,1646.309638298524,400,43,357,416,16,0.04,0.3,0.000625,1.0,1e-08,1e+18,False,False,False,False,12,1.1,15.0,10.682863806284931,15.049583693369856,205.22159581867984,146.1569572159607,study_results/v4p2_followups_20260806/pseudo65/gp_window_ensemble_20260806/central_repeat/window_3p0/draw_00/attempt_02/results_single.csv,2,2,1,2,stable_reproduced,False,attempt_02_55_75MeV,False,1646.3096381362675,1646.309638298524,study_results/v4p2_followups_20260806/pseudo65/gp_window_ensemble_20260806/runs/window_3p0/draw_00/attempt_01/results_single.csv|study_results/v4p2_followups_20260806/pseudo65/gp_window_ensemble_20260806/central_repeat/window_3p0/draw_00/attempt_02/results_single.csv,1646.30963814|1646.3096383,window_3p0,0
2021,0.073,0.002205502875,0.06803761853125,0.07796238146875,1816221001.221372,1.64,0.069382975285,0.076617024715,0.00723404943,0.0,1.0,8000,0.000125,True,8459.761074756669,2.071984328945163e-06,0.5,0.0,-5853.378111620341,6628.768880511397,True,tilde_q_mu,asymptotic,default,sidak_approx,observed,8.06**2 * RBF(length_scale=0.319),0.0327414600253253,0.4464744548907995,0.1209058539407253,0.3190167501566308,0.0297649636593866,64.97048651553209,1644.9226165712369,400,45,355,416,16,0.04,0.3,0.000625,1.0,1e-08,1e+18,False,False,False,False,12,1.1,15.0,10.717861234681068,14.845349056879057,202.43657804835075,144.64581015639382,study_results/v4p2_followups_20260806/pseudo65/gp_window_ensemble_20260806/runs/window_3p0/draw_00/attempt_01/results_single.csv,2,2,1,2,stable_reproduced,False,attempt_01_full,False,1644.9226165712369,1644.922616414408,study_results/v4p2_followups_20260806/pseudo65/gp_window_ensemble_20260806/runs/window_3p0/draw_00/attempt_01/results_single.csv|study_results/v4p2_followups_20260806/pseudo65/gp_window_ensemble_20260806/central_repeat/window_3p0/draw_00/attempt_02/results_single.csv,1644.92261657|1644.92261641,window_3p0,0
2021,0.074,0.0022167515,0.0690123091249999,0.078987690875,1829345979.6422043,1.64,0.07036452754,0.07763547246,0.0072709449199999,0.0,1.0,8000,0.000125,True,9859.057021308356,2.3649814054777973e-06,0.5,0.0,-1777.8944029509762,6574.133978410617,True,tilde_q_mu,asymptotic,default,sidak_approx,observed,8.24**2 * RBF(length_scale=0.321),0.0324677994146582,0.442742719290794,0.1198952951630456,0.3208726299811454,0.0295161812860529,67.96129524045277,1646.1714616540737,400,46,354,416,16,0.04,0.3,0.000625,1.0,1e-08,1e+18,False,False,False,False,12,1.1,15.0,10.871075322090023,14.646567021453794,199.72591392891536,144.7490302729672,study_results/v4p2_followups_20260806/pseudo65/gp_window_ensemble_20260806/runs/window_3p0/draw_00/attempt_01/results_single.csv,2,2,1,2,stable_reproduced,False,attempt_01_full,False,1646.1714616540737,1646.1714601784377,study_results/v4p2_followups_20260806/pseudo65/gp_window_ensemble_20260806/runs/window_3p0/draw_00/attempt_01/results_single.csv|study_results/v4p2_followups_20260806/pseudo65/gp_window_ensemble_20260806/central_repeat/window_3p0/draw_00/attempt_02/results_single.csv,1646.17146165|1646.17146018,window_3p0,0
2021,0.075,0.002228171875,0.06998661328125,0.08001338671875,1838368958.6354597,1.64,0.071345798125,0.078654201875,0.0073084037499999,0.0,1.0,8000,0.000125,True,12404.392650127802,2.9214703662480517e-06,0.3744287553991505,0.3201461918499678,2471.470044349969,6548.107411342022,True,tilde_q_mu,asymptotic,default,sidak_approx,observed,8.2**2 * RBF(length_scale=0.32),0.032203817346461,0.4391429638153776,0.1189204767720596,0.3200288647149154,0.0292761975876918,67.2687571269328,1646.006609532986,400,48,352,416,16,0.04,0.3,0.000625,1.0,1e-08,1e+18,False,False,False,False,12,1.1,15.0,10.931367154369132,14.45302209752604,197.08666496626415,143.6284463984249,study_results/v4p2_followups_20260806/pseudo65/gp_window_ensemble_20260806/central_repeat/window_3p0/draw_00/attempt_02/results_single.csv,2,2,1,2,stable_reproduced,False,attempt_02_55_75MeV,False,1646.006608425145,1646.006609532986,study_results/v4p2_followups_20260806/pseudo65/gp_window_ensemble_20260806/runs/window_3p0/draw_00/attempt_01/results_single.csv|study_results/v4p2_followups_20260806/pseudo65/gp_window_ensemble_20260806/central_repeat/window_3p0/draw_00/attempt_02/results_single.csv,1646.00660843|1646.00660953,window_3p0,0
2021,0.076,0.002239764,0.070960531,0.081039469,1844398591.748667,1.64,0.0723267870399999,0.07967321296,0.00734642592,0.0,1.0,8000,0.000125,True,15089.33089204071,3.4955983852115084e-06,0.1729177246009595,0.9426978973035832,6074.498725821169,6526.068794660988,True,tilde_q_mu,asymptotic,default,sidak_approx,observed,8.04**2 * RBF(length_scale=0.317),0.0319491359833398,0.4356700361364529,0.1179800035107226,0.3174861061813673,0.0290446690757635,64.57954874164359,1645.9307060521107,400,50,350,416,16,0.04,0.3,0.000625,1.0,1e-08,1e+18,False,False,False,False,12,1.1,15.0,10.930959666064684,14.264510003437811,194.51604550142468,141.74980318523174,study_results/v4p2_followups_20260806/pseudo65/gp_window_ensemble_20260806/runs/window_3p0/draw_00/attempt_01/results_single.csv,1,1,1,1,single_attempt_outside_55_75MeV,False,,,,,,,window_3p0,0
2021,0.077,0.002251527875,0.07193406228125,0.08206593771875,1847461207.5520144,1.64,0.073307494285,0.080692505715,0.00738501143,0.0,1.0,8000,0.000125,True,16889.66445334936,3.855448359088822e-06,0.1064532263015412,1.2456131489635456,8104.874785206543,6518.9744544625055,True,tilde_q_mu,asymptotic,default,sidak_approx,observed,7.87**2 * RBF(length_scale=0.316),0.0317033968874435,0.4323190484651396,0.1170725517595489,0.3156337598356318,0.0288212698976759,61.94542681112373,1647.3184136226507,400,51,349,416,16,0.04,0.3,0.000625,1.0,1e-08,1e+18,False,False,False,False,12,1.1,15.0,10.951417510617157,14.080836946086476,192.0114129011792,140.18647663228765,study_results/v4p2_followups_20260806/pseudo65/gp_window_ensemble_20260806/runs/window_3p0/draw_00/attempt_01/results_single.csv,1,1,1,1,single_attempt_outside_55_75MeV,False,,,,,,,window_3p0,0
2021,0.078,0.0022634635,0.072907207125,0.083092792875,1847769944.3645077,1.64,0.07428791986,0.08171208014,0.00742416028,0.0,1.0,8000,0.000125,True,27357.13789787152,6.163793496721255e-06,0.5,0.0,-13629.736668613536,20237.99365271018,True,tilde_q_mu,asymptotic,default,sidak_approx,observed,1**2 * RBF(length_scale=0.116),0.0314662597911359,0.4290853607882172,0.1161968649970184,0.1161968649970184,0.0286056907192144,1.0,1021.153978565191,400,53,347,416,16,0.04,0.3,0.000625,1.0,1e-08,1e+18,False,False,False,False,12,1.1,15.0,4.06201920231798,13.901818956274722,189.57025849465532,51.335868679578205,study_results/v4p2_followups_20260806/pseudo65/gp_window_ensemble_20260806/runs/window_3p0/draw_00/attempt_01/results_single.csv,1,1,1,1,single_attempt_outside_55_75MeV,False,,,,,,,window_3p0,0
2021,0.079,0.002275570875,0.07387996553125,0.08412003446875,1845689661.7151537,1.64,0.075268063765,0.082731936235,0.0074638724699999,0.0,1.0,8000,0.000125,True,17233.63963186474,3.838054686113825e-06,0.0982794754047203,1.291417484961515,8420.162083016405,6520.7391682586995,True,tilde_q_mu,asymptotic,default,sidak_approx,observed,7.88**2 * RBF(length_scale=0.316),0.0312374014599871,0.4259645653634614,0.1153517496008941,0.3161229512562964,0.0283976376908974,62.1225207291912,1640.7409801593888,399,54,345,416,17,0.04,0.3,0.000625,1.0,1e-08,1e+18,False,False,False,False,12,1.1,15.0,11.13201579290613,13.727281273973578,187.1901991905488,138.9202835777622,study_results/v4p2_followups_20260806/pseudo65/gp_window_ensemble_20260806/runs/window_3p0/draw_00/attempt_01/results_single.csv,1,1,1,1,single_attempt_outside_55_75MeV,False,,,,,,,window_3p0,0
2021,0.08,0.00228785,0.0748523375,0.0851476625,1840971776.2432177,1.64,0.076247926,0.083752074,0.0075041479999999,0.0,1.0,8000,0.000125,True,15990.85924935342,3.5257750915307396e-06,0.1267768124550152,1.141760404711032,7321.316923242917,6402.510029795404,True,tilde_q_mu,asymptotic,default,sidak_approx,observed,8.09**2 * RBF(length_scale=0.319),0.0310165146400847,0.4229524723647926,0.1145360709609101,0.3186472784543708,0.0281968314909861,65.50671745017661,1644.855017690678,400,56,344,416,16,0.04,0.3,0.000625,1.0,1e-08,1e+18,False,False,False,False,12,1.1,15.0,11.30081862411507,13.55705777917468,184.8689697160183,139.278046399183,study_results/v4p2_followups_20260806/pseudo65/gp_window_ensemble_20260806/runs/window_3p0/draw_00/attempt_01/results_single.csv,1,1,1,1,single_attempt_outside_55_75MeV,False,,,,,,,window_3p0,0
2021,0.081,0.002300300875,0.07582432303125,0.08617567696875,1834117166.8439004,1.64,0.077227506565,0.084772493435,0.0075449868699999,0.0,1.0,8000,0.000125,True,15468.698792893232,3.381127985245099e-06,0.1539745595450857,1.0195348454554507,6573.229659454037,6428.381065526378,True,tilde_q_mu,asymptotic,default,sidak_approx,observed,8.04**2 * RBF(length_scale=0.319),0.030803307082474,0.4200450965791913,0.113748749876279,0.3186117948409753,0.0280030064386127,64.6246109225427,1638.8161839387478,399,57,342,416,17,0.04,0.3,0.000625,1.0,1e-08,1e+18,False,False,False,False,12,1.1,15.0,11.377771009674456,13.390990464442623,182.6044154242176,138.5087482701476,study_results/v4p2_followups_20260806/pseudo65/gp_window_ensemble_20260806/runs/window_3p0/draw_00/attempt_01/results_single.csv,1,1,1,1,single_attempt_outside_55_75MeV,False,,,,,,,window_3p0,0
2021,0.082,0.0023129235,0.076795922125,0.087204077875,1825600864.265104,1.64,0.07820680546,0.08579319454,0.00758638908,0.0,1.0,8000,0.000125,True,13115.443992361535,2.8450063114418357e-06,0.2761981780250322,0.5941730798889715,3822.6910882107472,6376.170602198178,True,tilde_q_mu,asymptotic,default,sidak_approx,observed,8.2**2 * RBF(length_scale=0.32),0.0305975006382008,0.4172386450663756,0.1129887592139169,0.3199685570215725,0.0278159096710917,67.25721169362025,1637.5562239723224,399,59,340,416,17,0.04,0.3,0.000625,1.0,1e-08,1e+18,False,False,False,False,12,1.1,15.0,11.503077224690117,13.228928945639955,180.39448562236305,138.33944660148617,study_results/v4p2_followups_20260806/pseudo65/gp_window_ensemble_20260806/runs/window_3p0/draw_00/attempt_01/results_single.csv,1,1,1,1,single_attempt_outside_55_75MeV,False,,,,,,,window_3p0,0
2021,0.083,0.002325717875,0.07776713478125,0.08823286521875,1815668681.2943528,1.64,0.079185822685,0.086814177315,0.00762835463,0.0,1.0,8000,0.000125,True,10192.235666826951,2.196214144193067e-06,0.5,0.0,-520.3869156400543,6360.707873347596,True,tilde_q_mu,asymptotic,default,sidak_approx,observed,8.07**2 * RBF(length_scale=0.317),0.030398830418065,0.4145295057008868,0.1122551208056255,0.3168993185183821,0.0276353003800591,65.13284745959261,1640.7397896789057,399,60,339,416,17,0.04,0.3,0.000625,1.0,1e-08,1e+18,False,False,False,False,12,1.1,15.0,11.467192835256752,13.070730007639057,178.2372273768962,136.25871045015816,study_results/v4p2_followups_20260806/pseudo65/gp_window_ensemble_20260806/runs/window_3p0/draw_00/attempt_01/results_single.csv,1,1,1,1,single_attempt_outside_55_75MeV,False,,,,,,,window_3p0,0
2021,0.084,0.002338684,0.078737961,0.089262039,1803665927.1918256,1.64,0.08016455824,0.08783544176,0.00767088352,0.0,1.0,8000,0.000125,True,9144.788855403089,1.960009684849858e-06,0.5,0.0,-2387.982913456949,6304.265881991011,True,tilde_q_mu,asymptotic,default,sidak_approx,observed,8.11**2 * RBF(length_scale=0.318),0.0302070440117673,0.4119142365241002,0.111546902564603,0.3181646436334062,0.0274609491016066,65.77227202174768,1640.623166977551,399,62,337,416,17,0.04,0.3,0.000625,1.0,1e-08,1e+18,False,False,False,False,12,1.1,15.0,11.586076011290924,12.916257182144893,176.13077975652126,136.0443068124664,study_results/v4p2_followups_20260806/pseudo65/gp_window_ensemble_20260806/runs/window_3p0/draw_00/attempt_01/results_single.csv,1,1,1,1,single_attempt_outside_55_75MeV,False,,,,,,,window_3p0,0
2021,0.085,0.002351821875,0.07970840078125,0.09029159921875,1790440672.4133158,1.64,0.081143012125,0.088856987875,0.0077139757499999,0.0,1.0,8000,0.000125,True,8043.413910421669,1.7162536714496025e-06,0.4999026019832914,0.000244140625,-5022.697829190852,6201.101857439634,True,tilde_q_mu,asymptotic,default,sidak_approx,observed,8.05**2 * RBF(length_scale=0.317),0.0300219007615834,0.4093895558397742,0.1108632158033061,0.3171102081798135,0.0272926370559849,64.80585072194097,1646.3970514224368,400,64,336,416,16,0.04,0.3,0.000625,1.0,1e-08,1e+18,False,False,False,False,12,1.1,15.0,11.618892213652,12.76538035499965,174.07336847726796,134.83598037364695,study_results/v4p2_followups_20260806/pseudo65/gp_window_ensemble_20260806/runs/window_3p0/draw_00/attempt_01/results_single.csv,1,1,1,1,single_attempt_outside_55_75MeV,False,,,,,,,window_3p0,0
2021,0.086,0.0023651315,0.080678454125,0.091321545875,1775696555.8627672,1.64,0.0821211843399999,0.08987881566,0.00775763132,0.0,1.0,8000,0.000125,True,7634.972637463297,1.623529571539637e-06,0.5,0.0,-6648.651752065811,6221.790535029291,True,tilde_q_mu,asymptotic,default,sidak_approx,observed,8.02**2 * RBF(length_scale=0.317),0.0298431710861948,0.4069523329935665,0.1102032127365311,0.3166275278952804,0.0271301555329044,64.2573107735491,1640.7155804685683,399,65,334,416,17,0.04,0.3,0.000625,1.0,1e-08,1e+18,False,False,False,False,12,1.1,15.0,11.670686056748297,12.61797540060452,172.0633009173344,133.87311779293472,study_results/v4p2_followups_20260806/pseudo65/gp_window_ensemble_20260806/runs/window_3p0/draw_00/attempt_01/results_single.csv,1,1,1,1,single_attempt_outside_55_75MeV,False,,,,,,,window_3p0,0
2021,0.087,0.002378612875,0.0816481210312499,0.09235187896875,1760136602.064715,1.64,0.083099074885,0.0909009251149999,0.0078018502299999,0.0,1.0,8000,0.000125,True,7298.634005627709,1.5477324261612646e-06,0.5,0.0,-7933.464024622161,6190.017007995025,True,tilde_q_mu,asymptotic,default,sidak_approx,observed,7.92**2 * RBF(length_scale=0.315),0.0296706358506726,0.4045995797818991,0.1095660841549239,0.3149209330119398,0.0269733053187932,62.78749918194841,1640.2896950392117,399,67,332,416,17,0.04,0.3,0.000625,1.0,1e-08,1e+18,False,False,False,False,12,1.1,15.0,11.67528151592616,12.47392384129452,170.098961472198,132.39688405030594,study_results/v4p2_followups_20260806/pseudo65/gp_window_ensemble_20260806/runs/window_3p0/draw_00/attempt_01/results_single.csv,1,1,1,1,single_attempt_outside_55_75MeV,False,,,,,,,window_3p0,0
2021,0.088,0.002392266,0.0826174014999999,0.0933825985,1743632625.119082,1.64,0.0840766837599999,0.09192331624,0.00784663248,0.0,1.0,8000,0.000125,True,7311.3196693852115,1.5473125076905643e-06,0.5,0.0,-7607.875249691056,6148.828749364469,True,tilde_q_mu,asymptotic,default,sidak_approx,observed,7.9**2 * RBF(length_scale=0.315),0.0295040857789749,0.4023284424405671,0.1089510572554845,0.3146804957564637,0.0268218961627044,62.425636607644215,1640.3938038327872,399,68,331,416,17,0.04,0.3,0.000625,1.0,1e-08,1e+18,False,False,False,False,12,1.1,15.0,11.73222406975176,12.33311252969984,168.17880722317963,131.5407633417286,study_results/v4p2_followups_20260806/pseudo65/gp_window_ensemble_20260806/runs/window_3p0/draw_00/attempt_01/results_single.csv,1,1,1,1,single_attempt_outside_55_75MeV,False,,,,,,,window_3p0,0
2021,0.089,0.002406090875,0.08358629553125,0.09441370446875,1725874782.225614,1.64,0.085054010965,0.092945989035,0.00789197807,0.0,1.0,8000,0.000125,True,7853.030153779513,1.6601903967750749e-06,0.5,0.0,-5099.550235757112,6084.320326900386,True,tilde_q_mu,asymptotic,default,sidak_approx,observed,8.11**2 * RBF(length_scale=0.318),0.0293433209056615,0.4001361941681125,0.1083573936168872,0.3175936555624346,0.0266757462778741,65.77157473878258,1638.9085258695616,399,70,329,416,17,0.04,0.3,0.000625,1.0,1e-08,1e+18,False,False,False,False,12,1.1,15.0,11.905708363475412,12.1954333523091,166.3013638951241,131.9957025989031,study_results/v4p2_followups_20260806/pseudo65/gp_window_ensemble_20260806/runs/window_3p0/draw_00/attempt_01/results_single.csv,1,1,1,1,single_attempt_outside_55_75MeV,False,,,,,,,window_3p0,0
2021,0.09,0.0024200875,0.084554803125,0.095445196875,1707421799.183081,1.64,0.0860310565,0.0939689435,0.007937887,0.0,1.0,8000,0.000125,True,8940.10769470653,1.889206108604776e-06,0.5,0.0,-2054.169228805558,6088.532617512258,True,tilde_q_mu,asymptotic,default,sidak_approx,observed,8.17**2 * RBF(length_scale=0.318),0.0291881500637943,0.3980202281426503,0.1077843873084286,0.3181728429193218,0.0265346818761766,66.80701039385684,1633.9295814314196,398,71,327,416,18,0.04,0.3,0.000625,1.0,1e-08,1e+18,False,False,False,False,12,1.1,15.0,11.990829375835974,12.060782952597524,164.46522208087532,131.47162774871646,study_results/v4p2_followups_20260806/pseudo65/gp_window_ensemble_20260806/runs/window_3p0/draw_00/attempt_01/results_single.csv,1,1,1,1,single_attempt_outside_55_75MeV,False,,,,,,,window_3p0,0
2021,0.091,0.002434255875,0.08552292428125,0.09647707571875,1688209960.037576,1.64,0.087007820365,0.094992179635,0.0079843592699999,0.0,1.0,8000,0.000125,True,11090.66914612718,2.344281829124815e-06,0.3659461242497537,0.3426095076032841,1903.143578996808,6000.305347721503,True,tilde_q_mu,asymptotic,default,sidak_approx,observed,8.17**2 * RBF(length_scale=0.318),0.0290383904062669,0.3959780509945498,0.1072313631224206,0.3177345760261942,0.0263985367329699,66.7992632411579,1640.7020310599412,399,73,326,416,17,0.04,0.3,0.000625,1.0,1e-08,1e+18,False,False,False,False,12,1.1,15.0,12.036067727548142,11.929062472229626,162.66903371222216,130.52636712900784,study_results/v4p2_followups_20260806/pseudo65/gp_window_ensemble_20260806/runs/window_3p0/draw_00/attempt_01/results_single.csv,1,1,1,1,single_attempt_outside_55_75MeV,False,,,,,,,window_3p0,0
2021,0.092,0.002448596,0.086490659,0.097509341,1668257878.789034,1.64,0.08798430256,0.0960156974399999,0.0080313948799999,0.0,1.0,8000,0.000125,True,12382.122116545774,2.619774997141078e-06,0.2708801510616633,0.6101532392635136,3658.045995868301,5995.572984522336,True,tilde_q_mu,asymptotic,default,sidak_approx,observed,8.19**2 * RBF(length_scale=0.319),0.0288938669580575,0.3940072767007851,0.1066976749207735,0.3191199351215442,0.0262671517800523,67.0377993370713,1637.513713532535,398,74,324,416,18,0.04,0.3,0.000625,1.0,1e-08,1e+18,False,False,False,False,12,1.1,15.0,12.149011731218172,11.800177308979343,160.9115087588092,130.3277205065859,study_results/v4p2_followups_20260806/pseudo65/gp_window_ensemble_20260806/runs/window_3p0/draw_00/attempt_01/results_single.csv,1,1,1,1,single_attempt_outside_55_75MeV,False,,,,,,,window_3p0,0
2021,0.093,0.002463107875,0.08745800728125,0.09854199271875,1647188801.3305027,1.64,0.088960503085,0.097039496915,0.0080789938299999,0.0,1.0,8000,0.000125,True,12593.39686612667,2.669540305539282e-06,0.2470569622460295,0.683780274148104,4037.236536379719,5944.708760040389,True,tilde_q_mu,asymptotic,default,sidak_approx,observed,8.23**2 * RBF(length_scale=0.32),0.0287544121970801,0.3921056208692741,0.106182704087187,0.3201156010702711,0.0261403747246182,67.81395023708673,1638.1597091748754,398,76,322,416,18,0.04,0.3,0.000625,1.0,1e-08,1e+18,False,False,False,False,12,1.1,15.0,12.246021889226984,11.674036890113918,159.19141213791704,129.96410117452575,study_results/v4p2_followups_20260806/pseudo65/gp_window_ensemble_20260806/runs/window_3p0/draw_00/attempt_01/results_single.csv,1,1,1,1,single_attempt_outside_55_75MeV,False,,,,,,,window_3p0,0
2021,0.094,0.0024777915,0.088424969125,0.099575030875,1625450307.8031468,1.64,0.08993642194,0.09806357806,0.00812715612,0.0,1.0,8000,0.000125,True,11486.381310823344,2.441190103901776e-06,0.3242100569428499,0.4559580927297427,2686.0422887871564,5890.4768536571855,True,tilde_q_mu,asymptotic,default,sidak_approx,observed,8.37**2 * RBF(length_scale=0.321),0.0286198656615447,0.3902708953847011,0.1056858580772325,0.3208580834820642,0.0260180596923134,69.98292676033786,1634.352222216155,398,77,321,416,18,0.04,0.3,0.000625,1.0,1e-08,1e+18,False,False,False,False,12,1.1,15.0,12.332129577550944,11.550554460108833,157.50756081966588,129.49357663147373,study_results/v4p2_followups_20260806/pseudo65/gp_window_ensemble_20260806/runs/window_3p0/draw_00/attempt_01/results_single.csv,1,1,1,1,single_attempt_outside_55_75MeV,False,,,,,,,window_3p0,0
2021,0.095,0.002492646875,0.08939154453125,0.10060845546875,1603496027.5520115,1.64,0.090912059125,0.099087940875,0.00817588175,0.0,1.0,8000,0.000125,True,10135.797866611529,2.160659688889894e-06,0.4475399571751486,0.1318791071536959,774.6623979149058,5866.491015846794,True,tilde_q_mu,asymptotic,default,sidak_approx,observed,8.18**2 * RBF(length_scale=0.318),0.0284900735818755,0.3885010033892122,0.1052065690591188,0.3181070019758356,0.0259000668926141,66.92323576594457,1635.0023225938469,398,79,319,416,18,0.04,0.3,0.000625,1.0,1e-08,1e+18,False,False,False,False,12,1.1,15.0,12.282091907127445,11.429646881640853,155.85882111328436,127.61815769665957,study_results/v4p2_followups_20260806/pseudo65/gp_window_ensemble_20260806/runs/window_3p0/draw_00/attempt_01/results_single.csv,1,1,1,1,single_attempt_outside_55_75MeV,False,,,,,,,window_3p0,0
2021,0.096,0.002507674,0.0903577335,0.1016422665,1581239228.7143855,1.64,0.09188741464,0.10011258536,0.00822517072,0.0,1.0,8000,0.000125,True,8490.80076528536,1.816350924266491e-06,0.5,0.0,-2058.761486870453,5811.383139115522,True,tilde_q_mu,asymptotic,default,sidak_approx,observed,8.22**2 * RBF(length_scale=0.319),0.0283648885354218,0.3867939345739346,0.1047442926386298,0.3185989043177997,0.0257862623049289,67.61956714740091,1635.265080192312,398,81,317,416,18,0.04,0.3,0.000625,1.0,1e-08,1e+18,False,False,False,False,12,1.1,15.0,12.355373591964913,11.311234448904392,154.24410612142353,127.04957036592464,study_results/v4p2_followups_20260806/pseudo65/gp_window_ensemble_20260806/runs/window_3p0/draw_00/attempt_01/results_single.csv,1,1,1,1,single_attempt_outside_55_75MeV,False,,,,,,,window_3p0,0
2021,0.097,0.002522872875,0.09132353603125,0.10267646396875,1558363770.3660083,1.64,0.092862488485,0.101137511515,0.0082750230299999,0.0,1.0,8000,0.000125,True,7768.71750779802,1.6688936968952425e-06,0.5,0.0,-3728.1483191561424,5759.112328404886,True,tilde_q_mu,asymptotic,default,sidak_approx,observed,8.26**2 * RBF(length_scale=0.319),0.02824416912233,0.3851477607590459,0.104298506662201,0.3193167567373784,0.0256765173839363,68.20756140270409,1635.1658557279552,398,82,316,416,18,0.04,0.3,0.000625,1.0,1e-08,1e+18,False,False,False,False,12,1.1,15.0,12.43613968213414,11.195240712368449,152.66237335047882,126.56870661284448,study_results/v4p2_followups_20260806/pseudo65/gp_window_ensemble_20260806/runs/window_3p0/draw_00/attempt_01/results_single.csv,1,1,1,1,single_attempt_outside_55_75MeV,False,,,,,,,window_3p0,0
2021,0.098,0.0025382435,0.092288952125,0.103711047875,1534811175.2125387,1.64,0.09383728066,0.10216271934,0.0083254386799999,0.0,1.0,8000,0.000125,True,7730.951034313217,1.6690594892102098e-06,0.5,0.0,-3589.349097054846,5705.664581303386,True,tilde_q_mu,asymptotic,default,sidak_approx,observed,8.29**2 * RBF(length_scale=0.32),0.0281277796610786,0.3835606317419815,0.1038687100926096,0.3199179784133343,0.0255707087827987,68.69999982397468,1635.4056785291805,398,84,314,416,18,0.04,0.3,0.000625,1.0,1e-08,1e+18,False,False,False,False,12,1.1,15.0,12.511111097105797,11.081592314164752,151.11262246588296,126.03912052304447,study_results/v4p2_followups_20260806/pseudo65/gp_window_ensemble_20260806/runs/window_3p0/draw_00/attempt_01/results_single.csv,1,1,1,1,single_attempt_outside_55_75MeV,False,,,,,,,window_3p0,0
2021,0.099,0.002553785875,0.09325398178125,0.10474601821875,1511028905.8514876,1.64,0.094811791165,0.103188208835,0.0083764176699999,0.0,1.0,8000,0.000125,True,8397.444812411177,1.8228843373133403e-06,0.5,0.0,-1853.7983515010103,5699.401620750233,True,tilde_q_mu,asymptotic,default,sidak_approx,observed,8.26**2 * RBF(length_scale=0.32),0.0280155899022987,0.3820307713949833,0.1034544219521848,0.3195820298670792,0.0254687180929988,68.23859985205887,1630.0182985929246,397,85,312,416,19,0.04,0.3,0.000625,1.0,1e-08,1e+18,False,False,False,False,12,1.1,15.0,12.548021800709682,10.970218833361969,149.59389318220866,125.14049552689264,study_results/v4p2_followups_20260806/pseudo65/gp_window_ensemble_20260806/runs/window_3p0/draw_00/attempt_01/results_single.csv,1,1,1,1,single_attempt_outside_55_75MeV,False,,,,,,,window_3p0,0
2021,0.1,0.0025695,0.094218625,0.105781375,1487397833.440122,1.64,0.09578602,0.10421398,0.00842796,0.0,1.0,8000,0.000125,True,9233.48158609374,2.0158502410792216e-06,0.5,0.0,28.34226756299851,5608.723196559235,True,tilde_q_mu,asymptotic,default,sidak_approx,observed,8.25**2 * RBF(length_scale=0.32),0.027907474759607,0.3805564739946421,0.1030551803288439,0.3197910200159648,0.0253704315996428,68.08393387385713,1636.4446584779598,398,87,311,416,18,0.04,0.3,0.000625,1.0,1e-08,1e+18,False,False,False,False,12,1.1,15.0,12.604871098072577,10.861052640438642,148.10526327870872,124.45651683828169,study_results/v4p2_followups_20260806/pseudo65/gp_window_ensemble_20260806/runs/window_3p0/draw_00/attempt_01/results_single.csv,1,1,1,1,single_attempt_outside_55_75MeV,False,,,,,,,window_3p0,0
2021,0.101,0.002585385875,0.09518288178125,0.10681711821875,1463545807.7925766,1.64,0.096759967165,0.105240032835,0.00848006567,0.0,1.0,8000,0.000125,True,10326.2355701458,2.2684763532648194e-06,0.3773212236575755,0.3125238409484848,1749.313179758809,5598.2124429167025,True,tilde_q_mu,asymptotic,default,sidak_approx,observed,8.28**2 * RBF(length_scale=0.32),0.0278033140562975,0.3791361007676941,0.1026705414406892,0.3204463437592108,0.0252757400511796,68.55311472748932,1630.7147854813466,397,88,309,416,19,0.04,0.3,0.000625,1.0,1e-08,1e+18,False,False,False,False,12,1.1,15.0,12.678020232458268,10.754028760328694,146.64584673175492,123.94526745807752,study_results/v4p2_followups_20260806/pseudo65/gp_window_ensemble_20260806/runs/window_3p0/draw_00/attempt_01/results_single.csv,1,1,1,1,single_attempt_outside_55_75MeV,False,,,,,,,window_3p0,0
2021,0.102,0.0026014435,0.096146752125,0.1078532478749999,1439773239.9828668,1.64,0.09773363266,0.1062663673399999,0.0085327346799999,0.0,1.0,8000,0.000125,True,10765.78556520296,2.380517498063666e-06,0.3253497793095989,0.4527905644065551,2465.3913972158443,5548.831753535896,True,tilde_q_mu,asymptotic,default,sidak_approx,observed,8.36**2 * RBF(length_scale=0.321),0.0277029922867878,0.3777680766380165,0.1023000787550902,0.3210960180823465,0.0251845384425344,69.95001270384034,1631.0607345111484,397,90,307,416,19,0.04,0.3,0.000625,1.0,1e-08,1e+18,False,False,False,False,12,1.1,15.0,12.749728124460844,10.649084743446428,145.21479195608765,123.42994113935072,study_results/v4p2_followups_20260806/pseudo65/gp_window_ensemble_20260806/runs/window_3p0/draw_00/attempt_01/results_single.csv,1,1,1,1,single_attempt_outside_55_75MeV,False,,,,,,,window_3p0,0
2021,0.103,0.002617672875,0.0971102360312499,0.10888976396875,1415306075.6792226,1.64,0.098707016485,0.107292983515,0.00858596703,0.0,1.0,8000,0.000125,True,11839.399669161869,2.6373150180403224e-06,0.2360775772428467,0.7189768972093997,3948.948101961056,5514.370054368262,True,tilde_q_mu,asymptotic,default,sidak_approx,observed,8.19**2 * RBF(length_scale=0.319),0.0276063983918545,0.3764508871616523,0.1019433821586847,0.3190685303970567,0.0250967258107768,67.02764615023872,1629.4115764661783,397,91,306,416,19,0.04,0.3,0.000625,1.0,1e-08,1e+18,False,False,False,False,12,1.1,15.0,12.713552070606957,10.546160544164444,143.81128014769695,121.89014656655932,study_results/v4p2_followups_20260806/pseudo65/gp_window_ensemble_20260806/runs/window_3p0/draw_00/attempt_01/results_single.csv,1,1,1,1,single_attempt_outside_55_75MeV,False,,,,,,,window_3p0,0
2021,0.104,0.002634074,0.0980733335,0.1099266664999999,1390650623.4117515,1.64,0.09968011864,0.10831988136,0.00863976272,0.0,1.0,8000,0.000125,True,12409.546350577302,2.7862780487502458e-06,0.1935029475793832,0.8650599318894027,4741.426087942554,5477.967504863689,True,tilde_q_mu,asymptotic,default,sidak_approx,observed,8.08**2 * RBF(length_scale=0.318),0.0275134255467139,0.3751830756370089,0.1016000571748166,0.3179525960188546,0.0250122050424672,65.36118045714993,1629.877173575003,397,93,304,416,19,0.04,0.3,0.000625,1.0,1e-08,1e+18,False,False,False,False,12,1.1,15.0,12.711897870620168,10.445198406238394,142.4345237214326,120.7075412531518,study_results/v4p2_followups_20260806/pseudo65/gp_window_ensemble_20260806/runs/window_3p0/draw_00/attempt_01/results_single.csv,1,1,1,1,single_attempt_outside_55_75MeV,False,,,,,,,window_3p0,0
2021,0.105,0.002650646875,0.0990360445312499,0.11096395546875,1366191403.4118524,1.64,0.100652939125,0.109347060875,0.00869412175,0.0,1.0,8000,0.000125,True,12091.141334682889,2.7370729488045167e-06,0.212130418316313,0.7990510065343442,4376.729737299963,5466.511908422536,True,tilde_q_mu,asymptotic,default,sidak_approx,observed,8.08**2 * RBF(length_scale=0.318),0.0274239709611162,0.3739632403788584,0.1012697242253318,0.3178980869579234,0.0249308826919238,65.27440878729591,1624.5417182211386,396,94,302,416,20,0.04,0.3,0.000625,1.0,1e-08,1e+18,False,False,False,False,12,1.1,15.0,12.751176558257333,10.346142754725216,141.08376483716202,119.93226632948738,study_results/v4p2_followups_20260806/pseudo65/gp_window_ensemble_20260806/runs/window_3p0/draw_00/attempt_01/results_single.csv,1,1,1,1,single_attempt_outside_55_75MeV,False,,,,,,,window_3p0,0
2021,0.106,0.0026673915,0.099998369125,0.112001630875,1341676381.151068,1.64,0.10162547794,0.11037452206,0.0087490441199999,0.0,1.0,8000,0.000125,True,11186.52741037857,2.5542392449286265e-06,0.2650612440289034,0.6278190455990295,3394.283647503835,5375.376760416325,True,tilde_q_mu,asymptotic,default,sidak_approx,observed,8.25**2 * RBF(length_scale=0.32),0.0273379356906521,0.3727900321452559,0.1009520179337844,0.3198937915515713,0.0248526688096837,68.07865549730171,1627.582109777617,397,96,301,416,19,0.04,0.3,0.000625,1.0,1e-08,1e+18,False,False,False,False,12,1.1,15.0,12.871607230645834,10.248940093965247,139.758274008617,119.92757401812644,study_results/v4p2_followups_20260806/pseudo65/gp_window_ensemble_20260806/runs/window_3p0/draw_00/attempt_01/results_single.csv,1,1,1,1,single_attempt_outside_55_75MeV,False,,,,,,,window_3p0,0
2021,0.107,0.002684307875,0.10096030728125,0.11303969271875,1317225676.2626095,1.64,0.102597735085,0.111402264915,0.0088045298299999,0.0,1.0,8000,0.000125,True,10500.056681148017,2.41917675106672e-06,0.3152720436154322,0.4809611828619992,2573.732375440146,5331.2043188136995,True,tilde_q_mu,asymptotic,default,sidak_approx,observed,8.23**2 * RBF(length_scale=0.32),0.0272552244585561,0.3716621517075835,0.1006465864674015,0.3195334165659191,0.0247774767805055,67.70815676872293,1627.8943648124614,397,98,299,416,19,0.04,0.3,0.000625,1.0,1e-08,1e+18,False,False,False,False,12,1.1,15.0,12.896124145188251,10.153538911238387,138.45734878961437,119.0375439202998,study_results/v4p2_followups_20260806/pseudo65/gp_window_ensemble_20260806/runs/window_3p0/draw_00/attempt_01/results_single.csv,1,1,1,1,single_attempt_outside_55_75MeV,False,,,,,,,window_3p0,0
2021,0.108,0.002701396,0.101921859,0.114078141,1292640439.8447058,1.64,0.10356971056,0.11243028944,0.0088605788799999,0.0,1.0,8000,0.000125,True,9469.61425157362,2.202676488885348e-06,0.4530353254013832,0.1179962227265274,1136.9302841067386,5323.517130650679,True,tilde_q_mu,asymptotic,default,sidak_approx,observed,8.19**2 * RBF(length_scale=0.319),0.0271757454873275,0.3705783475544666,0.1003530909153006,0.3189112917731875,0.0247052231702977,67.10221219410174,1623.876647146768,396,99,297,416,20,0.04,0.3,0.000625,1.0,1e-08,1e+18,False,False,False,False,12,1.1,15.0,12.90865860935041,10.059889585728104,137.18031253265593,118.05425482720324,study_results/v4p2_followups_20260806/pseudo65/gp_window_ensemble_20260806/runs/window_3p0/draw_00/attempt_01/results_single.csv,1,1,1,1,single_attempt_outside_55_75MeV,False,,,,,,,window_3p0,0
2021,0.109,0.002718655875,0.10288302428125,0.11511697571875,1268214292.8765628,1.64,0.104541404365,0.1134585956349999,0.0089171912699999,0.0,1.0,8000,0.000125,True,8757.15747264347,2.0571404317052523e-06,0.4830192961203803,0.0425771730649033,219.7022290836227,5237.65722177053,True,tilde_q_mu,asymptotic,default,sidak_approx,observed,8.21**2 * RBF(length_scale=0.319),0.0270994103395402,0.3695374137210039,0.1000712047006427,0.3193897387759181,0.0246358275814002,67.41538378556872,1629.9556286247523,397,101,296,416,19,0.04,0.3,0.000625,1.0,1e-08,1e+18,False,False,False,False,12,1.1,15.0,12.964441227744803,9.967944302454349,135.92651321528655,117.48075279145736,study_results/v4p2_followups_20260806/pseudo65/gp_window_ensemble_20260806/runs/window_3p0/draw_00/attempt_01/results_single.csv,1,1,1,1,single_attempt_outside_55_75MeV,False,,,,,,,window_3p0,0
2021,0.11,0.0027360875,0.103843803125,0.116156196875,1243647528.4440663,1.64,0.1055128165,0.1144871835,0.008974367,0.0,1.0,8000,0.000125,True,7921.133569132357,1.880257208632831e-06,0.5,0.0,-1245.3351338767684,5229.143253313057,True,tilde_q_mu,asymptotic,default,sidak_approx,observed,8.17**2 * RBF(length_scale=0.319),0.0270261337672677,0.3685381877354698,0.0998006130245964,0.3186290613818175,0.0245692125156979,66.77703578535974,1624.4121607564148,396,102,294,416,20,0.04,0.3,0.000625,1.0,1e-08,1e+18,False,False,False,False,12,1.1,15.0,12.968631419433413,9.87765697086361,134.69532232995832,116.45426594793386,study_results/v4p2_followups_20260806/pseudo65/gp_window_ensemble_20260806/runs/window_3p0/draw_00/attempt_01/results_single.csv,1,1,1,1,single_attempt_outside_55_75MeV,False,,,,,,,window_3p0,0
2021,0.111,0.002753690875,0.10480419553125,0.11719580446875,1219296431.1209323,1.64,0.106483946965,0.115516053035,0.0090321060699999,0.0,1.0,8000,0.000125,True,7365.854500393754,1.767302030860554e-06,0.4999026019832914,0.000244140625,-2350.0566037567887,5181.936326253911,True,tilde_q_mu,asymptotic,default,sidak_approx,observed,8.14**2 * RBF(length_scale=0.318),0.0269558335695793,0.3675795486760824,0.0995410123401082,0.3181167585235863,0.0245053032450721,66.25864947158517,1624.3074550502415,396,104,292,416,20,0.04,0.3,0.000625,1.0,1e-08,1e+18,False,False,False,False,12,1.1,15.0,12.981547518191078,9.788983147783204,133.4861338334073,115.52377262519938,study_results/v4p2_followups_20260806/pseudo65/gp_window_ensemble_20260806/runs/window_3p0/draw_00/attempt_01/results_single.csv,1,1,1,1,single_attempt_outside_55_75MeV,False,,,,,,,window_3p0,0
2021,0.112,0.002771466,0.1057642015,0.1182357985,1195083180.8359652,1.64,0.10745479576,0.11654520424,0.00909040848,0.0,1.0,8000,0.000125,True,6755.761432496471,1.6389966650465186e-06,0.5,0.0,-3920.785717453196,5144.580051669147,True,tilde_q_mu,asymptotic,default,sidak_approx,observed,8.02**2 * RBF(length_scale=0.316),0.0268884304576102,0.3666604153310482,0.0992921098536402,0.3163061113697998,0.0244440276887365,64.38290060072069,1625.1722281414154,396,105,291,416,20,0.04,0.3,0.000625,1.0,1e-08,1e+18,False,False,False,False,12,1.1,15.0,12.940016080719346,9.70187996447014,132.29836315186554,114.12952977586583,study_results/v4p2_followups_20260806/pseudo65/gp_window_ensemble_20260806/runs/window_3p0/draw_00/attempt_01/results_single.csv,1,1,1,1,single_attempt_outside_55_75MeV,False,,,,,,,window_3p0,0
2021,0.113,0.002789412875,0.10672382103125,0.11927617896875,1171074447.656905,1.64,0.108425362885,0.117574637115,0.00914927423,0.0,1.0,8000,0.000125,True,6578.105230078107,1.6142016623784184e-06,0.5,0.0,-4227.151559269456,5091.994528158257,True,tilde_q_mu,asymptotic,default,sidak_approx,observed,8.09**2 * RBF(length_scale=0.317),0.0268238479267369,0.3657797444555033,0.0990536230531478,0.3170772606368942,0.0243853162970335,65.36723807566754,1625.4045834570688,396,107,289,416,20,0.04,0.3,0.000625,1.0,1e-08,1e+18,False,False,False,False,12,1.1,15.0,13.002794664404917,9.616306057502122,131.1314462386653,113.67168463252116,study_results/v4p2_followups_20260806/pseudo65/gp_window_ensemble_20260806/runs/window_3p0/draw_00/attempt_01/results_single.csv,1,1,1,1,single_attempt_outside_55_75MeV,False,,,,,,,window_3p0,0
2021,0.114,0.0028075315,0.107683054125,0.120316945875,1146935681.7505815,1.64,0.10939564834,0.11860435166,0.00920870332,0.0,1.0,8000,0.000125,True,6456.544606750227,1.6035265773556051e-06,0.5,0.0,-4542.35892893635,5071.583074785653,True,tilde_q_mu,asymptotic,default,sidak_approx,observed,8.08**2 * RBF(length_scale=0.317),0.0267620121354335,0.3649365291195483,0.0988252792607253,0.3172576352216071,0.0243291019413032,65.28904764668508,1620.244879346645,395,108,287,416,21,0.04,0.3,0.000625,1.0,1e-08,1e+18,False,False,False,False,12,1.1,15.0,13.0402526154491,9.532221503279144,129.9848386810792,113.00234217197816,study_results/v4p2_followups_20260806/pseudo65/gp_window_ensemble_20260806/runs/window_3p0/draw_00/attempt_01/results_single.csv,1,1,1,1,single_attempt_outside_55_75MeV,False,,,,,,,window_3p0,0
2021,0.115,0.002825821875,0.10864190078125,0.12135809921875,1123372222.1676126,1.64,0.110365652125,0.119634347875,0.00926869575,0.0,1.0,8000,0.000125,True,6361.598087115342,1.5990595177738627e-06,0.5,0.0,-4443.7377386742955,4990.963314961478,True,tilde_q_mu,asymptotic,default,sidak_approx,observed,8.11**2 * RBF(length_scale=0.318),0.026702851790388,0.3641297971416546,0.0986068152083701,0.317690375083598,0.0242753198094436,65.80506717332699,1625.2768478795097,396,110,286,416,20,0.04,0.3,0.000625,1.0,1e-08,1e+18,False,False,False,False,12,1.1,15.0,13.086969711517842,9.4495877559119,128.85801485334406,112.42406249813531,study_results/v4p2_followups_20260806/pseudo65/gp_window_ensemble_20260806/runs/window_3p0/draw_00/attempt_01/results_single.csv,1,1,1,1,single_attempt_outside_55_75MeV,False,,,,,,,window_3p0,0
2021,0.116,0.002844284,0.109600361,0.122399639,1099793946.70252,1.64,0.11133537424,0.12066462576,0.0093292515199999,0.0,1.0,8000,0.000125,True,6364.129717668709,1.619905317272358e-06,0.5,0.0,-4379.834824313321,4978.966413118464,True,tilde_q_mu,asymptotic,default,sidak_approx,observed,8.04**2 * RBF(length_scale=0.317),0.0266462980375249,0.3633586096026131,0.0983979766355584,0.3166969264049714,0.0242239073068408,64.61331401242636,1619.8165868820342,395,111,284,416,21,0.04,0.3,0.000625,1.0,1e-08,1e+18,False,False,False,False,12,1.1,15.0,13.07373424086442,9.368367588301648,127.75046711320428,111.34504374562152,study_results/v4p2_followups_20260806/pseudo65/gp_window_ensemble_20260806/runs/window_3p0/draw_00/attempt_01/results_single.csv,1,1,1,1,single_attempt_outside_55_75MeV,False,,,,,,,window_3p0,0
2021,0.117,0.002862917875,0.11055843478125,0.12344156521875,1076409135.485572,1.64,0.112304814685,0.121695185315,0.00939037063,0.0,1.0,8000,0.000125,True,6683.794116108265,1.723374842880892e-06,0.5,0.0,-3052.581626141088,4921.744286280878,True,tilde_q_mu,asymptotic,default,sidak_approx,observed,8.17**2 * RBF(length_scale=0.318),0.0265922843585697,0.3626220594350426,0.0981985179072823,0.3184175114205512,0.0241748039623361,66.75160754738914,1620.5581142646324,395,113,282,416,21,0.04,0.3,0.000625,1.0,1e-08,1e+18,False,False,False,False,12,1.1,15.0,13.171461986481416,9.288525036216694,126.66170503931852,111.2213222045537,study_results/v4p2_followups_20260806/pseudo65/gp_window_ensemble_20260806/runs/window_3p0/draw_00/attempt_01/results_single.csv,1,1,1,1,single_attempt_outside_55_75MeV,False,,,,,,,window_3p0,0
2021,0.118,0.0028817235,0.1115161221249999,0.124483877875,1053178929.4199272,1.64,0.11327397346,0.1227260265399999,0.0094520530799999,0.0,1.0,8000,0.000125,True,7175.043856035879,1.8748231736583315e-06,0.5,0.0,-1595.1692724222976,4874.585985369494,True,tilde_q_mu,asymptotic,default,sidak_approx,observed,8.18**2 * RBF(length_scale=0.318),0.0265407464728296,0.3619192700840412,0.0980082016513522,0.3182861108955173,0.024127951338936,66.89356375470138,1621.7858943630204,395,114,281,416,21,0.04,0.3,0.000625,1.0,1e-08,1e+18,False,False,False,False,12,1.1,15.0,13.191592871869249,9.21002534519002,125.59125470713664,110.44991335758526,study_results/v4p2_followups_20260806/pseudo65/gp_window_ensemble_20260806/runs/window_3p0/draw_00/attempt_01/results_single.csv,1,1,1,1,single_attempt_outside_55_75MeV,False,,,,,,,window_3p0,0
2021,0.119,0.002900700875,0.1124734230312499,0.12552657696875,1030627124.242168,1.64,0.114242850565,0.1237571494349999,0.0095142988699999,0.0,1.0,8000,0.000125,True,7815.21653021983,2.0692473501841653e-06,0.5,0.0,-220.9661261010321,4829.545787515335,True,tilde_q_mu,asymptotic,default,sidak_approx,observed,8.18**2 * RBF(length_scale=0.319),0.0264916222438949,0.3612493942349304,0.0978267984138683,0.3185479800928526,0.0240832929489953,66.89474151841863,1624.2215950405289,395,116,279,416,21,0.04,0.3,0.000625,1.0,1e-08,1e+18,False,False,False,False,12,1.1,15.0,13.226927927484306,9.13283492007596,124.53865800103584,109.81759023768784,study_results/v4p2_followups_20260806/pseudo65/gp_window_ensemble_20260806/runs/window_3p0/draw_00/attempt_01/results_single.csv,1,1,1,1,single_attempt_outside_55_75MeV,False,,,,,,,window_3p0,0
2021,0.12,0.00291985,0.1134303374999999,0.1265696624999999,1008026180.837055,1.64,0.115211446,0.124788554,0.009577108,0.0,1.0,8000,0.000125,True,8494.004487916201,2.2802336491010487e-06,0.4220766664254408,0.196583692806099,916.697418863006,4808.423539312376,True,tilde_q_mu,asymptotic,default,sidak_approx,observed,8.18**2 * RBF(length_scale=0.319),0.0264448515909636,0.3606116126040493,0.0976540863317667,0.3186825654649432,0.0240407741736032,66.86467575707798,1619.0213418065414,394,117,277,416,22,0.04,0.3,0.000625,1.0,1e-08,1e+18,False,False,False,False,12,1.1,15.0,13.255919429369124,9.05692127710794,123.5034719605628,109.14347157043797,study_results/v4p2_followups_20260806/pseudo65/gp_window_ensemble_20260806/runs/window_3p0/draw_00/attempt_01/results_single.csv,1,1,1,1,single_attempt_outside_55_75MeV,False,,,,,,,window_3p0,0
2021,0.121,0.002939170875,0.1143868655312499,0.12761313446875,985440224.1699862,1.64,0.116179759765,0.125820240235,0.0096404804699999,0.0,1.0,8000,0.000125,True,9109.51567993377,2.480844559883743e-06,0.33693957382433,0.420830103732769,1987.020684739104,4734.6730796419615,True,tilde_q_mu,asymptotic,default,sidak_approx,observed,8.23**2 * RBF(length_scale=0.319),0.0264003764045369,0.3600051327891407,0.0974898508215015,0.3191850861556055,0.0240003421859427,67.6843413787285,1623.2723576811177,395,119,276,416,21,0.04,0.3,0.000625,1.0,1e-08,1e+18,False,False,False,False,12,1.1,15.0,13.299188973337056,8.982252998317762,122.48526815887854,108.59698184631932,study_results/v4p2_followups_20260806/pseudo65/gp_window_ensemble_20260806/runs/window_3p0/draw_00/attempt_01/results_single.csv,1,1,1,1,single_attempt_outside_55_75MeV,False,,,,,,,window_3p0,0
2021,0.122,0.0029586635,0.115343007125,0.128656992875,963312661.4875358,1.64,0.11714779186,0.12685220814,0.00970441628,0.0,1.0,8000,0.000125,True,9672.543657597951,2.6725972760488364e-06,0.267514010924425,0.6203490296953412,2862.8108467911866,4693.721036857711,True,tilde_q_mu,asymptotic,default,sidak_approx,observed,8.17**2 * RBF(length_scale=0.318),0.0263581404662262,0.3594291881758127,0.0973338842829142,0.3182520985811073,0.0239619458783875,66.77227124257361,1624.2527821673348,395,121,274,416,21,0.04,0.3,0.000625,1.0,1e-08,1e+18,False,False,False,False,12,1.1,15.0,13.281563200096992,8.908799688178892,121.48363211153033,107.56616917777482,study_results/v4p2_followups_20260806/pseudo65/gp_window_ensemble_20260806/runs/window_3p0/draw_00/attempt_01/results_single.csv,1,1,1,1,single_attempt_outside_55_75MeV,False,,,,,,,window_3p0,0
2021,0.123,0.002978327875,0.11629876228125,0.12970123771875,941612336.1342888,1.64,0.118115542285,0.127884457715,0.00976891543,0.0,1.0,8000,0.000125,True,9573.239868418214,2.6841180451660138e-06,0.2770510586491265,0.5916244205203625,2759.987903975224,4668.960988897762,True,tilde_q_mu,asymptotic,default,sidak_approx,observed,8.25**2 * RBF(length_scale=0.319),0.026318089372443,0.3588830368969509,0.0971859858174404,0.3194167842132944,0.02392553579313,68.06603276492797,1619.8106840794867,394,122,272,416,22,0.04,0.3,0.000625,1.0,1e-08,1e+18,False,False,False,False,12,1.1,15.0,13.35045480172742,8.836531932349143,120.49816271385194,107.24701833349845,study_results/v4p2_followups_20260806/pseudo65/gp_window_ensemble_20260806/runs/window_3p0/draw_00/attempt_01/results_single.csv,1,1,1,1,single_attempt_outside_55_75MeV,False,,,,,,,window_3p0,0
2021,0.124,0.002998164,0.117254131,0.130745869,920037116.668702,1.64,0.1190830110399999,0.12891698896,0.00983397792,0.0,1.0,8000,0.000125,True,9220.834374666676,2.6245999117837105e-06,0.297777226792452,0.5308042226721158,2441.507527668621,4598.954496730729,True,tilde_q_mu,asymptotic,default,sidak_approx,observed,8.22**2 * RBF(length_scale=0.319),0.0262801704617562,0.3583659608421308,0.0970459609598579,0.3189405091842252,0.023891064056142,67.63882469529447,1626.0912169338867,395,124,271,416,21,0.04,0.3,0.000625,1.0,1e-08,1e+18,False,False,False,False,12,1.1,15.0,13.34978251427986,8.765421258395557,119.52847170539395,106.37860676875088,study_results/v4p2_followups_20260806/pseudo65/gp_window_ensemble_20260806/runs/window_3p0/draw_00/attempt_01/results_single.csv,1,1,1,1,single_attempt_outside_55_75MeV,False,,,,,,,window_3p0,0
2021,0.125,0.003018171875,0.11820911328125,0.13179088671875,898531012.9433209,1.64,0.120050198125,0.129949801875,0.00989960375,0.0,1.0,8000,0.000125,True,9268.497044380249,2.67969985884096e-06,0.2898804974453107,0.5537338655760574,2540.136462436045,4587.602981161553,True,tilde_q_mu,asymptotic,default,sidak_approx,observed,8.12**2 * RBF(length_scale=0.317),0.0262443327457108,0.3578772647142392,0.0969136214228183,0.3171379451324682,0.0238584843142826,65.92728153311349,1621.6539937705647,394,125,269,416,22,0.04,0.3,0.000625,1.0,1e-08,1e+18,False,False,False,False,12,1.1,15.0,13.29245986270038,8.695440098390975,118.57418315987692,105.07617136034315,study_results/v4p2_followups_20260806/pseudo65/gp_window_ensemble_20260806/runs/window_3p0/draw_00/attempt_01/results_single.csv,1,1,1,1,single_attempt_outside_55_75MeV,False,,,,,,,window_3p0,0
2021,0.126,0.0030383515,0.119163709125,0.132836290875,877660484.0400469,1.64,0.12101710354,0.13098289646,0.0099657929199999,0.0,1.0,8000,0.000125,True,8824.009498633382,2.5911275910469865e-06,0.328600399138357,0.4437811773388891,2031.400380382875,4539.592921849218,True,tilde_q_mu,asymptotic,default,sidak_approx,observed,8.11**2 * RBF(length_scale=0.317),0.0262105268429174,0.3574162751306931,0.0967887848534561,0.3173085642762258,0.0238277516753795,65.72910464186269,1620.687328127642,394,127,267,416,22,0.04,0.3,0.000625,1.0,1e-08,1e+18,False,False,False,False,12,1.1,15.0,13.316764779116392,8.626561753278871,117.63493299925732,104.43444883721511,study_results/v4p2_followups_20260806/pseudo65/gp_window_ensemble_20260806/runs/window_3p0/draw_00/attempt_01/results_single.csv,1,1,1,1,single_attempt_outside_55_75MeV,False,,,,,,,window_3p0,0
2021,0.127,0.003058702875,0.12011791853125,0.13388208146875,857126402.643784,1.64,0.121983727285,0.132016272715,0.0100325454299999,0.0,1.0,8000,0.000125,True,8901.894727142455,2.6555457138772643e-06,0.3101242109065346,0.4954982998738921,2237.1829390861863,4491.823060921839,True,tilde_q_mu,asymptotic,default,sidak_approx,observed,8.11**2 * RBF(length_scale=0.317),0.0261787049162304,0.3569823397667782,0.0966712746014036,0.3174085290007444,0.0237988226511185,65.76410868880072,1620.702154492496,394,128,266,416,22,0.04,0.3,0.000625,1.0,1e-08,1e+18,False,False,False,False,12,1.1,15.0,13.337152583294966,8.558760358908806,116.71036853057464,103.7722662096574,study_results/v4p2_followups_20260806/pseudo65/gp_window_ensemble_20260806/runs/window_3p0/draw_00/attempt_01/results_single.csv,1,1,1,1,single_attempt_outside_55_75MeV,False,,,,,,,window_3p0,0
2021,0.128,0.003079226,0.1210717415,0.1349282585,836870911.2847852,1.64,0.12295006936,0.13304993064,0.01009986128,0.0,1.0,8000,0.000125,True,8808.571728521083,2.670281058057057e-06,0.3141446005977395,0.4841362149264104,2221.409878957218,4440.974139377409,True,tilde_q_mu,asymptotic,default,sidak_approx,observed,8.19**2 * RBF(length_scale=0.318),0.0261488206128557,0.3565748265389423,0.0965609194976257,0.318449788473288,0.0237716551025961,67.01778113987004,1620.7406356071542,394,130,264,416,22,0.04,0.3,0.000625,1.0,1e-08,1e+18,False,False,False,False,12,1.1,15.0,13.396197576436712,8.492010853654708,115.80014800438238,103.41877746982132,study_results/v4p2_followups_20260806/pseudo65/gp_window_ensemble_20260806/runs/window_3p0/draw_00/attempt_01/results_single.csv,1,1,1,1,single_attempt_outside_55_75MeV,False,,,,,,,window_3p0,0
2021,0.129,0.003099920875,0.12202517803125,0.13597482196875,816661383.882061,1.64,0.123916129765,0.134083870235,0.01016774047,0.0,1.0,8000,0.000125,True,9033.23028268587,2.784397744052763e-06,0.2754873421065873,0.5963002198540837,2585.573996766007,4417.976922945706,True,tilde_q_mu,asymptotic,default,sidak_approx,observed,8.17**2 * RBF(length_scale=0.318),0.0261208290072193,0.3561931228257187,0.096457553643445,0.3181635718737626,0.0237462081883812,66.77623202829291,1615.7217822498187,393,131,262,416,23,0.04,0.3,0.000625,1.0,1e-08,1e+18,False,False,False,False,12,1.1,15.0,13.398500061556629,8.426288947526562,114.90394019354402,102.63602998375325,study_results/v4p2_followups_20260806/pseudo65/gp_window_ensemble_20260806/runs/window_3p0/draw_00/attempt_01/results_single.csv,1,1,1,1,single_attempt_outside_55_75MeV,False,,,,,,,window_3p0,0
2021,0.13,0.0031207875,0.122978228125,0.137021771875,796778619.4646972,1.64,0.1248819085,0.1351180915,0.010236183,0.0,1.0,8000,0.000125,True,8787.115552338915,2.754769306229967e-06,0.2906280968985075,0.5515507402328104,2405.1880014247154,4346.5637850037065,True,tilde_q_mu,asymptotic,default,sidak_approx,observed,8.19**2 * RBF(length_scale=0.318),0.0260946865464589,0.3558366347244401,0.0963610162092589,0.3184018954489885,0.0237224423149626,67.02680966651754,1621.369912321621,394,133,261,416,22,0.04,0.3,0.000625,1.0,1e-08,1e+18,False,False,False,False,12,1.1,15.0,13.42196942547353,8.36157109269982,114.0214239913612,102.02613777740028,study_results/v4p2_followups_20260806/pseudo65/gp_window_ensemble_20260806/runs/window_3p0/draw_00/attempt_01/results_single.csv,1,1,1,1,single_attempt_outside_55_75MeV,False,,,,,,,window_3p0,0
2021,0.131,0.003141825875,0.12393089178125,0.13806910821875,777717056.7816086,1.64,0.125847405565,0.136152594435,0.0103051888699999,0.0,1.0,8000,0.000125,True,8118.085404594098,2.5875015484436156e-06,0.3609542435242706,0.3559093050887986,1544.1178789601329,4317.535935178458,True,tilde_q_mu,asymptotic,default,sidak_approx,observed,8.26**2 * RBF(length_scale=0.32),0.0260703509983903,0.3555047863416871,0.0962711512423922,0.319514744551273,0.0237003190894458,68.19419600139321,1614.7208627089049,393,134,259,416,23,0.04,0.3,0.000625,1.0,1e-08,1e+18,False,False,False,False,12,1.1,15.0,13.48145328108932,8.297834455383493,113.1522880279567,101.69715231315072,study_results/v4p2_followups_20260806/pseudo65/gp_window_ensemble_20260806/runs/window_3p0/draw_00/attempt_01/results_single.csv,1,1,1,1,single_attempt_outside_55_75MeV,False,,,,,,,window_3p0,0
2021,0.132,0.003163036,0.124883169,0.139116831,758729637.4451472,1.64,0.12681262096,0.13718737904,0.0103747580799999,0.0,1.0,8000,0.000125,True,7173.616414025791,2.325932422107437e-06,0.4763942201170775,0.0592054858488294,250.58207528523485,4265.751831357002,True,tilde_q_mu,asymptotic,default,sidak_approx,observed,8.36**2 * RBF(length_scale=0.321),0.0260477814018274,0.3551970191158293,0.0961878074836403,0.3209395861827394,0.0236798012743886,69.90239523051709,1614.1062676857632,393,136,257,416,23,0.04,0.3,0.000625,1.0,1e-08,1e+18,False,False,False,False,12,1.1,15.0,13.553305725156497,8.235056888959685,112.2962303039957,101.46567607284248,study_results/v4p2_followups_20260806/pseudo65/gp_window_ensemble_20260806/runs/window_3p0/draw_00/attempt_01/results_single.csv,1,1,1,1,single_attempt_outside_55_75MeV,False,,,,,,,window_3p0,0
2021,0.133,0.003184417875,0.12583505978125,0.14016494021875,740120080.2932594,1.64,0.127777554685,0.138222445315,0.0104448906299999,0.0,1.0,8000,0.000125,True,6633.950178189936,2.188458419160571e-06,0.5,0.0,-554.545820755391,4226.396405494528,True,tilde_q_mu,asymptotic,default,sidak_approx,observed,8.24**2 * RBF(length_scale=0.319),0.0260269380191233,0.3549127911698635,0.0961108381920171,0.3192956594311567,0.0236608527446575,67.97236860965643,1611.126418142781,393,137,256,416,23,0.04,0.3,0.000625,1.0,1e-08,1e+18,False,False,False,False,12,1.1,15.0,13.494680976925109,8.173216908325301,111.45295784079954,100.26814066641823,study_results/v4p2_followups_20260806/pseudo65/gp_window_ensemble_20260806/runs/window_3p0/draw_00/attempt_01/results_single.csv,1,1,1,1,single_attempt_outside_55_75MeV,False,,,,,,,window_3p0,0
2021,0.134,0.0032059715,0.126786564125,0.141213435875,721731213.3148873,1.64,0.12874220674,0.13925779326,0.01051558652,0.0,1.0,8000,0.000125,True,6174.012253814236,2.073037330573503e-06,0.5,0.0,-1364.7655954414392,4187.436541386099,True,tilde_q_mu,asymptotic,default,sidak_approx,observed,8.18**2 * RBF(length_scale=0.318),0.0260077822908281,0.3546515766931113,0.0960401009773177,0.3184379880046607,0.0236434384462074,66.83246428050006,1612.8764457468724,393,139,254,416,23,0.04,0.3,0.000625,1.0,1e-08,1e+18,False,False,False,False,12,1.1,15.0,13.468345085642165,8.112293665376676,110.62218634604557,99.32651865578364,study_results/v4p2_followups_20260806/pseudo65/gp_window_ensemble_20260806/runs/window_3p0/draw_00/attempt_01/results_single.csv,1,1,1,1,single_attempt_outside_55_75MeV,False,,,,,,,window_3p0,0
2021,0.135,0.003227696875,0.12773768203125,0.14226231796875,703839749.1336825,1.64,0.129706577125,0.140293422875,0.01058684575,0.0,1.0,8000,0.000125,True,5709.952729231649,1.951393601372602e-06,0.493392293462113,0.0165638214159994,-2414.5774343694347,4161.448781448272,True,tilde_q_mu,asymptotic,default,sidak_approx,observed,8.22**2 * RBF(length_scale=0.319),0.025990276792342,0.3544128653501188,0.0959754576400479,0.3189817843220051,0.0236275243566745,67.61169649046364,1607.657068570165,392,140,252,416,24,0.04,0.3,0.000625,1.0,1e-08,1e+18,False,False,False,False,12,1.1,15.0,13.50043193297546,8.052266925574306,109.80363989419509,98.82643775896862,study_results/v4p2_followups_20260806/pseudo65/gp_window_ensemble_20260806/runs/window_3p0/draw_00/attempt_01/results_single.csv,1,1,1,1,single_attempt_outside_55_75MeV,False,,,,,,,window_3p0,0
2021,0.136,0.003249594,0.1286884135,0.1433115865,686424779.2721932,1.64,0.13067066584,0.14132933416,0.01065866832,0.0,1.0,8000,0.000125,True,5408.517178844086,1.8813356035366144e-06,0.5,0.0,-3001.4053189080128,4093.6225102302583,True,tilde_q_mu,asymptotic,default,sidak_approx,observed,8.31**2 * RBF(length_scale=0.32),0.0259743851924713,0.3541961617155187,0.0959167740183841,0.3200710093476234,0.0236130774477012,69.08866035863986,1612.9339465635535,393,142,251,416,23,0.04,0.3,0.000625,1.0,1e-08,1e+18,False,False,False,False,12,1.1,15.0,13.55481978393217,7.993117045535957,108.99705062094486,98.4956918764693,study_results/v4p2_followups_20260806/pseudo65/gp_window_ensemble_20260806/runs/window_3p0/draw_00/attempt_01/results_single.csv,1,1,1,1,single_attempt_outside_55_75MeV,False,,,,,,,window_3p0,0
2021,0.137,0.003271662875,0.12963875853125,0.14436124146875,669116428.5880822,1.64,0.131634472885,0.142365527115,0.0107310542299999,0.0,1.0,8000,0.000125,True,5404.956417623876,1.914652037376358e-06,0.5,0.0,-2911.919791657864,4073.173641694262,True,tilde_q_mu,asymptotic,default,sidak_approx,observed,8.28**2 * RBF(length_scale=0.32),0.0259600722137896,0.3540009847334957,0.0958639198417955,0.3196460765672024,0.0236000656488997,68.62987494575557,1608.9538563076344,392,143,249,416,24,0.04,0.3,0.000625,1.0,1e-08,1e+18,False,False,False,False,12,1.1,15.0,13.544287601678985,7.93482495160498,108.20215843097698,97.70141019410576,study_results/v4p2_followups_20260806/pseudo65/gp_window_ensemble_20260806/runs/window_3p0/draw_00/attempt_01/results_single.csv,1,1,1,1,single_attempt_outside_55_75MeV,False,,,,,,,window_3p0,0
2021,0.138,0.0032939035,0.130588717125,0.145411282875,652262296.7982231,1.64,0.13259799826,0.14340200174,0.0108040034799999,0.0,1.0,8000,0.000125,True,5549.221259029649,2.001937900346708e-06,0.5,0.0,-2301.504689947841,4033.5243482668434,True,tilde_q_mu,asymptotic,default,sidak_approx,observed,8.25**2 * RBF(length_scale=0.319),0.0259473035947063,0.3538268672005407,0.095816768590974,0.3193472710478354,0.0235884578133693,68.02562006412762,1608.1220859404884,392,145,247,416,24,0.04,0.3,0.000625,1.0,1e-08,1e+18,False,False,False,False,12,1.1,15.0,13.538285273861224,7.877372119342997,107.41871071831358,96.95100996366024,study_results/v4p2_followups_20260806/pseudo65/gp_window_ensemble_20260806/runs/window_3p0/draw_00/attempt_01/results_single.csv,1,1,1,1,single_attempt_outside_55_75MeV,False,,,,,,,window_3p0,0
2021,0.139,0.003316315875,0.13153828928125,0.14646171071875,635785521.2448627,1.64,0.133561241965,0.144438758035,0.0108775160699999,0.0,1.0,8000,0.000125,True,5629.374912415997,2.0684958867833825e-06,0.5,0.0,-1902.983222646354,3989.498446811728,True,tilde_q_mu,asymptotic,default,sidak_approx,observed,8.26**2 * RBF(length_scale=0.319),0.0259360460531648,0.3536733552704296,0.0957751973637809,0.319488501407164,0.0235782236846953,68.25471267343853,1608.2539806190348,392,146,246,416,24,0.04,0.3,0.000625,1.0,1e-08,1e+18,False,False,False,False,12,1.1,15.0,13.550151431235465,7.820740553903008,106.64646209867738,96.33838073617278,study_results/v4p2_followups_20260806/pseudo65/gp_window_ensemble_20260806/runs/window_3p0/draw_00/attempt_01/results_single.csv,1,1,1,1,single_attempt_outside_55_75MeV,False,,,,,,,window_3p0,0
2021,0.14,0.0033389,0.132487475,0.147512525,619834689.867921,1.64,0.134524204,0.145475796,0.010951592,0.0,1.0,8000,0.000125,True,5784.640734759359,2.164673494525315e-06,0.4999311292015692,0.0001726334915006,-1370.4457369615743,3948.762616038716,True,tilde_q_mu,asymptotic,default,sidak_approx,observed,8.33**2 * RBF(length_scale=0.32),0.0259262672518869,0.3535400079802764,0.0957390867469023,0.3202876621048391,0.0235693338653517,69.37106289412789,1607.9450528390817,392,148,244,416,24,0.04,0.3,0.000625,1.0,1e-08,1e+18,False,False,False,False,12,1.1,15.0,13.58916904205256,7.764912771238112,105.88517415324698,95.9261020410432,study_results/v4p2_followups_20260806/pseudo65/gp_window_ensemble_20260806/runs/window_3p0/draw_00/attempt_01/results_single.csv,1,1,1,1,single_attempt_outside_55_75MeV,False,,,,,,,window_3p0,0
2021,0.141,0.003361655875,0.13343627428125,0.1485637257187499,604132627.2786524,1.64,0.1354868843649999,0.146513115635,0.01102623127,0.0,1.0,8000,0.000125,True,5793.355039516517,2.208506403180558e-06,0.5,0.0,-1288.4635457807362,3930.9078762905297,True,tilde_q_mu,asymptotic,default,sidak_approx,observed,8.26**2 * RBF(length_scale=0.319),0.0259179357650831,0.3534263967965889,0.0957083206929198,0.3191742410227006,0.0235617597864392,68.17224829499276,1605.2088643749476,391,149,242,416,25,0.04,0.3,0.000625,1.0,1e-08,1e+18,False,False,False,False,12,1.1,15.0,13.546281938006947,7.709871780103963,105.13461518323584,94.94554258106524,study_results/v4p2_followups_20260806/pseudo65/gp_window_ensemble_20260806/runs/window_3p0/draw_00/attempt_01/results_single.csv,1,1,1,1,single_attempt_outside_55_75MeV,False,,,,,,,window_3p0,0
2021,0.142,0.0033845835,0.1343846871249999,0.149615312875,588792286.6909375,1.64,0.1364492830599999,0.14755071694,0.01110143388,0.0,1.0,8000,0.000125,True,5892.949097467375,2.2887700161250154e-06,0.5,0.0,-866.0484424808201,3871.6594050406256,True,tilde_q_mu,asymptotic,default,sidak_approx,observed,8.24**2 * RBF(length_scale=0.319),0.0259110210465671,0.3533321051804605,0.0956827864025644,0.3191621650594328,0.0235554736786973,67.92936682013746,1610.253107047543,392,151,241,416,24,0.04,0.3,0.000625,1.0,1e-08,1e+18,False,False,False,False,12,1.1,15.0,13.549384292283214,7.6556010648184945,104.39455997479764,94.29880074148942,study_results/v4p2_followups_20260806/pseudo65/gp_window_ensemble_20260806/runs/window_3p0/draw_00/attempt_01/results_single.csv,1,1,1,1,single_attempt_outside_55_75MeV,False,,,,,,,window_3p0,0
2021,0.143,0.003407682875,0.1353327135312499,0.15066728646875,573696429.0826498,1.64,0.137411400085,0.1485885999149999,0.0111771998299999,0.0,1.0,8000,0.000125,True,6080.633516763248,2.4068585456492275e-06,0.5,0.0,-378.558129823258,3830.099393938212,True,tilde_q_mu,asymptotic,default,sidak_approx,observed,8.27**2 * RBF(length_scale=0.32),0.025905493399191,0.3532567281707865,0.0956623742118505,0.3197229610492261,0.0235504485447191,68.47361131649649,1610.860096435527,392,153,239,416,24,0.04,0.3,0.000625,1.0,1e-08,1e+18,False,False,False,False,12,1.1,15.0,13.576087964614162,7.602084568738228,103.66478957370308,93.82415347238737,study_results/v4p2_followups_20260806/pseudo65/gp_window_ensemble_20260806/runs/window_3p0/draw_00/attempt_01/results_single.csv,1,1,1,1,single_attempt_outside_55_75MeV,False,,,,,,,window_3p0,0
2021,0.144,0.003430954,0.1362803534999999,0.1517196465,559083772.4170778,1.64,0.13837323544,0.14962676456,0.0112535291199999,0.0,1.0,8000,0.000125,True,6136.234298194162,2.4750414517910976e-06,0.5,0.0,-219.00688116371313,3809.698839478231,True,tilde_q_mu,asymptotic,default,sidak_approx,observed,8.24**2 * RBF(length_scale=0.319),0.0259013239455544,0.3531998719848339,0.0956469774839098,0.3193485747020849,0.0235466581323222,67.93701887773477,1605.7013958922198,391,154,237,416,25,0.04,0.3,0.000625,1.0,1e-08,1e+18,False,False,False,False,12,1.1,15.0,13.562373603399724,7.5493066784207805,102.94509106937429,93.07865238125748,study_results/v4p2_followups_20260806/pseudo65/gp_window_ensemble_20260806/runs/window_3p0/draw_00/attempt_01/results_single.csv,1,1,1,1,single_attempt_outside_55_75MeV,False,,,,,,,window_3p0,0
2021,0.145,0.003454396875,0.1372276070312499,0.15277239296875,544779001.7566646,1.64,0.139334789125,0.1506652108749999,0.0113304217499999,0.0,1.0,8000,0.000125,True,6242.6389177609,2.5662548063434008e-06,0.4867450345212269,0.0332313866107938,124.46849069660614,3748.274101348428,True,tilde_q_mu,asymptotic,default,sidak_approx,observed,8.27**2 * RBF(length_scale=0.32),0.0258984845999115,0.3531611536351575,0.095636492505252,0.3197816863077973,0.0235440769090105,68.38006170665659,1611.5969150002816,392,156,236,416,24,0.04,0.3,0.000625,1.0,1e-08,1e+18,False,False,False,False,12,1.1,15.0,13.582256273781296,7.49725220843698,102.235257387777,92.57236440378531,study_results/v4p2_followups_20260806/pseudo65/gp_window_ensemble_20260806/runs/window_3p0/draw_00/attempt_01/results_single.csv,1,1,1,1,single_attempt_outside_55_75MeV,False,,,,,,,window_3p0,0
2021,0.146,0.0034780115,0.138174474125,0.1538255258749999,530723198.11642635,1.64,0.1402960611399999,0.15170393886,0.01140787772,0.0,1.0,8000,0.000125,True,6168.659262244437,2.5851739847602382e-06,0.4937352856846353,0.0157039554812849,58.17516511278776,3728.649894097998,True,tilde_q_mu,asymptotic,default,sidak_approx,observed,8.24**2 * RBF(length_scale=0.319),0.0258969480412312,0.3531402005622441,0.0956308183862839,0.3193078478340312,0.0235426800374829,67.8638164127933,1606.5200716091013,391,157,234,416,25,0.04,0.3,0.000625,1.0,1e-08,1e+18,False,False,False,False,12,1.1,15.0,13.562935372083912,7.445906386805,101.53508709279544,91.8075882825664,study_results/v4p2_followups_20260806/pseudo65/gp_window_ensemble_20260806/runs/window_3p0/draw_00/attempt_01/results_single.csv,1,1,1,1,single_attempt_outside_55_75MeV,False,,,,,,,window_3p0,0
2021,0.147,0.0035017978749999,0.13912095478125,0.1548790452187499,517058895.8195766,1.64,0.141257051485,0.1527429485149999,0.0114858970299999,0.0,1.0,8000,0.000125,True,6070.054855489498,2.593314502458718e-06,0.5,0.0,0.4601640643047845,3689.745342278678,True,tilde_q_mu,asymptotic,default,sidak_approx,observed,8.22**2 * RBF(length_scale=0.319),0.025896687687343,0.353136650281951,0.0956298569658356,0.3190675996075059,0.02354244335213,67.53066833999864,1607.6848028772697,391,159,232,416,25,0.04,0.3,0.000625,1.0,1e-08,1e+18,False,False,False,False,12,1.1,15.0,13.552866830138823,7.3952548410130845,100.84438419563295,91.115367304718,study_results/v4p2_followups_20260806/pseudo65/gp_window_ensemble_20260806/runs/window_3p0/draw_00/attempt_01/results_single.csv,1,1,1,1,single_attempt_outside_55_75MeV,False,,,,,,,window_3p0,0
2021,0.148,0.0035257559999999,0.140067049,0.155932951,503681799.08701915,1.64,0.1422177601599999,0.15378223984,0.01156447968,0.0,1.0,8000,0.000125,True,5843.950462352477,2.5457073410965574e-06,0.5,0.0,-272.0406953028987,3649.7113983691393,True,tilde_q_mu,asymptotic,default,sidak_approx,observed,8.18**2 * RBF(length_scale=0.319),0.0258976776701328,0.3531501500472667,0.0956335127195648,0.3186069496243338,0.0235433433364844,66.94985593751919,1608.3037749693317,391,160,231,416,25,0.04,0.3,0.000625,1.0,1e-08,1e+18,False,False,False,False,12,1.1,15.0,13.532782709352826,7.345283584607923,100.16295797192622,90.36556971734112,study_results/v4p2_followups_20260806/pseudo65/gp_window_ensemble_20260806/runs/window_3p0/draw_00/attempt_01/results_single.csv,1,1,1,1,single_attempt_outside_55_75MeV,False,,,,,,,window_3p0,0
2021,0.149,0.003549885875,0.14101275678125,0.15698724321875,490644352.2917579,1.64,0.143178187165,0.154821812835,0.0116436256699999,0.0,1.0,8000,0.000125,True,5621.825518452794,2.497147593571385e-06,0.5,0.0,-566.2641624034063,3612.646937551773,True,tilde_q_mu,asymptotic,default,sidak_approx,observed,8.16**2 * RBF(length_scale=0.318),0.0258998928117245,0.353180356523517,0.0956416926720024,0.3182715012579618,0.0235453571015678,66.63419562307489,1607.2598122871946,391,162,229,416,25,0.04,0.3,0.000625,1.0,1e-08,1e+18,False,False,False,False,12,1.1,15.0,13.517378389507172,7.295979004317872,99.49062278615278,89.65682629387676,study_results/v4p2_followups_20260806/pseudo65/gp_window_ensemble_20260806/runs/window_3p0/draw_00/attempt_01/results_single.csv,1,1,1,1,single_attempt_outside_55_75MeV,False,,,,,,,window_3p0,0
2021,0.15,0.0035741875,0.141958078125,0.158041921875,477946931.2512179,1.64,0.1441383325,0.1558616675,0.011723335,0.0,1.0,8000,0.000125,True,5519.178977680387,2.499904758699868e-06,0.5,0.0,-684.965691859658,3587.679243811894,True,tilde_q_mu,asymptotic,default,sidak_approx,observed,8.19**2 * RBF(length_scale=0.319),0.0259033086016125,0.3532269354765349,0.0956543063121079,0.3187423790811372,0.0235484623651023,67.140293352154,1602.3874298945768,390,163,227,416,26,0.04,0.3,0.000625,1.0,1e-08,1e+18,False,False,False,False,12,1.1,15.0,13.535592011880054,7.247327847689178,98.82719792303423,89.17897538423408,study_results/v4p2_followups_20260806/pseudo65/gp_window_ensemble_20260806/runs/window_3p0/draw_00/attempt_01/results_single.csv,1,1,1,1,single_attempt_outside_55_75MeV,False,,,,,,,window_3p0,0
2021,0.151,0.003598660875,0.14290301303125,0.15909698696875,465470649.96646106,1.64,0.145098196165,0.156901803835,0.0118036076699999,0.0,1.0,8000,0.000125,True,5507.139853086204,2.5443495652127836e-06,0.5,0.0,-569.3642659398236,3543.7429138522825,True,tilde_q_mu,asymptotic,default,sidak_approx,observed,8.29**2 * RBF(length_scale=0.32),0.0259079011746969,0.3532895614731401,0.0956712655121596,0.319957483383946,0.0235526374315426,68.71019861773789,1603.5050615051491,390,165,225,416,26,0.04,0.3,0.000625,1.0,1e-08,1e+18,False,False,False,False,12,1.1,15.0,13.58478362832714,7.199317211210392,98.17250742559624,88.9101514418043,study_results/v4p2_followups_20260806/pseudo65/gp_window_ensemble_20260806/runs/window_3p0/draw_00/attempt_01/results_single.csv,1,1,1,1,single_attempt_outside_55_75MeV,False,,,,,,,window_3p0,0
2021,0.152,0.003623306,0.1438475615,0.1601524385,453362715.5960102,1.64,0.1460577781599999,0.15794222184,0.01188444368,0.0,1.0,8000,0.000125,True,5252.392658041816,2.475071325071876e-06,0.4999311292015692,0.0001726334915006,-965.5475833273445,3507.957623826852,True,tilde_q_mu,asymptotic,default,sidak_approx,observed,8.23**2 * RBF(length_scale=0.319),0.0259136472901786,0.3533679175933457,0.0956924844498192,0.3191483348149481,0.0235578611728897,67.6657856157127,1603.8802732528563,390,166,224,416,26,0.04,0.3,0.000625,1.0,1e-08,1e+18,False,False,False,False,12,1.1,15.0,13.547424041288716,7.151934528902247,97.5263799395761,88.08208161688472,study_results/v4p2_followups_20260806/pseudo65/gp_window_ensemble_20260806/runs/window_3p0/draw_00/attempt_01/results_single.csv,1,1,1,1,single_attempt_outside_55_75MeV,False,,,,,,,window_3p0,0
2021,0.153,0.003648122875,0.14479172353125,0.16120827646875,441644549.5313737,1.64,0.147017078485,0.158982921515,0.0119658430299999,0.0,1.0,8000,0.000125,True,5284.278413065766,2.5394595962466462e-06,0.5,0.0,-769.6506362533072,3469.6133334416204,True,tilde_q_mu,asymptotic,default,sidak_approx,observed,8.27**2 * RBF(length_scale=0.32),0.0259205243112793,0.3534616951538094,0.0957178795332425,0.319615905786465,0.0235641130102539,68.31412934614164,1602.9755356259473,390,168,222,416,26,0.04,0.3,0.000625,1.0,1e-08,1e+18,False,False,False,False,12,1.1,15.0,13.56367225226698,7.105167561352867,96.88864856390272,87.61105827239028,study_results/v4p2_followups_20260806/pseudo65/gp_window_ensemble_20260806/runs/window_3p0/draw_00/attempt_01/results_single.csv,1,1,1,1,single_attempt_outside_55_75MeV,False,,,,,,,window_3p0,0
2021,0.154,0.0036731115,0.145735499125,0.162264500875,430164399.9517347,1.64,0.1479760971399999,0.16002390286,0.01204780572,0.0,1.0,8000,0.000125,True,5523.319707586366,2.707477884405581e-06,0.5,0.0,-257.1422387795431,3447.4951085711496,True,tilde_q_mu,asymptotic,default,sidak_approx,observed,8.28**2 * RBF(length_scale=0.32),0.0259285101857464,0.3535705934419964,0.0957473693290902,0.3197087801902659,0.023571372896133,68.58163553533063,1599.9729627469612,389,169,220,416,27,0.04,0.3,0.000625,1.0,1e-08,1e+18,False,False,False,False,12,1.1,15.0,13.56343483254276,7.0590043851776345,96.25915070696774,87.04031450999129,study_results/v4p2_followups_20260806/pseudo65/gp_window_ensemble_20260806/runs/window_3p0/draw_00/attempt_01/results_single.csv,1,1,1,1,single_attempt_outside_55_75MeV,False,,,,,,,window_3p0,0
2021,0.155,0.003698271875,0.14667888828125,0.16332111171875,419006242.6242384,1.64,0.148934834125,0.161065165875,0.01213033175,0.0,1.0,8000,0.000125,True,5863.684961458755,2.93182713032089e-06,0.4489322507965864,0.1283594730722769,435.7722375045675,3397.9045844937436,True,tilde_q_mu,asymptotic,default,sidak_approx,observed,8.25**2 * RBF(length_scale=0.319),0.0259375834271065,0.3536943194605435,0.0957808744933012,0.3192644516058235,0.0235796212973695,68.0711070057332,1605.337033571025,390,171,219,416,26,0.04,0.3,0.000625,1.0,1e-08,1e+18,False,False,False,False,12,1.1,15.0,13.539846445347246,7.01343338288414,95.63772794842008,86.32801005356684,study_results/v4p2_followups_20260806/pseudo65/gp_window_ensemble_20260806/runs/window_3p0/draw_00/attempt_01/results_single.csv,1,1,1,1,single_attempt_outside_55_75MeV,False,,,,,,,window_3p0,0
2021,0.156,0.003723604,0.147621891,0.164378109,408018948.64312065,1.64,0.14989328944,0.16210671056,0.01221342112,0.0,1.0,8000,0.000125,True,6515.146608298915,3.3238329149008467e-06,0.3309448136921573,0.4373057479129966,1447.158980608618,3377.7286182412267,True,tilde_q_mu,asymptotic,default,sidak_approx,observed,8.26**2 * RBF(length_scale=0.319),0.0259477230966391,0.353832587681443,0.0958183177045254,0.3193333115325602,0.0235888391787628,68.15828502296196,1601.3271027896387,389,172,217,416,27,0.04,0.3,0.000625,1.0,1e-08,1e+18,False,False,False,False,12,1.1,15.0,13.537474612996531,6.968443233125529,95.0242259062572,85.75920305504029,study_results/v4p2_followups_20260806/pseudo65/gp_window_ensemble_20260806/runs/window_3p0/draw_00/attempt_01/results_single.csv,1,1,1,1,single_attempt_outside_55_75MeV,False,,,,,,,window_3p0,0
2021,0.157,0.003749107875,0.14856450728125,0.16543549271875,397354285.67265946,1.64,0.150851463085,0.163148536915,0.01229707383,0.0,1.0,8000,0.000125,True,7269.948532578343,3.7841967158198302e-06,0.2254877355758447,0.7537897642600567,2518.121728197443,3340.852564256967,True,tilde_q_mu,asymptotic,default,sidak_approx,observed,8.33**2 * RBF(length_scale=0.32),0.0259589087860322,0.3539851198095312,0.0958596236000764,0.3203017789116597,0.023599007987302,69.40618841354056,1599.9708583639692,389,174,215,416,27,0.04,0.3,0.000625,1.0,1e-08,1e+18,False,False,False,False,12,1.1,15.0,13.5726797958628,6.924022901323501,94.41849410895684,85.43413248989528,study_results/v4p2_followups_20260806/pseudo65/gp_window_ensemble_20260806/runs/window_3p0/draw_00/attempt_01/results_single.csv,1,1,1,1,single_attempt_outside_55_75MeV,False,,,,,,,window_3p0,0
2021,0.158,0.0037747835,0.149506737125,0.166493262875,387039666.85970527,1.64,0.15180935506,0.16419064494,0.0123812898799999,0.0,1.0,8000,0.000125,True,7849.692718510146,4.1683100380200024e-06,0.1597923483486105,0.9953116843610982,3291.1290347450667,3306.8773861964596,True,tilde_q_mu,asymptotic,default,sidak_approx,observed,8.31**2 * RBF(length_scale=0.32),0.0259711206006934,0.3541516445549109,0.0959047187143026,0.3199790501823512,0.023610109636994,68.97467174234411,1600.005864298117,389,175,214,416,27,0.04,0.3,0.000625,1.0,1e-08,1e+18,False,False,False,False,12,1.1,15.0,13.552628729897316,6.880161630645431,93.82038587243768,84.76752380165675,study_results/v4p2_followups_20260806/pseudo65/gp_window_ensemble_20260806/runs/window_3p0/draw_00/attempt_01/results_single.csv,1,1,1,1,single_attempt_outside_55_75MeV,False,,,,,,,window_3p0,0
2021,0.159,0.003800630875,0.15044858053125,0.16755141946875,376812670.72105056,1.64,0.152766965365,0.165233034635,0.0124660692699999,0.0,1.0,8000,0.000125,True,8366.584391318942,4.534667995178619e-06,0.114992081188525,1.2003996561035304,3937.545507490109,3278.045991841819,True,tilde_q_mu,asymptotic,default,sidak_approx,observed,8.24**2 * RBF(length_scale=0.319),0.0259843391436889,0.3543318974139398,0.0959535314192792,0.3191785687632735,0.0236221264942626,67.92754892142281,1599.7501438625002,389,177,212,416,27,0.04,0.3,0.000625,1.0,1e-08,1e+18,False,False,False,False,12,1.1,15.0,13.511847413093635,6.836848933320556,93.22975818164392,83.9804177939994,study_results/v4p2_followups_20260806/pseudo65/gp_window_ensemble_20260806/runs/window_3p0/draw_00/attempt_01/results_single.csv,1,1,1,1,single_attempt_outside_55_75MeV,False,,,,,,,window_3p0,0
2021,0.16,0.00382665,0.1513900375,0.1686099625,367005424.0565123,1.64,0.153724294,0.166275706,0.0125514119999999,0.0,1.0,8000,0.000125,True,19189.804304573623,1.061201859810189e-05,0.3865972126436059,0.2881989855325542,3085.5654297701267,10437.16220205518,True,tilde_q_mu,asymptotic,default,sidak_approx,observed,1**2 * RBF(length_scale=0.096),0.0259985455002782,0.3545256204583391,0.0960059918676979,0.096005991867698,0.0236350413638892,1.0,826.8179825093569,388,178,210,416,28,0.04,0.3,0.000625,1.0,1e-08,1e+18,False,False,False,False,12,1.1,15.0,4.06201920231798,6.7940745822790705,92.64647157653278,25.088783104725543,study_results/v4p2_followups_20260806/pseudo65/gp_window_ensemble_20260806/runs/window_3p0/draw_00/attempt_01/results_single.csv,1,1,1,1,single_attempt_outside_55_75MeV,False,,,,,,,window_3p0,0
2021,0.161,0.003852840875,0.15233110803125,0.16966889196875,357410945.39902496,1.64,0.154681340965,0.167318659035,0.01263731807,0.0,1.0,8000,0.000125,True,8217.749217000384,4.637448304752833e-06,0.1132036216838757,1.209665577994605,3884.5172663340104,3212.2878621028904,True,tilde_q_mu,asymptotic,default,sidak_approx,observed,8.25**2 * RBF(length_scale=0.319),0.0260137212230255,0.3547325621321662,0.0960620319378876,0.3194439180693386,0.0236488374754777,68.13111223598904,1600.2548723824768,389,180,209,416,27,0.04,0.3,0.000625,1.0,1e-08,1e+18,False,False,False,False,12,1.1,15.0,13.507806394313484,6.751828603101996,92.07039004229992,82.91126688935437,study_results/v4p2_followups_20260806/pseudo65/gp_window_ensemble_20260806/runs/window_3p0/draw_00/attempt_01/results_single.csv,1,1,1,1,single_attempt_outside_55_75MeV,False,,,,,,,window_3p0,0
2021,0.162,0.0038792035,0.153271792125,0.170728207875,348034765.9525295,1.64,0.15563810626,0.16836189374,0.01272378748,0.0,1.0,8000,0.000125,True,7804.564412372605,4.495012958117973e-06,0.1408659956893244,1.076436711175334,3439.0095325417637,3194.5087728126205,True,tilde_q_mu,asymptotic,default,sidak_approx,observed,8.26**2 * RBF(length_scale=0.319),0.0260298483174566,0.3549524770562273,0.0961215851808485,0.3194698129650092,0.0236634984704151,68.19557795107364,1595.501917488011,388,181,207,416,28,0.04,0.3,0.000625,1.0,1e-08,1e+18,False,False,False,False,12,1.1,15.0,13.50053177320422,6.710101266266818,91.50138090363842,82.35448667877549,study_results/v4p2_followups_20260806/pseudo65/gp_window_ensemble_20260806/runs/window_3p0/draw_00/attempt_01/results_single.csv,1,1,1,1,single_attempt_outside_55_75MeV,False,,,,,,,window_3p0,0
2021,0.163,0.003905737875,0.15421208978125,0.17178791021875,338899709.6922806,1.64,0.156594589885,0.169405410115,0.01281082023,0.0,1.0,8000,0.000125,True,7147.150315138249,4.2014000559741624e-06,0.1947466333394081,0.8605366917932761,2715.791986735724,3163.5804851960756,True,tilde_q_mu,asymptotic,default,sidak_approx,observed,8.27**2 * RBF(length_scale=0.32),0.0260469092282431,0.3551851258396787,0.0961845867692335,0.3195848366958299,0.0236790083893119,68.47509597599378,1595.7795116713758,388,183,205,416,28,0.04,0.3,0.000625,1.0,1e-08,1e+18,False,False,False,False,12,1.1,15.0,13.496546453359173,6.668883079677514,90.93931472287518,81.82444570626231,study_results/v4p2_followups_20260806/pseudo65/gp_window_ensemble_20260806/runs/window_3p0/draw_00/attempt_01/results_single.csv,1,1,1,1,single_attempt_outside_55_75MeV,False,,,,,,,window_3p0,0
2021,0.164,0.003932444,0.155152001,0.172847999,329984866.4340829,1.64,0.15755079184,0.17044920816,0.0128984163199999,0.0,1.0,8000,0.000125,True,6334.527962695505,3.800986338152298e-06,0.2950193517036488,0.5387799448511147,1704.0588909679568,3145.8310067359057,True,tilde_q_mu,asymptotic,default,sidak_approx,observed,8.25**2 * RBF(length_scale=0.319),0.0260648868258862,0.3554302748984483,0.096250973448177,0.3192484958194459,0.0236953516598965,68.0270862209522,1590.9282835438928,387,184,203,416,29,0.04,0.3,0.000625,1.0,1e-08,1e+18,False,False,False,False,12,1.1,15.0,13.473043169043208,6.6281647814657285,90.38406520180536,81.18322748383598,study_results/v4p2_followups_20260806/pseudo65/gp_window_ensemble_20260806/runs/window_3p0/draw_00/attempt_01/results_single.csv,1,1,1,1,single_attempt_outside_55_75MeV,False,,,,,,,window_3p0,0
2021,0.165,0.003959321875,0.15609152578125,0.17390847421875,321257494.71634173,1.64,0.158506712125,0.171493287875,0.01298657575,0.0,1.0,8000,0.000125,True,5644.011682975277,3.4575670726423484e-06,0.3940757112327028,0.2687118625195177,834.4158953999665,3102.0137900151944,True,tilde_q_mu,asymptotic,default,sidak_approx,observed,8.23**2 * RBF(length_scale=0.319),0.0260837643938859,0.3556876962802624,0.0963206834879114,0.3189349639111754,0.0237125130853508,67.67316337239018,1596.3578047193223,388,186,202,416,28,0.04,0.3,0.000625,1.0,1e-08,1e+18,False,False,False,False,12,1.1,15.0,13.4500701280881,6.587937333053001,89.83550908708638,80.5529264809205,study_results/v4p2_followups_20260806/pseudo65/gp_window_ensemble_20260806/runs/window_3p0/draw_00/attempt_01/results_single.csv,1,1,1,1,single_attempt_outside_55_75MeV,False,,,,,,,window_3p0,0
2021,0.166,0.0039863715,0.157030664125,0.174969335875,312800005.7109213,1.64,0.15946235074,0.17253764926,0.01307529852,0.0,1.0,8000,0.000125,True,4931.327905843826,3.0839616111133133e-06,0.4999311292015692,0.0001726334915006,-233.4450608847216,3081.750066447493,True,tilde_q_mu,asymptotic,default,sidak_approx,observed,8.27**2 * RBF(length_scale=0.319),0.0261035256163684,0.3559571674959338,0.09639365663808,0.3194679121668574,0.0237304778330622,68.31474101706463,1593.473917102115,387,187,200,416,29,0.04,0.3,0.000625,1.0,1e-08,1e+18,False,False,False,False,12,1.1,15.0,13.462346372215135,6.548191912461868,89.29352607902545,80.14002512481773,study_results/v4p2_followups_20260806/pseudo65/gp_window_ensemble_20260806/runs/window_3p0/draw_00/attempt_01/results_single.csv,1,1,1,1,single_attempt_outside_55_75MeV,False,,,,,,,window_3p0,0
2021,0.167,0.004013592875,0.15796941603125,0.17603058396875,304614329.32244956,1.64,0.160417707685,0.173582292315,0.0131645846299999,0.0,1.0,8000,0.000125,True,4268.724106543299,2.7249040130218035e-06,0.4999513009912829,0.0001220703125,-1530.036002905442,3046.1440897074804,True,tilde_q_mu,asymptotic,default,sidak_approx,observed,8.39**2 * RBF(length_scale=0.321),0.0261241545661564,0.3562384713566791,0.0964698340836822,0.3210318124514155,0.0237492314237786,70.3103382628442,1597.091318679343,387,189,198,416,29,0.04,0.3,0.000625,1.0,1e-08,1e+18,False,False,False,False,12,1.1,15.0,13.517566388695284,6.508919907865958,88.7579987436267,79.98614270298042,study_results/v4p2_followups_20260806/pseudo65/gp_window_ensemble_20260806/runs/window_3p0/draw_00/attempt_01/results_single.csv,1,1,1,1,single_attempt_outside_55_75MeV,False,,,,,,,window_3p0,0
2021,0.168,0.004040986,0.1589077815,0.1770922185,296547392.151297,1.64,0.16137278296,0.17462721704,0.0132544340799999,0.0,1.0,8000,0.000125,True,3917.13736825314,2.5532029234321796e-06,0.5,0.0,-2413.0490032597945,3011.852535349527,True,tilde_q_mu,asymptotic,default,sidak_approx,observed,8.4**2 * RBF(length_scale=0.321),0.0261456356932645,0.3565313958172433,0.0965491584025916,0.3212832931687648,0.0237687597211495,70.61549308117772,1597.21830169284,387,190,197,416,29,0.04,0.3,0.000625,1.0,1e-08,1e+18,False,False,False,False,12,1.1,15.0,13.517040726482897,6.470112911369777,88.22881242776968,79.50616338902553,study_results/v4p2_followups_20260806/pseudo65/gp_window_ensemble_20260806/runs/window_3p0/draw_00/attempt_01/results_single.csv,1,1,1,1,single_attempt_outside_55_75MeV,False,,,,,,,window_3p0,0
2021,0.169,0.004068550875,0.15984576053125,0.17815423946875,288615660.9608933,1.64,0.162327576565,0.175672423435,0.0133448468699999,0.0,1.0,8000,0.000125,True,3624.7831913943855,2.413211351369915e-06,0.5,0.0,-3325.2102278794414,2978.725235431187,True,tilde_q_mu,asymptotic,default,sidak_approx,observed,8.47**2 * RBF(length_scale=0.322),0.026167953813799,0.356835733824532,0.0966315735245651,0.322022271428913,0.0237890489216354,71.74127688259178,1597.94286868408,387,192,195,416,29,0.04,0.3,0.000625,1.0,1e-08,1e+18,False,False,False,False,12,1.1,15.0,13.536576114904822,6.431762713007495,87.70585517737493,79.14913228875699,study_results/v4p2_followups_20260806/pseudo65/gp_window_ensemble_20260806/runs/window_3p0/draw_00/attempt_01/results_single.csv,1,1,1,1,single_attempt_outside_55_75MeV,False,,,,,,,window_3p0,0
2021,0.17,0.0040962875,0.160783353125,0.179216646875,280901072.63455325,1.64,0.1632820885,0.1767179115,0.013435823,0.0,1.0,8000,0.000125,True,3510.316563703894,2.3870630288348896e-06,0.5,0.0,-3710.928885381432,2960.407546015544,True,tilde_q_mu,asymptotic,default,sidak_approx,observed,8.39**2 * RBF(length_scale=0.321),0.026191094099248,0.3571512831715639,0.0967170246916933,0.3211975958693303,0.0238100855447709,70.474124155639,1594.5091233261155,386,193,193,416,30,0.04,0.3,0.000625,1.0,1e-08,1e+18,False,False,False,False,12,1.1,15.0,13.489980759009509,6.39386129495257,87.18901765844413,78.41187804062344,study_results/v4p2_followups_20260806/pseudo65/gp_window_ensemble_20260806/runs/window_3p0/draw_00/attempt_01/results_single.csv,1,1,1,1,single_attempt_outside_55_75MeV,False,,,,,,,window_3p0,0
2021,0.171,0.004124195875,0.16172055928125,0.18027944071875,273501986.67337126,1.64,0.164236318765,0.177763681235,0.01352736247,0.0,1.0,8000,0.000125,True,3380.2472324034525,2.346992988753115e-06,0.5,0.0,-4031.747237465991,2916.933897593679,True,tilde_q_mu,asymptotic,default,sidak_approx,observed,8.37**2 * RBF(length_scale=0.321),0.0262150420661463,0.3574778463565409,0.0968054584202363,0.3209446410017345,0.0238318564237693,70.09682618968928,1600.1085274324444,387,195,192,416,29,0.04,0.3,0.000625,1.0,1e-08,1e+18,False,False,False,False,12,1.1,15.0,13.467043242239033,6.356400825929815,86.67819308086109,77.81993162527337,study_results/v4p2_followups_20260806/pseudo65/gp_window_ensemble_20260806/runs/window_3p0/draw_00/attempt_01/results_single.csv,1,1,1,1,single_attempt_outside_55_75MeV,False,,,,,,,window_3p0,0
2021,0.172,0.004152276,0.162657379,0.1813426209999999,266350991.61926585,1.64,0.1651902673599999,0.17880973264,0.01361946528,0.0,1.0,8000,0.000125,True,3237.7308503016757,2.2949746913090356e-06,0.5,0.0,-4630.595674472636,2895.3781573134656,True,tilde_q_mu,asymptotic,default,sidak_approx,observed,8.43**2 * RBF(length_scale=0.322),0.0262397835660971,0.3578152304467796,0.0968968224637768,0.3216708158979946,0.0238543486964519,71.10724243166952,1596.008955526941,386,196,190,416,30,0.04,0.3,0.000625,1.0,1e-08,1e+18,False,False,False,False,12,1.1,15.0,13.484787197138564,6.31937365582085,86.17327712482977,77.4685536072252,study_results/v4p2_followups_20260806/pseudo65/gp_window_ensemble_20260806/runs/window_3p0/draw_00/attempt_01/results_single.csv,1,1,1,1,single_attempt_outside_55_75MeV,False,,,,,,,window_3p0,0
2021,0.173,0.004180527875,0.1635938122812499,0.18240618771875,259386988.21142492,1.64,0.166143934285,0.1798560657149999,0.0137121314299999,0.0,1.0,8000,0.000125,True,3203.104993593627,2.3179112690770783e-06,0.5,0.0,-4591.236935527384,2865.8486649552833,True,tilde_q_mu,asymptotic,default,sidak_approx,observed,8.42**2 * RBF(length_scale=0.322),0.0262653047761392,0.3581632469473539,0.0969910657776472,0.3215304013531076,0.0238775497964902,70.85671241682616,1596.9618841088504,386,198,188,416,30,0.04,0.3,0.000625,1.0,1e-08,1e+18,False,False,False,False,12,1.1,15.0,13.465803823823208,6.282772310455958,85.67416786985397,76.91143582031674,study_results/v4p2_followups_20260806/pseudo65/gp_window_ensemble_20260806/runs/window_3p0/draw_00/attempt_01/results_single.csv,1,1,1,1,single_attempt_outside_55_75MeV,False,,,,,,,window_3p0,0
2021,0.174,0.0042089515,0.1645298591249999,0.183470140875,252502277.02987137,1.64,0.1670973195399999,0.18090268046,0.01380536092,0.0,1.0,8000,0.000125,True,3295.9185548819805,2.436025590413483e-06,0.5,0.0,-3964.57296308824,2849.223850617638,True,tilde_q_mu,asymptotic,default,sidak_approx,observed,8.32**2 * RBF(length_scale=0.32),0.0262915921894454,0.3585217116742556,0.0970881384845824,0.320443863700932,0.0239014474449503,69.28001251720052,1592.481005346529,385,199,186,416,31,0.04,0.3,0.000625,1.0,1e-08,1e+18,False,False,False,False,12,1.1,15.0,13.406881086970811,6.246589486584821,85.18076572615664,76.13389313251339,study_results/v4p2_followups_20260806/pseudo65/gp_window_ensemble_20260806/runs/window_3p0/draw_00/attempt_01/results_single.csv,1,1,1,1,single_attempt_outside_55_75MeV,False,,,,,,,window_3p0,0
2021,0.175,0.0042375468749999,0.16546551953125,0.1845344804687499,245918579.9416027,1.64,0.168050423125,0.181949576875,0.01389915375,0.0,1.0,8000,0.000125,True,3442.3539275647263,2.5974431535331853e-06,0.5,0.0,-3037.491681751181,2810.167950157689,True,tilde_q_mu,asymptotic,default,sidak_approx,observed,8.26**2 * RBF(length_scale=0.32),0.0263186326063351,0.358890444631843,0.0971879918415323,0.3197319788668583,0.0239260296421228,68.30384198458839,1598.0951916452782,386,201,185,416,30,0.04,0.3,0.000625,1.0,1e-08,1e+18,False,False,False,False,12,1.1,15.0,13.36335295280064,6.210818047018103,84.69297336842865,75.45213971629714,study_results/v4p2_followups_20260806/pseudo65/gp_window_ensemble_20260806/runs/window_3p0/draw_00/attempt_01/results_single.csv,1,1,1,1,single_attempt_outside_55_75MeV,False,,,,,,,window_3p0,0
2021,0.176,0.004266314,0.1664007934999999,0.1855992065,239463041.25493088,1.64,0.16900324504,0.1829967549599999,0.0139935099199999,0.0,1.0,8000,0.000125,True,3628.1351263608367,2.7954531227570778e-06,0.5,0.0,-2238.003637042181,2790.6951037686463,True,tilde_q_mu,asymptotic,default,sidak_approx,observed,8.3**2 * RBF(length_scale=0.32),0.0263464131255956,0.3592692698944855,0.0972905782076107,0.3201933694521033,0.0239512846596323,68.9704087697221,1594.3389358710117,385,202,183,416,31,0.04,0.3,0.000625,1.0,1e-08,1e+18,False,False,False,False,12,1.1,15.0,13.368525905909303,6.175451015934506,84.21069567183416,75.05152444290395,study_results/v4p2_followups_20260806/pseudo65/gp_window_ensemble_20260806/runs/window_3p0/draw_00/attempt_01/results_single.csv,1,1,1,1,single_attempt_outside_55_75MeV,False,,,,,,,window_3p0,0
2021,0.177,0.004295252875,0.16733568103125,0.18666431896875,233151670.99112496,1.64,0.169955785285,0.184044214715,0.0140884294299999,0.0,1.0,8000,0.000125,True,4333.221419077807,3.409722257400067e-06,0.5,0.0,-456.1142518779349,2791.2363765824452,True,tilde_q_mu,asymptotic,default,sidak_approx,observed,0.901**2 * RBF(length_scale=0.268),0.026374921136093,0.359658015492178,0.0973958510131203,0.268494047913831,0.0239772010328118,0.8115680237586269,1272.3001656884126,385,204,181,416,31,0.04,0.3,0.000625,1.0,1e-08,1e+18,False,False,False,False,12,1.1,15.0,11.197889509555656,6.140481574345738,83.73383965016914,62.509485640896294,study_results/v4p2_followups_20260806/pseudo65/gp_window_ensemble_20260806/runs/window_3p0/draw_00/attempt_01/results_single.csv,1,1,1,1,single_attempt_outside_55_75MeV,False,,,,,,,window_3p0,0
2021,0.178,0.0043243635,0.168270182125,0.1877298178749999,227019370.79188985,1.64,0.17090804386,0.1850919561399999,0.0141839122799999,0.0,1.0,8000,0.000125,True,4799.909533489561,3.857181331741649e-06,0.4434983492979112,0.1421054687298669,474.8699556276527,2734.6939768877146,True,tilde_q_mu,asymptotic,default,sidak_approx,observed,8.26**2 * RBF(length_scale=0.32),0.0264041443086661,0.3600565132999933,0.0975037647296154,0.3196537983184121,0.0240037675533328,68.21384590248762,1594.4922099985283,385,205,180,416,31,0.04,0.3,0.000625,1.0,1e-08,1e+18,False,False,False,False,12,1.1,15.0,13.31681777071819,6.105903055713559,83.26231439609397,73.91927119873529,study_results/v4p2_followups_20260806/pseudo65/gp_window_ensemble_20260806/runs/window_3p0/draw_00/attempt_01/results_single.csv,1,1,1,1,single_attempt_outside_55_75MeV,False,,,,,,,window_3p0,0
2021,0.179,0.004353645875,0.1692042967812499,0.18879570321875,220993245.42708975,1.64,0.1718600207649999,0.186139979235,0.01427995847,0.0,1.0,8000,0.000125,True,5598.802641917358,4.596032066418246e-06,0.2698124214462357,0.6133803998166445,1662.0455256357725,2709.080633055547,True,tilde_q_mu,asymptotic,default,sidak_approx,observed,8.25**2 * RBF(length_scale=0.319),0.0264340705882899,0.3604645989312272,0.0976142748409662,0.3194878954830794,0.0240309732620818,68.01786013526012,1595.0586803293377,385,207,178,416,31,0.04,0.3,0.000625,1.0,1e-08,1e+18,False,False,False,False,12,1.1,15.0,13.294837957611795,6.0717089417131325,82.79603102336088,73.38398773259881,study_results/v4p2_followups_20260806/pseudo65/gp_window_ensemble_20260806/runs/window_3p0/draw_00/attempt_01/results_single.csv,1,1,1,1,single_attempt_outside_55_75MeV,False,,,,,,,window_3p0,0
2021,0.18,0.0043831,0.170138025,0.189861975,215155115.9948604,1.64,0.172811716,0.1871882839999999,0.0143765679999999,0.0,1.0,8000,0.000125,True,6415.969213293167,5.379699420218354e-06,0.1572687363000664,1.0057466165986828,2709.0133619588696,2692.665479379152,True,tilde_q_mu,asymptotic,default,sidak_approx,observed,8.25**2 * RBF(length_scale=0.32),0.0264646881865,0.360882111634091,0.0977273378153825,0.319551519437147,0.0240588074422727,68.08299178163195,1591.4568350460645,384,208,176,416,32,0.04,0.3,0.000625,1.0,1e-08,1e+18,False,False,False,False,12,1.1,15.0,13.282101376133726,6.037892858136936,82.33490261095821,72.90536821818962,study_results/v4p2_followups_20260806/pseudo65/gp_window_ensemble_20260806/runs/window_3p0/draw_00/attempt_01/results_single.csv,1,1,1,1,single_attempt_outside_55_75MeV,False,,,,,,,window_3p0,0
2021,0.181,0.004412725875,0.1710713667812499,0.19092863321875,209423665.4643851,1.64,0.173763129565,0.1882368704349999,0.0144737408699999,0.0,1.0,8000,0.000125,True,7078.592131385507,6.064045895275507e-06,0.0916252213852231,1.3308133237421726,3532.7890427041743,2656.907034960996,True,tilde_q_mu,asymptotic,default,sidak_approx,observed,8.22**2 * RBF(length_scale=0.319),0.0264959855740647,0.3613088941917919,0.0978429110783556,0.3192112915752955,0.0240872596127861,67.60419503190812,1596.7759393628444,385,210,175,416,31,0.04,0.3,0.000625,1.0,1e-08,1e+18,False,False,False,False,12,1.1,15.0,13.252287587162886,6.004448570933435,81.87884414909227,72.33879933121734,study_results/v4p2_followups_20260806/pseudo65/gp_window_ensemble_20260806/runs/window_3p0/draw_00/attempt_01/results_single.csv,1,1,1,1,single_attempt_outside_55_75MeV,False,,,,,,,window_3p0,0
2021,0.182,0.0044425235,0.172004322125,0.191995677875,203890389.41582435,1.64,0.17471426146,0.18928573854,0.01457147708,0.0,1.0,8000,0.000125,True,7242.22036753968,6.3375808707833144e-06,0.0789173577839808,1.4123915077843023,3734.239743414907,2641.891552778214,True,tilde_q_mu,asymptotic,default,sidak_approx,observed,8.25**2 * RBF(length_scale=0.32),0.0265279514739,0.3617447928259099,0.0979609529864923,0.3195483494640793,0.0241163195217273,68.08013698056533,1592.3456544772075,384,211,173,416,32,0.04,0.3,0.000625,1.0,1e-08,1e+18,False,False,False,False,12,1.1,15.0,13.250295061656727,5.971369982376021,81.42777248694574,71.92946744436564,study_results/v4p2_followups_20260806/pseudo65/gp_window_ensemble_20260806/runs/window_3p0/draw_00/attempt_01/results_single.csv,1,1,1,1,single_attempt_outside_55_75MeV,False,,,,,,,window_3p0,0
2021,0.183,0.004472492875,0.1729368910312499,0.19306310896875,198621214.40460417,1.64,0.1756651116849999,0.190334888315,0.01466977663,0.0,1.0,8000,0.000125,True,7051.040638157368,6.299359836230946e-06,0.0873055304623484,1.3575356909150464,3558.022961009593,2618.607581416093,True,tilde_q_mu,asymptotic,default,sidak_approx,observed,8.26**2 * RBF(length_scale=0.32),0.0265605748542153,0.3621896571029359,0.098081422802206,0.3196753079067682,0.0241459771401957,68.28917177711146,1593.089693184605,384,213,171,416,32,0.04,0.3,0.000625,1.0,1e-08,1e+18,False,False,False,False,12,1.1,15.0,13.239278164253944,5.938651127357089,80.98160628214212,71.47586745049162,study_results/v4p2_followups_20260806/pseudo65/gp_window_ensemble_20260806/runs/window_3p0/draw_00/attempt_01/results_single.csv,1,1,1,1,single_attempt_outside_55_75MeV,False,,,,,,,window_3p0,0
2021,0.184,0.004502634,0.1738690735,0.1941309265,193360941.65798712,1.64,0.17661568024,0.19138431976,0.01476863952,0.0,1.0,8000,0.000125,True,6523.706919815664,5.954259916045679e-06,0.1257350540903052,1.1467859238793543,2987.8721581147147,2604.5066444936033,True,tilde_q_mu,asymptotic,default,sidak_approx,observed,8.27**2 * RBF(length_scale=0.32),0.026593844921878,0.3626433398437911,0.0982042806692136,0.3197587149404794,0.0241762226562527,68.46269198401728,1591.4081200916255,383,214,169,416,33,0.04,0.3,0.000625,1.0,1e-08,1e+18,False,False,False,False,12,1.1,15.0,13.22616520731702,5.906286169801502,80.54026595183866,71.0159242213512,study_results/v4p2_followups_20260806/pseudo65/gp_window_ensemble_20260806/runs/window_3p0/draw_00/attempt_01/results_single.csv,1,1,1,1,single_attempt_outside_55_75MeV,False,,,,,,,window_3p0,0
2021,0.185,0.004532946875,0.1748008695312499,0.19519913046875,188216407.4390779,1.64,0.177565967125,0.192434032875,0.0148680657499999,0.0,1.0,8000,0.000125,True,5951.262637521649,5.550087508890954e-06,0.1775212388519728,0.9248528070227088,2375.1583525656856,2571.424575744293,True,tilde_q_mu,asymptotic,default,sidak_approx,observed,8.24**2 * RBF(length_scale=0.319),0.0266277511159985,0.3631056970363433,0.0983294875888454,0.3193616272446964,0.0242070464690895,67.88260656498686,1594.6001639605952,384,216,168,416,32,0.04,0.3,0.000625,1.0,1e-08,1e+18,False,False,False,False,12,1.1,15.0,13.192919989330193,5.874269399197075,80.10367362541467,70.45342379943432,study_results/v4p2_followups_20260806/pseudo65/gp_window_ensemble_20260806/runs/window_3p0/draw_00/attempt_01/results_single.csv,1,1,1,1,single_attempt_outside_55_75MeV,False,,,,,,,window_3p0,0
2021,0.186,0.0045634315,0.175732279125,0.196267720875,183203373.0638776,1.64,0.17851597234,0.19348402766,0.01496805532,0.0,1.0,8000,0.000125,True,5183.705109682309,4.939850434317761e-06,0.2886439131141657,0.5573507230133709,1426.4625359226666,2560.070686400975,True,tilde_q_mu,asymptotic,default,sidak_approx,observed,8.16**2 * RBF(length_scale=0.318),0.0266622831017154,0.3635765877506647,0.0984570053970965,0.318288103911953,0.0242384391833776,66.52241088222986,1588.5980692632352,383,217,166,416,33,0.04,0.3,0.000625,1.0,1e-08,1e+18,False,False,False,False,12,1.1,15.0,13.131542897788163,5.84259522723534,79.67175309866373,69.74753623713931,study_results/v4p2_followups_20260806/pseudo65/gp_window_ensemble_20260806/runs/window_3p0/draw_00/attempt_01/results_single.csv,1,1,1,1,single_attempt_outside_55_75MeV,False,,,,,,,window_3p0,0
2021,0.187,0.004594087875,0.17666330228125,0.19733669771875,178278504.14348978,1.64,0.179465695885,0.194534304115,0.01506860823,0.0,1.0,8000,0.000125,True,4425.680535304158,4.3108151009393625e-06,0.4378090117699976,0.1565265116188599,397.1501000725056,2537.641521089851,True,tilde_q_mu,asymptotic,default,sidak_approx,observed,8.14**2 * RBF(length_scale=0.318),0.0266974307641825,0.3640558740570343,0.0985867967424219,0.3180397199153753,0.0242703916038022,66.18464276385023,1588.7955496991897,383,219,164,416,33,0.04,0.3,0.000625,1.0,1e-08,1e+18,False,False,False,False,12,1.1,15.0,13.104020944826868,5.811258184560199,79.24442978945724,69.228044514794,study_results/v4p2_followups_20260806/pseudo65/gp_window_ensemble_20260806/runs/window_3p0/draw_00/attempt_01/results_single.csv,1,1,1,1,single_attempt_outside_55_75MeV,False,,,,,,,window_3p0,0
2021,0.188,0.004624916,0.177593939,0.198406061,173567784.67781383,1.64,0.18041513776,0.19558486224,0.0151697244799999,0.0,1.0,8000,0.000125,True,3817.4051315435727,3.798929248924255e-06,0.5,0.0,-574.0635241936259,2511.948490790322,True,tilde_q_mu,asymptotic,default,sidak_approx,observed,8.15**2 * RBF(length_scale=0.318),0.0267331842027451,0.3645434209465248,0.0987188250642313,0.3182134242904227,0.0243028947297683,66.35745206279398,1589.352022043468,383,220,163,416,33,0.04,0.3,0.000625,1.0,1e-08,1e+18,False,False,False,False,12,1.1,15.0,13.093642869655644,5.78025291761951,78.8216306948115,68.80415218144994,study_results/v4p2_followups_20260806/pseudo65/gp_window_ensemble_20260806/runs/window_3p0/draw_00/attempt_01/results_single.csv,1,1,1,1,single_attempt_outside_55_75MeV,False,,,,,,,window_3p0,0
2021,0.189,0.004655915875,0.17852418928125,0.19947581071875,168874228.16818193,1.64,0.181364297965,0.196635702035,0.0152714040699999,0.0,1.0,8000,0.000125,True,3462.02582013381,3.5222894610439224e-06,0.5,0.0,-1315.7047925138352,2488.1504927064643,True,tilde_q_mu,asymptotic,default,sidak_approx,observed,8.18**2 * RBF(length_scale=0.319),0.0267695337253012,0.3650390962541072,0.0988530545720656,0.3187122481202716,0.0243359397502738,66.98211492056149,1590.5917698922171,383,222,161,416,33,0.04,0.3,0.000625,1.0,1e-08,1e+18,False,False,False,False,12,1.1,15.0,13.096360830556613,5.749574185616315,78.40328434931338,68.45318014262267,study_results/v4p2_followups_20260806/pseudo65/gp_window_ensemble_20260806/runs/window_3p0/draw_00/attempt_01/results_single.csv,1,1,1,1,single_attempt_outside_55_75MeV,False,,,,,,,window_3p0,0
2021,0.19,0.0046870875,0.179454053125,0.200545946875,164378838.92039412,1.64,0.1823131765,0.1976868235,0.0153736469999999,0.0,1.0,8000,0.000125,True,5290.35596705434,5.5005397509659704e-06,0.5,0.0,-5330.026100761683,4423.120800484209,True,tilde_q_mu,asymptotic,default,sidak_approx,observed,3.7**2 * RBF(length_scale=0.143),0.0268064698428396,0.3655427705841774,0.0989894502254296,0.1427556434697604,0.0243695180389451,13.66329612790524,1492.157623883615,382,223,159,416,34,0.04,0.3,0.000625,1.0,1e-08,1e+18,False,False,False,False,12,1.1,15.0,5.857959244069631,5.719216857555929,77.98932078485358,30.45721750868966,study_results/v4p2_followups_20260806/pseudo65/gp_window_ensemble_20260806/runs/window_3p0/draw_00/attempt_01/results_single.csv,1,1,1,1,single_attempt_outside_55_75MeV,False,,,,,,,window_3p0,0
2021,0.191,0.004718430875,0.18038353053125,0.20161646946875,160024504.07567304,1.64,0.183261773365,0.198738226635,0.01547645327,0.0,1.0,8000,0.000125,True,3109.1969849708157,3.303302170582906e-06,0.5,0.0,-2233.831735460482,2450.4089431464163,True,tilde_q_mu,asymptotic,default,sidak_approx,observed,8.18**2 * RBF(length_scale=0.319),0.026843983264149,0.3660543172383967,0.099127977714251,0.3186776033979268,0.0244036211492264,66.98135329871936,1588.5589849587036,382,225,157,416,34,0.04,0.3,0.000625,1.0,1e-08,1e+18,False,False,False,False,12,1.1,15.0,13.058619515900338,5.68917590938515,77.57967149161568,67.53889414516998,study_results/v4p2_followups_20260806/pseudo65/gp_window_ensemble_20260806/runs/window_3p0/draw_00/attempt_01/results_single.csv,1,1,1,1,single_attempt_outside_55_75MeV,False,,,,,,,window_3p0,0
2021,0.192,0.004749946,0.1813126215,0.2026873785,155718995.1526329,1.64,0.18421008856,0.19978991144,0.0155798228799999,0.0,1.0,8000,0.000125,True,3011.4952906509043,3.2708399165466154e-06,0.466191604984568,0.0848467706525458,-2466.599300113235,2425.334352150806,True,tilde_q_mu,asymptotic,default,sidak_approx,observed,8.18**2 * RBF(length_scale=0.319),0.0268820648906906,0.3665736121457819,0.0992686034399486,0.3186160845636812,0.0244382408097187,66.97766731514048,1587.9991126308,382,226,156,416,34,0.04,0.3,0.000625,1.0,1e-08,1e+18,False,False,False,False,12,1.1,15.0,13.037603117363975,5.659446421220509,77.17426938027965,67.07783300350808,study_results/v4p2_followups_20260806/pseudo65/gp_window_ensemble_20260806/runs/window_3p0/draw_00/attempt_01/results_single.csv,1,1,1,1,single_attempt_outside_55_75MeV,False,,,,,,,window_3p0,0
2021,0.193,0.004781632875,0.18224132603125,0.20375867396875,151601184.85939226,1.64,0.185158122085,0.200841877915,0.0156837558299999,0.0,1.0,8000,0.000125,True,3005.39691037564,3.3355069742235766e-06,0.4999513009912829,0.0001220703125,-2347.0114934975413,2401.24879953364,True,tilde_q_mu,asymptotic,default,sidak_approx,observed,8.2**2 * RBF(length_scale=0.319),0.0269207058116312,0.3671005337949717,0.0994112944970904,0.3187610864675666,0.0244733689196647,67.21007349517977,1587.8754332900971,382,228,154,416,34,0.04,0.3,0.000625,1.0,1e-08,1e+18,False,False,False,False,12,1.1,15.0,13.02481434059683,5.630023574662507,76.77304874539782,66.66364708469314,study_results/v4p2_followups_20260806/pseudo65/gp_window_ensemble_20260806/runs/window_3p0/draw_00/attempt_01/results_single.csv,1,1,1,1,single_attempt_outside_55_75MeV,False,,,,,,,window_3p0,0
2021,0.194,0.0048134915,0.183169644125,0.204830355875,147523768.56605715,1.64,0.18610587394,0.20189412606,0.01578825212,0.0,1.0,8000,0.000125,True,3012.2280383457537,3.4177795013544085e-06,0.5,0.0,-2237.7300224757296,2387.3077578914563,True,tilde_q_mu,asymptotic,default,sidak_approx,observed,8.15**2 * RBF(length_scale=0.318),0.0269598972990275,0.3676349631685571,0.0995560186556095,0.3180288728927664,0.0245089975445704,66.37004219449716,1584.0677455261657,381,229,152,416,35,0.04,0.3,0.000625,1.0,1e-08,1e+18,False,False,False,False,12,1.1,15.0,12.976004926942428,5.600902650192177,76.37594522989332,66.07030944019873,study_results/v4p2_followups_20260806/pseudo65/gp_window_ensemble_20260806/runs/window_3p0/draw_00/attempt_01/results_single.csv,1,1,1,1,single_attempt_outside_55_75MeV,False,,,,,,,window_3p0,0
2021,0.195,0.004845521875,0.18409757578125,0.20590242421875,143578408.5209931,1.64,0.187053344125,0.202946655875,0.0158933117499999,0.0,1.0,8000,0.000125,True,3028.840085640497,3.512954460608424e-06,0.5,0.0,-2003.9463638330285,2354.675423388939,True,tilde_q_mu,asymptotic,default,sidak_approx,observed,8.11**2 * RBF(length_scale=0.317),0.0269996308031587,0.368176783679438,0.09970274434357,0.3174164913406379,0.0245451189119625,65.77162099954657,1588.140228816837,382,231,151,416,34,0.04,0.3,0.000625,1.0,1e-08,1e+18,False,False,False,False,12,1.1,15.0,12.931959811607957,5.572079024647637,75.9828957906496,65.50718364895172,study_results/v4p2_followups_20260806/pseudo65/gp_window_ensemble_20260806/runs/window_3p0/draw_00/attempt_01/results_single.csv,1,1,1,1,single_attempt_outside_55_75MeV,False,,,,,,,window_3p0,0
2021,0.196,0.004877724,0.185025121,0.206974879,139755894.5302579,1.64,0.18800053264,0.20399946736,0.01599893472,0.0,1.0,8000,0.000125,True,3160.1098764029603,3.7462426129342695e-06,0.5,0.0,-1495.8137658025498,2337.412896533488,True,tilde_q_mu,asymptotic,default,sidak_approx,observed,8.13**2 * RBF(length_scale=0.318),0.0270398979480013,0.3687258811091098,0.0998514406304547,0.3176840500614873,0.0245817254072739,66.05387029955139,1583.7367354641842,381,232,149,416,35,0.04,0.3,0.000625,1.0,1e-08,1e+18,False,False,False,False,12,1.1,15.0,12.923586314550615,5.543548168777362,75.59383866514584,65.1295665891484,study_results/v4p2_followups_20260806/pseudo65/gp_window_ensemble_20260806/runs/window_3p0/draw_00/attempt_01/results_single.csv,1,1,1,1,single_attempt_outside_55_75MeV,False,,,,,,,window_3p0,0
2021,0.197,0.004910097875,0.18595227978125,0.20804772021875,136004179.86803293,1.64,0.188947439485,0.205052560515,0.01610512103,0.0,1.0,8000,0.000125,True,3297.471186864078,3.996524221082309e-06,0.5,0.0,-1013.9615568184324,2311.1676276738367,True,tilde_q_mu,asymptotic,default,sidak_approx,observed,8.16**2 * RBF(length_scale=0.318),0.0270806905268411,0.3692821435478344,0.1000020772109632,0.3181322269423435,0.0246188095698556,66.52836105897771,1583.1677473635375,381,234,147,416,35,0.04,0.3,0.000625,1.0,1e-08,1e+18,False,False,False,False,12,1.1,15.0,12.922323723234728,5.51530564486786,75.20871333910718,64.79142270506033,study_results/v4p2_followups_20260806/pseudo65/gp_window_ensemble_20260806/runs/window_3p0/draw_00/attempt_01/results_single.csv,1,1,1,1,single_attempt_outside_55_75MeV,False,,,,,,,window_3p0,0
2021,0.198,0.0049426435,0.186879052125,0.209120947875,132354320.73115931,1.64,0.18989406466,0.20610593534,0.01621187068,0.0,1.0,8000,0.000125,True,3502.956611697936,4.340615994596325e-06,0.5,0.0,-485.9944808547615,2292.248471216219,True,tilde_q_mu,asymptotic,default,sidak_approx,observed,8.21**2 * RBF(length_scale=0.319),0.0271220004980165,0.3698454613365898,0.1001546243892919,0.3188142868684752,0.0246563640891059,67.38447601755666,1579.750759973099,380,235,145,416,36,0.04,0.3,0.000625,1.0,1e-08,1e+18,False,False,False,False,12,1.1,15.0,12.930304148507366,5.487347104442508,74.82746051512511,64.50278820806622,study_results/v4p2_followups_20260806/pseudo65/gp_window_ensemble_20260806/runs/window_3p0/draw_00/attempt_01/results_single.csv,1,1,1,1,single_attempt_outside_55_75MeV,False,,,,,,,window_3p0,0
2021,0.199,0.004975360875,0.18780543803125,0.21019456196875,128788002.15036236,1.64,0.190840408165,0.207159591835,0.01631918367,0.0,1.0,8000,0.000125,True,3785.621459086816,4.796546115385084e-06,0.483721199790538,0.0408162311174532,97.96564435049125,2264.137873429736,True,tilde_q_mu,asymptotic,default,sidak_approx,observed,8.27**2 * RBF(length_scale=0.319),0.0271638199807916,0.3704157270107955,0.100309053063895,0.3194973642585892,0.0246943818007197,68.32248877173829,1582.6550769516457,380,236,144,416,36,0.04,0.3,0.000625,1.0,1e-08,1e+18,False,False,False,False,12,1.1,15.0,12.938058819892293,5.459668286029939,74.45002208222643,64.2159176561417,study_results/v4p2_followups_20260806/pseudo65/gp_window_ensemble_20260806/runs/window_3p0/draw_00/attempt_01/results_single.csv,1,1,1,1,single_attempt_outside_55_75MeV,False,,,,,,,window_3p0,0
2021,0.2,0.00500825,0.1887314375,0.2112685625,125353032.55969112,1.64,0.19178647,0.20821353,0.0164270599999999,0.0,1.0,8000,0.000125,True,3921.197620418978,5.078948531730765e-06,0.4344967472971656,0.1649370950662803,369.6079438592737,2241.219374313249,True,tilde_q_mu,asymptotic,default,sidak_approx,observed,8.26**2 * RBF(length_scale=0.319),0.027206141251351,0.3709928352456959,0.1004653347126938,0.3194725208442777,0.0247328556830463,68.22050563896214,1583.5878761927552,380,238,142,416,36,0.04,0.3,0.000625,1.0,1e-08,1e+18,False,False,False,False,12,1.1,15.0,12.916928192132143,5.432265012998759,74.0763410863467,63.78925190321524,study_results/v4p2_followups_20260806/pseudo65/gp_window_ensemble_20260806/runs/window_3p0/draw_00/attempt_01/results_single.csv,1,1,1,1,single_attempt_outside_55_75MeV,False,,,,,,,window_3p0,0
2021,0.201,0.005041310875,0.18965705053125,0.21234294946875,122019355.53382406,1.64,0.192732250165,0.209267749835,0.01653549967,0.0,1.0,8000,0.000125,True,4085.464293306619,5.4092438118299555e-06,0.3841153913498812,0.2946898956444168,655.5022531526287,2224.7160763952907,True,tilde_q_mu,asymptotic,default,sidak_approx,observed,8.27**2 * RBF(length_scale=0.32),0.027248956738914,0.3715766828033728,0.1006234413787278,0.3196338327576571,0.0247717788535581,68.43141905324393,1579.7034179425768,379,239,140,416,37,0.04,0.3,0.000625,1.0,1e-08,1e+18,False,False,False,False,12,1.1,15.0,12.903144124094476,5.405133191456678,73.70636170168197,63.40292052662932,study_results/v4p2_followups_20260806/pseudo65/gp_window_ensemble_20260806/runs/window_3p0/draw_00/attempt_01/results_single.csv,1,1,1,1,single_attempt_outside_55_75MeV,False,,,,,,,window_3p0,0
2021,0.202,0.0050745435,0.190582277125,0.213417722875,118808713.66471364,1.64,0.19367774866,0.21032225134,0.01664450268,0.0,1.0,8000,0.000125,True,4100.54219071073,5.5483205418063954e-06,0.36710489529496,0.3395309433670169,745.1163875455827,2195.8529929149413,True,tilde_q_mu,asymptotic,default,sidak_approx,observed,8.21**2 * RBF(length_scale=0.319),0.0272922590219629,0.3721671684813132,0.100783345656227,0.3188320090168249,0.0248111445654208,67.37652627632919,1584.2232603082734,380,241,139,416,36,0.04,0.3,0.000625,1.0,1e-08,1e+18,False,False,False,False,12,1.1,15.0,12.850354733782773,5.37826880821161,73.34002920288559,62.82969276287117,study_results/v4p2_followups_20260806/pseudo65/gp_window_ensemble_20260806/runs/window_3p0/draw_00/attempt_01/results_single.csv,1,1,1,1,single_attempt_outside_55_75MeV,False,,,,,,,window_3p0,0
2021,0.203,0.005107947875,0.19150711728125,0.21449288271875,115574322.00533302,1.64,0.194622965485,0.211377034515,0.0167540690299999,0.0,1.0,8000,0.000125,True,4398.390565768354,6.087743150175561e-06,0.2915726563764197,0.5487962082240081,1195.3055478314277,2179.198263968963,True,tilde_q_mu,asymptotic,default,sidak_approx,observed,8.26**2 * RBF(length_scale=0.32),0.0273360408245852,0.3727641930625258,0.1009450206771031,0.3195288296192007,0.0248509462041683,68.30672279248694,1580.0473780664938,379,242,137,416,37,0.04,0.3,0.000625,1.0,1e-08,1e+18,False,False,False,False,12,1.1,15.0,12.857813420625586,5.351667928793269,72.97728993809002,62.55522519779056,study_results/v4p2_followups_20260806/pseudo65/gp_window_ensemble_20260806/runs/window_3p0/draw_00/attempt_01/results_single.csv,1,1,1,1,single_attempt_outside_55_75MeV,False,,,,,,,window_3p0,0
2021,0.204,0.005141524,0.192431571,0.2155684289999999,112452833.18684237,1.64,0.19556790064,0.21243209936,0.01686419872,0.0,1.0,8000,0.000125,True,4763.476784113971,6.742848560329277e-06,0.2136228186979086,0.7939137620275826,1711.2528137345744,2157.2153054348846,True,tilde_q_mu,asymptotic,default,sidak_approx,observed,8.31**2 * RBF(length_scale=0.32),0.0273802950129184,0.3733676592670698,0.1011084400978236,0.3200288184050198,0.0248911772844713,69.05411507360468,1582.3263250993243,379,244,135,416,37,0.04,0.3,0.000625,1.0,1e-08,1e+18,False,False,False,False,12,1.1,15.0,12.857118598591711,5.325326695531998,72.61809130270905,62.24396081881944,study_results/v4p2_followups_20260806/pseudo65/gp_window_ensemble_20260806/runs/window_3p0/draw_00/attempt_01/results_single.csv,1,1,1,1,single_attempt_outside_55_75MeV,False,,,,,,,window_3p0,0
2021,0.205,0.005175271875,0.19335563828125,0.2166443617187499,109447447.25856656,1.64,0.196512554125,0.213487445875,0.01697489175,0.0,1.0,8000,0.000125,True,5013.722593673459,7.256391826085197e-06,0.1699302051780786,0.9544410999443284,2044.2572602450243,2143.0783198518825,True,tilde_q_mu,asymptotic,default,sidak_approx,observed,8.33**2 * RBF(length_scale=0.32),0.0274250145917023,0.3739774717050326,0.1012735780866781,0.3202552271430292,0.0249318314470021,69.3478944710508,1581.0659089691865,378,245,133,416,38,0.04,0.3,0.000625,1.0,1e-08,1e+18,False,False,False,False,12,1.1,15.0,12.84523472829498,5.2992413256941004,72.26238171401046,61.88181700947435,study_results/v4p2_followups_20260806/pseudo65/gp_window_ensemble_20260806/runs/window_3p0/draw_00/attempt_01/results_single.csv,1,1,1,1,single_attempt_outside_55_75MeV,False,,,,,,,window_3p0,0
2021,0.206,0.0052091915,0.194279319125,0.217720680875,106491864.68179588,1.64,0.19745692594,0.2145430740599999,0.0170861481199999,0.0,1.0,8000,0.000125,True,5246.435791668955,7.766058044261758e-06,0.1307263406500578,1.1229642423000816,2371.4393068486665,2114.610405491439,True,tilde_q_mu,asymptotic,default,sidak_approx,observed,8.35**2 * RBF(length_scale=0.321),0.0274701927009294,0.3745935368308561,0.1014404093114096,0.3205448123352378,0.0249729024553904,69.76785725477266,1583.5218871832017,379,247,132,416,37,0.04,0.3,0.000625,1.0,1e-08,1e+18,False,False,False,False,12,1.1,15.0,12.835705137111448,5.273408109671041,71.91011058642329,61.534465057627045,study_results/v4p2_followups_20260806/pseudo65/gp_window_ensemble_20260806/runs/window_3p0/draw_00/attempt_01/results_single.csv,1,1,1,1,single_attempt_outside_55_75MeV,False,,,,,,,window_3p0,0
2021,0.207,0.005243282875,0.1952026135312499,0.21879738646875,103594993.30477582,1.64,0.198401016085,0.215598983915,0.0171979678299999,0.0,1.0,8000,0.000125,True,5377.3076835983375,8.142836167672496e-06,0.1135500109918534,1.207862848389699,2539.2297556063136,2103.2418702608265,True,tilde_q_mu,asymptotic,default,sidak_approx,observed,8.33**2 * RBF(length_scale=0.32),0.0275158226125923,0.375215762898986,0.1016089089272047,0.3203246627490028,0.0250143841932657,69.41921974857054,1579.325906419905,378,248,130,416,38,0.04,0.3,0.000625,1.0,1e-08,1e+18,False,False,False,False,12,1.1,15.0,12.805618570264032,5.247823409220947,71.56122830755837,61.09238627507823,study_results/v4p2_followups_20260806/pseudo65/gp_window_ensemble_20260806/runs/window_3p0/draw_00/attempt_01/results_single.csv,1,1,1,1,single_attempt_outside_55_75MeV,False,,,,,,,window_3p0,0
2021,0.208,0.005277546,0.1961255214999999,0.2198744785,100755569.91566654,1.64,0.19934482456,0.21665517544,0.0173103508799999,0.0,1.0,8000,0.000125,True,5464.818629734571,8.467657357298705e-06,0.1001443968465203,1.2807292170587286,2669.4094130819817,2084.613724770604,True,tilde_q_mu,asymptotic,default,sidak_approx,observed,8.38**2 * RBF(length_scale=0.321),0.0275618977275242,0.3758440599207857,0.1017790525650254,0.3209095493846916,0.0250562706613857,70.28436284936019,1579.9926567152054,378,250,128,416,38,0.04,0.3,0.000625,1.0,1e-08,1e+18,False,False,False,False,12,1.1,15.0,12.807554393130264,5.222483655760516,71.21568621491612,60.80658498944236,study_results/v4p2_followups_20260806/pseudo65/gp_window_ensemble_20260806/runs/window_3p0/draw_00/attempt_01/results_single.csv,1,1,1,1,single_attempt_outside_55_75MeV,False,,,,,,,window_3p0,0
2021,0.209,0.005311980875,0.1970480430312499,0.22095195696875,97975291.24730824,1.64,0.200288351365,0.2177116486349999,0.0174232972699999,0.0,1.0,8000,0.000125,True,5509.616599187689,8.737324212093592e-06,0.0933737711399255,1.320262047407482,2737.631914362987,2073.7421698256608,True,tilde_q_mu,asymptotic,default,sidak_approx,observed,8.38**2 * RBF(length_scale=0.321),0.0276084115723308,0.3764783396226934,0.101950816320278,0.3208414772674701,0.0250985559748462,70.1988013032796,1576.2209600839462,377,251,126,416,39,0.04,0.3,0.000625,1.0,1e-08,1e+18,False,False,False,False,12,1.1,15.0,12.78326440728373,5.197385348705882,70.87343657326201,60.399591944590746,study_results/v4p2_followups_20260806/pseudo65/gp_window_ensemble_20260806/runs/window_3p0/draw_00/attempt_01/results_single.csv,1,1,1,1,single_attempt_outside_55_75MeV,False,,,,,,,window_3p0,0
2021,0.21,0.0053465875,0.197970178125,0.2220298218749999,95309478.67396852,1.64,0.2012315965,0.2187684034999999,0.0175368069999999,0.0,1.0,8000,0.000125,True,5229.432255751239,8.484359742666878e-06,0.1148642893461084,1.2010583219120547,2462.2468190240297,2049.9433770465585,True,tilde_q_mu,asymptotic,default,sidak_approx,observed,8.34**2 * RBF(length_scale=0.32),0.0276553577964078,0.3771185154055612,0.1021241767418025,0.3204705583715264,0.0251412343603707,69.59164388799533,1581.1296579652042,378,253,125,416,38,0.04,0.3,0.000625,1.0,1e-08,1e+18,False,False,False,False,12,1.1,15.0,12.746810827899248,5.172525053860584,70.53443255264432,59.93927124011839,study_results/v4p2_followups_20260806/pseudo65/gp_window_ensemble_20260806/runs/window_3p0/draw_00/attempt_01/results_single.csv,1,1,1,1,single_attempt_outside_55_75MeV,False,,,,,,,window_3p0,0
2021,0.211,0.005381365875,0.19889192678125,0.2231080732187499,92716703.49811862,1.64,0.202174559965,0.2198254400349999,0.0176508800699999,0.0,1.0,8000,0.000125,True,4853.609844934364,8.056461713025362e-06,0.1588062777186158,0.9993760539139372,2040.203210822681,2041.6089828328656,True,tilde_q_mu,asymptotic,default,sidak_approx,observed,8.29**2 * RBF(length_scale=0.32),0.0277027301690448,0.3777645023051568,0.1022991108211761,0.3198627845349298,0.0251843001536771,68.68152875981932,1575.0228872928176,377,254,123,416,39,0.04,0.3,0.000625,1.0,1e-08,1e+18,False,False,False,False,12,1.1,15.0,12.70088041291976,5.147899401849318,70.19862820703615,59.43895880057213,study_results/v4p2_followups_20260806/pseudo65/gp_window_ensemble_20260806/runs/window_3p0/draw_00/attempt_01/results_single.csv,1,1,1,1,single_attempt_outside_55_75MeV,False,,,,,,,window_3p0,0
2021,0.212,0.005416316,0.199813289,0.2241867109999999,90185144.73372865,1.64,0.2031172417599999,0.22088275824,0.01776551648,0.0,1.0,8000,0.000125,True,4538.935323677288,7.70908881197622e-06,0.2014578033540053,0.8364254383057506,1689.3665088756288,2025.774388787098,True,tilde_q_mu,asymptotic,default,sidak_approx,observed,8.29**2 * RBF(length_scale=0.32),0.0277505225766093,0.3784162169537641,0.1024755959823144,0.3198540741797965,0.0252277477969176,68.67071128800893,1575.3909960873889,377,256,121,416,39,0.04,0.3,0.000625,1.0,1e-08,1e+18,False,False,False,False,12,1.1,15.0,12.678661478408989,5.123505086595644,69.86597845357696,59.053805978047905,study_results/v4p2_followups_20260806/pseudo65/gp_window_ensemble_20260806/runs/window_3p0/draw_00/attempt_01/results_single.csv,1,1,1,1,single_attempt_outside_55_75MeV,False,,,,,,,window_3p0,0
2021,0.213,0.005451437875,0.20073426478125,0.2252657352187499,87692400.078589,1.64,0.204059641885,0.2219403581149999,0.0178807162299999,0.0,1.0,8000,0.000125,True,4132.128725143002,7.183766445521208e-06,0.2736645159043572,0.601767319328988,1205.1374168387267,2008.6210077057208,True,tilde_q_mu,asymptotic,default,sidak_approx,observed,8.25**2 * RBF(length_scale=0.319),0.0277987290198092,0.3790735775428533,0.1026536100713629,0.319370824846871,0.0252715718361902,67.9829834805696,1574.4653403550922,377,257,120,416,39,0.04,0.3,0.000625,1.0,1e-08,1e+18,False,False,False,False,12,1.1,15.0,12.637552856507138,5.0993388638422745,69.53643905239464,58.584694931861634,study_results/v4p2_followups_20260806/pseudo65/gp_window_ensemble_20260806/runs/window_3p0/draw_00/attempt_01/results_single.csv,1,1,1,1,single_attempt_outside_55_75MeV,False,,,,,,,window_3p0,0
2021,0.214,0.0054867315,0.201654854125,0.226345145875,85297275.72952412,1.64,0.20500176034,0.2229982396599999,0.0179964793199999,0.0,1.0,8000,0.000125,True,3783.795089458853,6.731294586222129e-06,0.3498265520503301,0.3857887819372996,768.4470863958253,1991.5204477676723,True,tilde_q_mu,asymptotic,default,sidak_approx,observed,8.31**2 * RBF(length_scale=0.32),0.0278473436110351,0.3797365037868427,0.1028331313468833,0.3201261963252406,0.0253157669191228,69.0977335160005,1573.4877571784125,377,259,118,416,39,0.04,0.3,0.000625,1.0,1e-08,1e+18,False,False,False,False,12,1.1,15.0,12.645328792446175,5.075397549713366,69.20996658700044,58.34551888045562,study_results/v4p2_followups_20260806/pseudo65/gp_window_ensemble_20260806/runs/window_3p0/draw_00/attempt_01/results_single.csv,1,1,1,1,single_attempt_outside_55_75MeV,False,,,,,,,window_3p0,0
2021,0.215,0.005522196875,0.20257505703125,0.22742494296875,82936171.06195708,1.64,0.205943597125,0.224056402875,0.01811280575,0.0,1.0,8000,0.000125,True,3258.856688782969,5.9347542924312365e-06,0.4999655646006563,8.631674575031098e-05,-1.4790505630702375,1981.439872618182,True,tilde_q_mu,asymptotic,default,sidak_approx,observed,8.34**2 * RBF(length_scale=0.32),0.0278963605717713,0.380404916887791,0.1030141384702921,0.320431692829926,0.0253603277925194,69.6025663509181,1570.7410146661755,376,260,116,416,40,0.04,0.3,0.000625,1.0,1e-08,1e+18,False,False,False,False,12,1.1,15.0,12.635155801276534,5.051678019315698,68.88651844521407,58.02612621085263,study_results/v4p2_followups_20260806/pseudo65/gp_window_ensemble_20260806/runs/window_3p0/draw_00/attempt_01/results_single.csv,1,1,1,1,single_attempt_outside_55_75MeV,False,,,,,,,window_3p0,0
2021,0.216,0.0055578339999999,0.2034948735,0.2285051265,80666190.61149085,1.64,0.20688515224,0.22511484776,0.0182296955199999,0.0,1.0,8000,0.000125,True,2871.6148879901466,5.351811629319098e-06,0.5,0.0,-698.690390569495,1965.1955331972551,True,tilde_q_mu,asymptotic,default,sidak_approx,observed,8.34**2 * RBF(length_scale=0.32),0.0279457742300831,0.3810787395011339,0.1031966104965824,0.3203847874069674,0.0254052493000755,69.56013500321254,1571.7736633215177,376,262,114,416,40,0.04,0.3,0.000625,1.0,1e-08,1e+18,False,False,False,False,12,1.1,15.0,12.610968057141408,5.028177205379499,68.56605280062952,57.645620111534,study_results/v4p2_followups_20260806/pseudo65/gp_window_ensemble_20260806/runs/window_3p0/draw_00/attempt_01/results_single.csv,1,1,1,1,single_attempt_outside_55_75MeV,False,,,,,,,window_3p0,0
2021,0.217,0.005593642875,0.20441430353125,0.22958569646875,78431109.94118327,1.64,0.207826425685,0.226173574315,0.0183471486299999,0.0,1.0,8000,0.000125,True,2660.0260466273476,5.0752532304804365e-06,0.5,0.0,-1162.467302815385,1946.5252960119549,True,tilde_q_mu,asymptotic,default,sidak_approx,observed,8.31**2 * RBF(length_scale=0.32),0.0279955790181704,0.3817578957023249,0.1033805268652899,0.3200681235637285,0.0254505263801549,69.03893832374948,1573.2715034120322,376,263,113,416,40,0.04,0.3,0.000625,1.0,1e-08,1e+18,False,False,False,False,12,1.1,15.0,12.576090520992176,5.0048920969361115,68.24852859458333,57.21997823533353,study_results/v4p2_followups_20260806/pseudo65/gp_window_ensemble_20260806/runs/window_3p0/draw_00/attempt_01/results_single.csv,1,1,1,1,single_attempt_outside_55_75MeV,False,,,,,,,window_3p0,0
2021,0.218,0.0056296235,0.205333347125,0.230666652875,76236851.52538474,1.64,0.20876741746,0.22723258254,0.01846516508,0.0,1.0,8000,0.000125,True,2497.840895403261,4.880487984807404e-06,0.5,0.0,-1582.1201408643385,1929.0714561223608,True,tilde_q_mu,asymptotic,default,sidak_approx,observed,8.31**2 * RBF(length_scale=0.32),0.0280457694699898,0.3824423109544073,0.103565867391711,0.3200419283152028,0.0254961540636271,69.0222210796074,1573.470894683412,376,265,111,416,40,0.04,0.3,0.000625,1.0,1e-08,1e+18,False,False,False,False,12,1.1,15.0,12.552557045133918,4.981819738032192,67.93390551862079,56.849614954748354,study_results/v4p2_followups_20260806/pseudo65/gp_window_ensemble_20260806/runs/window_3p0/draw_00/attempt_01/results_single.csv,1,1,1,1,single_attempt_outside_55_75MeV,False,,,,,,,window_3p0,0
2021,0.219,0.005665775875,0.20625200428125,0.23174799571875,74103158.47642389,1.64,0.209708127565,0.228291872435,0.0185837448699999,0.0,1.0,8000,0.000125,True,2337.6682363179048,4.677587969279396e-06,0.5,0.0,-2113.7247097320965,1916.517997720302,True,tilde_q_mu,asymptotic,default,sidak_approx,observed,8.35**2 * RBF(length_scale=0.32),0.0280963402189413,0.3831319120764731,0.1037526122583625,0.3204983095497394,0.0255421274717648,69.77446143235036,1570.651912661838,375,266,109,416,41,0.04,0.3,0.000625,1.0,1e-08,1e+18,False,False,False,False,12,1.1,15.0,12.547831417098244,4.958957226478954,67.62214399744026,56.567417529508155,study_results/v4p2_followups_20260806/pseudo65/gp_window_ensemble_20260806/runs/window_3p0/draw_00/attempt_01/results_single.csv,1,1,1,1,single_attempt_outside_55_75MeV,False,,,,,,,window_3p0,0
2021,0.22,0.0057021,0.207170275,0.232829725,72056230.15568508,1.64,0.210648556,0.229351444,0.018702888,0.0,1.0,8000,0.000125,True,2295.218042631424,4.701643041845691e-06,0.5,0.0,-2218.9418626771976,1904.597756144515,True,tilde_q_mu,asymptotic,default,sidak_approx,observed,8.28**2 * RBF(length_scale=0.32),0.0281472859956161,0.3838266272129476,0.1039407420066625,0.3196740163285813,0.0255884418141965,68.50292161502935,1568.9552802000665,374,267,107,416,42,0.04,0.3,0.000625,1.0,1e-08,1e+18,False,False,False,False,12,1.1,15.0,12.492906705684035,4.936301712635021,67.31320517229574,56.06250615187058,study_results/v4p2_followups_20260806/pseudo65/gp_window_ensemble_20260806/runs/window_3p0/draw_00/attempt_01/results_single.csv,1,1,1,1,single_attempt_outside_55_75MeV,False,,,,,,,window_3p0,0
2021,0.221,0.005738595875,0.20808815928125,0.23391184071875,70072537.02592257,1.64,0.211588702765,0.230411297235,0.01882259447,0.0,1.0,8000,0.000125,True,2218.5645221673203,4.652130301782543e-06,0.5,0.0,-2384.9074034641826,1877.280441601184,True,tilde_q_mu,asymptotic,default,sidak_approx,observed,8.31**2 * RBF(length_scale=0.32),0.0281986016256085,0.3845263858037528,0.1041302375288517,0.3200294219226954,0.0256350923869168,69.0257923896426,1574.3887733888898,375,269,106,416,41,0.04,0.3,0.000625,1.0,1e-08,1e+18,False,False,False,False,12,1.1,15.0,12.48403622239434,4.913850398222813,67.00705088485654,55.76789669349131,study_results/v4p2_followups_20260806/pseudo65/gp_window_ensemble_20260806/runs/window_3p0/draw_00/attempt_01/results_single.csv,1,1,1,1,single_attempt_outside_55_75MeV,False,,,,,,,window_3p0,0
2021,0.222,0.0057752635,0.209005657125,0.234994342875,68109664.16035153,1.64,0.21252856786,0.23147143214,0.01894286428,0.0,1.0,8000,0.000125,True,2162.6971554898164,4.644659889601822e-06,0.5,0.0,-2550.6303259462647,1862.32829952482,True,tilde_q_mu,asymptotic,default,sidak_approx,observed,8.37**2 * RBF(length_scale=0.321),0.0282502820273846,0.3852311185552448,0.1043210800601226,0.3206339071748885,0.0256820745703496,70.07394957934072,1572.7170200256944,374,270,104,416,42,0.04,0.3,0.000625,1.0,1e-08,1e+18,False,False,False,False,12,1.1,15.0,12.48473546389688,4.891600535176381,66.7036436614961,55.51848970612137,study_results/v4p2_followups_20260806/pseudo65/gp_window_ensemble_20260806/runs/window_3p0/draw_00/attempt_01/results_single.csv,1,1,1,1,single_attempt_outside_55_75MeV,False,,,,,,,window_3p0,0
2021,0.223,0.005812102875,0.20992276853125,0.23607723146875,66214738.059975564,1.64,0.213468151285,0.232531848715,0.01906369743,0.0,1.0,8000,0.000125,True,2153.307163918056,4.735505865991114e-06,0.5,0.0,-2461.7013731178736,1842.9641632143207,True,tilde_q_mu,asymptotic,default,sidak_approx,observed,8.36**2 * RBF(length_scale=0.32),0.0283023222102076,0.3859407574119222,0.1045132511709582,0.3204373755246073,0.0257293838274614,69.85132487695174,1571.2627688211676,374,272,102,416,42,0.04,0.3,0.000625,1.0,1e-08,1e+18,False,False,False,False,12,1.1,15.0,12.45414105807688,4.869549424520059,66.40294669800079,55.132777656590825,study_results/v4p2_followups_20260806/pseudo65/gp_window_ensemble_20260806/runs/window_3p0/draw_00/attempt_01/results_single.csv,1,1,1,1,single_attempt_outside_55_75MeV,False,,,,,,,window_3p0,0
2021,0.224,0.005849114,0.2108394935,0.2371605065,64362913.74671155,1.64,0.21440745304,0.23359254696,0.01918509392,0.0,1.0,8000,0.000125,True,2175.989106806301,4.901092780085247e-06,0.5,0.0,-2198.498413849855,1819.9021455749817,True,tilde_q_mu,asymptotic,default,sidak_approx,observed,8.37**2 * RBF(length_scale=0.321),0.0283547172721207,0.3866552355289188,0.1047067327596833,0.3205299777963218,0.0257770157019279,69.97806149695377,1570.9748835132266,374,273,101,416,42,0.04,0.3,0.000625,1.0,1e-08,1e+18,False,False,False,False,12,1.1,15.0,12.43472019813173,4.847694415277375,66.10492384469147,54.79974878183633,study_results/v4p2_followups_20260806/pseudo65/gp_window_ensemble_20260806/runs/window_3p0/draw_00/attempt_01/results_single.csv,1,1,1,1,single_attempt_outside_55_75MeV,False,,,,,,,window_3p0,0
2021,0.225,0.005886296875,0.21175583203125,0.23824416796875,62544678.25081808,1.64,0.215346473125,0.234653526875,0.01930705375,0.0,1.0,8000,0.000125,True,2253.940689194871,5.201031989337045e-06,0.5,0.0,-1754.736668841594,1800.035636987958,True,tilde_q_mu,asymptotic,default,sidak_approx,observed,8.31**2 * RBF(length_scale=0.32),0.0284074623979809,0.3873744872451945,0.1049015070452041,0.3200454053758509,0.0258249658163463,69.10004770764829,1571.3499438206302,374,275,99,416,42,0.04,0.3,0.000625,1.0,1e-08,1e+18,False,False,False,False,12,1.1,15.0,12.392868499879036,4.82603290340855,65.80953959193478,54.37126468002872,study_results/v4p2_followups_20260806/pseudo65/gp_window_ensemble_20260806/runs/window_3p0/draw_00/attempt_01/results_single.csv,1,1,1,1,single_attempt_outside_55_75MeV,False,,,,,,,window_3p0,0
2021,0.226,0.0059236515,0.212671784125,0.239328215875,60771554.15297639,1.64,0.21628521154,0.23571478846,0.01942957692,0.0,1.0,8000,0.000125,True,2297.9538535308793,5.433159354073331e-06,0.5,0.0,-1508.0372724580234,1784.4222984308667,True,tilde_q_mu,asymptotic,default,sidak_approx,observed,8.34**2 * RBF(length_scale=0.32),0.0284605528575465,0.3880984480574534,0.1050975565599455,0.3203373238878594,0.0258732298704968,69.59646851372233,1568.397461062311,373,276,97,416,43,0.04,0.3,0.000625,1.0,1e-08,1e+18,False,False,False,False,12,1.1,15.0,12.381033426875645,4.804562330776309,65.51675905604058,54.07767892622639,study_results/v4p2_followups_20260806/pseudo65/gp_window_ensemble_20260806/runs/window_3p0/draw_00/attempt_01/results_single.csv,1,1,1,1,single_attempt_outside_55_75MeV,False,,,,,,,window_3p0,0
2021,0.227,0.005961177875,0.21358734978125,0.24041265021875,59077484.03982016,1.64,0.217223668285,0.236776331715,0.01955266343,0.0,1.0,8000,0.000125,True,2331.0849634237156,5.644561072089681e-06,0.5,0.0,-1291.966069246621,1763.5330272946871,True,tilde_q_mu,asymptotic,default,sidak_approx,observed,8.38**2 * RBF(length_scale=0.321),0.0285139840036164,0.3888270545947703,0.1052948641429799,0.3206772769208729,0.0259218036396513,70.17067125357028,1569.4495861153364,373,278,95,416,43,0.04,0.3,0.000625,1.0,1e-08,1e+18,False,False,False,False,12,1.1,15.0,12.37094769248032,4.783280184139193,65.22654796553445,53.79428086951235,study_results/v4p2_followups_20260806/pseudo65/gp_window_ensemble_20260806/runs/window_3p0/draw_00/attempt_01/results_single.csv,1,1,1,1,single_attempt_outside_55_75MeV,False,,,,,,,window_3p0,0
2021,0.228,0.005998876,0.214502529,0.241497471,57436780.43420136,1.64,0.21816184336,0.23783815664,0.01967631328,0.0,1.0,8000,0.000125,True,2396.069575834962,5.9414768845895334e-06,0.499975650495596,6.103515625e-05,-998.7771476420054,1741.8124827076706,True,tilde_q_mu,asymptotic,default,sidak_approx,observed,8.38**2 * RBF(length_scale=0.321),0.0285677512702127,0.3895602445938106,0.1054934129333165,0.3206939065354465,0.0259706829729207,70.21277884711581,1569.7473676070922,373,279,94,416,43,0.04,0.3,0.000625,1.0,1e-08,1e+18,False,False,False,False,12,1.1,15.0,12.348304696870308,4.762183994170372,64.9388726477778,53.45899907506782,study_results/v4p2_followups_20260806/pseudo65/gp_window_ensemble_20260806/runs/window_3p0/draw_00/attempt_01/results_single.csv,1,1,1,1,single_attempt_outside_55_75MeV,False,,,,,,,window_3p0,0
2021,0.229,0.006036745875,0.21541732178125,0.24258267821875,55831675.293223605,1.64,0.219099736765,0.238900263235,0.01980052647,0.0,1.0,8000,0.000125,True,2483.947220694101,6.308791052824991e-06,0.5,0.0,-693.9638813512987,1722.8849621483505,True,tilde_q_mu,asymptotic,default,sidak_approx,observed,8.39**2 * RBF(length_scale=0.321),0.0286218501708174,0.3902979568747833,0.1056931863633896,0.3207584442482573,0.0260198637916522,70.38526894373436,1569.8109917078286,373,281,92,416,43,0.04,0.3,0.000625,1.0,1e-08,1e+18,False,False,False,False,12,1.1,15.0,12.327445170991409,4.741271334503118,64.6537000159516,53.134329469891306,study_results/v4p2_followups_20260806/pseudo65/gp_window_ensemble_20260806/runs/window_3p0/draw_00/attempt_01/results_single.csv,1,1,1,1,single_attempt_outside_55_75MeV,False,,,,,,,window_3p0,0
2021,0.23,0.0060747875,0.216331728125,0.243668271875,54262302.35414737,1.64,0.2200373485,0.2399626515,0.019925303,0.0,1.0,8000,0.000125,True,2486.5079090194613,6.469693611121766e-06,0.5,0.0,-637.3797098244219,1709.0093447071645,True,tilde_q_mu,asymptotic,default,sidak_approx,observed,8.47**2 * RBF(length_scale=0.321),0.0286762762966508,0.3910401313179656,0.1058941681527014,0.3214216145941666,0.0260693420878643,71.66880771366804,1567.6014581395325,372,282,90,416,44,0.04,0.3,0.000625,1.0,1e-08,1e+18,False,False,False,False,12,1.1,15.0,12.32948700856523,4.720539820800449,64.37099755636976,52.91075853997634,study_results/v4p2_followups_20260806/pseudo65/gp_window_ensemble_20260806/runs/window_3p0/draw_00/attempt_01/results_single.csv,1,1,1,1,single_attempt_outside_55_75MeV,False,,,,,,,window_3p0,0
2021,0.231,0.006113000875,0.21724574803125,0.24475425196875,52721717.822498925,1.64,0.220974678565,0.241025321435,0.02005064287,0.0,1.0,8000,0.000125,True,2614.1869290913755,6.970357108831592e-06,0.499975650495596,6.103515625e-05,-304.15714212893107,1691.9914401182916,True,tilde_q_mu,asymptotic,default,sidak_approx,observed,8.38**2 * RBF(length_scale=0.321),0.0287310253149946,0.3917867088408355,0.1060963423016291,0.3207560965621504,0.0261191139227223,70.27498746402412,1565.209591197171,372,284,88,416,44,0.04,0.3,0.000625,1.0,1e-08,1e+18,False,False,False,False,12,1.1,15.0,12.280512176299672,4.699987109848828,64.09073331612038,52.471135391772755,study_results/v4p2_followups_20260806/pseudo65/gp_window_ensemble_20260806/runs/window_3p0/draw_00/attempt_01/results_single.csv,1,1,1,1,single_attempt_outside_55_75MeV,False,,,,,,,window_3p0,0
2021,0.232,0.006151386,0.2181593815,0.2458406185,51251552.38699205,1.64,0.22191172696,0.24208827304,0.02017654608,0.0,1.0,8000,0.000125,True,2622.901074407504,7.163195820678166e-06,0.499975650495596,6.103515625e-05,-230.8544921683499,1673.7509738632957,True,tilde_q_mu,asymptotic,default,sidak_approx,observed,8.38**2 * RBF(length_scale=0.321),0.0287860929675617,0.3925376313758422,0.1062996930854058,0.3207899735632875,0.0261691754250561,70.2927102939675,1566.01360011309,372,285,87,416,44,0.04,0.3,0.000625,1.0,1e-08,1e+18,False,False,False,False,12,1.1,15.0,12.258314155979916,4.679610898675804,63.81287589103368,52.149218657923186,study_results/v4p2_followups_20260806/pseudo65/gp_window_ensemble_20260806/runs/window_3p0/draw_00/attempt_01/results_single.csv,1,1,1,1,single_attempt_outside_55_75MeV,False,,,,,,,window_3p0,0
2021,0.233,0.006189942875,0.21907262853125,0.24692737146875,49805482.399550624,1.64,0.222848493685,0.243151506315,0.02030301263,0.0,1.0,8000,0.000125,True,2633.0707771798984,7.367996031578672e-06,0.5,0.0,-166.55137172543382,1658.8661860752445,True,tilde_q_mu,asymptotic,default,sidak_approx,observed,8.36**2 * RBF(length_scale=0.321),0.0288414750689017,0.3932928418486603,0.1065042050482311,0.3205434438102753,0.0262195227899106,69.8325146872807,1567.0301942712126,372,287,85,416,44,0.04,0.3,0.000625,1.0,1e-08,1e+18,False,False,False,False,12,1.1,15.0,12.225372916917502,4.659408923689259,63.53739441394444,51.78455605864945,study_results/v4p2_followups_20260806/pseudo65/gp_window_ensemble_20260806/runs/window_3p0/draw_00/attempt_01/results_single.csv,1,1,1,1,single_attempt_outside_55_75MeV,False,,,,,,,window_3p0,0
2021,0.234,0.0062286715,0.219985489125,0.248014510875,48395595.20414742,1.64,0.22378497874,0.24421502126,0.02043004252,0.0,1.0,8000,0.000125,True,2710.712461770403,7.772874961572451e-06,0.5,0.0,-6.901293551684793,1650.1419631799524,True,tilde_q_mu,asymptotic,default,sidak_approx,observed,8.29**2 * RBF(length_scale=0.32),0.0288971675048537,0.394052284157097,0.1067098629975592,0.3198822801075234,0.0262701522771398,68.76536057338159,1563.2635110013334,371,288,83,416,45,0.04,0.3,0.000625,1.0,1e-08,1e+18,False,False,False,False,12,1.1,15.0,12.176643543322127,4.639378959839796,63.26425854326993,51.35642168759797,study_results/v4p2_followups_20260806/pseudo65/gp_window_ensemble_20260806/runs/window_3p0/draw_00/attempt_01/results_single.csv,1,1,1,1,single_attempt_outside_55_75MeV,False,,,,,,,window_3p0,0
2021,0.235,0.006267571875,0.22089796328125,0.2491020367187499,47012739.219878465,1.64,0.2247211821249999,0.245278817875,0.02055763575,0.0,1.0,8000,0.000125,True,2634.720669162951,7.74410230975303e-06,0.5,0.0,-112.54353843463647,1641.8071098458415,True,tilde_q_mu,asymptotic,default,sidak_approx,observed,8.31**2 * RBF(length_scale=0.32),0.0289531662310341,0.394815903150465,0.1069166519985136,0.3200890551891839,0.026321060210031,69.08000965275262,1560.498241077382,370,289,81,416,46,0.04,0.3,0.000625,1.0,1e-08,1e+18,False,False,False,False,12,1.1,15.0,12.160948405383664,4.619518819803578,62.993438451866965,51.07066365939104,study_results/v4p2_followups_20260806/pseudo65/gp_window_ensemble_20260806/runs/window_3p0/draw_00/attempt_01/results_single.csv,1,1,1,1,single_attempt_outside_55_75MeV,False,,,,,,,window_3p0,0
2021,0.236,0.006306644,0.2218100509999999,0.2501899489999999,45679826.44124699,1.64,0.2256571038399999,0.24634289616,0.02068579232,0.0,1.0,8000,0.000125,True,2631.24248107533,7.9258225743167e-06,0.499975650495596,6.103515625e-05,-65.75103400187267,1623.758626364128,True,tilde_q_mu,asymptotic,default,sidak_approx,observed,8.28**2 * RBF(length_scale=0.32),0.0290094672713634,0.3955836446095018,0.1071245573684485,0.3197398220814245,0.0263722429739667,68.54639087561368,1564.889960886257,371,291,80,416,45,0.04,0.3,0.000625,1.0,1e-08,1e+18,False,False,False,False,12,1.1,15.0,12.124104210516109,4.599826353186174,62.7249048161751,50.69888550573404,study_results/v4p2_followups_20260806/pseudo65/gp_window_ensemble_20260806/runs/window_3p0/draw_00/attempt_01/results_single.csv,1,1,1,1,single_attempt_outside_55_75MeV,False,,,,,,,window_3p0,0
2021,0.237,0.006345887875,0.22272175228125,0.25127824771875,44384391.87212218,1.64,0.226592743885,0.2474072561149999,0.0208145122299999,0.0,1.0,8000,0.000125,True,2717.796960341691,8.389929486591297e-06,0.4776050043418121,0.0561654448774872,90.40036333688847,1618.0140138528543,True,tilde_q_mu,asymptotic,default,sidak_approx,observed,8.24**2 * RBF(length_scale=0.319),0.0290660667166324,0.3963554552268056,0.1073335646716512,0.3192934897226086,0.0264236970151203,67.9398566594428,1563.206233840703,370,292,78,416,46,0.04,0.3,0.000625,1.0,1e-08,1e+18,False,False,False,False,12,1.1,15.0,12.083603953674611,4.580299445746575,62.458628805635115,50.315022265124504,study_results/v4p2_followups_20260806/pseudo65/gp_window_ensemble_20260806/runs/window_3p0/draw_00/attempt_01/results_single.csv,1,1,1,1,single_attempt_outside_55_75MeV,False,,,,,,,window_3p0,0
2021,0.238,0.0063853035,0.223633067125,0.252366932875,43150069.97440755,1.64,0.2275281022599999,0.24847189774,0.02094379548,0.0,1.0,8000,0.000125,True,2739.4261133274813,8.662057294049299e-06,0.4630680250901648,0.0927073594731533,148.28969531855844,1608.852277494005,True,tilde_q_mu,asymptotic,default,sidak_approx,observed,8.24**2 * RBF(length_scale=0.319),0.0291229607231004,0.3971312825877338,0.1075436597141695,0.3192591624504692,0.0264754188391822,67.90637415569017,1564.168674942779,370,294,76,416,46,0.04,0.3,0.000625,1.0,1e-08,1e+18,False,False,False,False,12,1.1,15.0,12.058701106476253,4.560936018640379,62.1945820723688,49.99905837686012,study_results/v4p2_followups_20260806/pseudo65/gp_window_ensemble_20260806/runs/window_3p0/draw_00/attempt_01/results_single.csv,1,1,1,1,single_attempt_outside_55_75MeV,False,,,,,,,window_3p0,0
2021,0.239,0.006424890875,0.2245439955312499,0.25345600446875,41910564.95451811,1.64,0.2284631789649999,0.249536821035,0.02107364207,0.0,1.0,8000,0.000125,True,2699.496524369669,8.751475445271215e-06,0.4762420592631934,0.0595875699419971,95.3587762519888,1605.1510017388214,True,tilde_q_mu,asymptotic,default,sidak_approx,observed,8.26**2 * RBF(length_scale=0.319),0.0291801455111333,0.3979110751518178,0.1077548285387784,0.3194559625541462,0.0265274050101211,68.15876981532242,1560.6732934805805,369,295,74,416,47,0.04,0.3,0.000625,1.0,1e-08,1e+18,False,False,False,False,12,1.1,15.0,12.042488228014086,4.541734027682346,61.9327367411229,49.721616875577865,study_results/v4p2_followups_20260806/pseudo65/gp_window_ensemble_20260806/runs/window_3p0/draw_00/attempt_01/results_single.csv,1,1,1,1,single_attempt_outside_55_75MeV,False,,,,,,,window_3p0,0
2021,0.24,0.00646465,0.2254545375,0.2545454625,40722504.22475857,1.64,0.229397974,0.250602026,0.0212040519999999,0.0,1.0,8000,0.000125,True,2677.998353900556,8.897838299358932e-06,0.4750516046702159,0.0625771701754187,99.00894388361144,1591.0080847871122,True,tilde_q_mu,asymptotic,default,sidak_approx,observed,8.24**2 * RBF(length_scale=0.319),0.0292376173638717,0.3986947822346143,0.1079670574200659,0.3192581130117438,0.0265796521489742,67.85111712351126,1565.187313042206,370,297,73,416,46,0.04,0.3,0.000625,1.0,1e-08,1e+18,False,False,False,False,12,1.1,15.0,12.011372881118165,4.522691462627012,61.673065399459254,49.385212348966114,study_results/v4p2_followups_20260806/pseudo65/gp_window_ensemble_20260806/runs/window_3p0/draw_00/attempt_01/results_single.csv,1,1,1,1,single_attempt_outside_55_75MeV,False,,,,,,,window_3p0,0
2021,0.241,0.006504580875,0.2263646930312499,0.25563530696875,39555789.66735767,1.64,0.230332487365,0.251667512635,0.0213350252699999,0.0,1.0,8000,0.000125,True,2747.1363300597895,9.35778435547808e-06,0.4465487972019188,0.1343856929250574,213.10512304955495,1588.2684125191286,True,tilde_q_mu,asymptotic,default,sidak_approx,observed,8.26**2 * RBF(length_scale=0.319),0.0292953726259335,0.3994823539900027,0.1081803328596386,0.3194910017261555,0.0266321569326668,68.22881490402469,1562.120031206493,369,298,71,416,47,0.04,0.3,0.000625,1.0,1e-08,1e+18,False,False,False,False,12,1.1,15.0,11.996437334531835,4.503806346467102,61.41554108818776,49.11784600205398,study_results/v4p2_followups_20260806/pseudo65/gp_window_ensemble_20260806/runs/window_3p0/draw_00/attempt_01/results_single.csv,1,1,1,1,single_attempt_outside_55_75MeV,False,,,,,,,window_3p0,0
2021,0.242,0.0065446835,0.227274462125,0.256725537875,38433549.77614895,1.64,0.23126671906,0.2527332809399999,0.0214665618799999,0.0,1.0,8000,0.000125,True,2871.704616440797,1.002614137263202e-05,0.3961762130042877,0.2632570960287588,416.8594175276511,1581.5424477074405,True,tilde_q_mu,asymptotic,default,sidak_approx,observed,8.24**2 * RBF(length_scale=0.319),0.0293534077021493,0.4002737413929458,0.1083946415814538,0.3192124017091572,0.026684916092863,67.89088068918016,1563.6503633019684,369,300,69,416,47,0.04,0.3,0.000625,1.0,1e-08,1e+18,False,False,False,False,12,1.1,15.0,11.962278637051115,4.4850767347495655,61.16013729203953,48.77430691784518,study_results/v4p2_followups_20260806/pseudo65/gp_window_ensemble_20260806/runs/window_3p0/draw_00/attempt_01/results_single.csv,1,1,1,1,single_attempt_outside_55_75MeV,False,,,,,,,window_3p0,0
2021,0.243,0.006584957875,0.22818384478125,0.25781615521875,37332878.58161166,1.64,0.232200669085,0.253799330915,0.02159866183,0.0,1.0,8000,0.000125,True,2916.8421310320778,1.04408316926215e-05,0.378767812276085,0.3087185595214762,488.42633651402633,1579.4532743277975,True,tilde_q_mu,asymptotic,default,sidak_approx,observed,8.26**2 * RBF(length_scale=0.319),0.0294117190563266,0.4010688962226361,0.108609970527255,0.3193885207857518,0.0267379264148424,68.17719614449997,1559.972443213071,368,301,67,416,48,0.04,0.3,0.000625,1.0,1e-08,1e+18,False,False,False,False,12,1.1,15.0,11.945149217272776,4.466500714908013,60.90682793056381,48.50274319875613,study_results/v4p2_followups_20260806/pseudo65/gp_window_ensemble_20260806/runs/window_3p0/draw_00/attempt_01/results_single.csv,1,1,1,1,single_attempt_outside_55_75MeV,False,,,,,,,window_3p0,0
2021,0.244,0.006625404,0.229092841,0.258907159,36240747.78783116,1.64,0.23313433744,0.25486566256,0.0217313251199999,0.0,1.0,8000,0.000125,True,3050.818306838074,1.1203385737925484e-05,0.3242487205238967,0.4558505636832968,712.2349239710347,1564.5180791851258,True,tilde_q_mu,asymptotic,default,sidak_approx,observed,8.31**2 * RBF(length_scale=0.32),0.029470303210048,0.4018677710461094,0.1088263068521347,0.3198744634534712,0.0267911847364072,69.05156859331987,1565.0476301924346,369,303,66,416,47,0.04,0.3,0.000625,1.0,1e-08,1e+18,False,False,False,False,12,1.1,15.0,11.939541554457085,4.448076405612099,60.65558734925589,48.27999371109615,study_results/v4p2_followups_20260806/pseudo65/gp_window_ensemble_20260806/runs/window_3p0/draw_00/attempt_01/results_single.csv,1,1,1,1,single_attempt_outside_55_75MeV,False,,,,,,,window_3p0,0
2021,0.245,0.006666021875,0.23000145078125,0.25999854921875,35231160.94273463,1.64,0.234067724125,0.255932275875,0.02186455175,0.0,1.0,8000,0.000125,True,3236.0261104847314,1.2174157064043745e-05,0.2675668231109687,0.6201885692933589,967.351916214343,1561.6004514363517,True,tilde_q_mu,asymptotic,default,sidak_approx,observed,8.33**2 * RBF(length_scale=0.32),0.0295291567414944,0.4026703192021974,0.1090436379201891,0.3199946238740434,0.0268446879468131,69.38409163926215,1564.3959146027723,368,304,64,416,48,0.04,0.3,0.000625,1.0,1e-08,1e+18,False,False,False,False,12,1.1,15.0,11.920221404996116,4.429801956132116,60.40639031089249,48.00383645216337,study_results/v4p2_followups_20260806/pseudo65/gp_window_ensemble_20260806/runs/window_3p0/draw_00/attempt_01/results_single.csv,1,1,1,1,single_attempt_outside_55_75MeV,False,,,,,,,window_3p0,0
2021,0.246,0.0067068115,0.230909674125,0.261090325875,34231611.46534635,1.64,0.23500082914,0.25699917086,0.02199834172,0.0,1.0,8000,0.000125,True,3384.9646077105863,1.305303801828461e-05,0.2267313125680261,0.7496548196078558,1166.9219164034512,1557.77855340404,True,tilde_q_mu,asymptotic,default,sidak_approx,observed,8.35**2 * RBF(length_scale=0.32),0.0295882762843003,0.4034764947859137,0.1092619513002888,0.3201253639102122,0.0268984329857275,69.67293242989308,1560.9273361836904,367,305,62,416,49,0.04,0.3,0.000625,1.0,1e-08,1e+18,False,False,False,False,12,1.1,15.0,11.901264437228445,4.411675545719503,60.159211987084134,47.7313793462381,study_results/v4p2_followups_20260806/pseudo65/gp_window_ensemble_20260806/runs/window_3p0/draw_00/attempt_01/results_single.csv,1,1,1,1,single_attempt_outside_55_75MeV,False,,,,,,,window_3p0,0
2021,0.247,0.006747772875,0.23181751103125,0.26218248896875,33240766.184267055,1.64,0.235933652485,0.258066347515,0.02213269503,0.0,1.0,8000,0.000125,True,3611.111705866733,1.4282126202347234e-05,0.1686386553648109,0.9595588043597412,1476.5445391046069,1540.7523311588318,True,tilde_q_mu,asymptotic,default,sidak_approx,observed,8.37**2 * RBF(length_scale=0.32),0.0296476585264336,0.4042862526331858,0.1094812347619452,0.3201177751727109,0.0269524168422123,70.00678097867954,1565.5751927423562,368,307,61,416,48,0.04,0.3,0.000625,1.0,1e-08,1e+18,False,False,False,False,12,1.1,15.0,11.87714545403395,4.393695383001999,59.91402795002726,47.440508313301955,study_results/v4p2_followups_20260806/pseudo65/gp_window_ensemble_20260806/runs/window_3p0/draw_00/attempt_01/results_single.csv,1,1,1,1,single_attempt_outside_55_75MeV,False,,,,,,,window_3p0,0
2021,0.248,0.006788906,0.2327249615,0.2632750385,32306957.309929177,1.64,0.23686619416,0.25913380584,0.02226761168,0.0,1.0,8000,0.000125,True,3754.8932117187264,1.5218427290551527e-05,0.1399230120585894,1.0806652994319443,1657.2213528336886,1534.9293403830006,True,tilde_q_mu,asymptotic,default,sidak_approx,observed,8.39**2 * RBF(length_scale=0.32),0.0297073002091074,0.4050995483060104,0.1097014762712903,0.3203510778343529,0.027006636553734,70.47521005088673,1561.9333302869782,367,308,59,416,49,0.04,0.3,0.000625,1.0,1e-08,1e+18,False,False,False,False,12,1.1,15.0,11.861939090303345,4.375859705393982,59.67081416446339,47.18743753917832,study_results/v4p2_followups_20260806/pseudo65/gp_window_ensemble_20260806/runs/window_3p0/draw_00/attempt_01/results_single.csv,1,1,1,1,single_attempt_outside_55_75MeV,False,,,,,,,window_3p0,0
2021,0.249,0.006830210875,0.23363202553125,0.26436797446875,31367919.80580777,1.64,0.237798454165,0.260201545835,0.0224030916699999,0.0,1.0,8000,0.000125,True,3827.138775258823,1.5911424644619748e-05,0.1237099831876226,1.1566387921144543,1761.2723135509243,1523.5226162488188,True,tilde_q_mu,asymptotic,default,sidak_approx,observed,8.4**2 * RBF(length_scale=0.32),0.029767198125712,0.4059163380778918,0.1099226639871329,0.3204719191270133,0.0270610892051927,70.56144079233582,1560.3913320209435,367,310,57,416,49,0.04,0.3,0.000625,1.0,1e-08,1e+18,False,False,False,False,12,1.1,15.0,11.842535852751912,4.358166778520153,59.429546979820266,46.91976938808837,study_results/v4p2_followups_20260806/pseudo65/gp_window_ensemble_20260806/runs/window_3p0/draw_00/attempt_01/results_single.csv,1,1,1,1,single_attempt_outside_55_75MeV,False,,,,,,,window_3p0,0
2021,0.25,0.0068716875,0.234538703125,0.265461296875,30463229.35640608,1.64,0.2387304325,0.2612695675,0.022539135,0.0,1.0,8000,0.000125,True,3836.744998975379,1.635938257578087e-05,0.1195564347605512,1.177207064841968,1784.9318067910576,1515.7798628144035,True,tilde_q_mu,asymptotic,default,sidak_approx,observed,8.35**2 * RBF(length_scale=0.32),0.0298273491207752,0.4067365789196631,0.1101447862571196,0.3201455599726325,0.0271157719279775,69.71958444082915,1559.1611154672676,366,311,55,416,50,0.04,0.3,0.000625,1.0,1e-08,1e+18,False,False,False,False,12,1.1,15.0,11.806617964739276,4.3406148956534025,59.19020312254639,46.58907436821487,study_results/v4p2_followups_20260806/pseudo65/gp_window_ensemble_20260806/runs/window_3p0/draw_00/attempt_01/results_single.csv,1,1,1,1,single_attempt_outside_55_75MeV,False,,,,,,,window_3p0,0
2021,0.05,0.0019941875,0.045513078125,0.054486921875,432274745.5035101,1.64,0.0467295325,0.0532704675,0.0065409349999999,0.0,1.0,8000,0.000125,True,20215.75832327272,3.0372468544050695e-05,0.0015787589959,2.9519717674378465,14042.562690260922,4757.230809035138,True,tilde_q_mu,asymptotic,default,sidak_approx,observed,7.27**2 * RBF(length_scale=0.323),0.0430198208653474,0.586633920891102,0.1588612167593829,0.3228428833433129,0.0391089280594068,52.83278437267712,1681.4764444920104,402,9,393,416,14,0.04,0.3,0.000625,1.0,1e-08,1e+18,False,False,False,False,12,1.1,15.0,8.25496630469932,21.57260581833327,294.1718975227264,161.89194012263783,study_results/v4p2_followups_20260806/pseudo65/gp_window_ensemble_20260806/runs/window_3p0/draw_01/attempt_01/results_single.csv,1,1,1,1,single_attempt_outside_55_75MeV,False,,,,,,,window_3p0,1
2021,0.051,0.002001485875,0.04649665678125,0.0555033432187499,505722115.71658146,1.64,0.047717563165,0.0542824368349999,0.0065648736699999,0.0,1.0,8000,0.000125,True,16321.050910689251,2.0548774169301298e-05,0.0220033910240948,2.0140262073712436,9914.048265366817,4941.223293286111,True,tilde_q_mu,asymptotic,default,sidak_approx,observed,7.24**2 * RBF(length_scale=0.324),0.0423437473933882,0.5774147371825666,0.1563646500091317,0.3236555554118894,0.0384943158121711,52.47182066288752,1675.4173226916166,401,10,391,416,15,0.04,0.3,0.000625,1.0,1e-08,1e+18,False,False,False,False,12,1.1,15.0,8.407879152629496,21.15615599504954,288.4930362961301,161.7076390368678,study_results/v4p2_followups_20260806/pseudo65/gp_window_ensemble_20260806/runs/window_3p0/draw_01/attempt_01/results_single.csv,1,1,1,1,single_attempt_outside_55_75MeV,False,,,,,,,window_3p0,1
2021,0.052,0.002008956,0.047479849,0.056520151,582496150.2912881,1.64,0.04870531216,0.0552946878399999,0.0065893756799999,0.0,1.0,8000,0.000125,True,8048.667940547852,8.628742904476754e-06,0.4999513009912829,0.0001220703125,-142.3201713707414,4959.719009953839,True,tilde_q_mu,asymptotic,default,sidak_approx,observed,7.54**2 * RBF(length_scale=0.318),0.0416967826910809,0.5685924912420126,0.1539755745145915,0.3178199560485413,0.0379061660828008,56.853423090326174,1673.149510496169,402,12,390,416,14,0.04,0.3,0.000625,1.0,1e-08,1e+18,False,False,False,False,12,1.1,15.0,8.384386734187443,20.75544844739304,283.02884246445046,158.20155147675774,study_results/v4p2_followups_20260806/pseudo65/gp_window_ensemble_20260806/runs/window_3p0/draw_01/attempt_01/results_single.csv,1,1,1,1,single_attempt_outside_55_75MeV,False,,,,,,,window_3p0,1
2021,0.053,0.002016597875,0.0484626547812499,0.05753734521875,661992830.0519445,1.64,0.049692779485,0.056307220515,0.00661444103,0.0,1.0,8000,0.000125,True,6247.179675641135,5.781955750437479e-06,0.5,0.0,-5453.379130586434,5105.897980447647,True,tilde_q_mu,asymptotic,default,sidak_approx,observed,7.62**2 * RBF(length_scale=0.317),0.0410773062694674,0.5601450854927381,0.1516880062237032,0.3173211689640979,0.0373430056995158,58.13759754753332,1669.3242602949038,402,14,388,416,14,0.04,0.3,0.000625,1.0,1e-08,1e+18,False,False,False,False,12,1.1,15.0,8.4974726329598,20.369607039017364,277.76736871387317,157.3547075983594,study_results/v4p2_followups_20260806/pseudo65/gp_window_ensemble_20260806/runs/window_3p0/draw_01/attempt_01/results_single.csv,1,1,1,1,single_attempt_outside_55_75MeV,False,,,,,,,window_3p0,1
2021,0.054,0.0020244115,0.049445074125,0.058554925875,743432117.467634,1.64,0.05067996514,0.05732003486,0.00664006972,0.0,1.0,8000,0.000125,True,5926.75009297746,4.794037844120612e-06,0.5,0.0,-10301.240277298708,5517.18932516056,True,tilde_q_mu,asymptotic,default,sidak_approx,observed,7.49**2 * RBF(length_scale=0.315),0.0404838157112043,0.552052032425514,0.1494963970927404,0.3152802649068757,0.0368034688283676,56.11904295823341,1663.2435839662378,401,15,386,416,15,0.04,0.3,0.000625,1.0,1e-08,1e+18,False,False,False,False,12,1.1,15.0,8.566591001983543,19.99781947059892,272.6975382354398,155.73921848738544,study_results/v4p2_followups_20260806/pseudo65/gp_window_ensemble_20260806/runs/window_3p0/draw_01/attempt_01/results_single.csv,1,1,1,1,single_attempt_outside_55_75MeV,False,,,,,,,window_3p0,1
2021,0.055,0.002032396875,0.05042710703125,0.05957289296875,825863093.242175,1.64,0.051666869125,0.058333130875,0.0066662617499999,0.0,1.0,8000,0.000125,True,6042.329046966945,4.319699598067538e-06,0.5,0.0,-10237.68800958623,5607.632623761644,True,tilde_q_mu,asymptotic,default,sidak_approx,observed,7.47**2 * RBF(length_scale=0.317),0.0399149161083646,0.5442943105686093,0.1473955960828078,0.3165063838906303,0.0362862873712406,55.82684309408387,1668.5444339685955,402,17,385,416,14,0.04,0.3,0.000625,1.0,1e-08,1e+18,False,False,False,False,12,1.1,15.0,8.722479118695494,19.639331569216612,267.8090668529538,155.730599561481,study_results/v4p2_followups_20260806/pseudo65/gp_window_ensemble_20260806/central_repeat/window_3p0/draw_01/attempt_02/results_single.csv,2,2,1,2,stable_reproduced,False,attempt_02_55_75MeV,False,1668.544433604411,1668.5444339685955,study_results/v4p2_followups_20260806/pseudo65/gp_window_ensemble_20260806/runs/window_3p0/draw_01/attempt_01/results_single.csv|study_results/v4p2_followups_20260806/pseudo65/gp_window_ensemble_20260806/central_repeat/window_3p0/draw_01/attempt_02/results_single.csv,1668.5444336|1668.54443397,window_3p0,1
2021,0.056,0.002040554,0.0514087535,0.0605912465,908338548.8222152,1.64,0.05265349144,0.05934650856,0.00669301712,0.0,1.0,8000,0.000125,True,7069.811165573994,4.513276735484605e-06,0.5,0.0,-6675.387953540968,5859.931646104344,True,tilde_q_mu,asymptotic,default,sidak_approx,observed,7.49**2 * RBF(length_scale=0.318),0.0393693106142212,0.5368542356484718,0.1453808142699889,0.3175065692934664,0.0357902823765647,56.08684598347358,1662.5352346024165,401,18,383,416,15,0.04,0.3,0.000625,1.0,1e-08,1e+18,False,False,False,False,12,1.1,15.0,8.871306628789478,19.293442180026243,263.0923933639942,155.59821954893937,study_results/v4p2_followups_20260806/pseudo65/gp_window_ensemble_20260806/central_repeat/window_3p0/draw_01/attempt_02/results_single.csv,2,2,1,2,stable_reproduced,False,attempt_02_55_75MeV,False,1662.535234247882,1662.5352346024165,study_results/v4p2_followups_20260806/pseudo65/gp_window_ensemble_20260806/runs/window_3p0/draw_01/attempt_01/results_single.csv|study_results/v4p2_followups_20260806/pseudo65/gp_window_ensemble_20260806/central_repeat/window_3p0/draw_01/attempt_02/results_single.csv,1662.53523425|1662.5352346,window_3p0,1
2021,0.057,0.002048882875,0.05239001353125,0.06160998646875,990364690.812638,1.64,0.053639832085,0.060360167915,0.0067203358299999,0.0,1.0,8000,0.000125,True,8899.855649554742,5.119562872970408e-06,0.4999311292015692,0.0001726334915006,-1405.9196873906244,5886.9018174719195,True,tilde_q_mu,asymptotic,default,sidak_approx,observed,7.79**2 * RBF(length_scale=0.319),0.0388457919743114,0.5297153451042469,0.1434475935717297,0.3194029801275581,0.0353143563402831,60.62547755245278,1659.499284613021,401,20,381,416,15,0.04,0.3,0.000625,1.0,1e-08,1e+18,False,False,False,False,12,1.1,15.0,9.044564682132256,18.959498587400432,258.53861710091496,155.89128301321668,study_results/v4p2_followups_20260806/pseudo65/gp_window_ensemble_20260806/central_repeat/window_3p0/draw_01/attempt_02/results_single.csv,3,3,2,2,resolved_reproduced_max_lml,False,attempt_02_55_75MeV,False,1327.7966971027447,1659.499284613021,study_results/v4p2_followups_20260806/pseudo65/gp_window_ensemble_20260806/runs/window_3p0/draw_01/attempt_01/results_single.csv|study_results/v4p2_followups_20260806/pseudo65/gp_window_ensemble_20260806/central_repeat/window_3p0/draw_01/attempt_02/results_single.csv|study_results/v4p2_followups_20260806/pseudo65/gp_window_ensemble_20260806/central_repairs/window_3p0/draw_01/m057/attempt_03/results_single.csv,1327.7966971|1659.49928461|1659.49928403,window_3p0,1
2021,0.058,0.0020573835,0.053370887125,0.062629112875,1071410643.1244516,1.64,0.05462589106,0.06137410894,0.00674821788,0.0,1.0,8000,0.000125,True,11525.18749847402,6.022599333322346e-06,0.3286121262773065,0.4437487400735511,2606.3798827487144,5976.42956292098,True,tilde_q_mu,asymptotic,default,sidak_approx,observed,7.96**2 * RBF(length_scale=0.319),0.0383432349203511,0.5228622943684247,0.1415917786595051,0.3187004034843937,0.0348574862912283,63.403653743263526,1657.5014437881705,401,21,380,416,15,0.04,0.3,0.000625,1.0,1e-08,1e+18,False,False,False,False,12,1.1,15.0,9.142954280228546,18.63689240258374,254.13944185341464,154.90568651123806,study_results/v4p2_followups_20260806/pseudo65/gp_window_ensemble_20260806/central_repeat/window_3p0/draw_01/attempt_02/results_single.csv,2,2,1,2,stable_reproduced,False,attempt_02_55_75MeV,False,1657.5014437457737,1657.5014437881705,study_results/v4p2_followups_20260806/pseudo65/gp_window_ensemble_20260806/runs/window_3p0/draw_01/attempt_01/results_single.csv|study_results/v4p2_followups_20260806/pseudo65/gp_window_ensemble_20260806/central_repeat/window_3p0/draw_01/attempt_02/results_single.csv,1657.50144375|1657.50144379,window_3p0,1
2021,0.059,0.002066055875,0.0543513742812499,0.0636486257187499,1150349097.6454432,1.64,0.055611668365,0.0623883316349999,0.0067766632699999,0.0,1.0,8000,0.000125,True,12751.667081788151,6.1010589316722055e-06,0.2540727573389012,0.6617280655422496,4013.357251805587,6064.819679059312,True,tilde_q_mu,asymptotic,default,sidak_approx,observed,7.74**2 * RBF(length_scale=0.317),0.0378605893261601,0.516280763538548,0.139809491685398,0.3166244511618823,0.0344187175692365,59.895699788056575,1656.9075091066368,401,23,378,416,15,0.04,0.3,0.000625,1.0,1e-08,1e+18,False,False,False,False,12,1.1,15.0,9.199193738841725,18.325055863341635,249.88712540920412,153.2506719654338,study_results/v4p2_followups_20260806/pseudo65/gp_window_ensemble_20260806/central_repeat/window_3p0/draw_01/attempt_02/results_single.csv,2,2,1,2,stable_reproduced,False,attempt_02_55_75MeV,False,1656.9075085913971,1656.9075091066368,study_results/v4p2_followups_20260806/pseudo65/gp_window_ensemble_20260806/runs/window_3p0/draw_01/attempt_01/results_single.csv|study_results/v4p2_followups_20260806/pseudo65/gp_window_ensemble_20260806/central_repeat/window_3p0/draw_01/attempt_02/results_single.csv,1656.90750859|1656.90750911,window_3p0,1
2021,0.06,0.0020749,0.055331475,0.064668525,1227207975.1595435,1.64,0.056597164,0.063402836,0.006805672,0.0,1.0,8000,0.000125,True,12268.83013592408,5.410702510643101e-06,0.2915122748347359,0.5489721686147712,3342.6119709041686,6087.975176722493,True,tilde_q_mu,asymptotic,default,sidak_approx,observed,7.71**2 * RBF(length_scale=0.315),0.0373968740379758,0.5099573732451246,0.1380971094990222,0.3153756633440471,0.0339971582163416,59.39762229836467,1661.3353190497076,402,25,377,416,14,0.04,0.3,0.000625,1.0,1e-08,1e+18,False,False,False,False,12,1.1,15.0,9.27653015399544,18.023458498229218,245.77443406676204,151.99559658009883,study_results/v4p2_followups_20260806/pseudo65/gp_window_ensemble_20260806/central_repeat/window_3p0/draw_01/attempt_02/results_single.csv,2,2,1,2,stable_reproduced,False,attempt_02_55_75MeV,False,1661.3353189469874,1661.3353190497076,study_results/v4p2_followups_20260806/pseudo65/gp_window_ensemble_20260806/runs/window_3p0/draw_01/attempt_01/results_single.csv|study_results/v4p2_followups_20260806/pseudo65/gp_window_ensemble_20260806/central_repeat/window_3p0/draw_01/attempt_02/results_single.csv,1661.33531895|1661.33531905,window_3p0,1
2021,0.061,0.002083915875,0.05631118928125,0.06568881071875,1300453913.1829832,1.64,0.057582377965,0.064417622035,0.0068352440699999,0.0,1.0,8000,0.000125,True,12348.28436787241,5.054774005963118e-06,0.3341067515229735,0.4286011574856379,2785.882481991385,6338.503337118559,True,tilde_q_mu,asymptotic,default,sidak_approx,observed,7.59**2 * RBF(length_scale=0.315),0.0369511713028735,0.5038796086755482,0.136451243073103,0.3147997754909395,0.0335919739117032,57.55918846864013,1656.2605057556773,401,26,375,416,15,0.04,0.3,0.000625,1.0,1e-08,1e+18,False,False,False,False,12,1.1,15.0,9.37127947045903,17.731604114236877,241.7946015577755,151.0616523764135,study_results/v4p2_followups_20260806/pseudo65/gp_window_ensemble_20260806/central_repeat/window_3p0/draw_01/attempt_02/results_single.csv,2,2,1,2,stable_reproduced,False,attempt_02_55_75MeV,False,1656.2605052620186,1656.2605057556773,study_results/v4p2_followups_20260806/pseudo65/gp_window_ensemble_20260806/runs/window_3p0/draw_01/attempt_01/results_single.csv|study_results/v4p2_followups_20260806/pseudo65/gp_window_ensemble_20260806/central_repeat/window_3p0/draw_01/attempt_02/results_single.csv,1656.26050526|1656.26050576,window_3p0,1
2021,0.062,0.0020931035,0.057290517125,0.066709482875,1370023171.7780347,1.64,0.05856731026,0.06543268974,0.0068653794799999,0.0,1.0,8000,0.000125,True,11246.767516893064,4.299599837689393e-06,0.4484938609505786,0.129467522529015,1162.1924274814182,6409.076931357587,True,tilde_q_mu,asymptotic,default,sidak_approx,observed,7.88**2 * RBF(length_scale=0.317),0.0365226217287332,0.4980357508463617,0.1348687188919183,0.3170836767832242,0.0332023833897574,62.10657236369643,1654.5475043539902,401,28,373,416,15,0.04,0.3,0.000625,1.0,1e-08,1e+18,False,False,False,False,12,1.1,15.0,9.550027570642438,17.449028071824063,237.9412918885099,151.48972651530332,study_results/v4p2_followups_20260806/pseudo65/gp_window_ensemble_20260806/runs/window_3p0/draw_01/attempt_01/results_single.csv,2,2,1,2,stable_reproduced,False,attempt_01_full,False,1654.5475043539902,1654.547503484445,study_results/v4p2_followups_20260806/pseudo65/gp_window_ensemble_20260806/runs/window_3p0/draw_01/attempt_01/results_single.csv|study_results/v4p2_followups_20260806/pseudo65/gp_window_ensemble_20260806/central_repeat/window_3p0/draw_01/attempt_02/results_single.csv,1654.54750435|1654.54750348,window_3p0,1
2021,0.063,0.002102462875,0.05826945853125,0.06773054146875,1435377963.0200844,1.64,0.059551960885,0.066448039115,0.0068960782299999,0.0,1.0,8000,0.000125,True,11634.426302739408,4.177900293283954e-06,0.3779809894580598,0.310787755285334,1501.6386660216456,6493.969477750759,True,tilde_q_mu,asymptotic,default,sidak_approx,observed,7.86**2 * RBF(length_scale=0.317),0.0361104197174945,0.4924148143294715,0.133346562087477,0.3169875264770465,0.0328276542886314,61.74924308072403,1654.2764932311777,401,29,372,416,15,0.04,0.3,0.000625,1.0,1e-08,1e+18,False,False,False,False,12,1.1,15.0,9.65611260829022,17.17529481584524,234.20856567061688,150.76961892944078,study_results/v4p2_followups_20260806/pseudo65/gp_window_ensemble_20260806/runs/window_3p0/draw_01/attempt_01/results_single.csv,3,3,2,2,resolved_reproduced_max_lml,False,attempt_01_full,False,1654.2764932311777,1618.0742457447016,study_results/v4p2_followups_20260806/pseudo65/gp_window_ensemble_20260806/runs/window_3p0/draw_01/attempt_01/results_single.csv|study_results/v4p2_followups_20260806/pseudo65/gp_window_ensemble_20260806/central_repeat/window_3p0/draw_01/attempt_02/results_single.csv|study_results/v4p2_followups_20260806/pseudo65/gp_window_ensemble_20260806/central_repairs/window_3p0/draw_01/m063/attempt_03/results_single.csv,1654.27649323|1618.07424574|1654.27649212,window_3p0,1
2021,0.064,0.002111994,0.0592480135,0.0687519865,1496380668.9381518,1.64,0.06053632984,0.06746367016,0.00692734032,0.0,1.0,8000,0.000125,True,11354.806097172335,3.850149392831344e-06,0.4367325382314291,0.1592586766009716,1054.9848371942282,6510.897646091071,True,tilde_q_mu,asymptotic,default,sidak_approx,observed,7.96**2 * RBF(length_scale=0.318),0.0357138093206567,0.4870064907362281,0.1318819811349368,0.3181957908019291,0.0324670993824152,63.4365753050235,1654.090577587958,401,31,370,416,15,0.04,0.3,0.000625,1.0,1e-08,1e+18,False,False,False,False,12,1.1,15.0,9.800561086595556,16.909995634768247,230.59084956502153,150.66131381146403,study_results/v4p2_followups_20260806/pseudo65/gp_window_ensemble_20260806/central_repeat/window_3p0/draw_01/attempt_02/results_single.csv,2,2,1,2,stable_reproduced,False,attempt_02_55_75MeV,False,1654.0905773327695,1654.090577587958,study_results/v4p2_followups_20260806/pseudo65/gp_window_ensemble_20260806/runs/window_3p0/draw_01/attempt_01/results_single.csv|study_results/v4p2_followups_20260806/pseudo65/gp_window_ensemble_20260806/central_repeat/window_3p0/draw_01/attempt_02/results_single.csv,1654.09057733|1654.09057759,window_3p0,1
2021,0.065,0.002121696875,0.06022618203125,0.06977381796875,1552473659.1740165,1.64,0.061520417125,0.068479582875,0.0069591657499999,0.0,1.0,8000,0.000125,True,12213.866697569632,3.930388685916612e-06,0.3714318578988947,0.3280634141074592,2154.159586579337,6575.736175119696,True,tilde_q_mu,asymptotic,default,sidak_approx,observed,8.24**2 * RBF(length_scale=0.322),0.0353320804721528,0.4818010973475384,0.1304723539415717,0.3219514427429569,0.0321200731565025,67.8835404065319,1650.5319059797027,400,32,368,416,16,0.04,0.3,0.000625,1.0,1e-08,1e+18,False,False,False,False,12,1.1,15.0,10.023372025781931,16.652746623927047,227.08290850809607,151.74243151154988,study_results/v4p2_followups_20260806/pseudo65/gp_window_ensemble_20260806/central_repeat/window_3p0/draw_01/attempt_02/results_single.csv,2,2,1,2,stable_reproduced,False,attempt_02_55_75MeV,False,1650.5319058808252,1650.5319059797027,study_results/v4p2_followups_20260806/pseudo65/gp_window_ensemble_20260806/runs/window_3p0/draw_01/attempt_01/results_single.csv|study_results/v4p2_followups_20260806/pseudo65/gp_window_ensemble_20260806/central_repeat/window_3p0/draw_01/attempt_02/results_single.csv,1650.53190588|1650.53190598,window_3p0,1
2021,0.066,0.0021315715,0.061203964125,0.070796035875,1603610944.1033652,1.64,0.06250422274,0.06949577726,0.0069915545199999,0.0,1.0,8000,0.000125,True,12913.305729185631,3.961999426187814e-06,0.3036453606011582,0.513944604218927,3295.706250710399,6500.170165672898,True,tilde_q_mu,asymptotic,default,sidak_approx,observed,8.25**2 * RBF(length_scale=0.322),0.0349645655591176,0.4767895303516045,0.1291152151834926,0.3218592759798236,0.0317859686901069,68.09633090328924,1656.0778096578304,401,34,367,416,15,0.04,0.3,0.000625,1.0,1e-08,1e+18,False,False,False,False,12,1.1,15.0,10.125828761669888,16.403186831461046,223.67982042901423,150.9962372736845,study_results/v4p2_followups_20260806/pseudo65/gp_window_ensemble_20260806/central_repeat/window_3p0/draw_01/attempt_02/results_single.csv,2,2,1,2,stable_reproduced,False,attempt_02_55_75MeV,False,1656.0778093079823,1656.0778096578304,study_results/v4p2_followups_20260806/pseudo65/gp_window_ensemble_20260806/runs/window_3p0/draw_01/attempt_01/results_single.csv|study_results/v4p2_followups_20260806/pseudo65/gp_window_ensemble_20260806/central_repeat/window_3p0/draw_01/attempt_02/results_single.csv,1656.07780931|1656.07780966,window_3p0,1
2021,0.067,0.002141617875,0.06218135978125,0.07181864021875,1648846655.220239,1.64,0.063487746685,0.070512253315,0.00702450663,0.0,1.0,8000,0.000125,True,13984.24136936458,4.110586230062885e-06,0.2433027307707376,0.6957179826695293,4512.211757981531,6615.323835537533,True,tilde_q_mu,asymptotic,default,sidak_approx,observed,8.1**2 * RBF(length_scale=0.32),0.034610636295701,0.4719632222141046,0.1278082447614374,0.3200789346070251,0.0314642148142736,65.60895337454386,1650.5396782081946,400,35,365,416,16,0.04,0.3,0.000625,1.0,1e-08,1e+18,False,False,False,False,12,1.1,15.0,10.172792694697163,16.16097656810088,220.37695320137564,149.4566039737715,study_results/v4p2_followups_20260806/pseudo65/gp_window_ensemble_20260806/central_repeat/window_3p0/draw_01/attempt_02/results_single.csv,2,2,1,2,stable_reproduced,False,attempt_02_55_75MeV,False,1650.5396761362065,1650.5396782081946,study_results/v4p2_followups_20260806/pseudo65/gp_window_ensemble_20260806/runs/window_3p0/draw_01/attempt_01/results_single.csv|study_results/v4p2_followups_20260806/pseudo65/gp_window_ensemble_20260806/central_repeat/window_3p0/draw_01/attempt_02/results_single.csv,1650.53967614|1650.53967821,window_3p0,1
2021,0.068,0.002151836,0.063158369,0.072841631,1688944316.584832,1.64,0.06447098896,0.07152901104,0.00705802208,0.0,1.0,8000,0.000125,True,14978.298424068917,4.235046245541607e-06,0.1972303553808432,0.8515557455092464,5657.6444826279185,6644.757225067602,True,tilde_q_mu,asymptotic,default,sidak_approx,observed,7.98**2 * RBF(length_scale=0.319),0.0342697008691363,0.4673141027609495,0.1265492572619316,0.3188662008706362,0.0311542735173966,63.75588885660557,1651.2250665436443,400,37,363,416,16,0.04,0.3,0.000625,1.0,1e-08,1e+18,False,False,False,False,12,1.1,15.0,10.23507098288074,15.92579586415336,217.1699436020912,148.1833192077074,study_results/v4p2_followups_20260806/pseudo65/gp_window_ensemble_20260806/central_repeat/window_3p0/draw_01/attempt_02/results_single.csv,2,2,1,2,stable_reproduced,False,attempt_02_55_75MeV,False,1651.225066176624,1651.2250665436443,study_results/v4p2_followups_20260806/pseudo65/gp_window_ensemble_20260806/runs/window_3p0/draw_01/attempt_01/results_single.csv|study_results/v4p2_followups_20260806/pseudo65/gp_window_ensemble_20260806/central_repeat/window_3p0/draw_01/attempt_02/results_single.csv,1651.22506618|1651.22506654,window_3p0,1
2021,0.069,0.002162225875,0.06413499178125,0.07386500821875,1724161996.1093495,1.64,0.065453949565,0.072546050435,0.00709210087,0.0,1.0,8000,0.000125,True,13462.961850991958,3.6747972128805657e-06,0.279462547991216,0.5844388488323176,3846.0366175522113,6583.653700467416,True,tilde_q_mu,asymptotic,default,sidak_approx,observed,7.91**2 * RBF(length_scale=0.319),0.0339412013307978,0.4628345636017883,0.1253361923231284,0.3186128568136022,0.0308556375734525,62.51657857811259,1657.3101925035637,401,39,362,416,15,0.04,0.3,0.000625,1.0,1e-08,1e+18,False,False,False,False,12,1.1,15.0,10.325920378573834,15.697343058942815,214.05467807649293,147.35410416527466,study_results/v4p2_followups_20260806/pseudo65/gp_window_ensemble_20260806/central_repeat/window_3p0/draw_01/attempt_02/results_single.csv,2,2,1,2,stable_reproduced,False,attempt_02_55_75MeV,False,1657.310192187211,1657.3101925035637,study_results/v4p2_followups_20260806/pseudo65/gp_window_ensemble_20260806/runs/window_3p0/draw_01/attempt_01/results_single.csv|study_results/v4p2_followups_20260806/pseudo65/gp_window_ensemble_20260806/central_repeat/window_3p0/draw_01/attempt_02/results_single.csv,1657.31019219|1657.3101925,window_3p0,1
2021,0.07,0.0021727875,0.065111228125,0.074888771875,1754122907.3241472,1.64,0.0664366285,0.0735633715,0.0071267429999999,0.0,1.0,8000,0.000125,True,10858.308404066844,2.871600594146266e-06,0.5,0.0,-202.70441321548967,6680.292940950381,True,tilde_q_mu,asymptotic,default,sidak_approx,observed,7.99**2 * RBF(length_scale=0.319),0.0336246112080568,0.4585174255644109,0.1241671058160028,0.3191420540925568,0.0305678283709607,63.81794719276449,1651.3318027878756,400,40,360,416,16,0.04,0.3,0.000625,1.0,1e-08,1e+18,False,False,False,False,12,1.1,15.0,10.44045557373451,15.475333509630737,211.02727513132825,146.88139272365876,study_results/v4p2_followups_20260806/pseudo65/gp_window_ensemble_20260806/central_repeat/window_3p0/draw_01/attempt_02/results_single.csv,2,2,1,2,stable_reproduced,False,attempt_02_55_75MeV,False,1651.3318026807149,1651.3318027878756,study_results/v4p2_followups_20260806/pseudo65/gp_window_ensemble_20260806/runs/window_3p0/draw_01/attempt_01/results_single.csv|study_results/v4p2_followups_20260806/pseudo65/gp_window_ensemble_20260806/central_repeat/window_3p0/draw_01/attempt_02/results_single.csv,1651.33180268|1651.33180279,window_3p0,1
2021,0.071,0.002183520875,0.06608707803125,0.0759129219687499,1779640586.6668923,1.64,0.0674190257649999,0.074580974235,0.00716194847,0.0,1.0,8000,0.000125,True,8120.273526942416,2.086891787734066e-06,0.5,0.0,-6847.010377327101,6578.315993392621,True,tilde_q_mu,asymptotic,default,sidak_approx,observed,8.02**2 * RBF(length_scale=0.32),0.0333194333154327,0.4543559088468107,0.1230401617614922,0.3204813750287404,0.0302903939231207,64.3176252844752,1657.4724837519618,401,42,359,416,15,0.04,0.3,0.000625,1.0,1e-08,1e+18,False,False,False,False,12,1.1,15.0,10.580297365631694,15.259498407787282,208.08406919709927,146.77275527706618,study_results/v4p2_followups_20260806/pseudo65/gp_window_ensemble_20260806/runs/window_3p0/draw_01/attempt_01/results_single.csv,2,2,1,2,stable_reproduced,False,attempt_01_full,False,1657.4724837519618,1657.4724831657295,study_results/v4p2_followups_20260806/pseudo65/gp_window_ensemble_20260806/runs/window_3p0/draw_01/attempt_01/results_single.csv|study_results/v4p2_followups_20260806/pseudo65/gp_window_ensemble_20260806/central_repeat/window_3p0/draw_01/attempt_02/results_single.csv,1657.47248375|1657.47248317,window_3p0,1
2021,0.072,0.002194426,0.0670625414999999,0.0769374585,1800099327.128805,1.64,0.06840114136,0.0755988586399999,0.0071977172799999,0.0,1.0,8000,0.000125,True,7259.787152375559,1.8189252172934704e-06,0.5,0.0,-11554.096316895431,6648.219878719064,True,tilde_q_mu,asymptotic,default,sidak_approx,observed,8.04**2 * RBF(length_scale=0.32),0.0330251977459068,0.4503436056260024,0.1219536249129291,0.3203776234810472,0.0300229070417334,64.62098839876815,1651.587270061755,400,43,357,416,16,0.04,0.3,0.000625,1.0,1e-08,1e+18,False,False,False,False,12,1.1,15.0,10.671106000351822,15.049583693369856,205.22159581867984,145.99609350283274,study_results/v4p2_followups_20260806/pseudo65/gp_window_ensemble_20260806/runs/window_3p0/draw_01/attempt_01/results_single.csv,2,2,1,2,stable_reproduced,False,attempt_01_full,False,1651.587270061755,1651.5872694883708,study_results/v4p2_followups_20260806/pseudo65/gp_window_ensemble_20260806/runs/window_3p0/draw_01/attempt_01/results_single.csv|study_results/v4p2_followups_20260806/pseudo65/gp_window_ensemble_20260806/central_repeat/window_3p0/draw_01/attempt_02/results_single.csv,1651.58727006|1651.58726949,window_3p0,1
2021,0.073,0.002205502875,0.06803761853125,0.07796238146875,1816546764.2715032,1.64,0.069382975285,0.076617024715,0.00723404943,0.0,1.0,8000,0.000125,True,7311.53184821321,1.7904362219795083e-06,0.5,0.0,-11187.33967808349,6633.205644852406,True,tilde_q_mu,asymptotic,default,sidak_approx,observed,7.99**2 * RBF(length_scale=0.318),0.0327414600253253,0.4464744548907995,0.1209058539407253,0.3184794006723688,0.0297649636593866,63.873642321939265,1651.7816745137563,400,45,355,416,16,0.04,0.3,0.000625,1.0,1e-08,1e+18,False,False,False,False,12,1.1,15.0,10.699808147487312,14.845349056879057,202.43657804835075,144.4021698100796,study_results/v4p2_followups_20260806/pseudo65/gp_window_ensemble_20260806/runs/window_3p0/draw_01/attempt_01/results_single.csv,2,2,1,2,stable_reproduced,False,attempt_01_full,False,1651.7816745137563,1651.7816744205709,study_results/v4p2_followups_20260806/pseudo65/gp_window_ensemble_20260806/runs/window_3p0/draw_01/attempt_01/results_single.csv|study_results/v4p2_followups_20260806/pseudo65/gp_window_ensemble_20260806/central_repeat/window_3p0/draw_01/attempt_02/results_single.csv,1651.78167451|1651.78167442,window_3p0,1
2021,0.074,0.0022167515,0.0690123091249999,0.078987690875,1829430378.3570828,1.64,0.07036452754,0.07763547246,0.0072709449199999,0.0,1.0,8000,0.000125,True,7424.967947845307,1.7810122193434225e-06,0.5,0.0,-9953.00891070035,6563.993478055546,True,tilde_q_mu,asymptotic,default,sidak_approx,observed,8.12**2 * RBF(length_scale=0.322),0.0324677994146582,0.442742719290794,0.1198952951630456,0.3216725889100271,0.0295161812860529,65.87110243633377,1653.0931891928997,400,46,354,416,16,0.04,0.3,0.000625,1.0,1e-08,1e+18,False,False,False,False,12,1.1,15.0,10.898177707765496,14.646567021453794,199.72591392891536,145.10990018954635,study_results/v4p2_followups_20260806/pseudo65/gp_window_ensemble_20260806/central_repeat/window_3p0/draw_01/attempt_02/results_single.csv,2,2,1,2,stable_reproduced,False,attempt_02_55_75MeV,False,1653.0931884700333,1653.0931891928997,study_results/v4p2_followups_20260806/pseudo65/gp_window_ensemble_20260806/runs/window_3p0/draw_01/attempt_01/results_single.csv|study_results/v4p2_followups_20260806/pseudo65/gp_window_ensemble_20260806/central_repeat/window_3p0/draw_01/attempt_02/results_single.csv,1653.09318847|1653.09318919,window_3p0,1
2021,0.075,0.002228171875,0.06998661328125,0.08001338671875,1838368958.6354597,1.64,0.071345798125,0.078654201875,0.0073084037499999,0.0,1.0,8000,0.000125,True,8280.574485655929,1.950232764931401e-06,0.5,0.0,-5923.976754954422,6522.582630545181,True,tilde_q_mu,asymptotic,default,sidak_approx,observed,8.13**2 * RBF(length_scale=0.322),0.032203817346461,0.4391429638153776,0.1189204767720596,0.3224706749958996,0.0292761975876918,66.09442757101063,1652.350997085043,400,48,352,416,16,0.04,0.3,0.000625,1.0,1e-08,1e+18,False,False,False,False,12,1.1,15.0,11.014773145658475,14.45302209752604,197.08666496626415,144.72432697585305,study_results/v4p2_followups_20260806/pseudo65/gp_window_ensemble_20260806/central_repeat/window_3p0/draw_01/attempt_02/results_single.csv,2,2,1,2,stable_reproduced,False,attempt_02_55_75MeV,False,1652.3509955631555,1652.350997085043,study_results/v4p2_followups_20260806/pseudo65/gp_window_ensemble_20260806/runs/window_3p0/draw_01/attempt_01/results_single.csv|study_results/v4p2_followups_20260806/pseudo65/gp_window_ensemble_20260806/central_repeat/window_3p0/draw_01/attempt_02/results_single.csv,1652.35099556|1652.35099709,window_3p0,1
2021,0.076,0.002239764,0.070960531,0.081039469,1844398591.748667,1.64,0.0723267870399999,0.07967321296,0.00734642592,0.0,1.0,8000,0.000125,True,10403.90003573994,2.4101702338582643e-06,0.5,0.0,-485.0116675977133,6500.398028675126,True,tilde_q_mu,asymptotic,default,sidak_approx,observed,8.01**2 * RBF(length_scale=0.32),0.0319491359833398,0.4356700361364529,0.1179800035107226,0.3198247426596917,0.0290446690757635,64.15685155838727,1651.2671510759658,400,50,350,416,16,0.04,0.3,0.000625,1.0,1e-08,1e+18,False,False,False,False,12,1.1,15.0,11.011478279384876,14.264510003437811,194.51604550142468,142.79394733538518,study_results/v4p2_followups_20260806/pseudo65/gp_window_ensemble_20260806/runs/window_3p0/draw_01/attempt_01/results_single.csv,1,1,1,1,single_attempt_outside_55_75MeV,False,,,,,,,window_3p0,1
2021,0.077,0.002251527875,0.07193406228125,0.08206593771875,1847461207.5520144,1.64,0.073307494285,0.080692505715,0.00738501143,0.0,1.0,8000,0.000125,True,13352.973114210232,3.0481184764999724e-06,0.2756821721871122,0.5957169327933558,3873.724319086092,6503.181191786443,True,tilde_q_mu,asymptotic,default,sidak_approx,observed,7.8**2 * RBF(length_scale=0.317),0.0317033968874435,0.4323190484651396,0.1170725517595489,0.3168441976352616,0.0288212698976759,60.835433511307926,1651.3285182280654,400,51,349,416,16,0.04,0.3,0.000625,1.0,1e-08,1e+18,False,False,False,False,12,1.1,15.0,10.993415583704405,14.080836946086476,192.0114129011792,140.7240839224616,study_results/v4p2_followups_20260806/pseudo65/gp_window_ensemble_20260806/runs/window_3p0/draw_01/attempt_01/results_single.csv,1,1,1,1,single_attempt_outside_55_75MeV,False,,,,,,,window_3p0,1
2021,0.078,0.0022634635,0.072907207125,0.083092792875,1847769944.3645077,1.64,0.07428791986,0.08171208014,0.00742416028,0.0,1.0,8000,0.000125,True,15454.825409648389,3.482102283819855e-06,0.158548292908053,1.0004421389184994,6534.4128889583535,6483.155313855089,True,tilde_q_mu,asymptotic,default,sidak_approx,observed,7.72**2 * RBF(length_scale=0.316),0.0314662597911359,0.4290853607882172,0.1161968649970184,0.3158430672594027,0.0286056907192144,59.65749930103116,1650.8565777618826,400,53,347,416,16,0.04,0.3,0.000625,1.0,1e-08,1e+18,False,False,False,False,12,1.1,15.0,11.041266940890557,13.901818956274722,189.57025849465532,139.53972187287434,study_results/v4p2_followups_20260806/pseudo65/gp_window_ensemble_20260806/runs/window_3p0/draw_01/attempt_01/results_single.csv,1,1,1,1,single_attempt_outside_55_75MeV,False,,,,,,,window_3p0,1
2021,0.079,0.002275570875,0.07387996553125,0.08412003446875,1845689661.7151537,1.64,0.075268063765,0.082731936235,0.0074638724699999,0.0,1.0,8000,0.000125,True,16845.201323830093,3.751546699393368e-06,0.1083730748157034,1.235226687426172,8082.677110481543,6527.212993607401,True,tilde_q_mu,asymptotic,default,sidak_approx,observed,7.67**2 * RBF(length_scale=0.315),0.0312374014599871,0.4259645653634614,0.1153517496008941,0.3150760451055078,0.0283976376908974,58.88930965118803,1644.663873478988,399,54,345,416,17,0.04,0.3,0.000625,1.0,1e-08,1e+18,False,False,False,False,12,1.1,15.0,11.095149833766005,13.727281273973578,187.1901991905488,138.46022049544283,study_results/v4p2_followups_20260806/pseudo65/gp_window_ensemble_20260806/runs/window_3p0/draw_01/attempt_01/results_single.csv,1,1,1,1,single_attempt_outside_55_75MeV,False,,,,,,,window_3p0,1
2021,0.08,0.00228785,0.0748523375,0.0851476625,1840971776.2432177,1.64,0.076247926,0.083752074,0.0075041479999999,0.0,1.0,8000,0.000125,True,16842.055403013605,3.7134526984550327e-06,0.098941605025741,1.287605826648862,8251.835598104346,6411.396462390881,True,tilde_q_mu,asymptotic,default,sidak_approx,observed,7.82**2 * RBF(length_scale=0.317),0.0310165146400847,0.4229524723647926,0.1145360709609101,0.3171419612999406,0.0281968314909861,61.14105706169994,1649.578152719562,400,56,344,416,16,0.04,0.3,0.000625,1.0,1e-08,1e+18,False,False,False,False,12,1.1,15.0,11.24743258480383,13.55705777917468,184.8689697160183,138.62008492687048,study_results/v4p2_followups_20260806/pseudo65/gp_window_ensemble_20260806/runs/window_3p0/draw_01/attempt_01/results_single.csv,1,1,1,1,single_attempt_outside_55_75MeV,False,,,,,,,window_3p0,1
2021,0.081,0.002300300875,0.07582432303125,0.08617567696875,1834117166.8439004,1.64,0.077227506565,0.084772493435,0.0075449868699999,0.0,1.0,8000,0.000125,True,17090.65520637232,3.7356531003751087e-06,0.0954246417006536,1.3080708384157176,8438.13254289974,6438.9454698281015,True,tilde_q_mu,asymptotic,default,sidak_approx,observed,7.75**2 * RBF(length_scale=0.317),0.030803307082474,0.4200450965791913,0.113748749876279,0.3168574645865402,0.0280030064386127,60.00894613451615,1643.5262325804565,399,57,342,416,17,0.04,0.3,0.000625,1.0,1e-08,1e+18,False,False,False,False,12,1.1,15.0,11.31512308441397,13.390990464442623,182.6044154242176,137.74609575216556,study_results/v4p2_followups_20260806/pseudo65/gp_window_ensemble_20260806/runs/window_3p0/draw_01/attempt_01/results_single.csv,1,1,1,1,single_attempt_outside_55_75MeV,False,,,,,,,window_3p0,1
2021,0.082,0.0023129235,0.076795922125,0.087204077875,1825600864.265104,1.64,0.07820680546,0.08579319454,0.00758638908,0.0,1.0,8000,0.000125,True,15103.043662715483,3.276157068524099e-06,0.1614126885622494,0.988668463922266,6314.434089047908,6381.268262324393,True,tilde_q_mu,asymptotic,default,sidak_approx,observed,7.9**2 * RBF(length_scale=0.319),0.0305975006382008,0.4172386450663756,0.1129887592139169,0.3186787462107912,0.0278159096710917,62.48352846902334,1642.5097392134687,399,59,340,416,17,0.04,0.3,0.000625,1.0,1e-08,1e+18,False,False,False,False,12,1.1,15.0,11.456707689196485,13.228928945639955,180.39448562236305,137.78179270122473,study_results/v4p2_followups_20260806/pseudo65/gp_window_ensemble_20260806/runs/window_3p0/draw_01/attempt_01/results_single.csv,1,1,1,1,single_attempt_outside_55_75MeV,False,,,,,,,window_3p0,1
2021,0.083,0.002325717875,0.07776713478125,0.08823286521875,1815668681.2943528,1.64,0.079185822685,0.086814177315,0.00762835463,0.0,1.0,8000,0.000125,True,12035.018274180971,2.5932953498520247e-06,0.3533801225179849,0.3762107219028023,2391.2528324439413,6358.80218712717,True,tilde_q_mu,asymptotic,default,sidak_approx,observed,7.84**2 * RBF(length_scale=0.316),0.030398830418065,0.4145295057008868,0.1122551208056255,0.3164743101681538,0.0276353003800591,61.450713634087414,1645.1512272557022,399,60,339,416,17,0.04,0.3,0.000625,1.0,1e-08,1e+18,False,False,False,False,12,1.1,15.0,11.451813651951944,13.070730007639057,178.2372273768962,136.07596758405353,study_results/v4p2_followups_20260806/pseudo65/gp_window_ensemble_20260806/runs/window_3p0/draw_01/attempt_01/results_single.csv,1,1,1,1,single_attempt_outside_55_75MeV,False,,,,,,,window_3p0,1
2021,0.084,0.002338684,0.078737961,0.089262039,1803665927.1918256,1.64,0.08016455824,0.08783544176,0.00767088352,0.0,1.0,8000,0.000125,True,10701.645775781088,2.293692035543334e-06,0.4659285732783435,0.0855084894884547,538.5638690139698,6303.124992572031,True,tilde_q_mu,asymptotic,default,sidak_approx,observed,7.88**2 * RBF(length_scale=0.318),0.0302070440117673,0.4119142365241002,0.111546902564603,0.3176603522453753,0.0274609491016066,62.02481082629751,1645.32801933609,399,62,337,416,17,0.04,0.3,0.000625,1.0,1e-08,1e+18,False,False,False,False,12,1.1,15.0,11.567712065231923,12.916257182144893,176.13077975652126,135.82867640321453,study_results/v4p2_followups_20260806/pseudo65/gp_window_ensemble_20260806/runs/window_3p0/draw_01/attempt_01/results_single.csv,1,1,1,1,single_attempt_outside_55_75MeV,False,,,,,,,window_3p0,1
2021,0.085,0.002351821875,0.07970840078125,0.09029159921875,1790440672.4133158,1.64,0.081143012125,0.088856987875,0.0077139757499999,0.0,1.0,8000,0.000125,True,8992.954218207022,1.918860681057114e-06,0.5,0.0,-2352.400741424679,6199.6968535525975,True,tilde_q_mu,asymptotic,default,sidak_approx,observed,7.84**2 * RBF(length_scale=0.317),0.0300219007615834,0.4093895558397742,0.1108632158033061,0.3167003887418746,0.0272926370559849,61.44818322480036,1650.885621945826,400,64,336,416,16,0.04,0.3,0.000625,1.0,1e-08,1e+18,False,False,False,False,12,1.1,15.0,11.603876462806882,12.76538035499965,174.07336847726796,134.66172421832528,study_results/v4p2_followups_20260806/pseudo65/gp_window_ensemble_20260806/runs/window_3p0/draw_01/attempt_01/results_single.csv,1,1,1,1,single_attempt_outside_55_75MeV,False,,,,,,,window_3p0,1
2021,0.086,0.0023651315,0.080678454125,0.091321545875,1775696555.8627672,1.64,0.0821211843399999,0.08987881566,0.00775763132,0.0,1.0,8000,0.000125,True,8288.447377471464,1.762486921491572e-06,0.5,0.0,-4292.117352413728,6219.950811569875,True,tilde_q_mu,asymptotic,default,sidak_approx,observed,7.82**2 * RBF(length_scale=0.316),0.0298431710861948,0.4069523329935665,0.1102032127365311,0.3162837770171204,0.0271301555329044,61.13682286102527,1645.1348044008212,399,65,334,416,17,0.04,0.3,0.000625,1.0,1e-08,1e+18,False,False,False,False,12,1.1,15.0,11.658015621529335,12.61797540060452,172.0633009173344,133.72777666574584,study_results/v4p2_followups_20260806/pseudo65/gp_window_ensemble_20260806/runs/window_3p0/draw_01/attempt_01/results_single.csv,1,1,1,1,single_attempt_outside_55_75MeV,False,,,,,,,window_3p0,1
2021,0.087,0.002378612875,0.0816481210312499,0.09235187896875,1760136602.064715,1.64,0.083099074885,0.0909009251149999,0.0078018502299999,0.0,1.0,8000,0.000125,True,7717.642788660787,1.6365865158233326e-06,0.5,0.0,-6156.994855662286,6190.195739218203,True,tilde_q_mu,asymptotic,default,sidak_approx,observed,7.73**2 * RBF(length_scale=0.314),0.0296706358506726,0.4045995797818991,0.1095660841549239,0.3144003834643656,0.0269733053187932,59.784534267664355,1644.359834902916,399,67,332,416,17,0.04,0.3,0.000625,1.0,1e-08,1e+18,False,False,False,False,12,1.1,15.0,11.655982822591326,12.47392384129452,170.098961472198,132.1780382040376,study_results/v4p2_followups_20260806/pseudo65/gp_window_ensemble_20260806/runs/window_3p0/draw_01/attempt_01/results_single.csv,1,1,1,1,single_attempt_outside_55_75MeV,False,,,,,,,window_3p0,1
2021,0.088,0.002392266,0.0826174014999999,0.0933825985,1743632625.119082,1.64,0.0840766837599999,0.09192331624,0.00784663248,0.0,1.0,8000,0.000125,True,7593.601064640606,1.6070524114723597e-06,0.5,0.0,-6413.151999367801,6151.59294236581,True,tilde_q_mu,asymptotic,default,sidak_approx,observed,7.7**2 * RBF(length_scale=0.314),0.0295040857789749,0.4023284424405671,0.1089510572554845,0.3138935544188737,0.0268218961627044,59.26832597240002,1644.4181910011214,399,68,331,416,17,0.04,0.3,0.000625,1.0,1e-08,1e+18,False,False,False,False,12,1.1,15.0,11.702884558002983,12.33311252969984,168.17880722317963,131.21181106903398,study_results/v4p2_followups_20260806/pseudo65/gp_window_ensemble_20260806/runs/window_3p0/draw_01/attempt_01/results_single.csv,1,1,1,1,single_attempt_outside_55_75MeV,False,,,,,,,window_3p0,1
2021,0.089,0.002406090875,0.08358629553125,0.09441370446875,1725874782.225614,1.64,0.085054010965,0.092945989035,0.00789197807,0.0,1.0,8000,0.000125,True,8048.036736714515,1.7014162739150982e-06,0.5,0.0,-4445.322251589329,6089.155826868676,True,tilde_q_mu,asymptotic,default,sidak_approx,observed,7.87**2 * RBF(length_scale=0.317),0.0293433209056615,0.4001361941681125,0.1083573936168872,0.3165181829032955,0.0266757462778741,61.91761633196603,1643.3317145282028,399,70,329,416,17,0.04,0.3,0.000625,1.0,1e-08,1e+18,False,False,False,False,12,1.1,15.0,11.865391865937308,12.1954333523091,166.3013638951241,131.54872336369905,study_results/v4p2_followups_20260806/pseudo65/gp_window_ensemble_20260806/runs/window_3p0/draw_01/attempt_01/results_single.csv,1,1,1,1,single_attempt_outside_55_75MeV,False,,,,,,,window_3p0,1
2021,0.09,0.0024200875,0.084554803125,0.095445196875,1707421799.183081,1.64,0.0860310565,0.0939689435,0.007937887,0.0,1.0,8000,0.000125,True,9020.306463305653,1.9061535558519447e-06,0.4999026019832914,0.000244140625,-1905.6163537264977,6093.311518781602,True,tilde_q_mu,asymptotic,default,sidak_approx,observed,7.92**2 * RBF(length_scale=0.317),0.0291881500637943,0.3980202281426503,0.1077843873084286,0.3170943984053195,0.0265346818761766,62.77080132804009,1638.4101441327923,398,71,327,416,18,0.04,0.3,0.000625,1.0,1e-08,1e+18,False,False,False,False,12,1.1,15.0,11.95018654774273,12.060782952597524,164.46522208087532,131.02600563215978,study_results/v4p2_followups_20260806/pseudo65/gp_window_ensemble_20260806/runs/window_3p0/draw_01/attempt_01/results_single.csv,1,1,1,1,single_attempt_outside_55_75MeV,False,,,,,,,window_3p0,1
2021,0.091,0.002434255875,0.08552292428125,0.09647707571875,1688209960.037576,1.64,0.087007820365,0.094992179635,0.0079843592699999,0.0,1.0,8000,0.000125,True,10904.374890929474,2.3049040213860613e-06,0.4094729031281412,0.2289010734102971,1559.8614352074162,6004.477773963431,True,tilde_q_mu,asymptotic,default,sidak_approx,observed,7.92**2 * RBF(length_scale=0.317),0.0290383904062669,0.3959780509945498,0.1072313631224206,0.3167065244073026,0.0263985367329699,62.73607578811402,1645.1041446349611,399,73,326,416,17,0.04,0.3,0.000625,1.0,1e-08,1e+18,False,False,False,False,12,1.1,15.0,11.99712421983441,11.929062472229626,162.66903371222216,130.10404027773072,study_results/v4p2_followups_20260806/pseudo65/gp_window_ensemble_20260806/runs/window_3p0/draw_01/attempt_01/results_single.csv,1,1,1,1,single_attempt_outside_55_75MeV,False,,,,,,,window_3p0,1
2021,0.092,0.002448596,0.086490659,0.097509341,1668257878.789034,1.64,0.08798430256,0.0960156974399999,0.0080313948799999,0.0,1.0,8000,0.000125,True,11865.53139633987,2.5104761677633495e-06,0.3120863086447225,0.4899452846496008,2948.3828614006175,6004.282534899507,True,tilde_q_mu,asymptotic,default,sidak_approx,observed,7.9**2 * RBF(length_scale=0.318),0.0288938669580575,0.3940072767007851,0.1066976749207735,0.31750001804856,0.0262671517800523,62.336750532097554,1642.135869808697,398,74,324,416,18,0.04,0.3,0.000625,1.0,1e-08,1e+18,False,False,False,False,12,1.1,15.0,12.087340900419743,11.800177308979343,160.9115087588092,129.66615074457363,study_results/v4p2_followups_20260806/pseudo65/gp_window_ensemble_20260806/runs/window_3p0/draw_01/attempt_01/results_single.csv,1,1,1,1,single_attempt_outside_55_75MeV,False,,,,,,,window_3p0,1
2021,0.093,0.002463107875,0.08745800728125,0.09854199271875,1647188801.3305027,1.64,0.088960503085,0.097039496915,0.0080789938299999,0.0,1.0,8000,0.000125,True,11848.994837786937,2.5117424342180623e-06,0.3048986690202399,0.510362765002743,3034.6510711261412,5953.7742910846,True,tilde_q_mu,asymptotic,default,sidak_approx,observed,7.93**2 * RBF(length_scale=0.318),0.0287544121970801,0.3921056208692741,0.106182704087187,0.3183955062142714,0.0261403747246182,62.88525566069484,1642.925221921767,398,76,322,416,18,0.04,0.3,0.000625,1.0,1e-08,1e+18,False,False,False,False,12,1.1,15.0,12.180219662819727,11.674036890113918,159.19141213791704,129.2657578849531,study_results/v4p2_followups_20260806/pseudo65/gp_window_ensemble_20260806/runs/window_3p0/draw_01/attempt_01/results_single.csv,1,1,1,1,single_attempt_outside_55_75MeV,False,,,,,,,window_3p0,1
2021,0.094,0.0024777915,0.088424969125,0.099575030875,1625450307.8031468,1.64,0.08993642194,0.09806357806,0.00812715612,0.0,1.0,8000,0.000125,True,10659.877324300323,2.265533968332415e-06,0.4210122991811036,0.1993044500582433,1453.5804371738318,5895.635675935891,True,tilde_q_mu,asymptotic,default,sidak_approx,observed,8.07**2 * RBF(length_scale=0.32),0.0286198656615447,0.3902708953847011,0.1056858580772325,0.3196056112285557,0.0260180596923134,65.14771752519648,1639.1082635236671,398,77,321,416,18,0.04,0.3,0.000625,1.0,1e-08,1e+18,False,False,False,False,12,1.1,15.0,12.28399100502401,11.550554460108833,157.50756081966588,128.98809735546985,study_results/v4p2_followups_20260806/pseudo65/gp_window_ensemble_20260806/runs/window_3p0/draw_01/attempt_01/results_single.csv,1,1,1,1,single_attempt_outside_55_75MeV,False,,,,,,,window_3p0,1
2021,0.095,0.002492646875,0.08939154453125,0.10060845546875,1603496027.5520115,1.64,0.090912059125,0.099087940875,0.00817588175,0.0,1.0,8000,0.000125,True,9268.423999566605,1.975760604043894e-06,0.5,0.0,-662.1810778079897,5869.110198359131,True,tilde_q_mu,asymptotic,default,sidak_approx,observed,7.93**2 * RBF(length_scale=0.317),0.0284900735818755,0.3885010033892122,0.1052065690591188,0.3172654277493171,0.0259000668926141,62.89321352198783,1639.49058397393,398,79,319,416,18,0.04,0.3,0.000625,1.0,1e-08,1e+18,False,False,False,False,12,1.1,15.0,12.249598777669211,11.429646881640853,155.85882111328436,127.28053497321685,study_results/v4p2_followups_20260806/pseudo65/gp_window_ensemble_20260806/runs/window_3p0/draw_01/attempt_01/results_single.csv,1,1,1,1,single_attempt_outside_55_75MeV,False,,,,,,,window_3p0,1
2021,0.096,0.002507674,0.0903577335,0.1016422665,1581239228.7143855,1.64,0.09188741464,0.10011258536,0.00822517072,0.0,1.0,8000,0.000125,True,7920.884792718938,1.6944345783126986e-06,0.5,0.0,-3540.342033571735,5812.73586671369,True,tilde_q_mu,asymptotic,default,sidak_approx,observed,7.99**2 * RBF(length_scale=0.318),0.0283648885354218,0.3867939345739346,0.1047442926386298,0.3179427189050903,0.0257862623049289,63.76203086530209,1639.789314004107,398,81,317,416,18,0.04,0.3,0.000625,1.0,1e-08,1e+18,False,False,False,False,12,1.1,15.0,12.329926499053585,11.311234448904392,154.24410612142353,126.78789942595822,study_results/v4p2_followups_20260806/pseudo65/gp_window_ensemble_20260806/runs/window_3p0/draw_01/attempt_01/results_single.csv,1,1,1,1,single_attempt_outside_55_75MeV,False,,,,,,,window_3p0,1
2021,0.097,0.002522872875,0.09132353603125,0.10267646396875,1558363770.3660083,1.64,0.092862488485,0.101137511515,0.0082750230299999,0.0,1.0,8000,0.000125,True,7330.847560013948,1.5748294713415171e-06,0.4999026019832914,0.000244140625,-5146.855117915304,5761.204211926615,True,tilde_q_mu,asymptotic,default,sidak_approx,observed,8.01**2 * RBF(length_scale=0.319),0.02824416912233,0.3851477607590459,0.104298506662201,0.3185423298730097,0.0256765173839363,64.17060447514062,1639.7728491539374,398,82,316,416,18,0.04,0.3,0.000625,1.0,1e-08,1e+18,False,False,False,False,12,1.1,15.0,12.405978782476728,11.195240712368449,152.66237335047882,126.26174431123871,study_results/v4p2_followups_20260806/pseudo65/gp_window_ensemble_20260806/runs/window_3p0/draw_01/attempt_01/results_single.csv,1,1,1,1,single_attempt_outside_55_75MeV,False,,,,,,,window_3p0,1
2021,0.098,0.0025382435,0.092288952125,0.103711047875,1534811175.2125387,1.64,0.09383728066,0.10216271934,0.0083254386799999,0.0,1.0,8000,0.000125,True,7335.666335796989,1.583720224471649e-06,0.5,0.0,-4871.582211462401,5708.606902555289,True,tilde_q_mu,asymptotic,default,sidak_approx,observed,8.03**2 * RBF(length_scale=0.319),0.0281277796610786,0.3835606317419815,0.1038687100926096,0.3190171393162296,0.0255707087827987,64.55170358739197,1640.0835271875476,398,84,314,416,18,0.04,0.3,0.000625,1.0,1e-08,1e+18,False,False,False,False,12,1.1,15.0,12.475881760885338,11.081592314164752,151.11262246588296,125.68421403077744,study_results/v4p2_followups_20260806/pseudo65/gp_window_ensemble_20260806/runs/window_3p0/draw_01/attempt_01/results_single.csv,1,1,1,1,single_attempt_outside_55_75MeV,False,,,,,,,window_3p0,1
2021,0.099,0.002553785875,0.09325398178125,0.10474601821875,1511028905.8514876,1.64,0.094811791165,0.103188208835,0.0083764176699999,0.0,1.0,8000,0.000125,True,7947.144817041592,1.7251349829575604e-06,0.5,0.0,-2971.4171620075917,5702.533763110205,True,tilde_q_mu,asymptotic,default,sidak_approx,observed,8.01**2 * RBF(length_scale=0.319),0.0280155899022987,0.3820307713949833,0.1034544219521848,0.3186745581380499,0.0254687180929988,64.19126910876258,1634.67007603409,397,85,312,416,19,0.04,0.3,0.000625,1.0,1e-08,1e+18,False,False,False,False,12,1.1,15.0,12.512390964257072,10.970218833361969,149.59389318220866,124.7851518240737,study_results/v4p2_followups_20260806/pseudo65/gp_window_ensemble_20260806/runs/window_3p0/draw_01/attempt_01/results_single.csv,1,1,1,1,single_attempt_outside_55_75MeV,False,,,,,,,window_3p0,1
2021,0.1,0.0025695,0.094218625,0.105781375,1487397833.440122,1.64,0.09578602,0.10421398,0.00842796,0.0,1.0,8000,0.000125,True,8771.85821382483,1.915068799366317e-06,0.5,0.0,-813.4751676361714,5614.207352439519,True,tilde_q_mu,asymptotic,default,sidak_approx,observed,7.98**2 * RBF(length_scale=0.319),0.027907474759607,0.3805564739946421,0.1030551803288439,0.3185357359899131,0.0253704315996428,63.7302426517756,1641.14825891608,398,87,311,416,18,0.04,0.3,0.000625,1.0,1e-08,1e+18,False,False,False,False,12,1.1,15.0,12.555392869012044,10.861052640438642,148.10526327870872,123.9679844288434,study_results/v4p2_followups_20260806/pseudo65/gp_window_ensemble_20260806/runs/window_3p0/draw_01/attempt_01/results_single.csv,1,1,1,1,single_attempt_outside_55_75MeV,False,,,,,,,window_3p0,1
2021,0.101,0.002585385875,0.09518288178125,0.10681711821875,1463545807.7925766,1.64,0.096759967165,0.105240032835,0.00848006567,0.0,1.0,8000,0.000125,True,9923.433972525709,2.179988550226488e-06,0.4189720230761579,0.2045239909306752,1146.0327081173295,5604.953063307844,True,tilde_q_mu,asymptotic,default,sidak_approx,observed,8**2 * RBF(length_scale=0.319),0.0278033140562975,0.3791361007676941,0.1026705414406892,0.3189981384992099,0.0252757400511796,63.98137515420439,1635.5152703652889,397,88,309,416,19,0.04,0.3,0.000625,1.0,1e-08,1e+18,False,False,False,False,12,1.1,15.0,12.620723976955224,10.754028760328694,146.64584673175492,123.385116931224,study_results/v4p2_followups_20260806/pseudo65/gp_window_ensemble_20260806/runs/window_3p0/draw_01/attempt_01/results_single.csv,1,1,1,1,single_attempt_outside_55_75MeV,False,,,,,,,window_3p0,1
2021,0.102,0.0026014435,0.096146752125,0.1078532478749999,1439773239.9828668,1.64,0.09773363266,0.1062663673399999,0.0085327346799999,0.0,1.0,8000,0.000125,True,10507.471745678824,2.3233994583586575e-06,0.34627572912769,0.3953949190248423,2101.7971186945874,5554.873606484089,True,tilde_q_mu,asymptotic,default,sidak_approx,observed,8.08**2 * RBF(length_scale=0.32),0.0277029922867878,0.3777680766380165,0.1023000787550902,0.3196976037842856,0.0251845384425344,65.21841380434643,1635.84780338955,397,90,307,416,19,0.04,0.3,0.000625,1.0,1e-08,1e+18,False,False,False,False,12,1.1,15.0,12.694201424964174,10.649084743446428,145.21479195608765,122.89238793165624,study_results/v4p2_followups_20260806/pseudo65/gp_window_ensemble_20260806/runs/window_3p0/draw_01/attempt_01/results_single.csv,1,1,1,1,single_attempt_outside_55_75MeV,False,,,,,,,window_3p0,1
2021,0.103,0.002617672875,0.0971102360312499,0.10888976396875,1415306075.6792226,1.64,0.098707016485,0.107292983515,0.00858596703,0.0,1.0,8000,0.000125,True,11795.729648090182,2.627587193519753e-06,0.2401985000869868,0.7056641824417582,3876.951969988208,5522.121707444079,True,tilde_q_mu,asymptotic,default,sidak_approx,observed,7.9**2 * RBF(length_scale=0.317),0.0276063983918545,0.3764508871616523,0.1019433821586847,0.3174464249240623,0.0250967258107768,62.44119429476915,1634.0639730651706,397,91,306,416,19,0.04,0.3,0.000625,1.0,1e-08,1e+18,False,False,False,False,12,1.1,15.0,12.648917923299267,10.546160544164444,143.81128014769695,121.2704719355211,study_results/v4p2_followups_20260806/pseudo65/gp_window_ensemble_20260806/runs/window_3p0/draw_01/attempt_01/results_single.csv,1,1,1,1,single_attempt_outside_55_75MeV,False,,,,,,,window_3p0,1
2021,0.104,0.002634074,0.0980733335,0.1099266664999999,1390650623.4117515,1.64,0.09968011864,0.10831988136,0.00863976272,0.0,1.0,8000,0.000125,True,12580.926458608508,2.824757507991524e-06,0.1844521188224559,0.8985277876890222,4932.568690652312,5487.233226118815,True,tilde_q_mu,asymptotic,default,sidak_approx,observed,7.79**2 * RBF(length_scale=0.316),0.0275134255467139,0.3751830756370089,0.1016000571748166,0.3160925653455604,0.0250122050424672,60.74083933518136,1634.482981955959,397,93,304,416,19,0.04,0.3,0.000625,1.0,1e-08,1e+18,False,False,False,False,12,1.1,15.0,12.63753294876957,10.445198406238394,142.4345237214326,120.0013991047937,study_results/v4p2_followups_20260806/pseudo65/gp_window_ensemble_20260806/runs/window_3p0/draw_01/attempt_01/results_single.csv,1,1,1,1,single_attempt_outside_55_75MeV,False,,,,,,,window_3p0,1
2021,0.105,0.002650646875,0.0990360445312499,0.11096395546875,1366191403.4118524,1.64,0.100652939125,0.109347060875,0.00869412175,0.0,1.0,8000,0.000125,True,12399.10948706532,2.8067877321857475e-06,0.191057860872837,0.874004649381252,4760.725155004498,5475.675508793334,True,tilde_q_mu,asymptotic,default,sidak_approx,observed,7.79**2 * RBF(length_scale=0.316),0.0274239709611162,0.3739632403788584,0.1012697242253318,0.3160270298864551,0.0249308826919238,60.656675852849546,1629.1456036871273,396,94,302,416,20,0.04,0.3,0.000625,1.0,1e-08,1e+18,False,False,False,False,12,1.1,15.0,12.67612678586903,10.346142754725216,141.08376483716202,119.22637936690646,study_results/v4p2_followups_20260806/pseudo65/gp_window_ensemble_20260806/runs/window_3p0/draw_01/attempt_01/results_single.csv,1,1,1,1,single_attempt_outside_55_75MeV,False,,,,,,,window_3p0,1
2021,0.106,0.0026673915,0.099998369125,0.112001630875,1341676381.151068,1.64,0.10162547794,0.11037452206,0.0087490441199999,0.0,1.0,8000,0.000125,True,11596.75140778087,2.6479064031929796e-06,0.2348336787319096,0.7230203896756431,3897.543690168689,5382.779494002704,True,tilde_q_mu,asymptotic,default,sidak_approx,observed,7.95**2 * RBF(length_scale=0.318),0.0273379356906521,0.3727900321452559,0.1009520179337844,0.3181628803916236,0.0248526688096837,63.17617974297568,1632.2808025106242,397,96,301,416,19,0.04,0.3,0.000625,1.0,1e-08,1e+18,False,False,False,False,12,1.1,15.0,12.801960337863306,10.248940093965247,139.758274008617,119.27865871643648,study_results/v4p2_followups_20260806/pseudo65/gp_window_ensemble_20260806/runs/window_3p0/draw_01/attempt_01/results_single.csv,1,1,1,1,single_attempt_outside_55_75MeV,False,,,,,,,window_3p0,1
2021,0.107,0.002684307875,0.10096030728125,0.11303969271875,1317225676.2626095,1.64,0.102597735085,0.111402264915,0.0088045298299999,0.0,1.0,8000,0.000125,True,10987.682595595204,2.531524075587954e-06,0.2736036482177179,0.6019501861163861,3212.989948302715,5337.841450551266,True,tilde_q_mu,asymptotic,default,sidak_approx,observed,7.93**2 * RBF(length_scale=0.318),0.0272552244585561,0.3716621517075835,0.1006465864674015,0.3178918484376946,0.0247774767805055,62.930035839740114,1632.5637424948109,397,98,299,416,19,0.04,0.3,0.000625,1.0,1e-08,1e+18,False,False,False,False,12,1.1,15.0,12.829871711868808,10.153538911238387,138.45734878961437,118.42600150241508,study_results/v4p2_followups_20260806/pseudo65/gp_window_ensemble_20260806/runs/window_3p0/draw_01/attempt_01/results_single.csv,1,1,1,1,single_attempt_outside_55_75MeV,False,,,,,,,window_3p0,1
2021,0.108,0.002701396,0.101921859,0.114078141,1292640439.8447058,1.64,0.10356971056,0.11243028944,0.0088605788799999,0.0,1.0,8000,0.000125,True,9990.192546496555,2.3237654308831935e-06,0.3579844402498987,0.3638515303187069,1883.9571984790891,5329.330887831709,True,tilde_q_mu,asymptotic,default,sidak_approx,observed,7.91**2 * RBF(length_scale=0.317),0.0271757454873275,0.3705783475544666,0.1003530909153006,0.3174144167806234,0.0247052231702977,62.52689798664395,1628.496413793937,396,99,297,416,20,0.04,0.3,0.000625,1.0,1e-08,1e+18,False,False,False,False,12,1.1,15.0,12.848069195433933,10.059889585728104,137.18031253265593,117.5001431780544,study_results/v4p2_followups_20260806/pseudo65/gp_window_ensemble_20260806/runs/window_3p0/draw_01/attempt_01/results_single.csv,1,1,1,1,single_attempt_outside_55_75MeV,False,,,,,,,window_3p0,1
2021,0.109,0.002718655875,0.10288302428125,0.11511697571875,1268214292.8765628,1.64,0.104541404365,0.1134585956349999,0.0089171912699999,0.0,1.0,8000,0.000125,True,9264.616529569495,2.1763474399951723e-06,0.4329872289257935,0.1687739390594583,993.5613068935486,5243.718388058511,True,tilde_q_mu,asymptotic,default,sidak_approx,observed,7.92**2 * RBF(length_scale=0.318),0.0270994103395402,0.3695374137210039,0.1000712047006427,0.3178070888622852,0.0246358275814002,62.73488738866418,1634.6312766428846,397,101,296,416,19,0.04,0.3,0.000625,1.0,1e-08,1e+18,False,False,False,False,12,1.1,15.0,12.9001994275291,9.967944302454349,135.92651321528655,116.89860853105776,study_results/v4p2_followups_20260806/pseudo65/gp_window_ensemble_20260806/runs/window_3p0/draw_01/attempt_01/results_single.csv,1,1,1,1,single_attempt_outside_55_75MeV,False,,,,,,,window_3p0,1
2021,0.11,0.0027360875,0.103843803125,0.116156196875,1243647528.4440663,1.64,0.1055128165,0.1144871835,0.008974367,0.0,1.0,8000,0.000125,True,8357.478663202517,1.983833420473791e-06,0.5,0.0,-432.11754832414647,5234.230616146531,True,tilde_q_mu,asymptotic,default,sidak_approx,observed,7.9**2 * RBF(length_scale=0.317),0.0270261337672677,0.3685381877354698,0.0998006130245964,0.3172388576122461,0.0245692125156979,62.354720533725995,1629.017532675648,396,102,294,416,20,0.04,0.3,0.000625,1.0,1e-08,1e+18,False,False,False,False,12,1.1,15.0,12.912048255903722,9.87765697086361,134.69532232995832,115.94616678459518,study_results/v4p2_followups_20260806/pseudo65/gp_window_ensemble_20260806/runs/window_3p0/draw_01/attempt_01/results_single.csv,1,1,1,1,single_attempt_outside_55_75MeV,False,,,,,,,window_3p0,1
2021,0.111,0.002753690875,0.10480419553125,0.11719580446875,1219296431.1209323,1.64,0.106483946965,0.115516053035,0.0090321060699999,0.0,1.0,8000,0.000125,True,7709.577335798928,1.8497720368907083e-06,0.5,0.0,-1554.8152536170662,5186.452970299034,True,tilde_q_mu,asymptotic,default,sidak_approx,observed,7.88**2 * RBF(length_scale=0.317),0.0269558335695793,0.3675795486760824,0.0995410123401082,0.3168375611492077,0.0245053032450721,62.045207086053225,1628.871473197731,396,104,292,416,20,0.04,0.3,0.000625,1.0,1e-08,1e+18,False,False,False,False,12,1.1,15.0,12.929346679801704,9.788983147783204,133.4861338334073,115.05923341856872,study_results/v4p2_followups_20260806/pseudo65/gp_window_ensemble_20260806/runs/window_3p0/draw_01/attempt_01/results_single.csv,1,1,1,1,single_attempt_outside_55_75MeV,False,,,,,,,window_3p0,1
2021,0.112,0.002771466,0.1057642015,0.1182357985,1195083180.8359652,1.64,0.10745479576,0.11654520424,0.00909040848,0.0,1.0,8000,0.000125,True,6994.331159454225,1.6968754091039926e-06,0.4999026019832914,0.000244140625,-3183.66391756739,5148.707881320931,True,tilde_q_mu,asymptotic,default,sidak_approx,observed,7.78**2 * RBF(length_scale=0.315),0.0268884304576102,0.3666604153310482,0.0992921098536402,0.3151297544384553,0.0244440276887365,60.499403300494926,1629.6116684152648,396,105,291,416,20,0.04,0.3,0.000625,1.0,1e-08,1e+18,False,False,False,False,12,1.1,15.0,12.891891567593934,9.70187996447014,132.29836315186554,113.70507682160104,study_results/v4p2_followups_20260806/pseudo65/gp_window_ensemble_20260806/runs/window_3p0/draw_01/attempt_01/results_single.csv,1,1,1,1,single_attempt_outside_55_75MeV,False,,,,,,,window_3p0,1
2021,0.113,0.002789412875,0.10672382103125,0.11927617896875,1171074447.656905,1.64,0.108425362885,0.117574637115,0.00914927423,0.0,1.0,8000,0.000125,True,6785.86859853106,1.6651847286274384e-06,0.5,0.0,-3569.936704228063,5095.845292437223,True,tilde_q_mu,asymptotic,default,sidak_approx,observed,7.84**2 * RBF(length_scale=0.316),0.0268238479267369,0.3657797444555033,0.0990536230531478,0.3159414412166543,0.0243853162970335,61.43022599134845,1629.8707033564588,396,107,289,416,20,0.04,0.3,0.000625,1.0,1e-08,1e+18,False,False,False,False,12,1.1,15.0,12.95621665793559,9.616306057502122,131.1314462386653,113.26449520910536,study_results/v4p2_followups_20260806/pseudo65/gp_window_ensemble_20260806/runs/window_3p0/draw_01/attempt_01/results_single.csv,1,1,1,1,single_attempt_outside_55_75MeV,False,,,,,,,window_3p0,1
2021,0.114,0.0028075315,0.107683054125,0.120316945875,1146935681.7505815,1.64,0.10939564834,0.11860435166,0.00920870332,0.0,1.0,8000,0.000125,True,6621.354375724297,1.6444581995860873e-06,0.4999026019832914,0.000244140625,-3999.467875351309,5076.6554805246515,True,tilde_q_mu,asymptotic,default,sidak_approx,observed,7.82**2 * RBF(length_scale=0.316),0.0267620121354335,0.3649365291195483,0.0988252792607253,0.3159429305619017,0.0243291019413032,61.20910107037291,1624.755980905794,395,108,287,416,21,0.04,0.3,0.000625,1.0,1e-08,1e+18,False,False,False,False,12,1.1,15.0,12.986214259948875,9.532221503279144,129.9848386810792,112.534064377159,study_results/v4p2_followups_20260806/pseudo65/gp_window_ensemble_20260806/runs/window_3p0/draw_01/attempt_01/results_single.csv,1,1,1,1,single_attempt_outside_55_75MeV,False,,,,,,,window_3p0,1
2021,0.115,0.002825821875,0.10864190078125,0.12135809921875,1123372222.1676126,1.64,0.110365652125,0.119634347875,0.00926869575,0.0,1.0,8000,0.000125,True,6489.582783058233,1.631229916370935e-06,0.5,0.0,-4027.731187483331,4996.263052563867,True,tilde_q_mu,asymptotic,default,sidak_approx,observed,7.85**2 * RBF(length_scale=0.316),0.026702851790388,0.3641297971416546,0.0986068152083701,0.3163072855610386,0.0242753198094436,61.60230454785062,1629.8044967515816,396,110,286,416,20,0.04,0.3,0.000625,1.0,1e-08,1e+18,False,False,False,False,12,1.1,15.0,13.029994580668223,9.4495877559119,128.85801485334406,111.93461568098256,study_results/v4p2_followups_20260806/pseudo65/gp_window_ensemble_20260806/runs/window_3p0/draw_01/attempt_01/results_single.csv,1,1,1,1,single_attempt_outside_55_75MeV,False,,,,,,,window_3p0,1
2021,0.116,0.002844284,0.109600361,0.122399639,1099793946.70252,1.64,0.11133537424,0.12066462576,0.0093292515199999,0.0,1.0,8000,0.000125,True,6449.510195831972,1.6416377923637976e-06,0.5,0.0,-4106.244055151403,4985.050082939129,True,tilde_q_mu,asymptotic,default,sidak_approx,observed,7.78**2 * RBF(length_scale=0.315),0.0266462980375249,0.3633586096026131,0.0983979766355584,0.3152323049176763,0.0242239073068408,60.5124238982328,1624.2944414701597,395,111,284,416,21,0.04,0.3,0.000625,1.0,1e-08,1e+18,False,False,False,False,12,1.1,15.0,13.013272422350054,9.368367588301648,127.75046711320428,110.83010870843992,study_results/v4p2_followups_20260806/pseudo65/gp_window_ensemble_20260806/runs/window_3p0/draw_01/attempt_01/results_single.csv,1,1,1,1,single_attempt_outside_55_75MeV,False,,,,,,,window_3p0,1
2021,0.117,0.002862917875,0.11055843478125,0.12344156521875,1076409135.485572,1.64,0.112304814685,0.121695185315,0.00939037063,0.0,1.0,8000,0.000125,True,6752.517293876141,1.7410946878717113e-06,0.5,0.0,-2880.890713750128,4927.33363985905,True,tilde_q_mu,asymptotic,default,sidak_approx,observed,7.9**2 * RBF(length_scale=0.317),0.0265922843585697,0.3626220594350426,0.0981985179072823,0.3169649309669846,0.0241748039623361,62.363697206733015,1625.1148376277324,395,113,282,416,21,0.04,0.3,0.000625,1.0,1e-08,1e+18,False,False,False,False,12,1.1,15.0,13.111375441174586,9.288525036216694,126.66170503931852,110.71394458598805,study_results/v4p2_followups_20260806/pseudo65/gp_window_ensemble_20260806/runs/window_3p0/draw_01/attempt_01/results_single.csv,1,1,1,1,single_attempt_outside_55_75MeV,False,,,,,,,window_3p0,1
2021,0.118,0.0028817235,0.1115161221249999,0.124483877875,1053178929.4199272,1.64,0.11327397346,0.1227260265399999,0.0094520530799999,0.0,1.0,8000,0.000125,True,7209.197598564596,1.8837474714389132e-06,0.5,0.0,-1536.918309030553,4879.391121505172,True,tilde_q_mu,asymptotic,default,sidak_approx,observed,7.91**2 * RBF(length_scale=0.317),0.0265407464728296,0.3619192700840412,0.0980082016513522,0.3169407784184981,0.024127951338936,62.54362946143197,1626.3067989898027,395,114,281,416,21,0.04,0.3,0.000625,1.0,1e-08,1e+18,False,False,False,False,12,1.1,15.0,13.135834616304129,9.21002534519002,125.59125470713664,109.98306340580494,study_results/v4p2_followups_20260806/pseudo65/gp_window_ensemble_20260806/runs/window_3p0/draw_01/attempt_01/results_single.csv,1,1,1,1,single_attempt_outside_55_75MeV,False,,,,,,,window_3p0,1
2021,0.119,0.002900700875,0.1124734230312499,0.12552657696875,1030627124.242168,1.64,0.114242850565,0.1237571494349999,0.0095142988699999,0.0,1.0,8000,0.000125,True,7785.144238687662,2.0612850615736984e-06,0.5,0.0,-288.27554990727606,4835.402510937842,True,tilde_q_mu,asymptotic,default,sidak_approx,observed,7.9**2 * RBF(length_scale=0.317),0.0264916222438949,0.3612493942349304,0.0978267984138683,0.316993356881182,0.0240832929489953,62.35950824713609,1628.7826449132722,395,116,279,416,21,0.04,0.3,0.000625,1.0,1e-08,1e+18,False,False,False,False,12,1.1,15.0,13.16237599038156,9.13283492007596,124.53865800103584,109.28164279647828,study_results/v4p2_followups_20260806/pseudo65/gp_window_ensemble_20260806/runs/window_3p0/draw_01/attempt_01/results_single.csv,1,1,1,1,single_attempt_outside_55_75MeV,False,,,,,,,window_3p0,1
2021,0.12,0.00291985,0.1134303374999999,0.1265696624999999,1008026180.837055,1.64,0.115211446,0.124788554,0.009577108,0.0,1.0,8000,0.000125,True,8390.999248314653,2.252581672497162e-06,0.4365004112199808,0.1598479863087403,743.7866081775663,4814.824308147007,True,tilde_q_mu,asymptotic,default,sidak_approx,observed,7.89**2 * RBF(length_scale=0.317),0.0264448515909636,0.3606116126040493,0.0976540863317667,0.3170159972138294,0.0240407741736032,62.219569412025166,1623.611734854685,394,117,277,416,22,0.04,0.3,0.000625,1.0,1e-08,1e+18,False,False,False,False,12,1.1,15.0,13.186596859343751,9.05692127710794,123.5034719605628,108.57269969821375,study_results/v4p2_followups_20260806/pseudo65/gp_window_ensemble_20260806/runs/window_3p0/draw_01/attempt_01/results_single.csv,1,1,1,1,single_attempt_outside_55_75MeV,False,,,,,,,window_3p0,1
2021,0.121,0.002939170875,0.1143868655312499,0.12761313446875,985440224.1699862,1.64,0.116179759765,0.125820240235,0.0096404804699999,0.0,1.0,8000,0.000125,True,8938.630298670369,2.4343064031511286e-06,0.3569908922888242,0.3665137094741245,1733.7798085366726,4740.217932096658,True,tilde_q_mu,asymptotic,default,sidak_approx,observed,7.94**2 * RBF(length_scale=0.318),0.0264003764045369,0.3600051327891407,0.0974898508215015,0.3176076496294026,0.0240003421859427,62.99289110809953,1627.8674662380265,395,119,276,416,21,0.04,0.3,0.000625,1.0,1e-08,1e+18,False,False,False,False,12,1.1,15.0,13.233463388510735,8.982252998317762,122.48526815887854,108.0602874541626,study_results/v4p2_followups_20260806/pseudo65/gp_window_ensemble_20260806/runs/window_3p0/draw_01/attempt_01/results_single.csv,1,1,1,1,single_attempt_outside_55_75MeV,False,,,,,,,window_3p0,1
2021,0.122,0.0029586635,0.115343007125,0.128656992875,963312661.4875358,1.64,0.11714779186,0.12685220814,0.00970441628,0.0,1.0,8000,0.000125,True,9425.467699669944,2.604328312319028e-06,0.2938362039845197,0.5422120893987303,2517.3824445806376,4698.458291191563,True,tilde_q_mu,asymptotic,default,sidak_approx,observed,7.89**2 * RBF(length_scale=0.317),0.0263581404662262,0.3594291881758127,0.0973338842829142,0.3168242571506274,0.0239619458783875,62.32787941735938,1628.7818566025453,395,121,274,416,21,0.04,0.3,0.000625,1.0,1e-08,1e+18,False,False,False,False,12,1.1,15.0,13.221975325317263,8.908799688178892,121.48363211153033,107.08357241390492,study_results/v4p2_followups_20260806/pseudo65/gp_window_ensemble_20260806/runs/window_3p0/draw_01/attempt_01/results_single.csv,1,1,1,1,single_attempt_outside_55_75MeV,False,,,,,,,window_3p0,1
2021,0.123,0.002978327875,0.11629876228125,0.12970123771875,941612336.1342888,1.64,0.118115542285,0.127884457715,0.00976891543,0.0,1.0,8000,0.000125,True,9283.515419397843,2.6028859197382565e-06,0.3058740062013154,0.507579867556826,2360.8992142969933,4673.850503387862,True,tilde_q_mu,asymptotic,default,sidak_approx,observed,7.96**2 * RBF(length_scale=0.318),0.026318089372443,0.3588830368969509,0.0971859858174404,0.3179425595561077,0.02392553579313,63.42551324804504,1624.409486136355,394,122,272,416,22,0.04,0.3,0.000625,1.0,1e-08,1e+18,False,False,False,False,12,1.1,15.0,13.288837596163727,8.836531932349143,120.49816271385194,106.752034329366,study_results/v4p2_followups_20260806/pseudo65/gp_window_ensemble_20260806/runs/window_3p0/draw_01/attempt_01/results_single.csv,1,1,1,1,single_attempt_outside_55_75MeV,False,,,,,,,window_3p0,1
2021,0.124,0.002998164,0.117254131,0.130745869,920037116.668702,1.64,0.1190830110399999,0.12891698896,0.00983397792,0.0,1.0,8000,0.000125,True,8900.232434710695,2.5333444148150243e-06,0.3325993072079479,0.4327469538554454,1993.4697466607756,4603.102780632312,True,tilde_q_mu,asymptotic,default,sidak_approx,observed,7.95**2 * RBF(length_scale=0.318),0.0262801704617562,0.3583659608421308,0.0970459609598579,0.3175909314079735,0.023891064056142,63.16652734967822,1630.6517818410912,395,124,271,416,21,0.04,0.3,0.000625,1.0,1e-08,1e+18,False,False,False,False,12,1.1,15.0,13.293293704359955,8.765421258395557,119.52847170539395,105.9284720275387,study_results/v4p2_followups_20260806/pseudo65/gp_window_ensemble_20260806/runs/window_3p0/draw_01/attempt_01/results_single.csv,1,1,1,1,single_attempt_outside_55_75MeV,False,,,,,,,window_3p0,1
2021,0.125,0.003018171875,0.11820911328125,0.13179088671875,898531012.9433209,1.64,0.120050198125,0.129949801875,0.00989960375,0.0,1.0,8000,0.000125,True,8902.782006132647,2.5739646429072914e-06,0.3289583811881588,0.4427912092239105,2029.8241375681644,4590.126553889277,True,tilde_q_mu,asymptotic,default,sidak_approx,observed,7.87**2 * RBF(length_scale=0.316),0.0262443327457108,0.3578772647142392,0.0969136214228183,0.3161607977283585,0.0238584843142826,62.01517430970245,1626.100386343417,394,125,269,416,22,0.04,0.3,0.000625,1.0,1e-08,1e+18,False,False,False,False,12,1.1,15.0,13.25150389117939,8.695440098390975,118.57418315987692,104.75241663576844,study_results/v4p2_followups_20260806/pseudo65/gp_window_ensemble_20260806/runs/window_3p0/draw_01/attempt_01/results_single.csv,1,1,1,1,single_attempt_outside_55_75MeV,False,,,,,,,window_3p0,1
2021,0.126,0.0030383515,0.119163709125,0.132836290875,877660484.0400469,1.64,0.12101710354,0.13098289646,0.0099657929199999,0.0,1.0,8000,0.000125,True,8472.140993440009,2.4878031111302073e-06,0.3702309277750922,0.3312417911016221,1527.078865133994,4543.294309427966,True,tilde_q_mu,asymptotic,default,sidak_approx,observed,7.85**2 * RBF(length_scale=0.316),0.0262105268429174,0.3574162751306931,0.0967887848534561,0.3160896254652617,0.0238277516753795,61.6253526370652,1625.17585063845,394,127,267,416,22,0.04,0.3,0.000625,1.0,1e-08,1e+18,False,False,False,False,12,1.1,15.0,13.26560851277744,8.626561753278871,117.63493299925732,104.0332645729968,study_results/v4p2_followups_20260806/pseudo65/gp_window_ensemble_20260806/runs/window_3p0/draw_01/attempt_01/results_single.csv,1,1,1,1,single_attempt_outside_55_75MeV,False,,,,,,,window_3p0,1
2021,0.127,0.003058702875,0.12011791853125,0.13388208146875,857126402.643784,1.64,0.121983727285,0.132016272715,0.0100325454299999,0.0,1.0,8000,0.000125,True,8554.59644731363,2.5519423253060273e-06,0.3501176995804994,0.3850027215539429,1747.2787872765325,4495.7920596490785,True,tilde_q_mu,asymptotic,default,sidak_approx,observed,7.85**2 * RBF(length_scale=0.316),0.0261787049162304,0.3569823397667782,0.0966712746014036,0.3161310146108196,0.0237988226511185,61.59995367341245,1625.2049265468722,394,128,266,416,22,0.04,0.3,0.000625,1.0,1e-08,1e+18,False,False,False,False,12,1.1,15.0,13.283472852635484,8.558760358908806,116.71036853057464,103.35460079979806,study_results/v4p2_followups_20260806/pseudo65/gp_window_ensemble_20260806/runs/window_3p0/draw_01/attempt_01/results_single.csv,1,1,1,1,single_attempt_outside_55_75MeV,False,,,,,,,window_3p0,1
2021,0.128,0.003079226,0.1210717415,0.1349282585,836870911.2847852,1.64,0.12295006936,0.13304993064,0.01009986128,0.0,1.0,8000,0.000125,True,8464.083024558211,2.5658507725059713e-06,0.345524822728939,0.3974310186499206,1749.717144355433,4444.574157395398,True,tilde_q_mu,asymptotic,default,sidak_approx,observed,7.92**2 * RBF(length_scale=0.317),0.0261488206128557,0.3565748265389423,0.0965609194976257,0.3172262565075016,0.0237716551025961,62.787632715043266,1625.2837335368176,394,130,264,416,22,0.04,0.3,0.000625,1.0,1e-08,1e+18,False,False,False,False,12,1.1,15.0,13.34472737124882,8.492010853654708,115.80014800438238,103.0214269779164,study_results/v4p2_followups_20260806/pseudo65/gp_window_ensemble_20260806/runs/window_3p0/draw_01/attempt_01/results_single.csv,1,1,1,1,single_attempt_outside_55_75MeV,False,,,,,,,window_3p0,1
2021,0.129,0.003099920875,0.12202517803125,0.13597482196875,816661383.882061,1.64,0.123916129765,0.134083870235,0.01016774047,0.0,1.0,8000,0.000125,True,25358.862747495237,7.816601372513113e-06,0.4180762440774659,0.2068173725272397,1436.159417241828,14841.260901272368,True,tilde_q_mu,asymptotic,default,sidak_approx,observed,1**2 * RBF(length_scale=0.0965),0.0261208290072193,0.3561931228257187,0.096457553643445,0.096457553643445,0.0237462081883812,1.0,855.8553083172237,393,131,262,416,23,0.04,0.3,0.000625,1.0,1e-08,1e+18,False,False,False,False,12,1.1,15.0,4.0620192023179795,8.426288947526562,114.90394019354402,31.1161340992115,study_results/v4p2_followups_20260806/pseudo65/gp_window_ensemble_20260806/runs/window_3p0/draw_01/attempt_01/results_single.csv,1,1,1,1,single_attempt_outside_55_75MeV,False,,,,,,,window_3p0,1
2021,0.13,0.0031207875,0.122978228125,0.137021771875,796778619.4646972,1.64,0.1248819085,0.1351180915,0.010236183,0.0,1.0,8000,0.000125,True,8505.95777311775,2.666626067895052e-06,0.3237180812279952,0.4573268097717147,2014.9312768313805,4350.04200937581,True,tilde_q_mu,asymptotic,default,sidak_approx,observed,7.93**2 * RBF(length_scale=0.317),0.0260946865464589,0.3558366347244401,0.0963610162092589,0.3172017703195929,0.0237224423149626,62.82528895831106,1625.9019371448735,394,133,261,416,22,0.04,0.3,0.000625,1.0,1e-08,1e+18,False,False,False,False,12,1.1,15.0,13.371379139976716,8.36157109269982,114.0214239913612,101.64157935123518,study_results/v4p2_followups_20260806/pseudo65/gp_window_ensemble_20260806/runs/window_3p0/draw_01/attempt_01/results_single.csv,1,1,1,1,single_attempt_outside_55_75MeV,False,,,,,,,window_3p0,1
2021,0.131,0.003141825875,0.12393089178125,0.13806910821875,777717056.7816086,1.64,0.125847405565,0.136152594435,0.0103051888699999,0.0,1.0,8000,0.000125,True,7888.937134772918,2.514464437667479e-06,0.3906371268068941,0.2776588476743241,1203.5506221240826,4321.586444547895,True,tilde_q_mu,asymptotic,default,sidak_approx,observed,7.98**2 * RBF(length_scale=0.318),0.0260703509983903,0.3555047863416871,0.0962711512423922,0.3181847240451155,0.0237003190894458,63.73074386824584,1619.3244944774024,393,134,259,416,23,0.04,0.3,0.000625,1.0,1e-08,1e+18,False,False,False,False,12,1.1,15.0,13.425335027949435,8.297834455383493,113.1522880279567,101.27382506362338,study_results/v4p2_followups_20260806/pseudo65/gp_window_ensemble_20260806/runs/window_3p0/draw_01/attempt_01/results_single.csv,1,1,1,1,single_attempt_outside_55_75MeV,False,,,,,,,window_3p0,1
2021,0.132,0.003163036,0.124883169,0.139116831,758729637.4451472,1.64,0.12681262096,0.13718737904,0.0103747580799999,0.0,1.0,8000,0.000125,True,7003.947512198344,2.2709199462504578e-06,0.5,0.0,-35.13433089335357,4270.1097169671775,True,tilde_q_mu,asymptotic,default,sidak_approx,observed,8.07**2 * RBF(length_scale=0.32),0.0260477814018274,0.3551970191158293,0.0961878074836403,0.3195003300604459,0.0236798012743886,65.13060803175468,1618.7880134157058,393,136,257,416,23,0.04,0.3,0.000625,1.0,1e-08,1e+18,False,False,False,False,12,1.1,15.0,13.49252581802737,8.235056888959685,112.2962303039957,101.01065244292064,study_results/v4p2_followups_20260806/pseudo65/gp_window_ensemble_20260806/runs/window_3p0/draw_01/attempt_01/results_single.csv,1,1,1,1,single_attempt_outside_55_75MeV,False,,,,,,,window_3p0,1
2021,0.133,0.003184417875,0.12583505978125,0.14016494021875,740120080.2932594,1.64,0.127777554685,0.138222445315,0.0104448906299999,0.0,1.0,8000,0.000125,True,6528.309715599299,2.153608932271061e-06,0.5,0.0,-768.8593206002231,4230.436845422638,True,tilde_q_mu,asymptotic,default,sidak_approx,observed,7.97**2 * RBF(length_scale=0.318),0.0260269380191233,0.3549127911698635,0.0961108381920171,0.3179354586265788,0.0236608527446575,63.50823187821763,1615.7111424357686,393,137,256,416,23,0.04,0.3,0.000625,1.0,1e-08,1e+18,False,False,False,False,12,1.1,15.0,13.437193581214698,8.173216908325301,111.45295784079954,99.8409979803856,study_results/v4p2_followups_20260806/pseudo65/gp_window_ensemble_20260806/runs/window_3p0/draw_01/attempt_01/results_single.csv,1,1,1,1,single_attempt_outside_55_75MeV,False,,,,,,,window_3p0,1
2021,0.134,0.0032059715,0.126786564125,0.141213435875,721731213.3148873,1.64,0.12874220674,0.13925779326,0.01051558652,0.0,1.0,8000,0.000125,True,6123.7917138939465,2.0561748674399064e-06,0.5,0.0,-1494.8288697116234,4192.065451992798,True,tilde_q_mu,asymptotic,default,sidak_approx,observed,7.9**2 * RBF(length_scale=0.317),0.0260077822908281,0.3546515766931113,0.0960401009773177,0.3169599496615553,0.0236434384462074,62.39270703816251,1617.4331285906455,393,139,254,416,23,0.04,0.3,0.000625,1.0,1e-08,1e+18,False,False,False,False,12,1.1,15.0,13.40583140572762,8.112293665376676,110.62218634604557,98.86549199253804,study_results/v4p2_followups_20260806/pseudo65/gp_window_ensemble_20260806/runs/window_3p0/draw_01/attempt_01/results_single.csv,1,1,1,1,single_attempt_outside_55_75MeV,False,,,,,,,window_3p0,1
2021,0.135,0.003227696875,0.12773768203125,0.14226231796875,703839749.1336825,1.64,0.129706577125,0.140293422875,0.01058684575,0.0,1.0,8000,0.000125,True,5691.420831740225,1.9450602693993045e-06,0.4999311292015692,0.0001726334915006,-2490.8254957530676,4165.63870381877,True,tilde_q_mu,asymptotic,default,sidak_approx,observed,7.95**2 * RBF(length_scale=0.318),0.025990276792342,0.3544128653501188,0.0959754576400479,0.3175703731111127,0.0236275243566745,63.139571870874946,1612.223633944344,392,140,252,416,24,0.04,0.3,0.000625,1.0,1e-08,1e+18,False,False,False,False,12,1.1,15.0,13.440696042342736,8.052266925574306,109.80363989419509,98.389156544049,study_results/v4p2_followups_20260806/pseudo65/gp_window_ensemble_20260806/runs/window_3p0/draw_01/attempt_01/results_single.csv,1,1,1,1,single_attempt_outside_55_75MeV,False,,,,,,,window_3p0,1
2021,0.136,0.003249594,0.1286884135,0.1433115865,686424779.2721932,1.64,0.13067066584,0.14132933416,0.01065866832,0.0,1.0,8000,0.000125,True,5406.344732187588,1.880579924834578e-06,0.5,0.0,-3026.883944293824,4097.34434592031,True,tilde_q_mu,asymptotic,default,sidak_approx,observed,8.03**2 * RBF(length_scale=0.319),0.0259743851924713,0.3541961617155187,0.0959167740183841,0.3186897366783991,0.0236130774477012,64.46044551912765,1617.5355921101043,393,142,251,416,23,0.04,0.3,0.000625,1.0,1e-08,1e+18,False,False,False,False,12,1.1,15.0,13.49632369538617,7.993117045535957,108.99705062094486,98.07063180151091,study_results/v4p2_followups_20260806/pseudo65/gp_window_ensemble_20260806/runs/window_3p0/draw_01/attempt_01/results_single.csv,1,1,1,1,single_attempt_outside_55_75MeV,False,,,,,,,window_3p0,1
2021,0.137,0.003271662875,0.12963875853125,0.14436124146875,669116428.5880822,1.64,0.131634472885,0.142365527115,0.0107310542299999,0.0,1.0,8000,0.000125,True,5423.2487924367715,1.9211319291641548e-06,0.5,0.0,-2871.8320472114297,4076.639030804955,True,tilde_q_mu,asymptotic,default,sidak_approx,observed,8.01**2 * RBF(length_scale=0.318),0.0259600722137896,0.3540009847334957,0.0958639198417955,0.3183195530265125,0.0236000656488997,64.10222066362084,1613.52843320893,392,143,249,416,24,0.04,0.3,0.000625,1.0,1e-08,1e+18,False,False,False,False,12,1.1,15.0,13.48807913343043,7.93482495160498,108.20215843097698,97.29595168833296,study_results/v4p2_followups_20260806/pseudo65/gp_window_ensemble_20260806/runs/window_3p0/draw_01/attempt_01/results_single.csv,1,1,1,1,single_attempt_outside_55_75MeV,False,,,,,,,window_3p0,1
2021,0.138,0.0032939035,0.130588717125,0.145411282875,652262296.7982231,1.64,0.13259799826,0.14340200174,0.0108040034799999,0.0,1.0,8000,0.000125,True,5595.0271701430665,2.018462847764987e-06,0.4999311292015692,0.0001726334915006,-2193.6433634081573,4037.6547094224825,True,tilde_q_mu,asymptotic,default,sidak_approx,observed,7.96**2 * RBF(length_scale=0.318),0.0259473035947063,0.3538268672005407,0.095816768590974,0.3178374816501875,0.0235884578133693,63.37773933496437,1612.7073351868353,392,145,247,416,24,0.04,0.3,0.000625,1.0,1e-08,1e+18,False,False,False,False,12,1.1,15.0,13.47427984334121,7.877372119342997,107.41871071831358,96.49265124196488,study_results/v4p2_followups_20260806/pseudo65/gp_window_ensemble_20260806/runs/window_3p0/draw_01/attempt_01/results_single.csv,1,1,1,1,single_attempt_outside_55_75MeV,False,,,,,,,window_3p0,1
2021,0.139,0.003316315875,0.13153828928125,0.14646171071875,635785521.2448627,1.64,0.133561241965,0.144438758035,0.0108775160699999,0.0,1.0,8000,0.000125,True,5696.781318431083,2.093264156041401e-06,0.5,0.0,-1748.6431802918655,3993.3501890861426,True,tilde_q_mu,asymptotic,default,sidak_approx,observed,7.97**2 * RBF(length_scale=0.318),0.0259360460531648,0.3536733552704296,0.0957751973637809,0.3180077657313684,0.0235782236846953,63.59601899583877,1612.8397863438631,392,146,246,416,24,0.04,0.3,0.000625,1.0,1e-08,1e+18,False,False,False,False,12,1.1,15.0,13.487350446072329,7.820740553903008,106.64646209867738,95.89188054390878,study_results/v4p2_followups_20260806/pseudo65/gp_window_ensemble_20260806/runs/window_3p0/draw_01/attempt_01/results_single.csv,1,1,1,1,single_attempt_outside_55_75MeV,False,,,,,,,window_3p0,1
2021,0.14,0.0033389,0.132487475,0.147512525,619834689.867921,1.64,0.134524204,0.145475796,0.010951592,0.0,1.0,8000,0.000125,True,5873.037842057938,2.197752623193088e-06,0.5,0.0,-1177.045417097861,3952.200539039571,True,tilde_q_mu,asymptotic,default,sidak_approx,observed,8.04**2 * RBF(length_scale=0.319),0.0259262672518869,0.3535400079802764,0.0957390867469023,0.318872050941307,0.0235693338653517,64.64717761105574,1612.5554905111153,392,148,244,416,24,0.04,0.3,0.000625,1.0,1e-08,1e+18,False,False,False,False,12,1.1,15.0,13.529107473421927,7.764912771238112,105.88517415324698,95.50212673075174,study_results/v4p2_followups_20260806/pseudo65/gp_window_ensemble_20260806/runs/window_3p0/draw_01/attempt_01/results_single.csv,1,1,1,1,single_attempt_outside_55_75MeV,False,,,,,,,window_3p0,1
2021,0.141,0.003361655875,0.13343627428125,0.1485637257187499,604132627.2786524,1.64,0.1354868843649999,0.146513115635,0.01102623127,0.0,1.0,8000,0.000125,True,5908.159339313936,2.2522713769282083e-06,0.5,0.0,-1044.9432156645446,3933.596023944896,True,tilde_q_mu,asymptotic,default,sidak_approx,observed,7.99**2 * RBF(length_scale=0.318),0.0259179357650831,0.3534263967965889,0.0957083206929198,0.3179608825792498,0.0235617597864392,63.78354177352923,1609.7563614430342,391,149,242,416,25,0.04,0.3,0.000625,1.0,1e-08,1e+18,False,False,False,False,12,1.1,15.0,13.494785001680947,7.709871780103963,105.13461518323584,94.58460187548194,study_results/v4p2_followups_20260806/pseudo65/gp_window_ensemble_20260806/runs/window_3p0/draw_01/attempt_01/results_single.csv,1,1,1,1,single_attempt_outside_55_75MeV,False,,,,,,,window_3p0,1
2021,0.142,0.0033845835,0.1343846871249999,0.149615312875,588792286.6909375,1.64,0.1364492830599999,0.14755071694,0.01110143388,0.0,1.0,8000,0.000125,True,6034.589248500051,2.3437818150394727e-06,0.4999311292015692,0.0001726334915006,-598.9006131996879,3874.8829450187127,True,tilde_q_mu,asymptotic,default,sidak_approx,observed,7.96**2 * RBF(length_scale=0.318),0.0259110210465671,0.3533321051804605,0.0956827864025644,0.3177826213232873,0.0235554736786973,63.401707489661405,1614.8191258693005,392,151,241,416,24,0.04,0.3,0.000625,1.0,1e-08,1e+18,False,False,False,False,12,1.1,15.0,13.490818552745864,7.6556010648184945,104.39455997479764,93.8912044342494,study_results/v4p2_followups_20260806/pseudo65/gp_window_ensemble_20260806/runs/window_3p0/draw_01/attempt_01/results_single.csv,1,1,1,1,single_attempt_outside_55_75MeV,False,,,,,,,window_3p0,1
2021,0.143,0.003407682875,0.1353327135312499,0.15066728646875,573696429.0826498,1.64,0.137411400085,0.1485885999149999,0.0111771998299999,0.0,1.0,8000,0.000125,True,6247.6524552942155,2.472968591318039e-06,0.4992942846838208,0.0017689668879625,-95.29903413773737,3833.636285772401,True,tilde_q_mu,asymptotic,default,sidak_approx,observed,7.99**2 * RBF(length_scale=0.318),0.025905493399191,0.3532567281707865,0.0956623742118505,0.318252021932403,0.0235504485447191,63.80882441813584,1615.4655779682817,392,153,239,416,24,0.04,0.3,0.000625,1.0,1e-08,1e+18,False,False,False,False,12,1.1,15.0,13.513628894502183,7.602084568738228,103.66478957370308,93.39249971504552,study_results/v4p2_followups_20260806/pseudo65/gp_window_ensemble_20260806/runs/window_3p0/draw_01/attempt_01/results_single.csv,1,1,1,1,single_attempt_outside_55_75MeV,False,,,,,,,window_3p0,1
2021,0.144,0.003430954,0.1362803534999999,0.1517196465,559083772.4170778,1.64,0.13837323544,0.14962676456,0.0112535291199999,0.0,1.0,8000,0.000125,True,6321.345557277745,2.549705817126681e-06,0.4918066874333557,0.020539032922653,79.42333725447885,3813.350030413234,True,tilde_q_mu,asymptotic,default,sidak_approx,observed,7.96**2 * RBF(length_scale=0.318),0.0259013239455544,0.3531998719848339,0.0956469774839098,0.3178611055896069,0.0235466581323222,63.32149969887266,1610.302708605387,391,154,237,416,25,0.04,0.3,0.000625,1.0,1e-08,1e+18,False,False,False,False,12,1.1,15.0,13.499202468705406,7.5493066784207805,102.94509106937429,92.64510850032,study_results/v4p2_followups_20260806/pseudo65/gp_window_ensemble_20260806/runs/window_3p0/draw_01/attempt_01/results_single.csv,1,1,1,1,single_attempt_outside_55_75MeV,False,,,,,,,window_3p0,1
2021,0.145,0.003454396875,0.1372276070312499,0.15277239296875,544779001.7566646,1.64,0.139334789125,0.1506652108749999,0.0113304217499999,0.0,1.0,8000,0.000125,True,6434.9789670604005,2.645322902779805e-06,0.4555093810696089,0.1117536210277789,419.2216790878624,3752.053897509243,True,tilde_q_mu,asymptotic,default,sidak_approx,observed,7.98**2 * RBF(length_scale=0.318),0.0258984845999115,0.3531611536351575,0.095636492505252,0.3182360912777556,0.0235440769090105,63.66857775217637,1616.2268925362478,392,156,236,416,24,0.04,0.3,0.000625,1.0,1e-08,1e+18,False,False,False,False,12,1.1,15.0,13.516609400641409,7.49725220843698,102.235257387777,92.12493607230805,study_results/v4p2_followups_20260806/pseudo65/gp_window_ensemble_20260806/runs/window_3p0/draw_01/attempt_01/results_single.csv,1,1,1,1,single_attempt_outside_55_75MeV,False,,,,,,,window_3p0,1
2021,0.146,0.0034780115,0.138174474125,0.1538255258749999,530723198.11642635,1.64,0.1402960611399999,0.15170393886,0.01140787772,0.0,1.0,8000,0.000125,True,6360.655051338121,2.665635961674151e-06,0.4620532625691704,0.0952622515691309,355.2892043664645,3732.231767478864,True,tilde_q_mu,asymptotic,default,sidak_approx,observed,7.96**2 * RBF(length_scale=0.318),0.0258969480412312,0.3531402005622441,0.0956308183862839,0.3178396124495142,0.0235426800374829,63.28925979174092,1611.1230519272845,391,157,234,416,25,0.04,0.3,0.000625,1.0,1e-08,1e+18,False,False,False,False,12,1.1,15.0,13.500570535872429,7.445906386805,101.53508709279544,91.38544034414902,study_results/v4p2_followups_20260806/pseudo65/gp_window_ensemble_20260806/runs/window_3p0/draw_01/attempt_01/results_single.csv,1,1,1,1,single_attempt_outside_55_75MeV,False,,,,,,,window_3p0,1
2021,0.147,0.0035017978749999,0.13912095478125,0.1548790452187499,517058895.8195766,1.64,0.141257051485,0.1527429485149999,0.0114858970299999,0.0,1.0,8000,0.000125,True,6252.740822808718,2.671363577751041e-06,0.4661861251714562,0.084860556046217,284.2159672318635,3693.4208844703167,True,tilde_q_mu,asymptotic,default,sidak_approx,observed,7.94**2 * RBF(length_scale=0.318),0.025896687687343,0.353136650281951,0.0956298569658356,0.3175821592196332,0.02354244335213,62.971640871178856,1612.2834773430377,391,159,232,416,25,0.04,0.3,0.000625,1.0,1e-08,1e+18,False,False,False,False,12,1.1,15.0,13.48977055904858,7.3952548410130845,100.84438419563295,90.6911736645089,study_results/v4p2_followups_20260806/pseudo65/gp_window_ensemble_20260806/runs/window_3p0/draw_01/attempt_01/results_single.csv,1,1,1,1,single_attempt_outside_55_75MeV,False,,,,,,,window_3p0,1
2021,0.148,0.0035257559999999,0.140067049,0.155932951,503681799.08701915,1.64,0.1422177601599999,0.15378223984,0.01156447968,0.0,1.0,8000,0.000125,True,6005.376517562663,2.6160268101680667e-06,0.5,0.0,-8.642003602261491,3653.438285978516,True,tilde_q_mu,asymptotic,default,sidak_approx,observed,7.9**2 * RBF(length_scale=0.317),0.0258976776701328,0.3531501500472667,0.0956335127195648,0.3171204906347165,0.0235433433364844,62.479106929399855,1612.888982307191,391,160,231,416,25,0.04,0.3,0.000625,1.0,1e-08,1e+18,False,False,False,False,12,1.1,15.0,13.469645585267576,7.345283584607923,100.16295797192622,89.94396964359318,study_results/v4p2_followups_20260806/pseudo65/gp_window_ensemble_20260806/runs/window_3p0/draw_01/attempt_01/results_single.csv,1,1,1,1,single_attempt_outside_55_75MeV,False,,,,,,,window_3p0,1
2021,0.149,0.003549885875,0.14101275678125,0.15698724321875,490644352.2917579,1.64,0.143178187165,0.154821812835,0.0116436256699999,0.0,1.0,8000,0.000125,True,5757.376153174836,2.5573575627695e-06,0.5,0.0,-327.0054060927159,3616.2210158381417,True,tilde_q_mu,asymptotic,default,sidak_approx,observed,7.89**2 * RBF(length_scale=0.317),0.0258998928117245,0.353180356523517,0.0956416926720024,0.316829485564719,0.0235453571015678,62.23420769927309,1611.8233654779024,391,162,229,416,25,0.04,0.3,0.000625,1.0,1e-08,1e+18,False,False,False,False,12,1.1,15.0,13.45613422629392,7.295979004317872,99.49062278615278,89.25061163120323,study_results/v4p2_followups_20260806/pseudo65/gp_window_ensemble_20260806/runs/window_3p0/draw_01/attempt_01/results_single.csv,1,1,1,1,single_attempt_outside_55_75MeV,False,,,,,,,window_3p0,1
2021,0.15,0.0035741875,0.141958078125,0.158041921875,477946931.2512179,1.64,0.1441383325,0.1558616675,0.011723335,0.0,1.0,8000,0.000125,True,5637.165231704303,2.5533464751378304e-06,0.5,0.0,-470.74430406829487,3591.3923039972797,True,tilde_q_mu,asymptotic,default,sidak_approx,observed,7.92**2 * RBF(length_scale=0.317),0.0259033086016125,0.3532269354765349,0.0956543063121079,0.317271999004302,0.0235484623651023,62.6765225213882,1606.9728117672796,390,163,227,416,26,0.04,0.3,0.000625,1.0,1e-08,1e+18,False,False,False,False,12,1.1,15.0,13.473151413677169,7.247327847689178,98.82719792303423,88.76758676043214,study_results/v4p2_followups_20260806/pseudo65/gp_window_ensemble_20260806/runs/window_3p0/draw_01/attempt_01/results_single.csv,1,1,1,1,single_attempt_outside_55_75MeV,False,,,,,,,window_3p0,1
2021,0.151,0.003598660875,0.14290301303125,0.15909698696875,465470649.96646106,1.64,0.145098196165,0.156901803835,0.0118036076699999,0.0,1.0,8000,0.000125,True,5615.210879557202,2.594279379335715e-06,0.4999311292015692,0.0001726334915006,-378.48031925800376,3547.2333535455864,True,tilde_q_mu,asymptotic,default,sidak_approx,observed,8**2 * RBF(length_scale=0.319),0.0259079011746969,0.3532895614731401,0.0956712655121596,0.3185000941076253,0.0235526374315426,64.06021958440415,1608.1270171880226,390,165,225,416,26,0.04,0.3,0.000625,1.0,1e-08,1e+18,False,False,False,False,12,1.1,15.0,13.52290566325607,7.199317211210392,98.17250742559624,88.50517044277626,study_results/v4p2_followups_20260806/pseudo65/gp_window_ensemble_20260806/runs/window_3p0/draw_01/attempt_01/results_single.csv,1,1,1,1,single_attempt_outside_55_75MeV,False,,,,,,,window_3p0,1
2021,0.152,0.003623306,0.1438475615,0.1601524385,453362715.5960102,1.64,0.1460577781599999,0.15794222184,0.01188444368,0.0,1.0,8000,0.000125,True,5330.092530588923,2.511685633830502e-06,0.5,0.0,-814.6910936168626,3511.5771215667614,True,tilde_q_mu,asymptotic,default,sidak_approx,observed,7.94**2 * RBF(length_scale=0.318),0.0259136472901786,0.3533679175933457,0.0956924844498192,0.3176646987153718,0.0235578611728897,63.10833038815568,1608.475236506794,390,166,224,416,26,0.04,0.3,0.000625,1.0,1e-08,1e+18,False,False,False,False,12,1.1,15.0,13.484445654214948,7.151934528902247,97.5263799395761,87.67261134316885,study_results/v4p2_followups_20260806/pseudo65/gp_window_ensemble_20260806/runs/window_3p0/draw_01/attempt_01/results_single.csv,1,1,1,1,single_attempt_outside_55_75MeV,False,,,,,,,window_3p0,1
2021,0.153,0.003648122875,0.14479172353125,0.16120827646875,441644549.5313737,1.64,0.147017078485,0.158982921515,0.0119658430299999,0.0,1.0,8000,0.000125,True,5349.59003470514,2.5708463271025465e-06,0.5,0.0,-650.3840365927496,3473.085627576855,True,tilde_q_mu,asymptotic,default,sidak_approx,observed,7.98**2 * RBF(length_scale=0.318),0.0259205243112793,0.3534616951538094,0.0957178795332425,0.3181394024945396,0.0235641130102539,63.674790009525765,1607.578992097213,390,168,222,416,26,0.04,0.3,0.000625,1.0,1e-08,1e+18,False,False,False,False,12,1.1,15.0,13.501013272008189,7.105167561352867,96.88864856390272,87.20632867787918,study_results/v4p2_followups_20260806/pseudo65/gp_window_ensemble_20260806/runs/window_3p0/draw_01/attempt_01/results_single.csv,1,1,1,1,single_attempt_outside_55_75MeV,False,,,,,,,window_3p0,1
2021,0.154,0.0036731115,0.145735499125,0.162264500875,430164399.9517347,1.64,0.1479760971399999,0.16002390286,0.01204780572,0.0,1.0,8000,0.000125,True,5581.453895080616,2.7359747006866268e-06,0.5,0.0,-164.61748898920786,3450.4665854087484,True,tilde_q_mu,asymptotic,default,sidak_approx,observed,8**2 * RBF(length_scale=0.318),0.0259285101857464,0.3535705934419964,0.0957473693290902,0.3183572239936518,0.023571372896133,64.04301015310386,1604.5574747387725,389,169,220,416,27,0.04,0.3,0.000625,1.0,1e-08,1e+18,False,False,False,False,12,1.1,15.0,13.506095949374195,7.0590043851776345,96.25915070696774,86.67235503023848,study_results/v4p2_followups_20260806/pseudo65/gp_window_ensemble_20260806/runs/window_3p0/draw_01/attempt_01/results_single.csv,1,1,1,1,single_attempt_outside_55_75MeV,False,,,,,,,window_3p0,1
2021,0.155,0.003698271875,0.14667888828125,0.16332111171875,419006242.6242384,1.64,0.148934834125,0.161065165875,0.01213033175,0.0,1.0,8000,0.000125,True,5902.690309999229,2.9513297024799047e-06,0.4428088422016835,0.1438515636071385,488.8039405117726,3400.763116868762,True,tilde_q_mu,asymptotic,default,sidak_approx,observed,7.97**2 * RBF(length_scale=0.318),0.0259375834271065,0.3536943194605435,0.0957808744933012,0.3179192310623008,0.0235796212973695,63.586274018502515,1609.8980133166897,390,171,219,416,26,0.04,0.3,0.000625,1.0,1e-08,1e+18,False,False,False,False,12,1.1,15.0,13.482796311820598,7.01343338288414,95.63772794842008,85.96426704359068,study_results/v4p2_followups_20260806/pseudo65/gp_window_ensemble_20260806/runs/window_3p0/draw_01/attempt_01/results_single.csv,1,1,1,1,single_attempt_outside_55_75MeV,False,,,,,,,window_3p0,1
2021,0.156,0.003723604,0.147621891,0.164378109,408018948.64312065,1.64,0.14989328944,0.16210671056,0.01221342112,0.0,1.0,8000,0.000125,True,6534.411195092566,3.333661130830038e-06,0.3290772920468643,0.4424624676600909,1467.1808220661585,3380.592294730299,True,tilde_q_mu,asymptotic,default,sidak_approx,observed,7.98**2 * RBF(length_scale=0.318),0.0259477230966391,0.353832587681443,0.0958183177045254,0.3179780677974671,0.0235888391787628,63.65339667983058,1605.8902676985392,389,172,217,416,27,0.04,0.3,0.000625,1.0,1e-08,1e+18,False,False,False,False,12,1.1,15.0,13.480021860666383,6.968443233125529,95.0242259062572,85.39524283394988,study_results/v4p2_followups_20260806/pseudo65/gp_window_ensemble_20260806/runs/window_3p0/draw_01/attempt_01/results_single.csv,1,1,1,1,single_attempt_outside_55_75MeV,False,,,,,,,window_3p0,1
2021,0.157,0.003749107875,0.14856450728125,0.16543549271875,397354285.67265946,1.64,0.150851463085,0.163148536915,0.01229707383,0.0,1.0,8000,0.000125,True,7269.850414932271,3.7841456430409286e-06,0.2261682659742965,0.7515253807307253,2512.6402776654095,3343.5856622239376,True,tilde_q_mu,asymptotic,default,sidak_approx,observed,8.05**2 * RBF(length_scale=0.319),0.0259589087860322,0.3539851198095312,0.0958596236000764,0.318939131220311,0.023599007987302,64.74185864515654,1604.5690583344146,389,174,215,416,27,0.04,0.3,0.000625,1.0,1e-08,1e+18,False,False,False,False,12,1.1,15.0,13.514938059766012,6.924022901323501,94.41849410895684,85.07067330526225,study_results/v4p2_followups_20260806/pseudo65/gp_window_ensemble_20260806/runs/window_3p0/draw_01/attempt_01/results_single.csv,1,1,1,1,single_attempt_outside_55_75MeV,False,,,,,,,window_3p0,1
2021,0.158,0.0037747835,0.149506737125,0.166493262875,387039666.85970527,1.64,0.15180935506,0.16419064494,0.0123812898799999,0.0,1.0,8000,0.000125,True,7821.604228903912,4.153394609177495e-06,0.1628288515627681,0.9828978763728536,3252.850479952682,3309.619417682165,True,tilde_q_mu,asymptotic,default,sidak_approx,observed,8.02**2 * RBF(length_scale=0.319),0.0259711206006934,0.3541516445549109,0.0959047187143026,0.3185955821899563,0.023610109636994,64.32878205403479,1604.592752101555,389,175,214,416,27,0.04,0.3,0.000625,1.0,1e-08,1e+18,False,False,False,False,12,1.1,15.0,13.494032306006632,6.880161630645431,93.82038587243768,84.40102119497882,study_results/v4p2_followups_20260806/pseudo65/gp_window_ensemble_20260806/runs/window_3p0/draw_01/attempt_01/results_single.csv,1,1,1,1,single_attempt_outside_55_75MeV,False,,,,,,,window_3p0,1
2021,0.159,0.003800630875,0.15044858053125,0.16755141946875,376812670.72105056,1.64,0.152766965365,0.165233034635,0.0124660692699999,0.0,1.0,8000,0.000125,True,8304.953906291594,4.501264425106364e-06,0.1196612734969979,1.176681769355609,3862.949242668001,3280.859616185527,True,tilde_q_mu,asymptotic,default,sidak_approx,observed,7.96**2 * RBF(length_scale=0.318),0.0259843391436889,0.3543318974139398,0.0959535314192792,0.3177718748686157,0.0236221264942626,63.38938040600773,1604.3105796978414,389,177,212,416,27,0.04,0.3,0.000625,1.0,1e-08,1e+18,False,False,False,False,12,1.1,15.0,13.452297571338304,6.836848933320556,93.22975818164392,83.61029663755907,study_results/v4p2_followups_20260806/pseudo65/gp_window_ensemble_20260806/runs/window_3p0/draw_01/attempt_01/results_single.csv,1,1,1,1,single_attempt_outside_55_75MeV,False,,,,,,,window_3p0,1
2021,0.16,0.00382665,0.1513900375,0.1686099625,367005424.0565123,1.64,0.153724294,0.166275706,0.0125514119999999,0.0,1.0,8000,0.000125,True,8489.701356288973,4.694829986556822e-06,0.1038045094784931,1.2601672929444303,4109.565240464021,3260.894378758459,True,tilde_q_mu,asymptotic,default,sidak_approx,observed,7.99**2 * RBF(length_scale=0.318),0.0259985455002782,0.3545256204583391,0.0960059918676979,0.3182259615530425,0.0236350413638892,63.8558821283519,1599.5629723002269,388,178,210,416,28,0.04,0.3,0.000625,1.0,1e-08,1e+18,False,False,False,False,12,1.1,15.0,13.464159281702932,6.7940745822790705,92.64647157653278,83.16045667961338,study_results/v4p2_followups_20260806/pseudo65/gp_window_ensemble_20260806/runs/window_3p0/draw_01/attempt_01/results_single.csv,1,1,1,1,single_attempt_outside_55_75MeV,False,,,,,,,window_3p0,1
2021,0.161,0.003852840875,0.15233110803125,0.16966889196875,357410945.39902496,1.64,0.154681340965,0.167318659035,0.01263731807,0.0,1.0,8000,0.000125,True,8115.846653766233,4.5799425502400825e-06,0.1208388657182601,1.1708035975489264,3763.2165604688944,3215.2983229229985,True,tilde_q_mu,asymptotic,default,sidak_approx,observed,7.97**2 * RBF(length_scale=0.318),0.0260137212230255,0.3547325621321662,0.0960620319378876,0.3179257894976756,0.0236488374754777,63.46394199235681,1604.8416337839533,389,180,209,416,27,0.04,0.3,0.000625,1.0,1e-08,1e+18,False,False,False,False,12,1.1,15.0,13.443611755856637,6.751828603101996,92.07039004229992,82.5172385292646,study_results/v4p2_followups_20260806/pseudo65/gp_window_ensemble_20260806/runs/window_3p0/draw_01/attempt_01/results_single.csv,1,1,1,1,single_attempt_outside_55_75MeV,False,,,,,,,window_3p0,1
2021,0.162,0.0038792035,0.153271792125,0.170728207875,348034765.9525295,1.64,0.15563810626,0.16836189374,0.01272378748,0.0,1.0,8000,0.000125,True,7687.669049159605,4.427687461828475e-06,0.1513004850429629,1.0308717409630292,3296.657644193785,3197.4220053188096,True,tilde_q_mu,asymptotic,default,sidak_approx,observed,7.97**2 * RBF(length_scale=0.318),0.0260298483174566,0.3549524770562273,0.0961215851808485,0.3179849805804355,0.0236634984704151,63.55312119397156,1600.0862432683505,388,181,207,416,28,0.04,0.3,0.000625,1.0,1e-08,1e+18,False,False,False,False,12,1.1,15.0,13.437783976785608,6.710101266266818,91.50138090363842,81.97171934404462,study_results/v4p2_followups_20260806/pseudo65/gp_window_ensemble_20260806/runs/window_3p0/draw_01/attempt_01/results_single.csv,1,1,1,1,single_attempt_outside_55_75MeV,False,,,,,,,window_3p0,1
2021,0.163,0.003905737875,0.15421208978125,0.17178791021875,338899709.6922806,1.64,0.156594589885,0.169405410115,0.01281082023,0.0,1.0,8000,0.000125,True,7020.9226703244,4.1271980578906595e-06,0.2091570469613682,0.809349582155176,2554.9618797464955,3166.071638137947,True,tilde_q_mu,asymptotic,default,sidak_approx,observed,8**2 * RBF(length_scale=0.318),0.0260469092282431,0.3551851258396787,0.0961845867692335,0.318227234815413,0.0236790083893119,63.92193901775542,1600.3522380947973,388,183,205,416,28,0.04,0.3,0.000625,1.0,1e-08,1e+18,False,False,False,False,12,1.1,15.0,13.43921289199984,6.668883079677514,90.93931472287518,81.47685405421964,study_results/v4p2_followups_20260806/pseudo65/gp_window_ensemble_20260806/runs/window_3p0/draw_01/attempt_01/results_single.csv,1,1,1,1,single_attempt_outside_55_75MeV,False,,,,,,,window_3p0,1
2021,0.164,0.003932444,0.155152001,0.172847999,329984866.4340829,1.64,0.15755079184,0.17044920816,0.0128984163199999,0.0,1.0,8000,0.000125,True,6207.789536430177,3.7249378891454608e-06,0.3138179412681071,0.4850570429851456,1526.8642333060757,3148.39367506808,True,tilde_q_mu,asymptotic,default,sidak_approx,observed,7.97**2 * RBF(length_scale=0.318),0.0260648868258862,0.3554302748984483,0.096250973448177,0.3178803388001041,0.0236953516598965,63.51085438047454,1595.494226937636,387,184,203,416,29,0.04,0.3,0.000625,1.0,1e-08,1e+18,False,False,False,False,12,1.1,15.0,13.41530370018116,6.6281647814657285,90.38406520180536,80.83531228927966,study_results/v4p2_followups_20260806/pseudo65/gp_window_ensemble_20260806/runs/window_3p0/draw_01/attempt_01/results_single.csv,1,1,1,1,single_attempt_outside_55_75MeV,False,,,,,,,window_3p0,1
2021,0.165,0.003959321875,0.15609152578125,0.17390847421875,321257494.71634173,1.64,0.158506712125,0.171493287875,0.01298657575,0.0,1.0,8000,0.000125,True,5522.508486366324,3.383133234547519e-06,0.4174238572591179,0.2084883034030171,647.9711872359204,3104.3654464519495,True,tilde_q_mu,asymptotic,default,sidak_approx,observed,7.95**2 * RBF(length_scale=0.318),0.0260837643938859,0.3556876962802624,0.0963206834879114,0.3176246725630435,0.0237125130853508,63.26360672165249,1600.9081516890235,388,186,202,416,28,0.04,0.3,0.000625,1.0,1e-08,1e+18,False,False,False,False,12,1.1,15.0,13.39481274801136,6.587937333053001,89.83550908708638,80.221988156253,study_results/v4p2_followups_20260806/pseudo65/gp_window_ensemble_20260806/runs/window_3p0/draw_01/attempt_01/results_single.csv,1,1,1,1,single_attempt_outside_55_75MeV,False,,,,,,,window_3p0,1
2021,0.166,0.0039863715,0.157030664125,0.174969335875,312800005.7109213,1.64,0.15946235074,0.17253764926,0.01307529852,0.0,1.0,8000,0.000125,True,4829.160776088984,3.020068170624762e-06,0.5,0.0,-425.9946626786425,3084.1721647620852,True,tilde_q_mu,asymptotic,default,sidak_approx,observed,7.99**2 * RBF(length_scale=0.318),0.0261035256163684,0.3559571674959338,0.09639365663808,0.3181357038017461,0.0237304778330622,63.80635094859078,1598.0464629973046,387,187,200,416,29,0.04,0.3,0.000625,1.0,1e-08,1e+18,False,False,False,False,12,1.1,15.0,13.40620724284391,6.548191912461868,89.29352607902545,79.80583440398019,study_results/v4p2_followups_20260806/pseudo65/gp_window_ensemble_20260806/runs/window_3p0/draw_01/attempt_01/results_single.csv,1,1,1,1,single_attempt_outside_55_75MeV,False,,,,,,,window_3p0,1
2021,0.167,0.004013592875,0.15796941603125,0.17603058396875,304614329.32244956,1.64,0.160417707685,0.173582292315,0.0131645846299999,0.0,1.0,8000,0.000125,True,4202.166460355337,2.6824175012051084e-06,0.5,0.0,-1721.062989315369,3048.89106429287,True,tilde_q_mu,asymptotic,default,sidak_approx,observed,8.09**2 * RBF(length_scale=0.32),0.0261241545661564,0.3562384713566791,0.0964698340836822,0.3195719704092875,0.0237492314237786,65.45456672100916,1601.737302465707,387,189,198,416,29,0.04,0.3,0.000625,1.0,1e-08,1e+18,False,False,False,False,12,1.1,15.0,13.456097366137092,6.508919907865958,88.7579987436267,79.62241820784763,study_results/v4p2_followups_20260806/pseudo65/gp_window_ensemble_20260806/runs/window_3p0/draw_01/attempt_01/results_single.csv,1,1,1,1,single_attempt_outside_55_75MeV,False,,,,,,,window_3p0,1
2021,0.168,0.004040986,0.1589077815,0.1770922185,296547392.151297,1.64,0.16137278296,0.17462721704,0.0132544340799999,0.0,1.0,8000,0.000125,True,3866.585581934176,2.5202531040920792e-06,0.5,0.0,-2601.8305661361333,3014.768935541343,True,tilde_q_mu,asymptotic,default,sidak_approx,observed,8.1**2 * RBF(length_scale=0.32),0.0261456356932645,0.3565313958172433,0.0965491584025916,0.319765936881357,0.0237687597211495,65.67551233704488,1601.8842499622483,387,190,197,416,29,0.04,0.3,0.000625,1.0,1e-08,1e+18,False,False,False,False,12,1.1,15.0,13.45320246545417,6.470112911369777,88.22881242776968,79.13067179182431,study_results/v4p2_followups_20260806/pseudo65/gp_window_ensemble_20260806/runs/window_3p0/draw_01/attempt_01/results_single.csv,1,1,1,1,single_attempt_outside_55_75MeV,False,,,,,,,window_3p0,1
2021,0.169,0.004068550875,0.15984576053125,0.17815423946875,288615660.9608933,1.64,0.162327576565,0.175672423435,0.0133448468699999,0.0,1.0,8000,0.000125,True,3585.653437598814,2.3871605888691498e-06,0.5,0.0,-3511.4879989415485,2981.5686949288865,True,tilde_q_mu,asymptotic,default,sidak_approx,observed,8.17**2 * RBF(length_scale=0.321),0.026167953813799,0.356835733824532,0.0966315735245651,0.320513834053886,0.0237890489216354,66.68371991635702,1602.638907016035,387,192,195,416,29,0.04,0.3,0.000625,1.0,1e-08,1e+18,False,False,False,False,12,1.1,15.0,13.473167216970484,6.431762713007495,87.70585517737493,78.77837684747793,study_results/v4p2_followups_20260806/pseudo65/gp_window_ensemble_20260806/runs/window_3p0/draw_01/attempt_01/results_single.csv,1,1,1,1,single_attempt_outside_55_75MeV,False,,,,,,,window_3p0,1
2021,0.17,0.0040962875,0.160783353125,0.179216646875,280901072.63455325,1.64,0.1632820885,0.1767179115,0.013435823,0.0,1.0,8000,0.000125,True,3476.4026531137324,2.3640011081608265e-06,0.4999311292015692,0.0001726334915006,-3890.662081925817,2963.4137357433524,True,tilde_q_mu,asymptotic,default,sidak_approx,observed,8.1**2 * RBF(length_scale=0.32),0.026191094099248,0.3571512831715639,0.0967170246916933,0.3196829436957745,0.0238100855447709,65.56265509730751,1599.1783170122712,386,193,193,416,30,0.04,0.3,0.000625,1.0,1e-08,1e+18,False,False,False,False,12,1.1,15.0,13.426366868555077,6.39386129495257,87.18901765844413,78.04211586607984,study_results/v4p2_followups_20260806/pseudo65/gp_window_ensemble_20260806/runs/window_3p0/draw_01/attempt_01/results_single.csv,1,1,1,1,single_attempt_outside_55_75MeV,False,,,,,,,window_3p0,1
2021,0.171,0.004124195875,0.16172055928125,0.18027944071875,273501986.67337126,1.64,0.164236318765,0.177763681235,0.01352736247,0.0,1.0,8000,0.000125,True,3351.620075367312,2.3271164139843563e-06,0.4999311292015692,0.0001726334915006,-4198.7026304858255,2919.85663264241,True,tilde_q_mu,asymptotic,default,sidak_approx,observed,8.08**2 * RBF(length_scale=0.319),0.0262150420661463,0.3574778463565409,0.0968054584202363,0.3194288853207392,0.0238318564237693,65.23361081310614,1604.7679168691664,387,195,192,416,29,0.04,0.3,0.000625,1.0,1e-08,1e+18,False,False,False,False,12,1.1,15.0,13.403441160469043,6.356400825929815,86.67819308086109,77.45240405700645,study_results/v4p2_followups_20260806/pseudo65/gp_window_ensemble_20260806/runs/window_3p0/draw_01/attempt_01/results_single.csv,1,1,1,1,single_attempt_outside_55_75MeV,False,,,,,,,window_3p0,1
2021,0.172,0.004152276,0.162657379,0.1813426209999999,266350991.61926585,1.64,0.1651902673599999,0.17880973264,0.01361946528,0.0,1.0,8000,0.000125,True,3215.023429273061,2.2788791728811486e-06,0.4999513009912829,0.0001220703125,-4787.042269271841,2898.504673412818,True,tilde_q_mu,asymptotic,default,sidak_approx,observed,8.13**2 * RBF(length_scale=0.32),0.0262397835660971,0.3578152304467796,0.0968968224637768,0.3200836901490232,0.0238543486964519,66.05721394415205,1600.7158795210655,386,196,190,416,30,0.04,0.3,0.000625,1.0,1e-08,1e+18,False,False,False,False,12,1.1,15.0,13.418253175641368,6.31937365582085,86.17327712482977,77.08632329571138,study_results/v4p2_followups_20260806/pseudo65/gp_window_ensemble_20260806/runs/window_3p0/draw_01/attempt_01/results_single.csv,1,1,1,1,single_attempt_outside_55_75MeV,False,,,,,,,window_3p0,1
2021,0.173,0.004180527875,0.1635938122812499,0.18240618771875,259386988.21142492,1.64,0.166143934285,0.1798560657149999,0.0137121314299999,0.0,1.0,8000,0.000125,True,3183.5467282937298,2.303758026010459e-06,0.5,0.0,-4730.392441429172,2869.0903853432997,True,tilde_q_mu,asymptotic,default,sidak_approx,observed,8.11**2 * RBF(length_scale=0.32),0.0262653047761392,0.3581632469473539,0.0969910657776472,0.3199011722186481,0.0238775497964902,65.79988090557511,1601.6754779011658,386,198,188,416,30,0.04,0.3,0.000625,1.0,1e-08,1e+18,False,False,False,False,12,1.1,15.0,13.397571147173156,6.282772310455958,85.67416786985397,76.52171730074834,study_results/v4p2_followups_20260806/pseudo65/gp_window_ensemble_20260806/runs/window_3p0/draw_01/attempt_01/results_single.csv,1,1,1,1,single_attempt_outside_55_75MeV,False,,,,,,,window_3p0,1
2021,0.174,0.0042089515,0.1645298591249999,0.183470140875,252502277.02987137,1.64,0.1670973195399999,0.18090268046,0.01380536092,0.0,1.0,8000,0.000125,True,3277.619470361847,2.422500669384668e-06,0.5,0.0,-4082.1181351649066,2852.5619802963524,True,tilde_q_mu,asymptotic,default,sidak_approx,observed,8.03**2 * RBF(length_scale=0.319),0.0262915921894454,0.3585217116742556,0.0970881384845824,0.3188102839379798,0.0239014474449503,64.40186917316986,1597.1554519684337,385,199,186,416,31,0.04,0.3,0.000625,1.0,1e-08,1e+18,False,False,False,False,12,1.1,15.0,13.338534608511102,6.246589486584821,85.18076572615664,75.74577277452111,study_results/v4p2_followups_20260806/pseudo65/gp_window_ensemble_20260806/runs/window_3p0/draw_01/attempt_01/results_single.csv,1,1,1,1,single_attempt_outside_55_75MeV,False,,,,,,,window_3p0,1
2021,0.175,0.0042375468749999,0.16546551953125,0.1845344804687499,245918579.9416027,1.64,0.168050423125,0.181949576875,0.01389915375,0.0,1.0,8000,0.000125,True,3425.179207974438,2.5844838940403054e-06,0.5,0.0,-3129.4485638121546,2813.5115679861024,True,tilde_q_mu,asymptotic,default,sidak_approx,observed,7.97**2 * RBF(length_scale=0.318),0.0263186326063351,0.358890444631843,0.0971879918415323,0.3180771428120173,0.0239260296421228,63.523833794358985,1602.7464359181945,386,201,185,416,30,0.04,0.3,0.000625,1.0,1e-08,1e+18,False,False,False,False,12,1.1,15.0,13.294188278193383,6.210818047018103,84.69297336842865,75.06162225332726,study_results/v4p2_followups_20260806/pseudo65/gp_window_ensemble_20260806/runs/window_3p0/draw_01/attempt_01/results_single.csv,1,1,1,1,single_attempt_outside_55_75MeV,False,,,,,,,window_3p0,1
2021,0.176,0.004266314,0.1664007934999999,0.1855992065,239463041.25493088,1.64,0.16900324504,0.1829967549599999,0.0139935099199999,0.0,1.0,8000,0.000125,True,3610.576344882475,2.7819242025801912e-06,0.5,0.0,-2313.741670740384,2793.822448477502,True,tilde_q_mu,asymptotic,default,sidak_approx,observed,8.01**2 * RBF(length_scale=0.319),0.0263464131255956,0.3592692698944855,0.0972905782076107,0.3185802946208144,0.0239512846596323,64.14117115282637,1598.9899473521964,385,202,183,416,31,0.04,0.3,0.000625,1.0,1e-08,1e+18,False,False,False,False,12,1.1,15.0,13.301177750926716,6.175451015934506,84.21069567183416,74.67342877735075,study_results/v4p2_followups_20260806/pseudo65/gp_window_ensemble_20260806/runs/window_3p0/draw_01/attempt_01/results_single.csv,1,1,1,1,single_attempt_outside_55_75MeV,False,,,,,,,window_3p0,1
2021,0.177,0.004295252875,0.16733568103125,0.18666431896875,233151670.99112496,1.64,0.169955785285,0.184044214715,0.0140884294299999,0.0,1.0,8000,0.000125,True,4020.872218416571,3.163941135556911e-06,0.4999513009912829,0.0001220703125,-1030.3798834557574,2765.9585178383195,True,tilde_q_mu,asymptotic,default,sidak_approx,observed,8**2 * RBF(length_scale=0.319),0.026374921136093,0.359658015492178,0.0973958510131203,0.3185065057749229,0.0239772010328118,64.04210624544437,1599.3641433461248,385,204,181,416,31,0.04,0.3,0.000625,1.0,1e-08,1e+18,False,False,False,False,12,1.1,15.0,13.283723372843191,6.140481574345738,83.73383965016914,74.15314419059038,study_results/v4p2_followups_20260806/pseudo65/gp_window_ensemble_20260806/runs/window_3p0/draw_01/attempt_01/results_single.csv,1,1,1,1,single_attempt_outside_55_75MeV,False,,,,,,,window_3p0,1
2021,0.178,0.0043243635,0.168270182125,0.1877298178749999,227019370.79188985,1.64,0.17090804386,0.1850919561399999,0.0141839122799999,0.0,1.0,8000,0.000125,True,4787.69335322141,3.847364475372432e-06,0.4473941064370751,0.1322479027976632,448.36541745382607,2737.8202588224285,True,tilde_q_mu,asymptotic,default,sidak_approx,observed,7.96**2 * RBF(length_scale=0.318),0.0264041443086661,0.3600565132999933,0.0975037647296154,0.3179876168685155,0.0240037675533328,63.42554740538112,1599.1330116781255,385,205,180,416,31,0.04,0.3,0.000625,1.0,1e-08,1e+18,False,False,False,False,12,1.1,15.0,13.24740444024019,6.105903055713559,83.26231439609397,73.53397022903266,study_results/v4p2_followups_20260806/pseudo65/gp_window_ensemble_20260806/runs/window_3p0/draw_01/attempt_01/results_single.csv,1,1,1,1,single_attempt_outside_55_75MeV,False,,,,,,,window_3p0,1
2021,0.179,0.004353645875,0.1692042967812499,0.18879570321875,220993245.42708975,1.64,0.1718600207649999,0.186139979235,0.01427995847,0.0,1.0,8000,0.000125,True,5600.386673679077,4.59733239101204e-06,0.2705242249464034,0.611228300969317,1658.0501081978389,2712.0754185566793,True,tilde_q_mu,asymptotic,default,sidak_approx,observed,7.95**2 * RBF(length_scale=0.318),0.0264340705882899,0.3604645989312272,0.0976142748409662,0.3178331413582203,0.0240309732620818,63.26109270314554,1599.6845637817564,385,207,178,416,31,0.04,0.3,0.000625,1.0,1e-08,1e+18,False,False,False,False,12,1.1,15.0,13.225978735523189,6.0717089417131325,82.79603102336088,73.00390304671262,study_results/v4p2_followups_20260806/pseudo65/gp_window_ensemble_20260806/runs/window_3p0/draw_01/attempt_01/results_single.csv,1,1,1,1,single_attempt_outside_55_75MeV,False,,,,,,,window_3p0,1
2021,0.18,0.0043831,0.170138025,0.189861975,215155115.9948604,1.64,0.172811716,0.1871882839999999,0.0143765679999999,0.0,1.0,8000,0.000125,True,6434.465800762053,5.395208547144371e-06,0.1560649493281459,1.0107629525083357,2725.5366711033525,2695.642624430706,True,tilde_q_mu,asymptotic,default,sidak_approx,observed,7.96**2 * RBF(length_scale=0.318),0.0264646881865,0.360882111634091,0.0977273378153825,0.3178756172210883,0.0240588074422727,63.29737910210744,1596.0942078490784,384,208,176,416,32,0.04,0.3,0.000625,1.0,1e-08,1e+18,False,False,False,False,12,1.1,15.0,13.21244280223808,6.037892858136936,82.33490261095821,72.52301275834186,study_results/v4p2_followups_20260806/pseudo65/gp_window_ensemble_20260806/runs/window_3p0/draw_01/attempt_01/results_single.csv,1,1,1,1,single_attempt_outside_55_75MeV,False,,,,,,,window_3p0,1
2021,0.181,0.004412725875,0.1710713667812499,0.19092863321875,209423665.4643851,1.64,0.173763129565,0.1882368704349999,0.0144737408699999,0.0,1.0,8000,0.000125,True,7116.949758748754,6.096905877662863e-06,0.0895177754873728,1.3437304994365802,3570.7918877136376,2659.868984539879,True,tilde_q_mu,asymptotic,default,sidak_approx,observed,7.93**2 * RBF(length_scale=0.317),0.0264959855740647,0.3613088941917919,0.0978429110783556,0.3174889995968253,0.0240872596127861,62.83175666761704,1601.4114879174444,385,210,175,416,31,0.04,0.3,0.000625,1.0,1e-08,1e+18,False,False,False,False,12,1.1,15.0,13.18078539031041,6.004448570933435,81.87884414909227,71.94849818239057,study_results/v4p2_followups_20260806/pseudo65/gp_window_ensemble_20260806/runs/window_3p0/draw_01/attempt_01/results_single.csv,1,1,1,1,single_attempt_outside_55_75MeV,False,,,,,,,window_3p0,1
2021,0.182,0.0044425235,0.172004322125,0.191995677875,203890389.41582435,1.64,0.17471426146,0.18928573854,0.01457147708,0.0,1.0,8000,0.000125,True,7293.425022505302,6.382389455076012e-06,0.076308671459476,1.430347378934549,3785.885478136672,2644.681061313057,True,tilde_q_mu,asymptotic,default,sidak_approx,observed,7.95**2 * RBF(length_scale=0.318),0.0265279514739,0.3617447928259099,0.0979609529864923,0.3178605857234179,0.0241163195217273,63.277669238879085,1596.9772342962674,384,211,173,416,32,0.04,0.3,0.000625,1.0,1e-08,1e+18,False,False,False,False,12,1.1,15.0,13.180310761641929,5.971369982376021,81.42777248694574,71.54955640041476,study_results/v4p2_followups_20260806/pseudo65/gp_window_ensemble_20260806/runs/window_3p0/draw_01/attempt_01/results_single.csv,1,1,1,1,single_attempt_outside_55_75MeV,False,,,,,,,window_3p0,1
2021,0.183,0.004472492875,0.1729368910312499,0.19306310896875,198621214.40460417,1.64,0.1756651116849999,0.190334888315,0.01466977663,0.0,1.0,8000,0.000125,True,7110.640588734466,6.352606095070383e-06,0.0834939356576055,1.3819473383450944,3622.6994293366774,2621.1926374566947,True,tilde_q_mu,asymptotic,default,sidak_approx,observed,7.97**2 * RBF(length_scale=0.318),0.0265605748542153,0.3621896571029359,0.098081422802206,0.3180354665187559,0.0241459771401957,63.497868848426656,1597.7097124017923,384,213,171,416,32,0.04,0.3,0.000625,1.0,1e-08,1e+18,False,False,False,False,12,1.1,15.0,13.171364516423871,5.938651127357089,80.98160628214212,71.10921703117435,study_results/v4p2_followups_20260806/pseudo65/gp_window_ensemble_20260806/runs/window_3p0/draw_01/attempt_01/results_single.csv,1,1,1,1,single_attempt_outside_55_75MeV,False,,,,,,,window_3p0,1
2021,0.184,0.004502634,0.1738690735,0.1941309265,193360941.65798712,1.64,0.17661568024,0.19138431976,0.01476863952,0.0,1.0,8000,0.000125,True,6593.544497476587,6.018001450484799e-06,0.1200265300044128,1.1748541792213745,3063.8233443814015,2606.8741257727343,True,tilde_q_mu,asymptotic,default,sidak_approx,observed,7.98**2 * RBF(length_scale=0.318),0.026593844921878,0.3626433398437911,0.0982042806692136,0.3181876814329715,0.0241762226562527,63.71187380049459,1596.0152390390654,383,214,169,416,33,0.04,0.3,0.000625,1.0,1e-08,1e+18,False,False,False,False,12,1.1,15.0,13.161182619679344,5.906286169801502,80.54026595183866,70.66700989531273,study_results/v4p2_followups_20260806/pseudo65/gp_window_ensemble_20260806/runs/window_3p0/draw_01/attempt_01/results_single.csv,1,1,1,1,single_attempt_outside_55_75MeV,False,,,,,,,window_3p0,1
2021,0.185,0.004532946875,0.1748008695312499,0.19519913046875,188216407.4390779,1.64,0.177565967125,0.192434032875,0.0148680657499999,0.0,1.0,8000,0.000125,True,6028.467650040999,5.622088124845261e-06,0.1690248644399441,0.9580258397886158,2463.457175518764,2573.85882209557,True,tilde_q_mu,asymptotic,default,sidak_approx,observed,7.95**2 * RBF(length_scale=0.318),0.0266277511159985,0.3631056970363433,0.0983294875888454,0.3177297136985021,0.0242070464690895,63.13901079110286,1599.2090841532854,384,216,168,416,32,0.04,0.3,0.000625,1.0,1e-08,1e+18,False,False,False,False,12,1.1,15.0,13.12550517487614,5.874269399197075,80.10367362541467,70.09341217979797,study_results/v4p2_followups_20260806/pseudo65/gp_window_ensemble_20260806/runs/window_3p0/draw_01/attempt_01/results_single.csv,1,1,1,1,single_attempt_outside_55_75MeV,False,,,,,,,window_3p0,1
2021,0.186,0.0045634315,0.175732279125,0.196267720875,183203373.0638776,1.64,0.17851597234,0.19348402766,0.01496805532,0.0,1.0,8000,0.000125,True,5263.77531508047,5.016153933560654e-06,0.2755163665130024,0.5962133130196988,1527.3766879162822,2562.6136038436234,True,tilde_q_mu,asymptotic,default,sidak_approx,observed,7.87**2 * RBF(length_scale=0.317),0.0266622831017154,0.3635765877506647,0.0984570053970965,0.3166334253336353,0.0242384391833776,61.94980089523952,1593.1835446991386,383,217,166,416,33,0.04,0.3,0.000625,1.0,1e-08,1e+18,False,False,False,False,12,1.1,15.0,13.06327618449862,5.84259522723534,79.67175309866373,69.3849409887352,study_results/v4p2_followups_20260806/pseudo65/gp_window_ensemble_20260806/runs/window_3p0/draw_01/attempt_01/results_single.csv,1,1,1,1,single_attempt_outside_55_75MeV,False,,,,,,,window_3p0,1
2021,0.187,0.004594087875,0.17666330228125,0.19733669771875,178278504.14348978,1.64,0.179465695885,0.194534304115,0.01506860823,0.0,1.0,8000,0.000125,True,4500.365402310608,4.3835615746025195e-06,0.421319663958224,0.1985186073172282,504.36208784291006,2540.232404643529,True,tilde_q_mu,asymptotic,default,sidak_approx,observed,7.85**2 * RBF(length_scale=0.316),0.0266974307641825,0.3640558740570343,0.0985867967424219,0.3163608081329336,0.0242703916038022,61.64293747421909,1593.38662612573,383,219,164,416,33,0.04,0.3,0.000625,1.0,1e-08,1e+18,False,False,False,False,12,1.1,15.0,13.034845638146662,5.811258184560199,79.24442978945724,68.86259399923507,study_results/v4p2_followups_20260806/pseudo65/gp_window_ensemble_20260806/runs/window_3p0/draw_01/attempt_01/results_single.csv,1,1,1,1,single_attempt_outside_55_75MeV,False,,,,,,,window_3p0,1
2021,0.188,0.004624916,0.177593939,0.198406061,173567784.67781383,1.64,0.18041513776,0.19558486224,0.0151697244799999,0.0,1.0,8000,0.000125,True,3876.0990737306743,3.857339117938888e-06,0.5,0.0,-464.6875206944971,2514.5915532517774,True,tilde_q_mu,asymptotic,default,sidak_approx,observed,7.86**2 * RBF(length_scale=0.317),0.0267331842027451,0.3645434209465248,0.0987188250642313,0.3165015827207835,0.0243028947297683,61.77006092753648,1593.955902121614,383,220,163,416,33,0.04,0.3,0.000625,1.0,1e-08,1e+18,False,False,False,False,12,1.1,15.0,13.023205105402711,5.78025291761951,78.8216306948115,68.43401755205576,study_results/v4p2_followups_20260806/pseudo65/gp_window_ensemble_20260806/runs/window_3p0/draw_01/attempt_01/results_single.csv,1,1,1,1,single_attempt_outside_55_75MeV,False,,,,,,,window_3p0,1
2021,0.189,0.004655915875,0.17852418928125,0.19947581071875,168874228.16818193,1.64,0.181364297965,0.196635702035,0.0152714040699999,0.0,1.0,8000,0.000125,True,3508.3501440295577,3.5694201545526353e-06,0.5,0.0,-1204.716077475228,2490.7584071751216,True,tilde_q_mu,asymptotic,default,sidak_approx,observed,7.89**2 * RBF(length_scale=0.317),0.0267695337253012,0.3650390962541072,0.0988530545720656,0.3170072159145999,0.0243359397502738,62.316521216499254,1595.2102319237565,383,222,161,416,33,0.04,0.3,0.000625,1.0,1e-08,1e+18,False,False,False,False,12,1.1,15.0,13.026298518471355,5.749574185616315,78.40328434931338,68.08697245084994,study_results/v4p2_followups_20260806/pseudo65/gp_window_ensemble_20260806/runs/window_3p0/draw_01/attempt_01/results_single.csv,1,1,1,1,single_attempt_outside_55_75MeV,False,,,,,,,window_3p0,1
2021,0.19,0.0046870875,0.179454053125,0.200545946875,164378838.92039412,1.64,0.1823131765,0.1976868235,0.0153736469999999,0.0,1.0,8000,0.000125,True,3331.626225672505,3.463990439168137e-06,0.5,0.0,-1623.8130522016454,2474.0647809054985,True,tilde_q_mu,asymptotic,default,sidak_approx,observed,7.96**2 * RBF(length_scale=0.318),0.0268064698428396,0.3655427705841774,0.0989894502254296,0.3179115367792084,0.0243695180389451,63.36800829786141,1591.849379758438,382,223,159,416,34,0.04,0.3,0.000625,1.0,1e-08,1e+18,False,False,False,False,12,1.1,15.0,13.045458522041796,5.719216857555929,77.98932078485358,67.82709663073463,study_results/v4p2_followups_20260806/pseudo65/gp_window_ensemble_20260806/runs/window_3p0/draw_01/attempt_01/results_single.csv,1,1,1,1,single_attempt_outside_55_75MeV,False,,,,,,,window_3p0,1
2021,0.191,0.004718430875,0.18038353053125,0.20161646946875,160024504.07567304,1.64,0.183261773365,0.198738226635,0.01547645327,0.0,1.0,8000,0.000125,True,3144.66834905838,3.340987989316931e-06,0.5,0.0,-2120.8515285506046,2452.974862436763,True,tilde_q_mu,asymptotic,default,sidak_approx,observed,7.9**2 * RBF(length_scale=0.317),0.026843983264149,0.3660543172383967,0.099127977714251,0.3170221012280321,0.0244036211492264,62.36807192751787,1593.16960322861,382,225,157,416,34,0.04,0.3,0.000625,1.0,1e-08,1e+18,False,False,False,False,12,1.1,15.0,12.990781134056457,5.68917590938515,77.57967149161568,67.18803551997189,study_results/v4p2_followups_20260806/pseudo65/gp_window_ensemble_20260806/runs/window_3p0/draw_01/attempt_01/results_single.csv,1,1,1,1,single_attempt_outside_55_75MeV,False,,,,,,,window_3p0,1
2021,0.192,0.004749946,0.1813126215,0.2026873785,155718995.1526329,1.64,0.18421008856,0.19978991144,0.0155798228799999,0.0,1.0,8000,0.000125,True,3042.3536737773184,3.3043557688221633e-06,0.5,0.0,-2354.50272153066,2427.7637590758027,True,tilde_q_mu,asymptotic,default,sidak_approx,observed,7.9**2 * RBF(length_scale=0.317),0.0268820648906906,0.3665736121457819,0.0992686034399486,0.3170150626310994,0.0244382408097187,62.39894964705292,1592.592549273351,382,226,156,416,34,0.04,0.3,0.000625,1.0,1e-08,1e+18,False,False,False,False,12,1.1,15.0,12.972090139361685,5.659446421220509,77.17426938027965,66.7407719226912,study_results/v4p2_followups_20260806/pseudo65/gp_window_ensemble_20260806/runs/window_3p0/draw_01/attempt_01/results_single.csv,1,1,1,1,single_attempt_outside_55_75MeV,False,,,,,,,window_3p0,1
2021,0.193,0.004781632875,0.18224132603125,0.20375867396875,151601184.85939226,1.64,0.185158122085,0.200841877915,0.0156837558299999,0.0,1.0,8000,0.000125,True,3038.020169534205,3.371713542504002e-06,0.5,0.0,-2235.9053213265133,2403.5174276046737,True,tilde_q_mu,asymptotic,default,sidak_approx,observed,7.92**2 * RBF(length_scale=0.317),0.0269207058116312,0.3671005337949717,0.0994112944970904,0.3172239291890665,0.0244733689196647,62.659462891855235,1592.459700161231,382,228,154,416,34,0.04,0.3,0.000625,1.0,1e-08,1e+18,False,False,False,False,12,1.1,15.0,12.962004954461808,5.630023574662507,76.77304874539782,66.34217588046563,study_results/v4p2_followups_20260806/pseudo65/gp_window_ensemble_20260806/runs/window_3p0/draw_01/attempt_01/results_single.csv,1,1,1,1,single_attempt_outside_55_75MeV,False,,,,,,,window_3p0,1
2021,0.194,0.0048134915,0.183169644125,0.204830355875,147523768.56605715,1.64,0.18610587394,0.20189412606,0.01578825212,0.0,1.0,8000,0.000125,True,3045.0730899934088,3.4550466480688157e-06,0.5,0.0,-2130.309693459087,2389.580548779504,True,tilde_q_mu,asymptotic,default,sidak_approx,observed,7.87**2 * RBF(length_scale=0.317),0.0269598972990275,0.3676349631685571,0.0995560186556095,0.3165264730788606,0.0245089975445704,61.961174612375835,1588.6282236930238,381,229,152,416,35,0.04,0.3,0.000625,1.0,1e-08,1e+18,False,False,False,False,12,1.1,15.0,12.914704997756278,5.600902650192177,76.37594522989332,65.75818677125754,study_results/v4p2_followups_20260806/pseudo65/gp_window_ensemble_20260806/runs/window_3p0/draw_01/attempt_01/results_single.csv,1,1,1,1,single_attempt_outside_55_75MeV,False,,,,,,,window_3p0,1
2021,0.195,0.004845521875,0.18409757578125,0.20590242421875,143578408.5209931,1.64,0.187053344125,0.202946655875,0.0158933117499999,0.0,1.0,8000,0.000125,True,3061.6222009376343,3.5509763022722446e-06,0.5,0.0,-1902.3117875967264,2356.7196747203443,True,tilde_q_mu,asymptotic,default,sidak_approx,observed,7.84**2 * RBF(length_scale=0.316),0.0269996308031587,0.368176783679438,0.09970274434357,0.3159984416642136,0.0245451189119625,61.5101144821844,1592.6695598156512,382,231,151,416,34,0.04,0.3,0.000625,1.0,1e-08,1e+18,False,False,False,False,12,1.1,15.0,12.874186627395222,5.572079024647637,75.9828957906496,65.21453205991638,study_results/v4p2_followups_20260806/pseudo65/gp_window_ensemble_20260806/runs/window_3p0/draw_01/attempt_01/results_single.csv,1,1,1,1,single_attempt_outside_55_75MeV,False,,,,,,,window_3p0,1
2021,0.196,0.004877724,0.185025121,0.206974879,139755894.5302579,1.64,0.18800053264,0.20399946736,0.01599893472,0.0,1.0,8000,0.000125,True,3197.2389958585773,3.790258389260277e-06,0.5,0.0,-1399.8141886116666,2339.5173178349787,True,tilde_q_mu,asymptotic,default,sidak_approx,observed,7.86**2 * RBF(length_scale=0.316),0.0270398979480013,0.3687258811091098,0.0998514406304547,0.3162483813333039,0.0245817254072739,61.73674224903595,1588.2761762810774,381,232,149,416,35,0.04,0.3,0.000625,1.0,1e-08,1e+18,False,False,False,False,12,1.1,15.0,12.865182410658722,5.543548168777362,75.59383866514584,64.83523490326716,study_results/v4p2_followups_20260806/pseudo65/gp_window_ensemble_20260806/runs/window_3p0/draw_01/attempt_01/results_single.csv,1,1,1,1,single_attempt_outside_55_75MeV,False,,,,,,,window_3p0,1
2021,0.197,0.004910097875,0.18595227978125,0.20804772021875,136004179.86803293,1.64,0.188947439485,0.205052560515,0.01610512103,0.0,1.0,8000,0.000125,True,3337.1710213431847,4.044640289753586e-06,0.5,0.0,-925.6779279479256,2313.356210484914,True,tilde_q_mu,asymptotic,default,sidak_approx,observed,7.88**2 * RBF(length_scale=0.317),0.0270806905268411,0.3692821435478344,0.1000020772109632,0.3166576580754158,0.0246188095698556,62.12230360703486,1587.7251369494547,381,234,147,416,35,0.04,0.3,0.000625,1.0,1e-08,1e+18,False,False,False,False,12,1.1,15.0,12.86242769687555,5.51530564486786,75.20871333910718,64.49110916662039,study_results/v4p2_followups_20260806/pseudo65/gp_window_ensemble_20260806/runs/window_3p0/draw_01/attempt_01/results_single.csv,1,1,1,1,single_attempt_outside_55_75MeV,False,,,,,,,window_3p0,1
2021,0.198,0.0049426435,0.186879052125,0.209120947875,132354320.73115931,1.64,0.18989406466,0.20610593534,0.01621187068,0.0,1.0,8000,0.000125,True,3430.932098930871,4.251368314200937e-06,0.5,0.0,-612.0918379941104,2285.507640305696,True,tilde_q_mu,asymptotic,default,sidak_approx,observed,2.52**2 * RBF(length_scale=0.292),0.0271220004980165,0.3698454613365898,0.1001546243892919,0.2922934932300482,0.0246563640891059,6.343854112437243,1554.5119493308407,380,235,145,416,36,0.04,0.3,0.000625,1.0,1e-08,1e+18,False,False,False,False,12,1.1,15.0,11.85468758385156,5.487347104442508,74.82746051512511,59.137077806653096,study_results/v4p2_followups_20260806/pseudo65/gp_window_ensemble_20260806/runs/window_3p0/draw_01/attempt_01/results_single.csv,1,1,1,1,single_attempt_outside_55_75MeV,False,,,,,,,window_3p0,1
2021,0.199,0.004975360875,0.18780543803125,0.21019456196875,128788002.15036236,1.64,0.190840408165,0.207159591835,0.01631918367,0.0,1.0,8000,0.000125,True,3838.5398108234313,4.8635959557344345e-06,0.4687092995417361,0.0785147481840908,177.6565626111475,2265.9141953401754,True,tilde_q_mu,asymptotic,default,sidak_approx,observed,7.99**2 * RBF(length_scale=0.318),0.0271638199807916,0.3704157270107955,0.100309053063895,0.3181201476236124,0.0246943818007197,63.786360564542456,1587.2316821038312,380,236,144,416,36,0.04,0.3,0.000625,1.0,1e-08,1e+18,False,False,False,False,12,1.1,15.0,12.88228837598765,5.459668286029939,74.45002208222643,63.93911027079263,study_results/v4p2_followups_20260806/pseudo65/gp_window_ensemble_20260806/runs/window_3p0/draw_01/attempt_01/results_single.csv,1,1,1,1,single_attempt_outside_55_75MeV,False,,,,,,,window_3p0,1
2021,0.2,0.00500825,0.1887314375,0.2112685625,125353032.55969112,1.64,0.19178647,0.20821353,0.0164270599999999,0.0,1.0,8000,0.000125,True,3968.658295105683,5.140422180179331e-06,0.42279740553726,0.1947421520118498,436.8721801664768,2243.204925971237,True,tilde_q_mu,asymptotic,default,sidak_approx,observed,7.98**2 * RBF(length_scale=0.318),0.027206141251351,0.3709928352456959,0.1004653347126938,0.318014225249172,0.0247328556830463,63.61524737386237,1588.1740239065757,380,238,142,416,36,0.04,0.3,0.000625,1.0,1e-08,1e+18,False,False,False,False,12,1.1,15.0,12.85796631511342,5.432265012998759,74.0763410863467,63.49807322900654,study_results/v4p2_followups_20260806/pseudo65/gp_window_ensemble_20260806/runs/window_3p0/draw_01/attempt_01/results_single.csv,1,1,1,1,single_attempt_outside_55_75MeV,False,,,,,,,window_3p0,1
2021,0.201,0.005041310875,0.18965705053125,0.21234294946875,122019355.53382406,1.64,0.192732250165,0.209267749835,0.01653549967,0.0,1.0,8000,0.000125,True,4128.545288499326,5.466283988887779e-06,0.3743204834932533,0.3204318731285295,713.3266018875034,2226.7080372601495,True,tilde_q_mu,asymptotic,default,sidak_approx,observed,7.99**2 * RBF(length_scale=0.318),0.027248956738914,0.3715766828033728,0.1006234413787278,0.3181632522274797,0.0247717788535581,63.78638400122263,1584.2969853141371,379,239,140,416,37,0.04,0.3,0.000625,1.0,1e-08,1e+18,False,False,False,False,12,1.1,15.0,12.843778967523727,5.405133191456678,73.70636170168197,63.11121454645061,study_results/v4p2_followups_20260806/pseudo65/gp_window_ensemble_20260806/runs/window_3p0/draw_01/attempt_01/results_single.csv,1,1,1,1,single_attempt_outside_55_75MeV,False,,,,,,,window_3p0,1
2021,0.202,0.0050745435,0.190582277125,0.213417722875,118808713.66471364,1.64,0.19367774866,0.21032225134,0.01664450268,0.0,1.0,8000,0.000125,True,4133.686049148824,5.5931665016951595e-06,0.3599349133252795,0.3586327724791242,787.7834090702238,2197.891811454262,True,tilde_q_mu,asymptotic,default,sidak_approx,observed,7.93**2 * RBF(length_scale=0.317),0.0272922590219629,0.3721671684813132,0.100783345656227,0.3173423059980082,0.0248111445654208,62.84654246490233,1588.794290573709,380,241,139,416,36,0.04,0.3,0.000625,1.0,1e-08,1e+18,False,False,False,False,12,1.1,15.0,12.790313045061447,5.37826880821161,73.34002920288559,62.536128815923675,study_results/v4p2_followups_20260806/pseudo65/gp_window_ensemble_20260806/runs/window_3p0/draw_01/attempt_01/results_single.csv,1,1,1,1,single_attempt_outside_55_75MeV,False,,,,,,,window_3p0,1
2021,0.203,0.005107947875,0.19150711728125,0.21449288271875,115574322.00533302,1.64,0.194622965485,0.211377034515,0.0167540690299999,0.0,1.0,8000,0.000125,True,4428.780128597849,6.129804865747602e-06,0.2859900878261535,0.5651375999463589,1231.911173017692,2181.04578465394,True,tilde_q_mu,asymptotic,default,sidak_approx,observed,7.98**2 * RBF(length_scale=0.318),0.0273360408245852,0.3727641930625258,0.1009450206771031,0.3180817279423668,0.0248509462041683,63.6995549123286,1584.629830985958,379,242,137,416,37,0.04,0.3,0.000625,1.0,1e-08,1e+18,False,False,False,False,12,1.1,15.0,12.799582169994524,5.351667928793269,72.97728993809002,62.27192127373986,study_results/v4p2_followups_20260806/pseudo65/gp_window_ensemble_20260806/runs/window_3p0/draw_01/attempt_01/results_single.csv,1,1,1,1,single_attempt_outside_55_75MeV,False,,,,,,,window_3p0,1
2021,0.204,0.005141524,0.192431571,0.2155684289999999,112452833.18684237,1.64,0.19556790064,0.21243209936,0.01686419872,0.0,1.0,8000,0.000125,True,4789.904120711653,6.780257271782495e-06,0.2097796352510835,0.8071861039126349,1741.113957939123,2158.772582192831,True,tilde_q_mu,asymptotic,default,sidak_approx,observed,8.03**2 * RBF(length_scale=0.319),0.0273802950129184,0.3733676592670698,0.1011084400978236,0.3186683616860039,0.0248911772844713,64.43383386225905,1586.9096061213572,379,244,135,416,37,0.04,0.3,0.000625,1.0,1e-08,1e+18,False,False,False,False,12,1.1,15.0,12.802462416464696,5.325326695531998,72.61809130270905,61.9793589772223,study_results/v4p2_followups_20260806/pseudo65/gp_window_ensemble_20260806/runs/window_3p0/draw_01/attempt_01/results_single.csv,1,1,1,1,single_attempt_outside_55_75MeV,False,,,,,,,window_3p0,1
2021,0.205,0.005175271875,0.19335563828125,0.2166443617187499,109447447.25856656,1.64,0.196512554125,0.213487445875,0.01697489175,0.0,1.0,8000,0.000125,True,5032.555145383643,7.283648295054291e-06,0.1678075522310079,0.9628653416593048,2063.8287652250715,2144.680649889796,True,tilde_q_mu,asymptotic,default,sidak_approx,observed,8.04**2 * RBF(length_scale=0.319),0.0274250145917023,0.3739774717050326,0.1012735780866781,0.3188604086979391,0.0249318314470021,64.66322280188976,1585.6596071718488,378,245,133,416,38,0.04,0.3,0.000625,1.0,1e-08,1e+18,False,False,False,False,12,1.1,15.0,12.78928944212316,5.2992413256941004,72.26238171401046,61.61230103451118,study_results/v4p2_followups_20260806/pseudo65/gp_window_ensemble_20260806/runs/window_3p0/draw_01/attempt_01/results_single.csv,1,1,1,1,single_attempt_outside_55_75MeV,False,,,,,,,window_3p0,1
2021,0.206,0.0052091915,0.194279319125,0.217720680875,106491864.68179588,1.64,0.19745692594,0.2145430740599999,0.0170861481199999,0.0,1.0,8000,0.000125,True,5260.077562790171,7.786251331773659e-06,0.1301665127402145,1.1256043512895784,2381.8506422360083,2116.101861661515,True,tilde_q_mu,asymptotic,default,sidak_approx,observed,8.07**2 * RBF(length_scale=0.319),0.0274701927009294,0.3745935368308561,0.1014404093114096,0.3191648362203021,0.0249729024553904,65.04460427187135,1588.120873750407,379,247,132,416,37,0.04,0.3,0.000625,1.0,1e-08,1e+18,False,False,False,False,12,1.1,15.0,12.780446197250502,5.273408109671041,71.91011058642329,61.269553292541104,study_results/v4p2_followups_20260806/pseudo65/gp_window_ensemble_20260806/runs/window_3p0/draw_01/attempt_01/results_single.csv,1,1,1,1,single_attempt_outside_55_75MeV,False,,,,,,,window_3p0,1
2021,0.207,0.005243282875,0.1952026135312499,0.21879738646875,103594993.30477582,1.64,0.198401016085,0.215598983915,0.0171979678299999,0.0,1.0,8000,0.000125,True,5378.17337084047,8.144147074505412e-06,0.1138565107740192,1.206270984605485,2537.731871752339,2104.7905947589124,True,tilde_q_mu,asymptotic,default,sidak_approx,observed,8.04**2 * RBF(length_scale=0.319),0.0275158226125923,0.375215762898986,0.1016089089272047,0.3189113737600287,0.0250143841932657,64.70766158548199,1583.9219095697947,378,248,130,416,38,0.04,0.3,0.000625,1.0,1e-08,1e+18,False,False,False,False,12,1.1,15.0,12.749119518436304,5.247823409220947,71.56122830755837,60.82284350527793,study_results/v4p2_followups_20260806/pseudo65/gp_window_ensemble_20260806/runs/window_3p0/draw_01/attempt_01/results_single.csv,1,1,1,1,single_attempt_outside_55_75MeV,False,,,,,,,window_3p0,1
2021,0.208,0.005277546,0.1961255214999999,0.2198744785,100755569.91566654,1.64,0.19934482456,0.21665517544,0.0173103508799999,0.0,1.0,8000,0.000125,True,5458.083091450761,8.45722073823253e-06,0.1011669109034203,1.274930558464063,2659.28374605165,2086.155147248414,True,tilde_q_mu,asymptotic,default,sidak_approx,observed,8.09**2 * RBF(length_scale=0.319),0.0275618977275242,0.3758440599207857,0.1017790525650254,0.3194623695628386,0.0250562706613857,65.43293033228264,1584.6113898417086,378,250,128,416,38,0.04,0.3,0.000625,1.0,1e-08,1e+18,False,False,False,False,12,1.1,15.0,12.749797201670676,5.222483655760516,71.21568621491612,60.532370454532966,study_results/v4p2_followups_20260806/pseudo65/gp_window_ensemble_20260806/runs/window_3p0/draw_01/attempt_01/results_single.csv,1,1,1,1,single_attempt_outside_55_75MeV,False,,,,,,,window_3p0,1
2021,0.209,0.005311980875,0.1970480430312499,0.22095195696875,97975291.24730824,1.64,0.200288351365,0.2177116486349999,0.0174232972699999,0.0,1.0,8000,0.000125,True,5494.0275357223345,8.712602582338122e-06,0.095127665409846,1.3098241515924869,2717.872540628361,2075.1793906368325,True,tilde_q_mu,asymptotic,default,sidak_approx,observed,8.09**2 * RBF(length_scale=0.319),0.0276084115723308,0.3764783396226934,0.101950816320278,0.3194402258590741,0.0250985559748462,65.40540731873388,1580.8308786271425,377,251,126,416,39,0.04,0.3,0.000625,1.0,1e-08,1e+18,False,False,False,False,12,1.1,15.0,12.727434445998291,5.197385348705882,70.87343657326201,60.135801196587344,study_results/v4p2_followups_20260806/pseudo65/gp_window_ensemble_20260806/runs/window_3p0/draw_01/attempt_01/results_single.csv,1,1,1,1,single_attempt_outside_55_75MeV,False,,,,,,,window_3p0,1
2021,0.21,0.0053465875,0.197970178125,0.2220298218749999,95309478.67396852,1.64,0.2012315965,0.2187684034999999,0.0175368069999999,0.0,1.0,8000,0.000125,True,5204.353531172231,8.44367140198103e-06,0.1180260351802329,1.184912434835425,2431.0004383455957,2051.5041252919145,True,tilde_q_mu,asymptotic,default,sidak_approx,observed,8.05**2 * RBF(length_scale=0.319),0.0276553577964078,0.3771185154055612,0.1021241767418025,0.3189782510441807,0.0251412343603707,64.77658552278355,1585.7397383668117,378,253,125,416,38,0.04,0.3,0.000625,1.0,1e-08,1e+18,False,False,False,False,12,1.1,15.0,12.6874538645157,5.172525053860584,70.53443255264432,59.660157258097954,study_results/v4p2_followups_20260806/pseudo65/gp_window_ensemble_20260806/runs/window_3p0/draw_01/attempt_01/results_single.csv,1,1,1,1,single_attempt_outside_55_75MeV,False,,,,,,,window_3p0,1
2021,0.211,0.005381365875,0.19889192678125,0.2231080732187499,92716703.49811862,1.64,0.202174559965,0.2198254400349999,0.0176508800699999,0.0,1.0,8000,0.000125,True,4820.304618999465,8.001178679126743e-06,0.1641430880528476,0.9775717479260326,1997.388152624756,2043.35475022959,True,tilde_q_mu,asymptotic,default,sidak_approx,observed,7.99**2 * RBF(length_scale=0.318),0.0277027301690448,0.3777645023051568,0.1022991108211761,0.318272811395091,0.0251843001536771,63.88584669076344,1579.634207729032,377,254,123,416,39,0.04,0.3,0.000625,1.0,1e-08,1e+18,False,False,False,False,12,1.1,15.0,12.637746907913202,5.147899401849318,70.19862820703615,59.143499770881306,study_results/v4p2_followups_20260806/pseudo65/gp_window_ensemble_20260806/runs/window_3p0/draw_01/attempt_01/results_single.csv,1,1,1,1,single_attempt_outside_55_75MeV,False,,,,,,,window_3p0,1
2021,0.212,0.005416316,0.199813289,0.2241867109999999,90185144.73372865,1.64,0.2031172417599999,0.22088275824,0.01776551648,0.0,1.0,8000,0.000125,True,4500.629270218545,7.644028451541185e-06,0.209499326197077,0.8081597024749378,1638.560206749059,2027.4830445067769,True,tilde_q_mu,asymptotic,default,sidak_approx,observed,7.99**2 * RBF(length_scale=0.318),0.0277505225766093,0.3784162169537641,0.1024755959823144,0.3182676968606841,0.0252277477969176,63.87799770713223,1580.0011950128307,377,256,121,416,39,0.04,0.3,0.000625,1.0,1e-08,1e+18,False,False,False,False,12,1.1,15.0,12.615779237319428,5.123505086595644,69.86597845357696,58.76091735797618,study_results/v4p2_followups_20260806/pseudo65/gp_window_ensemble_20260806/runs/window_3p0/draw_01/attempt_01/results_single.csv,1,1,1,1,single_attempt_outside_55_75MeV,False,,,,,,,window_3p0,1
2021,0.213,0.005451437875,0.20073426478125,0.2252657352187499,87692400.078589,1.64,0.204059641885,0.2219403581149999,0.0178807162299999,0.0,1.0,8000,0.000125,True,4090.768908380896,7.1118617969461e-06,0.2835981887465559,0.5721854000688454,1146.6310253719223,2010.3874963927556,True,tilde_q_mu,asymptotic,default,sidak_approx,observed,7.95**2 * RBF(length_scale=0.318),0.0277987290198092,0.3790735775428533,0.1026536100713629,0.3177487126802691,0.0252715718361902,63.247830908754416,1579.0708980108425,377,257,120,416,39,0.04,0.3,0.000625,1.0,1e-08,1e+18,False,False,False,False,12,1.1,15.0,12.573365627587766,5.0993388638422745,69.53643905239464,58.28713817641536,study_results/v4p2_followups_20260806/pseudo65/gp_window_ensemble_20260806/runs/window_3p0/draw_01/attempt_01/results_single.csv,1,1,1,1,single_attempt_outside_55_75MeV,False,,,,,,,window_3p0,1
2021,0.214,0.0054867315,0.201654854125,0.226345145875,85297275.72952412,1.64,0.20500176034,0.2229982396599999,0.0179964793199999,0.0,1.0,8000,0.000125,True,3741.855143687465,6.656684274817088e-06,0.3617660823177417,0.3537421054262468,705.2300140161439,1993.0834417260423,True,tilde_q_mu,asymptotic,default,sidak_approx,observed,8.02**2 * RBF(length_scale=0.319),0.0278473436110351,0.3797365037868427,0.1028331313468833,0.3185884730098017,0.0253157669191228,64.28760859657257,1578.0964016754554,377,259,118,416,39,0.04,0.3,0.000625,1.0,1e-08,1e+18,False,False,False,False,12,1.1,15.0,12.584587068904815,5.075397549713366,69.20996658700044,58.065256703340005,study_results/v4p2_followups_20260806/pseudo65/gp_window_ensemble_20260806/runs/window_3p0/draw_01/attempt_01/results_single.csv,1,1,1,1,single_attempt_outside_55_75MeV,False,,,,,,,window_3p0,1
2021,0.215,0.005522196875,0.20257505703125,0.22742494296875,82936171.06195708,1.64,0.205943597125,0.224056402875,0.01811280575,0.0,1.0,8000,0.000125,True,3220.1349452616496,5.864237526730996e-06,0.5,0.0,-70.35681478882611,1983.0630660540871,True,tilde_q_mu,asymptotic,default,sidak_approx,observed,8.05**2 * RBF(length_scale=0.319),0.0278963605717713,0.380404916887791,0.1030141384702921,0.3188633766313859,0.0253603277925194,64.72365900480581,1575.369686089539,376,260,116,416,40,0.04,0.3,0.000625,1.0,1e-08,1e+18,False,False,False,False,12,1.1,15.0,12.57331447921749,5.051678019315698,68.88651844521407,57.742123986006185,study_results/v4p2_followups_20260806/pseudo65/gp_window_ensemble_20260806/runs/window_3p0/draw_01/attempt_01/results_single.csv,1,1,1,1,single_attempt_outside_55_75MeV,False,,,,,,,window_3p0,1
2021,0.216,0.0055578339999999,0.2034948735,0.2285051265,80666190.61149085,1.64,0.20688515224,0.22511484776,0.0182296955199999,0.0,1.0,8000,0.000125,True,2842.8351617481994,5.298175024273471e-06,0.5,0.0,-772.4583923567159,1966.87864134003,True,tilde_q_mu,asymptotic,default,sidak_approx,observed,8.04**2 * RBF(length_scale=0.319),0.0279457742300831,0.3810787395011339,0.1031966104965824,0.3187878895618233,0.0254052493000755,64.6635119956363,1576.4093857939445,376,262,114,416,40,0.04,0.3,0.000625,1.0,1e-08,1e+18,False,False,False,False,12,1.1,15.0,12.548111053603192,5.028177205379499,68.56605280062952,57.35829633663463,study_results/v4p2_followups_20260806/pseudo65/gp_window_ensemble_20260806/runs/window_3p0/draw_01/attempt_01/results_single.csv,1,1,1,1,single_attempt_outside_55_75MeV,False,,,,,,,window_3p0,1
2021,0.217,0.005593642875,0.20441430353125,0.22958569646875,78431109.94118327,1.64,0.207826425685,0.226173574315,0.0183471486299999,0.0,1.0,8000,0.000125,True,2635.8701704820032,5.029164513192428e-06,0.4999655646006563,8.631674575031098e-05,-1239.7100526994968,1948.154421888254,True,tilde_q_mu,asymptotic,default,sidak_approx,observed,8.01**2 * RBF(length_scale=0.319),0.0279955790181704,0.3817578957023249,0.1033805268652899,0.3185055164769726,0.0254505263801549,64.23490027226565,1577.8887214795216,376,263,113,416,40,0.04,0.3,0.000625,1.0,1e-08,1e+18,False,False,False,False,12,1.1,15.0,12.51469269120213,5.0048920969361115,68.24852859458333,56.940624132528775,study_results/v4p2_followups_20260806/pseudo65/gp_window_ensemble_20260806/runs/window_3p0/draw_01/attempt_01/results_single.csv,1,1,1,1,single_attempt_outside_55_75MeV,False,,,,,,,window_3p0,1
2021,0.218,0.0056296235,0.205333347125,0.230666652875,76236851.52538474,1.64,0.20876741746,0.22723258254,0.01846516508,0.0,1.0,8000,0.000125,True,2477.0569742755224,4.839878641943419e-06,0.5,0.0,-1662.0154790960569,1930.6120726370673,True,tilde_q_mu,asymptotic,default,sidak_approx,observed,8.02**2 * RBF(length_scale=0.319),0.0280457694699898,0.3824423109544073,0.103565867391711,0.3185264144307491,0.0254961540636271,64.2634051844405,1578.0784711608874,376,265,111,416,40,0.04,0.3,0.000625,1.0,1e-08,1e+18,False,False,False,False,12,1.1,15.0,12.493116163161224,4.981819738032192,67.93390551862079,56.58041153742325,study_results/v4p2_followups_20260806/pseudo65/gp_window_ensemble_20260806/runs/window_3p0/draw_01/attempt_01/results_single.csv,1,1,1,1,single_attempt_outside_55_75MeV,False,,,,,,,window_3p0,1
2021,0.219,0.005665775875,0.20625200428125,0.23174799571875,74103158.47642389,1.64,0.209708127565,0.228291872435,0.0185837448699999,0.0,1.0,8000,0.000125,True,2320.7051953551945,4.643645549608012e-06,0.5,0.0,-2195.3907015330738,1918.0821860994097,True,tilde_q_mu,asymptotic,default,sidak_approx,observed,8.06**2 * RBF(length_scale=0.319),0.0280963402189413,0.3831319120764731,0.1037526122583625,0.3189678926198954,0.0255421274717648,64.90257870050175,1575.279239304655,375,266,109,416,41,0.04,0.3,0.000625,1.0,1e-08,1e+18,False,False,False,False,12,1.1,15.0,12.487914053850574,4.958957226478954,67.62214399744026,56.29730149180943,study_results/v4p2_followups_20260806/pseudo65/gp_window_ensemble_20260806/runs/window_3p0/draw_01/attempt_01/results_single.csv,1,1,1,1,single_attempt_outside_55_75MeV,False,,,,,,,window_3p0,1
2021,0.22,0.0057021,0.207170275,0.232829725,72056230.15568508,1.64,0.210648556,0.229351444,0.018702888,0.0,1.0,8000,0.000125,True,2279.039835373278,4.668502767513587e-06,0.5,0.0,-2300.983130780787,1906.233115695301,True,tilde_q_mu,asymptotic,default,sidak_approx,observed,7.99**2 * RBF(length_scale=0.318),0.0281472859956161,0.3838266272129476,0.1039407420066625,0.3181506127393094,0.0255884418141965,63.809061626948754,1573.558649921673,374,267,107,416,42,0.04,0.3,0.000625,1.0,1e-08,1e+18,False,False,False,False,12,1.1,15.0,12.4333718734995,4.936301712635021,67.31320517229574,55.795340793621534,study_results/v4p2_followups_20260806/pseudo65/gp_window_ensemble_20260806/runs/window_3p0/draw_01/attempt_01/results_single.csv,1,1,1,1,single_attempt_outside_55_75MeV,False,,,,,,,window_3p0,1
2021,0.221,0.005738595875,0.20808815928125,0.23391184071875,70072537.02592257,1.64,0.211588702765,0.230411297235,0.01882259447,0.0,1.0,8000,0.000125,True,2204.051426994075,4.621697646273316e-06,0.5,0.0,-2464.962390903205,1878.9418566899608,True,tilde_q_mu,asymptotic,default,sidak_approx,observed,8.02**2 * RBF(length_scale=0.318),0.0281986016256085,0.3845263858037528,0.1041302375288517,0.3184821492594743,0.0256350923869168,64.25956730718737,1579.0072020772045,375,269,106,416,41,0.04,0.3,0.000625,1.0,1e-08,1e+18,False,False,False,False,12,1.1,15.0,12.423678621966468,4.913850398222813,67.00705088485654,55.49827103994743,study_results/v4p2_followups_20260806/pseudo65/gp_window_ensemble_20260806/runs/window_3p0/draw_01/attempt_01/results_single.csv,1,1,1,1,single_attempt_outside_55_75MeV,False,,,,,,,window_3p0,1
2021,0.222,0.0057752635,0.209005657125,0.234994342875,68109664.16035153,1.64,0.21252856786,0.23147143214,0.01894286428,0.0,1.0,8000,0.000125,True,6855.415048320247,1.4722852536556046e-05,0.5,0.0,-3085.5498369897978,5036.023983045324,True,tilde_q_mu,asymptotic,default,sidak_approx,observed,1**2 * RBF(length_scale=0.104),0.0282502820273846,0.3852311185552448,0.1043210800601226,0.1043210800601226,0.0256820745703496,1.0,873.6204893088504,374,270,104,416,42,0.04,0.3,0.000625,1.0,1e-08,1e+18,False,False,False,False,12,1.1,15.0,4.062019202317981,4.891600535176381,66.7036436614961,18.063432094504883,study_results/v4p2_followups_20260806/pseudo65/gp_window_ensemble_20260806/runs/window_3p0/draw_01/attempt_01/results_single.csv,1,1,1,1,single_attempt_outside_55_75MeV,False,,,,,,,window_3p0,1
2021,0.223,0.005812102875,0.20992276853125,0.23607723146875,66214738.059975564,1.64,0.213468151285,0.232531848715,0.01906369743,0.0,1.0,8000,0.000125,True,2140.9396743068337,4.708307554211496e-06,0.5,0.0,-2536.2216216028373,1844.8748279504443,True,tilde_q_mu,asymptotic,default,sidak_approx,observed,8.06**2 * RBF(length_scale=0.319),0.0283023222102076,0.3859407574119222,0.1045132511709582,0.3187961158131395,0.0257293838274614,64.9262143777881,1575.9324957574806,374,272,102,416,42,0.04,0.3,0.000625,1.0,1e-08,1e+18,False,False,False,False,12,1.1,15.0,12.390351745341142,4.869549424520059,66.40294669800079,54.8503911010246,study_results/v4p2_followups_20260806/pseudo65/gp_window_ensemble_20260806/runs/window_3p0/draw_01/attempt_01/results_single.csv,1,1,1,1,single_attempt_outside_55_75MeV,False,,,,,,,window_3p0,1
2021,0.224,0.005849114,0.2108394935,0.2371605065,64362913.74671155,1.64,0.21440745304,0.23359254696,0.01918509392,0.0,1.0,8000,0.000125,True,2163.063988043984,4.871980866772082e-06,0.499975650495596,6.103515625e-05,-2269.0747262382583,1821.7017940581743,True,tilde_q_mu,asymptotic,default,sidak_approx,observed,8.06**2 * RBF(length_scale=0.319),0.0283547172721207,0.3866552355289188,0.1047067327596833,0.3189153617827452,0.0257770157019279,65.03062588514881,1575.633481416429,374,273,101,416,42,0.04,0.3,0.000625,1.0,1e-08,1e+18,False,False,False,False,12,1.1,15.0,12.372082380308008,4.847694415277375,66.10492384469147,54.523704236700674,study_results/v4p2_followups_20260806/pseudo65/gp_window_ensemble_20260806/runs/window_3p0/draw_01/attempt_01/results_single.csv,1,1,1,1,single_attempt_outside_55_75MeV,False,,,,,,,window_3p0,1
2021,0.225,0.005886296875,0.21175583203125,0.23824416796875,62544678.25081808,1.64,0.215346473125,0.234653526875,0.01930705375,0.0,1.0,8000,0.000125,True,2239.7862002327647,5.168370105092464e-06,0.5,0.0,-1819.6448452843688,1801.783394188712,True,tilde_q_mu,asymptotic,default,sidak_approx,observed,8.02**2 * RBF(length_scale=0.318),0.0284074623979809,0.3873744872451945,0.1049015070452041,0.3184642267897201,0.0258249658163463,64.2934061317441,1575.9820337238164,374,275,99,416,42,0.04,0.3,0.000625,1.0,1e-08,1e+18,False,False,False,False,12,1.1,15.0,12.331641755287178,4.82603290340855,65.80953959193478,54.102644421875176,study_results/v4p2_followups_20260806/pseudo65/gp_window_ensemble_20260806/runs/window_3p0/draw_01/attempt_01/results_single.csv,1,1,1,1,single_attempt_outside_55_75MeV,False,,,,,,,window_3p0,1
2021,0.226,0.0059236515,0.212671784125,0.239328215875,60771554.15297639,1.64,0.21628521154,0.23571478846,0.01942957692,0.0,1.0,8000,0.000125,True,2283.445371048949,5.3988562730132e-06,0.499975650495596,6.103515625e-05,-1568.3298035324742,1786.148363096936,True,tilde_q_mu,asymptotic,default,sidak_approx,observed,8.05**2 * RBF(length_scale=0.319),0.0284605528575465,0.3880984480574534,0.1050975565599455,0.3187545323839433,0.0258732298704968,64.72670382469467,1573.0393272785036,373,276,97,416,43,0.04,0.3,0.000625,1.0,1e-08,1e+18,False,False,False,False,12,1.1,15.0,12.319858555711956,4.804562330776309,65.51675905604058,53.81048030660535,study_results/v4p2_followups_20260806/pseudo65/gp_window_ensemble_20260806/runs/window_3p0/draw_01/attempt_01/results_single.csv,1,1,1,1,single_attempt_outside_55_75MeV,False,,,,,,,window_3p0,1
2021,0.227,0.005961177875,0.21358734978125,0.24041265021875,59077484.03982016,1.64,0.217223668285,0.236776331715,0.01955266343,0.0,1.0,8000,0.000125,True,2316.250887157431,5.6086413820110745e-06,0.499975650495596,6.103515625e-05,-1347.636760833584,1765.1077490640075,True,tilde_q_mu,asymptotic,default,sidak_approx,observed,8.08**2 * RBF(length_scale=0.319),0.0285139840036164,0.3888270545947703,0.1052948641429799,0.319135094925685,0.0259218036396513,65.27473079850355,1574.0927103234544,373,278,95,416,43,0.04,0.3,0.000625,1.0,1e-08,1e+18,False,False,False,False,12,1.1,15.0,12.311454070175856,4.783280184139193,65.22654796553445,53.53557662891999,study_results/v4p2_followups_20260806/pseudo65/gp_window_ensemble_20260806/runs/window_3p0/draw_01/attempt_01/results_single.csv,1,1,1,1,single_attempt_outside_55_75MeV,False,,,,,,,window_3p0,1
2021,0.228,0.005998876,0.214502529,0.241497471,57436780.43420136,1.64,0.21816184336,0.23783815664,0.01967631328,0.0,1.0,8000,0.000125,True,2381.16533824037,5.904519200203495e-06,0.5,0.0,-1047.852148352235,1743.397865896491,True,tilde_q_mu,asymptotic,default,sidak_approx,observed,8.08**2 * RBF(length_scale=0.319),0.0285677512702127,0.3895602445938106,0.1054934129333165,0.319131777588875,0.0259706829729207,65.29185057510495,1574.3963953431144,373,279,94,416,43,0.04,0.3,0.000625,1.0,1e-08,1e+18,False,False,False,False,12,1.1,15.0,12.288154990826754,4.762183994170372,64.9388726477778,53.198595468363585,study_results/v4p2_followups_20260806/pseudo65/gp_window_ensemble_20260806/runs/window_3p0/draw_01/attempt_01/results_single.csv,1,1,1,1,single_attempt_outside_55_75MeV,False,,,,,,,window_3p0,1
2021,0.229,0.006036745875,0.21541732178125,0.24258267821875,55831675.293223605,1.64,0.219099736765,0.238900263235,0.01980052647,0.0,1.0,8000,0.000125,True,2469.3866710849807,6.271809806068644e-06,0.5,0.0,-735.6949478331202,1724.5078715623667,True,tilde_q_mu,asymptotic,default,sidak_approx,observed,8.09**2 * RBF(length_scale=0.319),0.0286218501708174,0.3902979568747833,0.1056931863633896,0.3191617652213478,0.0260198637916522,65.41042137662647,1574.4746589698088,373,281,92,416,43,0.04,0.3,0.000625,1.0,1e-08,1e+18,False,False,False,False,12,1.1,15.0,12.266081320677104,4.741271334503118,64.6537000159516,52.86983613855499,study_results/v4p2_followups_20260806/pseudo65/gp_window_ensemble_20260806/runs/window_3p0/draw_01/attempt_01/results_single.csv,1,1,1,1,single_attempt_outside_55_75MeV,False,,,,,,,window_3p0,1
2021,0.23,0.0060747875,0.216331728125,0.243668271875,54262302.35414737,1.64,0.2200373485,0.2399626515,0.019925303,0.0,1.0,8000,0.000125,True,2472.7644100747793,6.433934132137469e-06,0.5,0.0,-675.4389109115966,1710.4717687580558,True,tilde_q_mu,asymptotic,default,sidak_approx,observed,8.16**2 * RBF(length_scale=0.32),0.0286762762966508,0.3910401313179656,0.1058941681527014,0.3198683103229091,0.0260693420878643,66.60129516050814,1572.2792796657104,372,282,90,416,44,0.04,0.3,0.000625,1.0,1e-08,1e+18,False,False,False,False,12,1.1,15.0,12.269903446156093,4.720539820800449,64.37099755636976,52.65506164996044,study_results/v4p2_followups_20260806/pseudo65/gp_window_ensemble_20260806/runs/window_3p0/draw_01/attempt_01/results_single.csv,1,1,1,1,single_attempt_outside_55_75MeV,False,,,,,,,window_3p0,1
2021,0.231,0.006113000875,0.21724574803125,0.24475425196875,52721717.822498925,1.64,0.220974678565,0.241025321435,0.02005064287,0.0,1.0,8000,0.000125,True,2601.802818054688,6.937336640616208e-06,0.5,0.0,-333.1735141125196,1693.466856035773,True,tilde_q_mu,asymptotic,default,sidak_approx,observed,8.08**2 * RBF(length_scale=0.319),0.0287310253149946,0.3917867088408355,0.1060963423016291,0.3191906200569739,0.0261191139227223,65.33094369740093,1569.8564730634862,372,284,88,416,44,0.04,0.3,0.000625,1.0,1e-08,1e+18,False,False,False,False,12,1.1,15.0,12.220576126791707,4.699987109848828,64.09073331612038,52.21504570077031,study_results/v4p2_followups_20260806/pseudo65/gp_window_ensemble_20260806/runs/window_3p0/draw_01/attempt_01/results_single.csv,1,1,1,1,single_attempt_outside_55_75MeV,False,,,,,,,window_3p0,1
2021,0.232,0.006151386,0.2181593815,0.2458406185,51251552.38699205,1.64,0.22191172696,0.24208827304,0.02017654608,0.0,1.0,8000,0.000125,True,2612.787871307523,7.135576458710494e-06,0.5,0.0,-254.1517263472237,1675.113474528492,True,tilde_q_mu,asymptotic,default,sidak_approx,observed,8.09**2 * RBF(length_scale=0.319),0.0287860929675617,0.3925376313758422,0.1062996930854058,0.3192575644694203,0.0261691754250561,65.38664192308389,1570.653384815112,372,285,87,416,44,0.04,0.3,0.000625,1.0,1e-08,1e+18,False,False,False,False,12,1.1,15.0,12.199756365412316,4.679610898675804,63.81287589103368,51.90010258979362,study_results/v4p2_followups_20260806/pseudo65/gp_window_ensemble_20260806/runs/window_3p0/draw_01/attempt_01/results_single.csv,1,1,1,1,single_attempt_outside_55_75MeV,False,,,,,,,window_3p0,1
2021,0.233,0.006189942875,0.21907262853125,0.24692737146875,49805482.399550624,1.64,0.222848493685,0.243151506315,0.02030301263,0.0,1.0,8000,0.000125,True,2626.651558539392,7.35003343905021e-06,0.499975650495596,6.103515625e-05,-182.23688306046492,1660.201398935355,True,tilde_q_mu,asymptotic,default,sidak_approx,observed,8.06**2 * RBF(length_scale=0.319),0.0288414750689017,0.3932928418486603,0.1065042050482311,0.3190038735004051,0.0262195227899106,64.95571689015017,1571.657528968898,372,287,85,416,44,0.04,0.3,0.000625,1.0,1e-08,1e+18,False,False,False,False,12,1.1,15.0,12.166654445105245,4.659408923689259,63.53739441394444,51.53583481178815,study_results/v4p2_followups_20260806/pseudo65/gp_window_ensemble_20260806/runs/window_3p0/draw_01/attempt_01/results_single.csv,1,1,1,1,single_attempt_outside_55_75MeV,False,,,,,,,window_3p0,1
2021,0.234,0.0062286715,0.219985489125,0.248014510875,48395595.20414742,1.64,0.22378497874,0.24421502126,0.02043004252,0.0,1.0,8000,0.000125,True,2709.1527073799234,7.768402419383287e-06,0.4999655646006563,8.631674575031098e-05,-13.290669189694304,1651.5573735700405,True,tilde_q_mu,asymptotic,default,sidak_approx,observed,8**2 * RBF(length_scale=0.318),0.0288971675048537,0.394052284157097,0.1067098629975592,0.3183011283084456,0.0262701522771398,64.00440762167683,1567.8799998233435,371,288,83,416,45,0.04,0.3,0.000625,1.0,1e-08,1e+18,False,False,False,False,12,1.1,15.0,12.116455395861186,4.639378959839796,63.26425854326993,51.10257111945068,study_results/v4p2_followups_20260806/pseudo65/gp_window_ensemble_20260806/runs/window_3p0/draw_01/attempt_01/results_single.csv,1,1,1,1,single_attempt_outside_55_75MeV,False,,,,,,,window_3p0,1
2021,0.235,0.006267571875,0.22089796328125,0.2491020367187499,47012739.219878465,1.64,0.2247211821249999,0.245278817875,0.02055763575,0.0,1.0,8000,0.000125,True,2636.0651997141076,7.748054220962675e-06,0.5,0.0,-113.83125325869813,1643.112710878054,True,tilde_q_mu,asymptotic,default,sidak_approx,observed,8.02**2 * RBF(length_scale=0.319),0.0289531662310341,0.394815903150465,0.1069166519985136,0.3185360519319874,0.026321060210031,64.28175174049017,1565.1117033277592,370,289,81,416,46,0.04,0.3,0.000625,1.0,1e-08,1e+18,False,False,False,False,12,1.1,15.0,12.101946099063015,4.619518819803578,62.993438451866965,50.82287978260918,study_results/v4p2_followups_20260806/pseudo65/gp_window_ensemble_20260806/runs/window_3p0/draw_01/attempt_01/results_single.csv,1,1,1,1,single_attempt_outside_55_75MeV,False,,,,,,,window_3p0,1
2021,0.236,0.006306644,0.2218100509999999,0.2501899489999999,45679826.44124699,1.64,0.2256571038399999,0.24634289616,0.02068579232,0.0,1.0,8000,0.000125,True,2637.869300368657,7.945783864212532e-06,0.5,0.0,-59.270260003609486,1625.0689334957806,True,tilde_q_mu,asymptotic,default,sidak_approx,observed,7.99**2 * RBF(length_scale=0.318),0.0290094672713634,0.3955836446095018,0.1071245573684485,0.3181463092060781,0.0263722429739667,63.77234196278086,1569.5007558940592,371,291,80,416,45,0.04,0.3,0.000625,1.0,1e-08,1e+18,False,False,False,False,12,1.1,15.0,12.063680344524906,4.599826353186174,62.7249048161751,50.446213422872475,study_results/v4p2_followups_20260806/pseudo65/gp_window_ensemble_20260806/runs/window_3p0/draw_01/attempt_01/results_single.csv,1,1,1,1,single_attempt_outside_55_75MeV,False,,,,,,,window_3p0,1
2021,0.237,0.006345887875,0.22272175228125,0.25127824771875,44384391.87212218,1.64,0.226592743885,0.2474072561149999,0.0208145122299999,0.0,1.0,8000,0.000125,True,2729.6816720727907,8.426617986448865e-06,0.4740150112950624,0.0651808319101066,105.06395079350013,1619.3823624684253,True,tilde_q_mu,asymptotic,default,sidak_approx,observed,7.95**2 * RBF(length_scale=0.318),0.0290660667166324,0.3963554552268056,0.1073335646716512,0.3176379559263301,0.0264236970151203,63.18333028465345,1567.8231400056006,370,292,78,416,46,0.04,0.3,0.000625,1.0,1e-08,1e+18,False,False,False,False,12,1.1,15.0,12.020950578738807,4.580299445746575,62.458628805635115,50.05413933922212,study_results/v4p2_followups_20260806/pseudo65/gp_window_ensemble_20260806/runs/window_3p0/draw_01/attempt_01/results_single.csv,1,1,1,1,single_attempt_outside_55_75MeV,False,,,,,,,window_3p0,1
2021,0.238,0.0063853035,0.223633067125,0.252366932875,43150069.97440755,1.64,0.2275281022599999,0.24847189774,0.02094379548,0.0,1.0,8000,0.000125,True,2754.943813171692,8.711124215207886e-06,0.4579469402895672,0.1056073655412662,169.1585923310985,1610.1920719419522,True,tilde_q_mu,asymptotic,default,sidak_approx,observed,7.95**2 * RBF(length_scale=0.318),0.0291229607231004,0.3971312825877338,0.1075436597141695,0.3175816952762862,0.0264754188391822,63.141676115293905,1568.7913858711354,370,294,76,416,46,0.04,0.3,0.000625,1.0,1e-08,1e+18,False,False,False,False,12,1.1,15.0,11.995341686768018,4.560936018640379,62.1945820723688,49.73635086825336,study_results/v4p2_followups_20260806/pseudo65/gp_window_ensemble_20260806/runs/window_3p0/draw_01/attempt_01/results_single.csv,1,1,1,1,single_attempt_outside_55_75MeV,False,,,,,,,window_3p0,1
2021,0.239,0.006424890875,0.2245439955312499,0.25345600446875,41910564.95451811,1.64,0.2284631789649999,0.249536821035,0.02107364207,0.0,1.0,8000,0.000125,True,2718.0793854454614,8.811719068828264e-06,0.4699334875488187,0.0754370580990544,120.86960085125588,1606.4061532133194,True,tilde_q_mu,asymptotic,default,sidak_approx,observed,7.96**2 * RBF(length_scale=0.318),0.0291801455111333,0.3979110751518178,0.1077548285387784,0.3178062884693655,0.0265274050101211,63.38711521716208,1565.291019229834,369,295,74,416,47,0.04,0.3,0.000625,1.0,1e-08,1e+18,False,False,False,False,12,1.1,15.0,11.980300687086078,4.541734027682346,61.9327367411229,49.4648539021864,study_results/v4p2_followups_20260806/pseudo65/gp_window_ensemble_20260806/runs/window_3p0/draw_01/attempt_01/results_single.csv,1,1,1,1,single_attempt_outside_55_75MeV,False,,,,,,,window_3p0,1
2021,0.24,0.00646465,0.2254545375,0.2545454625,40722504.22475857,1.64,0.229397974,0.250602026,0.0212040519999999,0.0,1.0,8000,0.000125,True,2699.240430222916,8.968416595265539e-06,0.4673941518413654,0.0818219466529296,129.57857198431148,1592.1973374145052,True,tilde_q_mu,asymptotic,default,sidak_approx,observed,7.95**2 * RBF(length_scale=0.318),0.0292376173638717,0.3986947822346143,0.1079670574200659,0.3176171457473777,0.0265796521489742,63.12391275458522,1569.795056276536,370,297,73,416,46,0.04,0.3,0.000625,1.0,1e-08,1e+18,False,False,False,False,12,1.1,15.0,11.94963515576462,4.522691462627012,61.673065399459254,49.13137536407659,study_results/v4p2_followups_20260806/pseudo65/gp_window_ensemble_20260806/runs/window_3p0/draw_01/attempt_01/results_single.csv,1,1,1,1,single_attempt_outside_55_75MeV,False,,,,,,,window_3p0,1
2021,0.241,0.006504580875,0.2263646930312499,0.25563530696875,39555789.66735767,1.64,0.230332487365,0.251667512635,0.0213350252699999,0.0,1.0,8000,0.000125,True,2771.9433050834778,9.44228628581306e-06,0.4378212340027956,0.1564954974849158,248.36665671337633,1589.4344072032377,True,tilde_q_mu,asymptotic,default,sidak_approx,observed,7.97**2 * RBF(length_scale=0.318),0.0292953726259335,0.3994823539900027,0.1081803328596386,0.3178410771845828,0.0266321569326668,63.45877032080858,1566.7396574848651,369,298,71,416,47,0.04,0.3,0.000625,1.0,1e-08,1e+18,False,False,False,False,12,1.1,15.0,11.934484990763956,4.503806346467102,61.41554108818776,48.86419022110827,study_results/v4p2_followups_20260806/pseudo65/gp_window_ensemble_20260806/runs/window_3p0/draw_01/attempt_01/results_single.csv,1,1,1,1,single_attempt_outside_55_75MeV,False,,,,,,,window_3p0,1
2021,0.242,0.0065446835,0.227274462125,0.256725537875,38433549.77614895,1.64,0.23126671906,0.2527332809399999,0.0214665618799999,0.0,1.0,8000,0.000125,True,2901.338545428685,1.01296039501402e-05,0.3863933382241027,0.2887317337310852,457.4164894643412,1582.73902308247,True,tilde_q_mu,asymptotic,default,sidak_approx,observed,7.94**2 * RBF(length_scale=0.318),0.0293534077021493,0.4002737413929458,0.1083946415814538,0.3175175633895285,0.026684916092863,63.119273260842945,1568.2772109201333,369,300,69,416,47,0.04,0.3,0.000625,1.0,1e-08,1e+18,False,False,False,False,12,1.1,15.0,11.898765665388373,4.4850767347495655,61.16013729203953,48.515342780063925,study_results/v4p2_followups_20260806/pseudo65/gp_window_ensemble_20260806/runs/window_3p0/draw_01/attempt_01/results_single.csv,1,1,1,1,single_attempt_outside_55_75MeV,False,,,,,,,window_3p0,1
2021,0.243,0.006584957875,0.22818384478125,0.25781615521875,37332878.58161166,1.64,0.232200669085,0.253799330915,0.02159866183,0.0,1.0,8000,0.000125,True,2949.473579656017,1.0557635910218437e-05,0.3682088610694322,0.3366009736363064,532.7653191581005,1580.6003543794218,True,tilde_q_mu,asymptotic,default,sidak_approx,observed,7.96**2 * RBF(length_scale=0.318),0.0294117190563266,0.4010688962226361,0.108609970527255,0.3177110748375337,0.0267379264148424,63.361562448259654,1564.597433814719,368,301,67,416,48,0.04,0.3,0.000625,1.0,1e-08,1e+18,False,False,False,False,12,1.1,15.0,11.882412641436929,4.466500714908013,60.90682793056381,48.248004143463675,study_results/v4p2_followups_20260806/pseudo65/gp_window_ensemble_20260806/runs/window_3p0/draw_01/attempt_01/results_single.csv,1,1,1,1,single_attempt_outside_55_75MeV,False,,,,,,,window_3p0,1
2021,0.244,0.006625404,0.229092841,0.258907159,36240747.78783116,1.64,0.23313433744,0.25486566256,0.0217313251199999,0.0,1.0,8000,0.000125,True,3086.8783294842815,1.1335807371333898e-05,0.3136176015317125,0.485621989110747,759.279305515243,1565.6109540793934,True,tilde_q_mu,asymptotic,default,sidak_approx,observed,8.01**2 * RBF(length_scale=0.318),0.029470303210048,0.4018677710461094,0.1088263068521347,0.3182031521240981,0.0267911847364072,64.15409938574642,1569.6894055712642,369,303,66,416,47,0.04,0.3,0.000625,1.0,1e-08,1e+18,False,False,False,False,12,1.1,15.0,11.877158671959847,4.448076405612099,60.65558734925589,48.02773568586884,study_results/v4p2_followups_20260806/pseudo65/gp_window_ensemble_20260806/runs/window_3p0/draw_01/attempt_01/results_single.csv,1,1,1,1,single_attempt_outside_55_75MeV,False,,,,,,,window_3p0,1
2021,0.245,0.006666021875,0.23000145078125,0.25999854921875,35231160.94273463,1.64,0.234067724125,0.255932275875,0.02186455175,0.0,1.0,8000,0.000125,True,3276.5023520136483,1.232643152194711e-05,0.2571654187817603,0.6521090325089219,1017.8293572590596,1562.6844381053725,True,tilde_q_mu,asymptotic,default,sidak_approx,observed,8.03**2 * RBF(length_scale=0.318),0.0295291567414944,0.4026703192021974,0.1090436379201891,0.3183271217775617,0.0268446879468131,64.46835610132466,1569.0465223080705,368,304,64,416,48,0.04,0.3,0.000625,1.0,1e-08,1e+18,False,False,False,False,12,1.1,15.0,11.858104754588949,4.429801956132116,60.40639031089249,47.75368694354332,study_results/v4p2_followups_20260806/pseudo65/gp_window_ensemble_20260806/runs/window_3p0/draw_01/attempt_01/results_single.csv,1,1,1,1,single_attempt_outside_55_75MeV,False,,,,,,,window_3p0,1
2021,0.246,0.0067068115,0.230909674125,0.261090325875,34231611.46534635,1.64,0.23500082914,0.25699917086,0.02199834172,0.0,1.0,8000,0.000125,True,3429.089045405827,1.322318986018554e-05,0.2167011503624877,0.7833828898151709,1220.2194931499446,1558.8375675455698,True,tilde_q_mu,asymptotic,default,sidak_approx,observed,8.05**2 * RBF(length_scale=0.318),0.0295882762843003,0.4034764947859137,0.1092619513002888,0.3184701122745826,0.0268984329857275,64.73739229956561,1565.5798844867222,367,305,62,416,49,0.04,0.3,0.000625,1.0,1e-08,1e+18,False,False,False,False,12,1.1,15.0,11.83972733443484,4.411675545719503,60.159211987084134,47.484577772102675,study_results/v4p2_followups_20260806/pseudo65/gp_window_ensemble_20260806/runs/window_3p0/draw_01/attempt_01/results_single.csv,1,1,1,1,single_attempt_outside_55_75MeV,False,,,,,,,window_3p0,1
2021,0.247,0.006747772875,0.23181751103125,0.26218248896875,33240766.184267055,1.64,0.235933652485,0.258066347515,0.02213269503,0.0,1.0,8000,0.000125,True,3658.835891737373,1.4470877728477372e-05,0.1599831568315823,0.9945271102357636,1531.3932651197542,1541.8338549163273,True,tilde_q_mu,asymptotic,default,sidak_approx,observed,8.06**2 * RBF(length_scale=0.318),0.0296476585264336,0.4042862526331858,0.1094812347619452,0.3184384674193631,0.0269524168422123,65.01947037602511,1570.246038995169,368,307,61,416,48,0.04,0.3,0.000625,1.0,1e-08,1e+18,False,False,False,False,12,1.1,15.0,11.814839065587265,4.393695383001999,59.91402795002726,47.19163986671129,study_results/v4p2_followups_20260806/pseudo65/gp_window_ensemble_20260806/runs/window_3p0/draw_01/attempt_01/results_single.csv,1,1,1,1,single_attempt_outside_55_75MeV,False,,,,,,,window_3p0,1
2021,0.248,0.006788906,0.2327249615,0.2632750385,32306957.309929177,1.64,0.23686619416,0.25913380584,0.02226761168,0.0,1.0,8000,0.000125,True,3805.238350590392,1.542247406156488e-05,0.1320368304259329,1.1168144693686566,1713.7572027372928,1535.962313426055,True,tilde_q_mu,asymptotic,default,sidak_approx,observed,8.09**2 * RBF(length_scale=0.319),0.0297073002091074,0.4050995483060104,0.1097014762712903,0.3187006428431339,0.027006636553734,65.48024202071376,1566.6040805934508,367,308,59,416,49,0.04,0.3,0.000625,1.0,1e-08,1e+18,False,False,False,False,12,1.1,15.0,11.800826889680538,4.375859705393982,59.67081416446339,46.94432988807532,study_results/v4p2_followups_20260806/pseudo65/gp_window_ensemble_20260806/runs/window_3p0/draw_01/attempt_01/results_single.csv,1,1,1,1,single_attempt_outside_55_75MeV,False,,,,,,,window_3p0,1
2021,0.249,0.006830210875,0.23363202553125,0.26436797446875,31367919.80580777,1.64,0.237798454165,0.260201545835,0.0224030916699999,0.0,1.0,8000,0.000125,True,3878.6811042371855,1.612571315927962e-05,0.1163347062846655,1.19351072959248,1818.49680287261,1524.4721193323478,True,tilde_q_mu,asymptotic,default,sidak_approx,observed,8.1**2 * RBF(length_scale=0.319),0.029767198125712,0.4059163380778918,0.1099226639871329,0.318850545392893,0.0270610892051927,65.55491929837669,1565.0516584010584,367,310,57,416,49,0.04,0.3,0.000625,1.0,1e-08,1e+18,False,False,False,False,12,1.1,15.0,11.782620535898769,4.358166778520153,59.429546979820266,46.682386712239385,study_results/v4p2_followups_20260806/pseudo65/gp_window_ensemble_20260806/runs/window_3p0/draw_01/attempt_01/results_single.csv,1,1,1,1,single_attempt_outside_55_75MeV,False,,,,,,,window_3p0,1
2021,0.25,0.0068716875,0.234538703125,0.265461296875,30463229.35640608,1.64,0.2387304325,0.2612695675,0.022539135,0.0,1.0,8000,0.000125,True,3888.4624293317183,1.6579898984679973e-05,0.1123211486768097,1.214276130578595,1842.1744440681437,1516.7537981735995,True,tilde_q_mu,asymptotic,default,sidak_approx,observed,8.05**2 * RBF(length_scale=0.319),0.0298273491207752,0.4067365789196631,0.1101447862571196,0.3185333413041556,0.0271157719279775,64.8258986294672,1563.80504095226,366,311,55,416,50,0.04,0.3,0.000625,1.0,1e-08,1e+18,False,False,False,False,12,1.1,15.0,11.74716110425383,4.3406148956534025,59.19020312254639,46.35445679160404,study_results/v4p2_followups_20260806/pseudo65/gp_window_ensemble_20260806/runs/window_3p0/draw_01/attempt_01/results_single.csv,1,1,1,1,single_attempt_outside_55_75MeV,False,,,,,,,window_3p0,1
2021,0.05,0.0019941875,0.045513078125,0.054486921875,432274745.5035101,1.64,0.0467295325,0.0532704675,0.0065409349999999,0.0,1.0,8000,0.000125,True,20813.805642498857,3.127098410308063e-05,0.0009347833423748,3.11020637784192,14714.681993616496,4738.85527567443,True,tilde_q_mu,asymptotic,default,sidak_approx,observed,7.19**2 * RBF(length_scale=0.324),0.0430198208653474,0.586633920891102,0.1588612167593829,0.3237462741659992,0.0391089280594068,51.732076932886294,1678.2956518342237,402,9,393,416,14,0.04,0.3,0.000625,1.0,1e-08,1e+18,False,False,False,False,12,1.1,15.0,8.278065654835281,21.57260581833327,294.1718975227264,162.34495210004033,study_results/v4p2_followups_20260806/pseudo65/gp_window_ensemble_20260806/runs/window_3p0/draw_02/attempt_01/results_single.csv,1,1,1,1,single_attempt_outside_55_75MeV,False,,,,,,,window_3p0,2
2021,0.051,0.002001485875,0.04649665678125,0.0555033432187499,505722115.71658146,1.64,0.047717563165,0.0542824368349999,0.0065648736699999,0.0,1.0,8000,0.000125,True,15956.583380977669,2.0089896796694028e-05,0.0261695803750663,1.9403335977538687,9544.15491464957,4936.696055900627,True,tilde_q_mu,asymptotic,default,sidak_approx,observed,7.17**2 * RBF(length_scale=0.324),0.0423437473933882,0.5774147371825666,0.1563646500091317,0.3239819824381935,0.0384943158121711,51.342924036779245,1672.189199944068,401,10,391,416,15,0.04,0.3,0.000625,1.0,1e-08,1e+18,False,False,False,False,12,1.1,15.0,8.416359028668776,21.15615599504954,288.4930362961301,161.8707313826002,study_results/v4p2_followups_20260806/pseudo65/gp_window_ensemble_20260806/runs/window_3p0/draw_02/attempt_01/results_single.csv,1,1,1,1,single_attempt_outside_55_75MeV,False,,,,,,,window_3p0,2
2021,0.052,0.002008956,0.047479849,0.056520151,582496150.2912881,1.64,0.04870531216,0.0552946878399999,0.0065893756799999,0.0,1.0,8000,0.000125,True,7399.47112765602,7.93275787512443e-06,0.5,0.0,-1321.5072566987044,4949.311592952718,True,tilde_q_mu,asymptotic,default,sidak_approx,observed,7.47**2 * RBF(length_scale=0.319),0.0416967826910809,0.5685924912420126,0.1539755745145915,0.3186488065402822,0.0379061660828008,55.84800175858253,1670.1299182237278,402,12,390,416,14,0.04,0.3,0.000625,1.0,1e-08,1e+18,False,False,False,False,12,1.1,15.0,8.406252582871016,20.75544844739304,283.02884246445046,158.6141291995854,study_results/v4p2_followups_20260806/pseudo65/gp_window_ensemble_20260806/runs/window_3p0/draw_02/attempt_01/results_single.csv,1,1,1,1,single_attempt_outside_55_75MeV,False,,,,,,,window_3p0,2
2021,0.053,0.002016597875,0.0484626547812499,0.05753734521875,661992830.0519445,1.64,0.049692779485,0.056307220515,0.00661444103,0.0,1.0,8000,0.000125,True,5786.994745635149,5.356040531016531e-06,0.5,0.0,-7481.158122908337,5089.212894875722,True,tilde_q_mu,asymptotic,default,sidak_approx,observed,7.5**2 * RBF(length_scale=0.318),0.0410773062694674,0.5601450854927381,0.1516880062237032,0.3180878389867685,0.0373430056995158,56.32033129156541,1666.2554697935211,402,14,388,416,14,0.04,0.3,0.000625,1.0,1e-08,1e+18,False,False,False,False,12,1.1,15.0,8.518003118074995,20.369607039017364,277.76736871387317,157.73488752028388,study_results/v4p2_followups_20260806/pseudo65/gp_window_ensemble_20260806/runs/window_3p0/draw_02/attempt_01/results_single.csv,1,1,1,1,single_attempt_outside_55_75MeV,False,,,,,,,window_3p0,2
2021,0.054,0.0020244115,0.049445074125,0.058554925875,743432117.467634,1.64,0.05067996514,0.05732003486,0.00664006972,0.0,1.0,8000,0.000125,True,5525.9267476133755,4.469819300004962e-06,0.5,0.0,-13038.072481369029,5491.927359528511,True,tilde_q_mu,asymptotic,default,sidak_approx,observed,7.35**2 * RBF(length_scale=0.316),0.0404838157112043,0.552052032425514,0.1494963970927404,0.3162109922626607,0.0368034688283676,54.04466152163991,1660.463951099582,401,15,386,416,15,0.04,0.3,0.000625,1.0,1e-08,1e+18,False,False,False,False,12,1.1,15.0,8.591880122422854,19.99781947059892,272.6975382354398,156.19897054658142,study_results/v4p2_followups_20260806/pseudo65/gp_window_ensemble_20260806/runs/window_3p0/draw_02/attempt_01/results_single.csv,1,1,1,1,single_attempt_outside_55_75MeV,False,,,,,,,window_3p0,2
2021,0.055,0.002032396875,0.05042710703125,0.05957289296875,825863093.242175,1.64,0.051666869125,0.058333130875,0.0066662617499999,0.0,1.0,8000,0.000125,True,5597.932152451962,4.001997422019638e-06,0.5,0.0,-13204.61084134562,5575.547005254539,True,tilde_q_mu,asymptotic,default,sidak_approx,observed,7.35**2 * RBF(length_scale=0.318),0.0399149161083646,0.5442943105686093,0.1473955960828078,0.3181438603524184,0.0362862873712406,54.05745576324075,1666.5080436978458,402,17,385,416,14,0.04,0.3,0.000625,1.0,1e-08,1e+18,False,False,False,False,12,1.1,15.0,8.767605710044872,19.639331569216612,267.8090668529538,156.53628691611644,study_results/v4p2_followups_20260806/pseudo65/gp_window_ensemble_20260806/runs/window_3p0/draw_02/attempt_01/results_single.csv,3,3,2,2,resolved_reproduced_max_lml,False,attempt_01_full,False,1666.5080436978458,1184.519169618444,study_results/v4p2_followups_20260806/pseudo65/gp_window_ensemble_20260806/runs/window_3p0/draw_02/attempt_01/results_single.csv|study_results/v4p2_followups_20260806/pseudo65/gp_window_ensemble_20260806/central_repeat/window_3p0/draw_02/attempt_02/results_single.csv|study_results/v4p2_followups_20260806/pseudo65/gp_window_ensemble_20260806/central_repairs/window_3p0/draw_02/m055/attempt_03/results_single.csv,1666.5080437|1184.51916962|1666.50804339,window_3p0,2
2021,0.056,0.002040554,0.0514087535,0.0605912465,908307770.0832896,1.64,0.05265349144,0.05934650856,0.00669301712,0.0,1.0,8000,0.000125,True,6606.078864427387,4.21737888900462e-06,0.4999311292015692,0.0001726334915006,-8813.021101443452,5846.1726402849745,True,tilde_q_mu,asymptotic,default,sidak_approx,observed,7.4**2 * RBF(length_scale=0.318),0.0393693106142212,0.5368542356484718,0.1453808142699889,0.31820577708773,0.0357902823765647,54.69665112322882,1660.3163772518049,401,18,383,416,15,0.04,0.3,0.000625,1.0,1e-08,1e+18,False,False,False,False,12,1.1,15.0,8.890842875721173,19.293442180026243,263.0923933639942,155.94087541311333,study_results/v4p2_followups_20260806/pseudo65/gp_window_ensemble_20260806/runs/window_3p0/draw_02/attempt_01/results_single.csv,2,2,1,2,stable_reproduced,False,attempt_01_full,False,1660.3163772518049,1660.3163772273483,study_results/v4p2_followups_20260806/pseudo65/gp_window_ensemble_20260806/runs/window_3p0/draw_02/attempt_01/results_single.csv|study_results/v4p2_followups_20260806/pseudo65/gp_window_ensemble_20260806/central_repeat/window_3p0/draw_02/attempt_02/results_single.csv,1660.31637725|1660.31637723,window_3p0,2
2021,0.057,0.002048882875,0.05239001353125,0.06160998646875,990460141.6865388,1.64,0.053639832085,0.060360167915,0.0067203358299999,0.0,1.0,8000,0.000125,True,8887.937385081268,5.11221428448405e-06,0.5,0.0,-1433.653758232371,5889.284728468891,True,tilde_q_mu,asymptotic,default,sidak_approx,observed,7.63**2 * RBF(length_scale=0.319),0.0388457919743114,0.5297153451042469,0.1434475935717297,0.3185421151442742,0.0353143563402831,58.188927117257585,1657.337396116313,401,20,381,416,15,0.04,0.3,0.000625,1.0,1e-08,1e+18,False,False,False,False,12,1.1,15.0,9.020187486212594,18.959498587400432,258.53861710091496,155.47111991175885,study_results/v4p2_followups_20260806/pseudo65/gp_window_ensemble_20260806/central_repeat/window_3p0/draw_02/attempt_02/results_single.csv,2,2,1,2,stable_reproduced,False,attempt_02_55_75MeV,False,1657.3373953703888,1657.337396116313,study_results/v4p2_followups_20260806/pseudo65/gp_window_ensemble_20260806/runs/window_3p0/draw_02/attempt_01/results_single.csv|study_results/v4p2_followups_20260806/pseudo65/gp_window_ensemble_20260806/central_repeat/window_3p0/draw_02/attempt_02/results_single.csv,1657.33739537|1657.33739612,window_3p0,2
2021,0.058,0.0020573835,0.053370887125,0.062629112875,1071545371.3038446,1.64,0.05462589106,0.06137410894,0.00674821788,0.0,1.0,8000,0.000125,True,15126.41259891184,7.903460847465509e-06,0.1223657847698518,1.1632414104538882,6988.912936326846,6008.966086410567,True,tilde_q_mu,asymptotic,default,sidak_approx,observed,7.55**2 * RBF(length_scale=0.314),0.0383432349203511,0.5228622943684247,0.1415917786595051,0.3144182601507582,0.0348574862912283,56.92704691829096,1657.164146383447,401,21,380,416,15,0.04,0.3,0.000625,1.0,1e-08,1e+18,False,False,False,False,12,1.1,15.0,9.02010711626902,18.63689240258374,254.13944185341464,152.82433253244145,study_results/v4p2_followups_20260806/pseudo65/gp_window_ensemble_20260806/central_repeat/window_3p0/draw_02/attempt_02/results_single.csv,2,2,1,2,stable_reproduced,False,attempt_02_55_75MeV,False,1657.1641451814387,1657.164146383447,study_results/v4p2_followups_20260806/pseudo65/gp_window_ensemble_20260806/runs/window_3p0/draw_02/attempt_01/results_single.csv|study_results/v4p2_followups_20260806/pseudo65/gp_window_ensemble_20260806/central_repeat/window_3p0/draw_02/attempt_02/results_single.csv,1657.16414518|1657.16414638,window_3p0,2
2021,0.059,0.002066055875,0.0543513742812499,0.0636486257187499,1150889904.126247,1.64,0.055611668365,0.0623883316349999,0.0067766632699999,0.0,1.0,8000,0.000125,True,18777.609088891037,8.97996044660654e-06,0.0369277052804635,1.787508060197064,10859.128289528451,6077.5674076618125,True,tilde_q_mu,asymptotic,default,sidak_approx,observed,7.5**2 * RBF(length_scale=0.315),0.0378605893261601,0.516280763538548,0.139809491685398,0.3149028364085999,0.0344187175692365,56.291053761962054,1655.5658954160792,401,23,378,416,15,0.04,0.3,0.000625,1.0,1e-08,1e+18,False,False,False,False,12,1.1,15.0,9.149174014840698,18.325055863341635,249.88712540920412,152.4173862958086,study_results/v4p2_followups_20260806/pseudo65/gp_window_ensemble_20260806/runs/window_3p0/draw_02/attempt_01/results_single.csv,2,2,1,2,stable_reproduced,False,attempt_01_full,False,1655.5658954160792,1655.5658948150792,study_results/v4p2_followups_20260806/pseudo65/gp_window_ensemble_20260806/runs/window_3p0/draw_02/attempt_01/results_single.csv|study_results/v4p2_followups_20260806/pseudo65/gp_window_ensemble_20260806/central_repeat/window_3p0/draw_02/attempt_02/results_single.csv,1655.56589542|1655.56589482,window_3p0,2
2021,0.06,0.0020749,0.055331475,0.064668525,1227252813.0441785,1.64,0.056597164,0.063402836,0.006805672,0.0,1.0,8000,0.000125,True,19829.916999511617,8.744913778280905e-06,0.0250157789502075,1.959694076792272,11941.075975589109,6087.03918019948,True,tilde_q_mu,asymptotic,default,sidak_approx,observed,7.56**2 * RBF(length_scale=0.315),0.0373968740379758,0.5099573732451246,0.1380971094990222,0.3148877083178937,0.0339971582163416,57.11539322049974,1660.3912044711662,402,25,377,416,14,0.04,0.3,0.000625,1.0,1e-08,1e+18,False,False,False,False,12,1.1,15.0,9.26217733594376,18.023458498229218,245.77443406676204,151.7604261978378,study_results/v4p2_followups_20260806/pseudo65/gp_window_ensemble_20260806/runs/window_3p0/draw_02/attempt_01/results_single.csv,2,2,1,2,stable_reproduced,False,attempt_01_full,False,1660.3912044711662,1660.3912044489318,study_results/v4p2_followups_20260806/pseudo65/gp_window_ensemble_20260806/runs/window_3p0/draw_02/attempt_01/results_single.csv|study_results/v4p2_followups_20260806/pseudo65/gp_window_ensemble_20260806/central_repeat/window_3p0/draw_02/attempt_02/results_single.csv,1660.39120447|1660.39120445,window_3p0,2
2021,0.061,0.002083915875,0.05631118928125,0.06568881071875,1300256805.7648072,1.64,0.057582377965,0.064417622035,0.0068352440699999,0.0,1.0,8000,0.000125,True,18281.226426317113,7.484560084415451e-06,0.0585278612373615,1.567252332538689,9939.303745815678,6342.973627038993,True,tilde_q_mu,asymptotic,default,sidak_approx,observed,7.54**2 * RBF(length_scale=0.314),0.0369511713028735,0.5038796086755482,0.136451243073103,0.3143828754792542,0.0335919739117032,56.84086284366069,1654.2413138529275,401,26,375,416,15,0.04,0.3,0.000625,1.0,1e-08,1e+18,False,False,False,False,12,1.1,15.0,9.358868767450591,17.731604114236877,241.7946015577755,150.8615963104817,study_results/v4p2_followups_20260806/pseudo65/gp_window_ensemble_20260806/runs/window_3p0/draw_02/attempt_01/results_single.csv,2,2,1,2,stable_reproduced,False,attempt_01_full,False,1654.2413138529275,1654.2413132310546,study_results/v4p2_followups_20260806/pseudo65/gp_window_ensemble_20260806/runs/window_3p0/draw_02/attempt_01/results_single.csv|study_results/v4p2_followups_20260806/pseudo65/gp_window_ensemble_20260806/central_repeat/window_3p0/draw_02/attempt_02/results_single.csv,1654.24131385|1654.24131323,window_3p0,2
2021,0.062,0.0020931035,0.057290517125,0.066709482875,1369627573.2157946,1.64,0.05856731026,0.06543268974,0.0068653794799999,0.0,1.0,8000,0.000125,True,13008.348464474411,4.974482462915197e-06,0.2827883328988374,0.5745781014111805,3671.384711402254,6387.782825335335,True,tilde_q_mu,asymptotic,default,sidak_approx,observed,7.81**2 * RBF(length_scale=0.318),0.0365226217287332,0.4980357508463617,0.1348687188919183,0.3181098014795898,0.0332023833897574,60.97924131185962,1652.4118999795617,401,28,373,416,15,0.04,0.3,0.000625,1.0,1e-08,1e+18,False,False,False,False,12,1.1,15.0,9.580932722369656,17.449028071824063,237.9412918885099,151.97996729716894,study_results/v4p2_followups_20260806/pseudo65/gp_window_ensemble_20260806/runs/window_3p0/draw_02/attempt_01/results_single.csv,2,2,1,2,stable_reproduced,False,attempt_01_full,False,1652.4118999795617,1652.4118998070169,study_results/v4p2_followups_20260806/pseudo65/gp_window_ensemble_20260806/runs/window_3p0/draw_02/attempt_01/results_single.csv|study_results/v4p2_followups_20260806/pseudo65/gp_window_ensemble_20260806/central_repeat/window_3p0/draw_02/attempt_02/results_single.csv,1652.41189998|1652.41189981,window_3p0,2
2021,0.063,0.002102462875,0.05826945853125,0.06773054146875,1435296529.9367187,1.64,0.059551960885,0.066448039115,0.0068960782299999,0.0,1.0,8000,0.000125,True,8933.237381336283,3.208090508096878e-06,0.5,0.0,-3710.552351936584,6501.856963468574,True,tilde_q_mu,asymptotic,default,sidak_approx,observed,7.78**2 * RBF(length_scale=0.316),0.0361104197174945,0.4924148143294715,0.133346562087477,0.3162361002651156,0.0328276542886314,60.49538994502578,1653.809403241012,401,29,372,416,15,0.04,0.3,0.000625,1.0,1e-08,1e+18,False,False,False,False,12,1.1,15.0,9.63322257157532,17.17529481584524,234.20856567061688,150.41221608496446,study_results/v4p2_followups_20260806/pseudo65/gp_window_ensemble_20260806/central_repeat/window_3p0/draw_02/attempt_02/results_single.csv,2,2,1,2,stable_reproduced,False,attempt_02_55_75MeV,False,1653.8094016175498,1653.809403241012,study_results/v4p2_followups_20260806/pseudo65/gp_window_ensemble_20260806/runs/window_3p0/draw_02/attempt_01/results_single.csv|study_results/v4p2_followups_20260806/pseudo65/gp_window_ensemble_20260806/central_repeat/window_3p0/draw_02/attempt_02/results_single.csv,1653.80940162|1653.80940324,window_3p0,2
2021,0.064,0.002111994,0.0592480135,0.0687519865,1495960581.3190005,1.64,0.06053632984,0.06746367016,0.00692734032,0.0,1.0,8000,0.000125,True,7404.221740068658,2.511303572833212e-06,0.4999026019832914,0.000244140625,-9945.729315953264,6546.4417680293045,True,tilde_q_mu,asymptotic,default,sidak_approx,observed,7.72**2 * RBF(length_scale=0.315),0.0357138093206567,0.4870064907362281,0.1318819811349368,0.3147780565538841,0.0324670993824152,59.67502353414822,1652.6109895264342,401,31,370,416,15,0.04,0.3,0.000625,1.0,1e-08,1e+18,False,False,False,False,12,1.1,15.0,9.695293467588725,16.909995634768247,230.59084956502153,149.04306383156583,study_results/v4p2_followups_20260806/pseudo65/gp_window_ensemble_20260806/central_repeat/window_3p0/draw_02/attempt_02/results_single.csv,2,2,1,2,stable_reproduced,False,attempt_02_55_75MeV,False,1652.6109888232695,1652.6109895264342,study_results/v4p2_followups_20260806/pseudo65/gp_window_ensemble_20260806/runs/window_3p0/draw_02/attempt_01/results_single.csv|study_results/v4p2_followups_20260806/pseudo65/gp_window_ensemble_20260806/central_repeat/window_3p0/draw_02/attempt_02/results_single.csv,1652.61098882|1652.61098953,window_3p0,2
2021,0.065,0.002121696875,0.06022618203125,0.06977381796875,1551761325.535175,1.64,0.061520417125,0.068479582875,0.0069591657499999,0.0,1.0,8000,0.000125,True,7317.578752408181,2.355857658278869e-06,0.5,0.0,-10914.06937651985,6610.018493330975,True,tilde_q_mu,asymptotic,default,sidak_approx,observed,7.98**2 * RBF(length_scale=0.318),0.0353320804721528,0.4818010973475384,0.1304723539415717,0.3184475745353967,0.0321200731565025,63.61438047643499,1648.4235328882608,400,32,368,416,16,0.04,0.3,0.000625,1.0,1e-08,1e+18,False,False,False,False,12,1.1,15.0,9.914285468273553,16.652746623927047,227.08290850809607,150.09098532767396,study_results/v4p2_followups_20260806/pseudo65/gp_window_ensemble_20260806/runs/window_3p0/draw_02/attempt_01/results_single.csv,2,2,1,2,stable_reproduced,False,attempt_01_full,False,1648.4235328882608,1648.4235328282482,study_results/v4p2_followups_20260806/pseudo65/gp_window_ensemble_20260806/runs/window_3p0/draw_02/attempt_01/results_single.csv|study_results/v4p2_followups_20260806/pseudo65/gp_window_ensemble_20260806/central_repeat/window_3p0/draw_02/attempt_02/results_single.csv,1648.42353289|1648.42353283,window_3p0,2
2021,0.066,0.0021315715,0.061203964125,0.070796035875,1602613682.0955906,1.64,0.06250422274,0.06949577726,0.0069915545199999,0.0,1.0,8000,0.000125,True,8008.31574400034,2.4586025521561323e-06,0.5,0.0,-6909.5002408862765,6515.320552205866,True,tilde_q_mu,asymptotic,default,sidak_approx,observed,8.15**2 * RBF(length_scale=0.32),0.0349645655591176,0.4767895303516045,0.1291152151834926,0.3202668281083478,0.0317859686901069,66.4871743067866,1654.8031463876448,401,34,367,416,15,0.04,0.3,0.000625,1.0,1e-08,1e+18,False,False,False,False,12,1.1,15.0,10.075729679052609,16.403186831461046,223.67982042901423,150.24916035345177,study_results/v4p2_followups_20260806/pseudo65/gp_window_ensemble_20260806/runs/window_3p0/draw_02/attempt_01/results_single.csv,2,2,1,2,stable_reproduced,False,attempt_01_full,False,1654.8031463876448,1654.8031460514487,study_results/v4p2_followups_20260806/pseudo65/gp_window_ensemble_20260806/runs/window_3p0/draw_02/attempt_01/results_single.csv|study_results/v4p2_followups_20260806/pseudo65/gp_window_ensemble_20260806/central_repeat/window_3p0/draw_02/attempt_02/results_single.csv,1654.80314639|1654.80314605,window_3p0,2
2021,0.067,0.002141617875,0.06218135978125,0.07181864021875,1648987872.3411746,1.64,0.063487746685,0.070512253315,0.00702450663,0.0,1.0,8000,0.000125,True,10114.629266936356,2.972881694845386e-06,0.5,0.0,-1416.126156057619,6634.171094264835,True,tilde_q_mu,asymptotic,default,sidak_approx,observed,8.05**2 * RBF(length_scale=0.319),0.034610636295701,0.4719632222141046,0.1278082447614374,0.3185797374093008,0.0314642148142736,64.86630788805033,1649.3064441560691,400,35,365,416,16,0.04,0.3,0.000625,1.0,1e-08,1e+18,False,False,False,False,12,1.1,15.0,10.125145003293651,16.16097656810088,220.37695320137564,148.75657376986584,study_results/v4p2_followups_20260806/pseudo65/gp_window_ensemble_20260806/runs/window_3p0/draw_02/attempt_01/results_single.csv,2,2,1,2,stable_reproduced,False,attempt_01_full,False,1649.3064441560691,1649.306443934424,study_results/v4p2_followups_20260806/pseudo65/gp_window_ensemble_20260806/runs/window_3p0/draw_02/attempt_01/results_single.csv|study_results/v4p2_followups_20260806/pseudo65/gp_window_ensemble_20260806/central_repeat/window_3p0/draw_02/attempt_02/results_single.csv,1649.30644416|1649.30644393,window_3p0,2
2021,0.068,0.002151836,0.063158369,0.072841631,1689357838.718421,1.64,0.06447098896,0.07152901104,0.00705802208,0.0,1.0,8000,0.000125,True,15236.587504190726,4.307021782871197e-06,0.1852136023211925,0.8956734307578752,5957.8023902188625,6651.7321667699225,True,tilde_q_mu,asymptotic,default,sidak_approx,observed,8.02**2 * RBF(length_scale=0.319),0.0342697008691363,0.4673141027609495,0.1265492572619316,0.3185653768942403,0.0311542735173966,64.27241790158409,1649.637168683683,400,37,363,416,16,0.04,0.3,0.000625,1.0,1e-08,1e+18,False,False,False,False,12,1.1,15.0,10.2254150370848,15.92579586415336,217.1699436020912,148.04352046077875,study_results/v4p2_followups_20260806/pseudo65/gp_window_ensemble_20260806/runs/window_3p0/draw_02/attempt_01/results_single.csv,2,2,1,2,stable_reproduced,False,attempt_01_full,False,1649.637168683683,1649.637168537179,study_results/v4p2_followups_20260806/pseudo65/gp_window_ensemble_20260806/runs/window_3p0/draw_02/attempt_01/results_single.csv|study_results/v4p2_followups_20260806/pseudo65/gp_window_ensemble_20260806/central_repeat/window_3p0/draw_02/attempt_02/results_single.csv,1649.63716868|1649.63716854,window_3p0,2
2021,0.069,0.002162225875,0.06413499178125,0.07386500821875,1724688273.380575,1.64,0.065453949565,0.072546050435,0.00709210087,0.0,1.0,8000,0.000125,True,19426.632523992343,5.300999288359302e-06,0.0506194174464303,1.6388772101533948,10799.87812049506,6555.282853098456,True,tilde_q_mu,asymptotic,default,sidak_approx,observed,8.16**2 * RBF(length_scale=0.321),0.0339412013307978,0.4628345636017883,0.1253361923231284,0.3213231473676959,0.0308556375734525,66.65087785826495,1654.956434136592,401,39,362,416,15,0.04,0.3,0.000625,1.0,1e-08,1e+18,False,False,False,False,12,1.1,15.0,10.413758153685167,15.697343058942815,214.05467807649293,148.60757661023547,study_results/v4p2_followups_20260806/pseudo65/gp_window_ensemble_20260806/runs/window_3p0/draw_02/attempt_01/results_single.csv,3,3,2,2,resolved_reproduced_max_lml,False,attempt_01_full,False,1654.956434136592,1080.2218391132976,study_results/v4p2_followups_20260806/pseudo65/gp_window_ensemble_20260806/runs/window_3p0/draw_02/attempt_01/results_single.csv|study_results/v4p2_followups_20260806/pseudo65/gp_window_ensemble_20260806/central_repeat/window_3p0/draw_02/attempt_02/results_single.csv|study_results/v4p2_followups_20260806/pseudo65/gp_window_ensemble_20260806/central_repairs/window_3p0/draw_02/m069/attempt_03/results_single.csv,1654.95643414|1080.22183911|1654.9564325,window_3p0,2
2021,0.07,0.0021727875,0.065111228125,0.074888771875,1754564159.5472174,1.64,0.0664366285,0.0735633715,0.0071267429999999,0.0,1.0,8000,0.000125,True,19618.47984713991,5.187020697754792e-06,0.0518663042560471,1.6270211378446553,10873.441880368538,6655.793077554923,True,tilde_q_mu,asymptotic,default,sidak_approx,observed,8.25**2 * RBF(length_scale=0.322),0.0336246112080568,0.4585174255644109,0.1241671058160028,0.321541700075741,0.0305678283709607,68.14437693942898,1649.2021611341063,400,40,360,416,16,0.04,0.3,0.000625,1.0,1e-08,1e+18,False,False,False,False,12,1.1,15.0,10.518957911357678,15.475333509630737,211.02727513132825,147.98580168366254,study_results/v4p2_followups_20260806/pseudo65/gp_window_ensemble_20260806/runs/window_3p0/draw_02/attempt_01/results_single.csv,2,2,1,2,stable_reproduced,False,attempt_01_full,False,1649.2021611341063,1649.2021598606227,study_results/v4p2_followups_20260806/pseudo65/gp_window_ensemble_20260806/runs/window_3p0/draw_02/attempt_01/results_single.csv|study_results/v4p2_followups_20260806/pseudo65/gp_window_ensemble_20260806/central_repeat/window_3p0/draw_02/attempt_02/results_single.csv,1649.20216113|1649.20215986,window_3p0,2
2021,0.071,0.002183520875,0.06608707803125,0.0759129219687499,1780059397.4063504,1.64,0.0674190257649999,0.074580974235,0.00716194847,0.0,1.0,8000,0.000125,True,13728.771700945714,3.5274329084139567e-06,0.2586411943178228,0.6475401954988448,4246.9031807029505,6559.787070954087,True,tilde_q_mu,asymptotic,default,sidak_approx,observed,8.23**2 * RBF(length_scale=0.322),0.0333194333154327,0.4543559088468107,0.1230401617614922,0.3224706096395466,0.0302903939231207,67.66205709690477,1656.3415860363,401,42,359,416,15,0.04,0.3,0.000625,1.0,1e-08,1e+18,False,False,False,False,12,1.1,15.0,10.64596949310072,15.259498407787282,208.08406919709927,147.68377684483855,study_results/v4p2_followups_20260806/pseudo65/gp_window_ensemble_20260806/central_repeat/window_3p0/draw_02/attempt_02/results_single.csv,2,2,1,2,stable_reproduced,False,attempt_02_55_75MeV,False,1656.341585169902,1656.3415860363,study_results/v4p2_followups_20260806/pseudo65/gp_window_ensemble_20260806/runs/window_3p0/draw_02/attempt_01/results_single.csv|study_results/v4p2_followups_20260806/pseudo65/gp_window_ensemble_20260806/central_repeat/window_3p0/draw_02/attempt_02/results_single.csv,1656.34158517|1656.34158604,window_3p0,2
2021,0.072,0.002194426,0.0670625414999999,0.0769374585,1800669658.0825765,1.64,0.06840114136,0.0755988586399999,0.0071977172799999,0.0,1.0,8000,0.000125,True,9248.457870563485,2.316448778905943e-06,0.5,0.0,-3475.759106564854,6636.608671564105,True,tilde_q_mu,asymptotic,default,sidak_approx,observed,8.13**2 * RBF(length_scale=0.322),0.0330251977459068,0.4503436056260024,0.1219536249129291,0.3216643844539038,0.0300229070417334,66.13730443992473,1650.1414327851,400,43,357,416,16,0.04,0.3,0.000625,1.0,1e-08,1e+18,False,False,False,False,12,1.1,15.0,10.713965306783004,15.049583693369856,205.22159581867984,146.58247052026533,study_results/v4p2_followups_20260806/pseudo65/gp_window_ensemble_20260806/central_repeat/window_3p0/draw_02/attempt_02/results_single.csv,2,2,1,2,stable_reproduced,False,attempt_02_55_75MeV,False,1650.141431676472,1650.1414327851,study_results/v4p2_followups_20260806/pseudo65/gp_window_ensemble_20260806/runs/window_3p0/draw_02/attempt_01/results_single.csv|study_results/v4p2_followups_20260806/pseudo65/gp_window_ensemble_20260806/central_repeat/window_3p0/draw_02/attempt_02/results_single.csv,1650.14143168|1650.14143279,window_3p0,2
2021,0.073,0.002205502875,0.06803761853125,0.07796238146875,1817270143.6534383,1.64,0.069382975285,0.076617024715,0.00723404943,0.0,1.0,8000,0.000125,True,7948.5853529828,1.9456620698057035e-06,0.5,0.0,-7906.122423320907,6619.837272909189,True,tilde_q_mu,asymptotic,default,sidak_approx,observed,8.11**2 * RBF(length_scale=0.32),0.0327414600253253,0.4464744548907995,0.1209058539407253,0.320067735409863,0.0297649636593866,65.7823902820517,1649.353916335621,400,45,355,416,16,0.04,0.3,0.000625,1.0,1e-08,1e+18,False,False,False,False,12,1.1,15.0,10.75317071011867,14.845349056879057,202.43657804835075,145.12233878174516,study_results/v4p2_followups_20260806/pseudo65/gp_window_ensemble_20260806/runs/window_3p0/draw_02/attempt_01/results_single.csv,2,2,1,2,stable_reproduced,False,attempt_01_full,False,1649.353916335621,1649.3539148233942,study_results/v4p2_followups_20260806/pseudo65/gp_window_ensemble_20260806/runs/window_3p0/draw_02/attempt_01/results_single.csv|study_results/v4p2_followups_20260806/pseudo65/gp_window_ensemble_20260806/central_repeat/window_3p0/draw_02/attempt_02/results_single.csv,1649.35391634|1649.35391482,window_3p0,2
2021,0.074,0.0022167515,0.0690123091249999,0.078987690875,1829490814.05834,1.64,0.07036452754,0.07763547246,0.0072709449199999,0.0,1.0,8000,0.000125,True,7388.176082329486,1.7721284853895255e-06,0.5,0.0,-10184.11662980474,6559.915529774371,True,tilde_q_mu,asymptotic,default,sidak_approx,observed,8.29**2 * RBF(length_scale=0.322),0.0324677994146582,0.442742719290794,0.1198952951630456,0.3223980079812396,0.0295161812860529,68.64367825213358,1651.3449304464268,400,46,354,416,16,0.04,0.3,0.000625,1.0,1e-08,1e+18,False,False,False,False,12,1.1,15.0,10.922754703826811,14.646567021453794,199.72591392891536,145.4371443895446,study_results/v4p2_followups_20260806/pseudo65/gp_window_ensemble_20260806/central_repeat/window_3p0/draw_02/attempt_02/results_single.csv,2,2,1,2,stable_reproduced,False,attempt_02_55_75MeV,False,1651.3449289986886,1651.3449304464268,study_results/v4p2_followups_20260806/pseudo65/gp_window_ensemble_20260806/runs/window_3p0/draw_02/attempt_01/results_single.csv|study_results/v4p2_followups_20260806/pseudo65/gp_window_ensemble_20260806/central_repeat/window_3p0/draw_02/attempt_02/results_single.csv,1651.344929|1651.34493045,window_3p0,2
2021,0.075,0.002228171875,0.06998661328125,0.08001338671875,1838368958.6354597,1.64,0.071345798125,0.078654201875,0.0073084037499999,0.0,1.0,8000,0.000125,True,7369.012601449791,1.7355426058221575e-06,0.5,0.0,-9820.852612805233,6502.327067251565,True,tilde_q_mu,asymptotic,default,sidak_approx,observed,8.3**2 * RBF(length_scale=0.325),0.032203817346461,0.4391429638153776,0.1189204767720596,0.3248681458396976,0.0292761975876918,68.882735857063,1649.3044376426171,400,48,352,416,16,0.04,0.3,0.000625,1.0,1e-08,1e+18,False,False,False,False,12,1.1,15.0,11.096664615225752,14.45302209752604,197.08666496626415,145.80030808426642,study_results/v4p2_followups_20260806/pseudo65/gp_window_ensemble_20260806/runs/window_3p0/draw_02/attempt_01/results_single.csv,2,2,1,2,stable_reproduced,False,attempt_01_full,False,1649.3044376426171,1649.3044368186936,study_results/v4p2_followups_20260806/pseudo65/gp_window_ensemble_20260806/runs/window_3p0/draw_02/attempt_01/results_single.csv|study_results/v4p2_followups_20260806/pseudo65/gp_window_ensemble_20260806/central_repeat/window_3p0/draw_02/attempt_02/results_single.csv,1649.30443764|1649.30443682,window_3p0,2
2021,0.076,0.002239764,0.070960531,0.081039469,1844398591.748667,1.64,0.0723267870399999,0.07967321296,0.00734642592,0.0,1.0,8000,0.000125,True,8042.103595088322,1.863035845779142e-06,0.4999026019832914,0.000244140625,-6426.0416186039165,6452.826163267218,True,tilde_q_mu,asymptotic,default,sidak_approx,observed,8.3**2 * RBF(length_scale=0.325),0.0319491359833398,0.4356700361364529,0.1179800035107226,0.3251384455754531,0.0290446690757635,68.88025555291927,1648.9286119029823,400,50,350,416,16,0.04,0.3,0.000625,1.0,1e-08,1e+18,False,False,False,False,12,1.1,15.0,11.194427615178668,14.264510003437811,194.51604550142468,145.16638609043324,study_results/v4p2_followups_20260806/pseudo65/gp_window_ensemble_20260806/runs/window_3p0/draw_02/attempt_01/results_single.csv,1,1,1,1,single_attempt_outside_55_75MeV,False,,,,,,,window_3p0,2
2021,0.077,0.002251527875,0.07193406228125,0.08206593771875,1847461207.5520144,1.64,0.073307494285,0.080692505715,0.00738501143,0.0,1.0,8000,0.000125,True,9807.365116992924,2.2387531647970025e-06,0.5,0.0,-1466.9784914434304,6453.721833500984,True,tilde_q_mu,asymptotic,default,sidak_approx,observed,8.08**2 * RBF(length_scale=0.322),0.0317033968874435,0.4323190484651396,0.1170725517595489,0.3219480045473405,0.0288212698976759,65.32555745920078,1647.5883842440924,400,51,349,416,16,0.04,0.3,0.000625,1.0,1e-08,1e+18,False,False,False,False,12,1.1,15.0,11.170500317659531,14.080836946086476,192.0114129011792,142.99090325379186,study_results/v4p2_followups_20260806/pseudo65/gp_window_ensemble_20260806/runs/window_3p0/draw_02/attempt_01/results_single.csv,1,1,1,1,single_attempt_outside_55_75MeV,False,,,,,,,window_3p0,2
2021,0.078,0.0022634635,0.072907207125,0.083092792875,1847769944.3645077,1.64,0.07428791986,0.08171208014,0.00742416028,0.0,1.0,8000,0.000125,True,11994.273536921228,2.702410811422014e-06,0.3684624108435356,0.3359284510613575,2163.3518265643625,6441.1112126825665,True,tilde_q_mu,asymptotic,default,sidak_approx,observed,7.96**2 * RBF(length_scale=0.32),0.0314662597911359,0.4290853607882172,0.1161968649970184,0.3200678921432023,0.0286056907192144,63.40870671835085,1646.5468198369929,400,53,347,416,16,0.04,0.3,0.000625,1.0,1e-08,1e+18,False,False,False,False,12,1.1,15.0,11.188958703528604,13.901818956274722,189.57025849465532,141.40625291426272,study_results/v4p2_followups_20260806/pseudo65/gp_window_ensemble_20260806/runs/window_3p0/draw_02/attempt_01/results_single.csv,1,1,1,1,single_attempt_outside_55_75MeV,False,,,,,,,window_3p0,2
2021,0.079,0.002275570875,0.07387996553125,0.08412003446875,1845689661.7151537,1.64,0.075268063765,0.082731936235,0.0074638724699999,0.0,1.0,8000,0.000125,True,13892.676992341138,3.093998434000626e-06,0.2387403081423196,0.710360492003029,4608.3402971821615,6489.137159979394,True,tilde_q_mu,asymptotic,default,sidak_approx,observed,7.89**2 * RBF(length_scale=0.319),0.0312374014599871,0.4259645653634614,0.1153517496008941,0.3188362993143227,0.0283976376908974,62.20137123264288,1639.986648588437,399,54,345,416,17,0.04,0.3,0.000625,1.0,1e-08,1e+18,False,False,False,False,12,1.1,15.0,11.227564165188376,13.727281273973578,187.1901991905488,140.11266483375198,study_results/v4p2_followups_20260806/pseudo65/gp_window_ensemble_20260806/runs/window_3p0/draw_02/attempt_01/results_single.csv,1,1,1,1,single_attempt_outside_55_75MeV,False,,,,,,,window_3p0,2
2021,0.08,0.00228785,0.0748523375,0.0851476625,1840971776.2432177,1.64,0.076247926,0.083752074,0.0075041479999999,0.0,1.0,8000,0.000125,True,14755.918293883427,3.25348678028922e-06,0.1783986740641477,0.9214848484815908,5869.195992460197,6384.034793619215,True,tilde_q_mu,asymptotic,default,sidak_approx,observed,7.97**2 * RBF(length_scale=0.32),0.0310165146400847,0.4229524723647926,0.1145360709609101,0.3200579797662187,0.0281968314909861,63.58915818863112,1645.4852502281751,400,56,344,416,16,0.04,0.3,0.000625,1.0,1e-08,1e+18,False,False,False,False,12,1.1,15.0,11.350849114679187,13.55705777917468,184.8689697160183,139.89465208218138,study_results/v4p2_followups_20260806/pseudo65/gp_window_ensemble_20260806/runs/window_3p0/draw_02/attempt_01/results_single.csv,1,1,1,1,single_attempt_outside_55_75MeV,False,,,,,,,window_3p0,2
2021,0.081,0.002300300875,0.07582432303125,0.08617567696875,1834117166.8439004,1.64,0.077227506565,0.084772493435,0.0075449868699999,0.0,1.0,8000,0.000125,True,15687.630831197832,3.428981864326287e-06,0.1399932950374031,1.080349465582726,6958.613759274551,6415.990493102071,True,tilde_q_mu,asymptotic,default,sidak_approx,observed,7.86**2 * RBF(length_scale=0.319),0.030803307082474,0.4200450965791913,0.113748749876279,0.3193138180298341,0.0280030064386127,61.76638638307726,1638.9750922687242,399,57,342,416,17,0.04,0.3,0.000625,1.0,1e-08,1e+18,False,False,False,False,12,1.1,15.0,11.402840574629838,13.390990464442623,182.6044154242176,138.81393582038874,study_results/v4p2_followups_20260806/pseudo65/gp_window_ensemble_20260806/runs/window_3p0/draw_02/attempt_01/results_single.csv,1,1,1,1,single_attempt_outside_55_75MeV,False,,,,,,,window_3p0,2
2021,0.082,0.0023129235,0.076795922125,0.087204077875,1825600864.265104,1.64,0.07820680546,0.08579319454,0.00758638908,0.0,1.0,8000,0.000125,True,14584.388429199564,3.163650209154754e-06,0.184180530092919,0.8995475877023954,5727.549467264637,6361.22720814921,True,tilde_q_mu,asymptotic,default,sidak_approx,observed,7.99**2 * RBF(length_scale=0.321),0.0305975006382008,0.4172386450663756,0.1129887592139169,0.3208935254066263,0.0278159096710917,63.850797875805064,1638.46123290948,399,59,340,416,17,0.04,0.3,0.000625,1.0,1e-08,1e+18,False,False,False,False,12,1.1,15.0,11.536330438264327,13.228928945639955,180.39448562236305,138.7393596920202,study_results/v4p2_followups_20260806/pseudo65/gp_window_ensemble_20260806/runs/window_3p0/draw_02/attempt_01/results_single.csv,1,1,1,1,single_attempt_outside_55_75MeV,False,,,,,,,window_3p0,2
2021,0.083,0.002325717875,0.07776713478125,0.08823286521875,1815668681.2943528,1.64,0.079185822685,0.086814177315,0.00762835463,0.0,1.0,8000,0.000125,True,12193.636902179163,2.6274743549034824e-06,0.3438913778356924,0.4018658512670002,2638.741677990306,6336.218085203313,True,tilde_q_mu,asymptotic,default,sidak_approx,observed,7.94**2 * RBF(length_scale=0.319),0.030398830418065,0.4145295057008868,0.1122551208056255,0.3190629491562957,0.0276353003800591,63.09134143133086,1641.150788389666,399,60,339,416,17,0.04,0.3,0.000625,1.0,1e-08,1e+18,False,False,False,False,12,1.1,15.0,11.54548511390608,13.070730007639057,178.2372273768962,137.18901702825656,study_results/v4p2_followups_20260806/pseudo65/gp_window_ensemble_20260806/runs/window_3p0/draw_02/attempt_01/results_single.csv,1,1,1,1,single_attempt_outside_55_75MeV,False,,,,,,,window_3p0,2
2021,0.084,0.002338684,0.078737961,0.089262039,1803665927.1918256,1.64,0.08016455824,0.08783544176,0.00767088352,0.0,1.0,8000,0.000125,True,11217.576767818988,2.404271925040838e-06,0.4096052703602932,0.2285604840451283,1435.0367887777843,6281.070236806816,True,tilde_q_mu,asymptotic,default,sidak_approx,observed,7.97**2 * RBF(length_scale=0.32),0.0302070440117673,0.4119142365241002,0.111546902564603,0.3202024998017724,0.0274609491016066,63.4550977889133,1641.3277413874323,399,62,337,416,17,0.04,0.3,0.000625,1.0,1e-08,1e+18,False,False,False,False,12,1.1,15.0,11.660285251504218,12.916257182144893,176.13077975652126,136.91567556872684,study_results/v4p2_followups_20260806/pseudo65/gp_window_ensemble_20260806/runs/window_3p0/draw_02/attempt_01/results_single.csv,1,1,1,1,single_attempt_outside_55_75MeV,False,,,,,,,window_3p0,2
2021,0.085,0.002351821875,0.07970840078125,0.09029159921875,1790440672.4133158,1.64,0.081143012125,0.088856987875,0.0077139757499999,0.0,1.0,8000,0.000125,True,9625.711811664676,2.053874563844154e-06,0.5,0.0,-934.59500844661,6175.615110936398,True,tilde_q_mu,asymptotic,default,sidak_approx,observed,7.95**2 * RBF(length_scale=0.32),0.0300219007615834,0.4093895558397742,0.1108632158033061,0.3195656534481454,0.0272926370559849,63.18203886657879,1646.860425414908,400,64,336,416,16,0.04,0.3,0.000625,1.0,1e-08,1e+18,False,False,False,False,12,1.1,15.0,11.70885952840048,12.76538035499965,174.07336847726796,135.8800412757218,study_results/v4p2_followups_20260806/pseudo65/gp_window_ensemble_20260806/runs/window_3p0/draw_02/attempt_01/results_single.csv,1,1,1,1,single_attempt_outside_55_75MeV,False,,,,,,,window_3p0,2
2021,0.086,0.0023651315,0.080678454125,0.091321545875,1775696555.8627672,1.64,0.0821211843399999,0.08987881566,0.00775763132,0.0,1.0,8000,0.000125,True,8925.85711864242,1.8980281490921337e-06,0.5,0.0,-2480.855809361865,6192.141034443073,True,tilde_q_mu,asymptotic,default,sidak_approx,observed,7.95**2 * RBF(length_scale=0.319),0.0298431710861948,0.4069523329935665,0.1102032127365311,0.3194416957035024,0.0271301555329044,63.182244071190816,1641.097748013338,399,65,334,416,17,0.04,0.3,0.000625,1.0,1e-08,1e+18,False,False,False,False,12,1.1,15.0,11.77441446349513,12.61797540060452,172.0633009173344,135.06297459718513,study_results/v4p2_followups_20260806/pseudo65/gp_window_ensemble_20260806/runs/window_3p0/draw_02/attempt_01/results_single.csv,1,1,1,1,single_attempt_outside_55_75MeV,False,,,,,,,window_3p0,2
2021,0.087,0.002378612875,0.0816481210312499,0.09235187896875,1760136602.064715,1.64,0.083099074885,0.0909009251149999,0.0078018502299999,0.0,1.0,8000,0.000125,True,8257.77368090161,1.751125496082919e-06,0.5,0.0,-4133.579730224561,6158.054313769855,True,tilde_q_mu,asymptotic,default,sidak_approx,observed,7.89**2 * RBF(length_scale=0.318),0.0296706358506726,0.4045995797818991,0.1095660841549239,0.3179246857932286,0.0269733053187932,62.294372179483766,1640.2075712214594,399,67,332,416,17,0.04,0.3,0.000625,1.0,1e-08,1e+18,False,False,False,False,12,1.1,15.0,11.786641719868088,12.47392384129452,170.098961472198,133.6597010529629,study_results/v4p2_followups_20260806/pseudo65/gp_window_ensemble_20260806/runs/window_3p0/draw_02/attempt_01/results_single.csv,1,1,1,1,single_attempt_outside_55_75MeV,False,,,,,,,window_3p0,2
2021,0.088,0.002392266,0.0826174014999999,0.0933825985,1743632625.119082,1.64,0.0840766837599999,0.09192331624,0.00784663248,0.0,1.0,8000,0.000125,True,8107.380108348611,1.7157847301873392e-06,0.5,0.0,-4418.101175057023,6119.43849572496,True,tilde_q_mu,asymptotic,default,sidak_approx,observed,7.86**2 * RBF(length_scale=0.317),0.0295040857789749,0.4023284424405671,0.1089510572554845,0.3173680910933639,0.0268218961627044,61.723512526746966,1640.1964520098052,399,68,331,416,17,0.04,0.3,0.000625,1.0,1e-08,1e+18,False,False,False,False,12,1.1,15.0,11.832425611081906,12.33311252969984,168.17880722317963,132.66421505525048,study_results/v4p2_followups_20260806/pseudo65/gp_window_ensemble_20260806/runs/window_3p0/draw_02/attempt_01/results_single.csv,1,1,1,1,single_attempt_outside_55_75MeV,False,,,,,,,window_3p0,2
2021,0.089,0.002406090875,0.08358629553125,0.09441370446875,1725874782.225614,1.64,0.085054010965,0.092945989035,0.00789197807,0.0,1.0,8000,0.000125,True,8662.730773679927,1.8313672759030031e-06,0.5,0.0,-2610.3919619812373,6060.390786583006,True,tilde_q_mu,asymptotic,default,sidak_approx,observed,8.02**2 * RBF(length_scale=0.32),0.0293433209056615,0.4001361941681125,0.1083573936168872,0.3197683521786658,0.0266757462778741,64.37603057726888,1639.4393711166233,399,70,329,416,17,0.04,0.3,0.000625,1.0,1e-08,1e+18,False,False,False,False,12,1.1,15.0,11.987231729066687,12.1954333523091,166.3013638951241,132.89953239137978,study_results/v4p2_followups_20260806/pseudo65/gp_window_ensemble_20260806/runs/window_3p0/draw_02/attempt_01/results_single.csv,1,1,1,1,single_attempt_outside_55_75MeV,False,,,,,,,window_3p0,2
2021,0.09,0.0024200875,0.084554803125,0.095445196875,1707421799.183081,1.64,0.0860310565,0.0939689435,0.007937887,0.0,1.0,8000,0.000125,True,9805.46512911392,2.072071752625708e-06,0.5,0.0,-290.5827260581313,6065.002390925183,True,tilde_q_mu,asymptotic,default,sidak_approx,observed,8.08**2 * RBF(length_scale=0.32),0.0291881500637943,0.3980202281426503,0.1077843873084286,0.3203061512381146,0.0265346818761766,65.29611157880657,1634.632843654194,398,71,327,416,18,0.04,0.3,0.000625,1.0,1e-08,1e+18,False,False,False,False,12,1.1,15.0,12.071226356992476,12.060782952597524,164.46522208087532,132.35312823941885,study_results/v4p2_followups_20260806/pseudo65/gp_window_ensemble_20260806/runs/window_3p0/draw_02/attempt_01/results_single.csv,1,1,1,1,single_attempt_outside_55_75MeV,False,,,,,,,window_3p0,2
2021,0.091,0.002434255875,0.08552292428125,0.09647707571875,1688209960.037576,1.64,0.087007820365,0.094992179635,0.0079843592699999,0.0,1.0,8000,0.000125,True,11731.167520749266,2.4796666901667527e-06,0.3247860243293796,0.4543567883647362,2798.513144700867,5978.738143605607,True,tilde_q_mu,asymptotic,default,sidak_approx,observed,8.07**2 * RBF(length_scale=0.32),0.0290383904062669,0.3959780509945498,0.1072313631224206,0.3197995745579505,0.0263985367329699,65.10769962353497,1641.3428660929887,399,73,326,416,17,0.04,0.3,0.000625,1.0,1e-08,1e+18,False,False,False,False,12,1.1,15.0,12.114291704605826,11.929062472229626,162.66903371222216,131.37467504641455,study_results/v4p2_followups_20260806/pseudo65/gp_window_ensemble_20260806/runs/window_3p0/draw_02/attempt_01/results_single.csv,1,1,1,1,single_attempt_outside_55_75MeV,False,,,,,,,window_3p0,2
2021,0.092,0.002448596,0.086490659,0.097509341,1668257878.789034,1.64,0.08798430256,0.0960156974399999,0.0080313948799999,0.0,1.0,8000,0.000125,True,12512.114426477594,2.6472784089290245e-06,0.2584028929490412,0.6482770330586601,3860.1789676673066,5983.481832642128,True,tilde_q_mu,asymptotic,default,sidak_approx,observed,8**2 * RBF(length_scale=0.32),0.0288938669580575,0.3940072767007851,0.1066976749207735,0.3200009776455707,0.0262671517800523,63.97443569830965,1638.1970706022926,398,74,324,416,18,0.04,0.3,0.000625,1.0,1e-08,1e+18,False,False,False,False,12,1.1,15.0,12.182553339817533,11.800177308979343,160.9115087588092,130.68753589631393,study_results/v4p2_followups_20260806/pseudo65/gp_window_ensemble_20260806/runs/window_3p0/draw_02/attempt_01/results_single.csv,1,1,1,1,single_attempt_outside_55_75MeV,False,,,,,,,window_3p0,2
2021,0.093,0.002463107875,0.08745800728125,0.09854199271875,1647188801.3305027,1.64,0.088960503085,0.097039496915,0.0080789938299999,0.0,1.0,8000,0.000125,True,12244.498812091468,2.595581116634783e-06,0.2696587400372796,0.6138454199150049,3601.1792167979283,5936.373122210143,True,tilde_q_mu,asymptotic,default,sidak_approx,observed,8.01**2 * RBF(length_scale=0.321),0.0287544121970801,0.3921056208692741,0.106182704087187,0.3205535000803312,0.0261403747246182,64.09180667147798,1638.9919157727418,398,76,322,416,18,0.04,0.3,0.000625,1.0,1e-08,1e+18,False,False,False,False,12,1.1,15.0,12.262773715269004,11.674036890113918,159.19141213791704,130.14188429742697,study_results/v4p2_followups_20260806/pseudo65/gp_window_ensemble_20260806/runs/window_3p0/draw_02/attempt_01/results_single.csv,1,1,1,1,single_attempt_outside_55_75MeV,False,,,,,,,window_3p0,2
2021,0.094,0.0024777915,0.088424969125,0.099575030875,1625450307.8031468,1.64,0.08993642194,0.09806357806,0.00812715612,0.0,1.0,8000,0.000125,True,10772.260866470637,2.28941873965975e-06,0.3860285114282157,0.2896852743810199,1702.62116625909,5877.402979245608,True,tilde_q_mu,asymptotic,default,sidak_approx,observed,8.16**2 * RBF(length_scale=0.322),0.0286198656615447,0.3902708953847011,0.1056858580772325,0.3219971570900898,0.0260180596923134,66.65467562712107,1635.459292022574,398,77,321,416,18,0.04,0.3,0.000625,1.0,1e-08,1e+18,False,False,False,False,12,1.1,15.0,12.37590969111422,11.550554460108833,157.50756081966588,129.9532898914577,study_results/v4p2_followups_20260806/pseudo65/gp_window_ensemble_20260806/runs/window_3p0/draw_02/attempt_01/results_single.csv,1,1,1,1,single_attempt_outside_55_75MeV,False,,,,,,,window_3p0,2
2021,0.095,0.002492646875,0.08939154453125,0.10060845546875,1603496027.5520115,1.64,0.090912059125,0.099087940875,0.00817588175,0.0,1.0,8000,0.000125,True,9157.957990382654,1.9522124378139286e-06,0.5,0.0,-806.6520001196618,5849.682419136611,True,tilde_q_mu,asymptotic,default,sidak_approx,observed,8.03**2 * RBF(length_scale=0.32),0.0284900735818755,0.3885010033892122,0.1052065690591188,0.3198905697350035,0.0259000668926141,64.52272195697108,1635.676807201903,398,79,319,416,18,0.04,0.3,0.000625,1.0,1e-08,1e+18,False,False,False,False,12,1.1,15.0,12.350955349317102,11.429646881640853,155.85882111328436,128.3336893578251,study_results/v4p2_followups_20260806/pseudo65/gp_window_ensemble_20260806/runs/window_3p0/draw_02/attempt_01/results_single.csv,1,1,1,1,single_attempt_outside_55_75MeV,False,,,,,,,window_3p0,2
2021,0.096,0.002507674,0.0903577335,0.1016422665,1581239228.7143855,1.64,0.09188741464,0.10011258536,0.00822517072,0.0,1.0,8000,0.000125,True,7737.443331908536,1.655192806411274e-06,0.5,0.0,-3979.337581243456,5792.821624511921,True,tilde_q_mu,asymptotic,default,sidak_approx,observed,8.09**2 * RBF(length_scale=0.321),0.0283648885354218,0.3867939345739346,0.1047442926386298,0.3206992338337655,0.0257862623049289,65.50781595730535,1636.0553068731087,398,81,317,416,18,0.04,0.3,0.000625,1.0,1e-08,1e+18,False,False,False,False,12,1.1,15.0,12.43682508311663,11.311234448904392,154.24410612142353,127.88713119558822,study_results/v4p2_followups_20260806/pseudo65/gp_window_ensemble_20260806/runs/window_3p0/draw_02/attempt_01/results_single.csv,1,1,1,1,single_attempt_outside_55_75MeV,False,,,,,,,window_3p0,2
2021,0.097,0.002522872875,0.09132353603125,0.10267646396875,1558363770.3660083,1.64,0.092862488485,0.101137511515,0.0082750230299999,0.0,1.0,8000,0.000125,True,7127.307918406645,1.5311046191241752e-06,0.5,0.0,-5803.872078129236,5741.872392847468,True,tilde_q_mu,asymptotic,default,sidak_approx,observed,8.12**2 * RBF(length_scale=0.321),0.02824416912233,0.3851477607590459,0.104298506662201,0.3212487671045232,0.0256765173839363,65.88455879076638,1636.0544175064997,398,82,316,416,18,0.04,0.3,0.000625,1.0,1e-08,1e+18,False,False,False,False,12,1.1,15.0,12.511383935015314,11.195240712368449,152.66237335047882,127.3345043612327,study_results/v4p2_followups_20260806/pseudo65/gp_window_ensemble_20260806/runs/window_3p0/draw_02/attempt_01/results_single.csv,1,1,1,1,single_attempt_outside_55_75MeV,False,,,,,,,window_3p0,2
2021,0.098,0.0025382435,0.092288952125,0.103711047875,1534811175.2125387,1.64,0.09383728066,0.10216271934,0.0083254386799999,0.0,1.0,8000,0.000125,True,7073.101966338367,1.5270343716666918e-06,0.5,0.0,-5733.192533088222,5689.21994405179,True,tilde_q_mu,asymptotic,default,sidak_approx,observed,8.14**2 * RBF(length_scale=0.322),0.0281277796610786,0.3835606317419815,0.1038687100926096,0.3217483611026453,0.0255707087827987,66.2756173607049,1636.3854678799769,398,84,314,416,18,0.04,0.3,0.000625,1.0,1e-08,1e+18,False,False,False,False,12,1.1,15.0,12.58269232329935,11.081592314164752,151.11262246588296,126.7602423103399,study_results/v4p2_followups_20260806/pseudo65/gp_window_ensemble_20260806/runs/window_3p0/draw_02/attempt_01/results_single.csv,1,1,1,1,single_attempt_outside_55_75MeV,False,,,,,,,window_3p0,2
2021,0.099,0.002553785875,0.09325398178125,0.10474601821875,1511028905.8514876,1.64,0.094811791165,0.103188208835,0.0083764176699999,0.0,1.0,8000,0.000125,True,7555.60072285149,1.6401401288548234e-06,0.4999026019832914,0.000244140625,-4010.201366744713,5681.655936683001,True,tilde_q_mu,asymptotic,default,sidak_approx,observed,8.13**2 * RBF(length_scale=0.322),0.0280155899022987,0.3820307713949833,0.1034544219521848,0.3215489207645901,0.0254687180929988,66.09418136756348,1630.954060835773,397,85,312,416,19,0.04,0.3,0.000625,1.0,1e-08,1e+18,False,False,False,False,12,1.1,15.0,12.625249515521586,10.970218833361969,149.59389318220866,125.91068182824452,study_results/v4p2_followups_20260806/pseudo65/gp_window_ensemble_20260806/runs/window_3p0/draw_02/attempt_01/results_single.csv,1,1,1,1,single_attempt_outside_55_75MeV,False,,,,,,,window_3p0,2
2021,0.1,0.0025695,0.094218625,0.105781375,1487397833.440122,1.64,0.09578602,0.10421398,0.00842796,0.0,1.0,8000,0.000125,True,8220.046767700736,1.7945975311531615e-06,0.5,0.0,-1900.9593017705877,5594.824903168026,True,tilde_q_mu,asymptotic,default,sidak_approx,observed,8.09**2 * RBF(length_scale=0.321),0.027907474759607,0.3805564739946421,0.1030551803288439,0.3212513801428291,0.0253704315996428,65.44699955798555,1637.379690226022,398,87,311,416,18,0.04,0.3,0.000625,1.0,1e-08,1e+18,False,False,False,False,12,1.1,15.0,12.662432599189682,10.861052640438642,148.10526327870872,125.02486092345946,study_results/v4p2_followups_20260806/pseudo65/gp_window_ensemble_20260806/runs/window_3p0/draw_02/attempt_01/results_single.csv,1,1,1,1,single_attempt_outside_55_75MeV,False,,,,,,,window_3p0,2
2021,0.101,0.002585385875,0.09518288178125,0.10681711821875,1463545807.7925766,1.64,0.096759967165,0.105240032835,0.00848006567,0.0,1.0,8000,0.000125,True,9199.941154915889,2.021051022861747e-06,0.5,0.0,28.298276828409332,5586.131621574864,True,tilde_q_mu,asymptotic,default,sidak_approx,observed,8.1**2 * RBF(length_scale=0.322),0.0278033140562975,0.3791361007676941,0.1026705414406892,0.3216057424850277,0.0252757400511796,65.5951651082819,1631.756325049589,397,88,309,416,19,0.04,0.3,0.000625,1.0,1e-08,1e+18,False,False,False,False,12,1.1,15.0,12.723890253413906,10.754028760328694,146.64584673175492,124.39371066225372,study_results/v4p2_followups_20260806/pseudo65/gp_window_ensemble_20260806/runs/window_3p0/draw_02/attempt_01/results_single.csv,1,1,1,1,single_attempt_outside_55_75MeV,False,,,,,,,window_3p0,2
2021,0.102,0.0026014435,0.096146752125,0.1078532478749999,1439773239.9828668,1.64,0.09773363266,0.1062663673399999,0.0085327346799999,0.0,1.0,8000,0.000125,True,9725.942993200591,2.1505887647732683e-06,0.4239596891807954,0.1917738207229202,1001.5011295520516,5535.442752020965,True,tilde_q_mu,asymptotic,default,sidak_approx,observed,8.19**2 * RBF(length_scale=0.322),0.0277029922867878,0.3777680766380165,0.1023000787550902,0.3224741405385186,0.0251845384425344,67.13298836369127,1632.205398496032,397,90,307,416,19,0.04,0.3,0.000625,1.0,1e-08,1e+18,False,False,False,False,12,1.1,15.0,12.804449097780116,10.649084743446428,145.21479195608765,123.95969412309692,study_results/v4p2_followups_20260806/pseudo65/gp_window_ensemble_20260806/runs/window_3p0/draw_02/attempt_01/results_single.csv,1,1,1,1,single_attempt_outside_55_75MeV,False,,,,,,,window_3p0,2
2021,0.103,0.002617672875,0.0971102360312499,0.10888976396875,1415306075.6792226,1.64,0.098707016485,0.107292983515,0.00858596703,0.0,1.0,8000,0.000125,True,11024.408839067324,2.4557697019064302e-06,0.2997655560417724,0.5250749171255092,2895.8674809605054,5503.538743744364,True,tilde_q_mu,asymptotic,default,sidak_approx,observed,8.01**2 * RBF(length_scale=0.32),0.0276063983918545,0.3764508871616523,0.1019433821586847,0.3200645369382762,0.0250967258107768,64.09707378712045,1630.1866443558906,397,91,306,416,19,0.04,0.3,0.000625,1.0,1e-08,1e+18,False,False,False,False,12,1.1,15.0,12.753238783078103,10.546160544164444,143.81128014769695,122.27063969491458,study_results/v4p2_followups_20260806/pseudo65/gp_window_ensemble_20260806/runs/window_3p0/draw_02/attempt_01/results_single.csv,1,1,1,1,single_attempt_outside_55_75MeV,False,,,,,,,window_3p0,2
2021,0.104,0.002634074,0.0980733335,0.1099266664999999,1390650623.4117515,1.64,0.09968011864,0.10831988136,0.00863976272,0.0,1.0,8000,0.000125,True,11897.997815122188,2.6714215975196486e-06,0.2258939103808344,0.7524378019589413,4118.9931551573645,5470.600730689969,True,tilde_q_mu,asymptotic,default,sidak_approx,observed,7.88**2 * RBF(length_scale=0.318),0.0275134255467139,0.3751830756370089,0.1016000571748166,0.318444207715144,0.0250122050424672,62.05676662602868,1630.4370212239214,397,93,304,416,19,0.04,0.3,0.000625,1.0,1e-08,1e+18,False,False,False,False,12,1.1,15.0,12.731552742929694,10.445198406238394,142.4345237214326,120.89417674489933,study_results/v4p2_followups_20260806/pseudo65/gp_window_ensemble_20260806/runs/window_3p0/draw_02/attempt_01/results_single.csv,1,1,1,1,single_attempt_outside_55_75MeV,False,,,,,,,window_3p0,2
2021,0.105,0.002650646875,0.0990360445312499,0.11096395546875,1366191403.4118524,1.64,0.100652939125,0.109347060875,0.00869412175,0.0,1.0,8000,0.000125,True,11862.088246058076,2.685222176792055e-06,0.2265734191421478,0.7501791104387321,4104.049110018031,5459.751883264655,True,tilde_q_mu,asymptotic,default,sidak_approx,observed,7.87**2 * RBF(length_scale=0.318),0.0274239709611162,0.3739632403788584,0.1012697242253318,0.3183029764682539,0.0249308826919238,61.88849964665349,1625.087994010778,396,94,302,416,20,0.04,0.3,0.000625,1.0,1e-08,1e+18,False,False,False,False,12,1.1,15.0,12.767417038601884,10.346142754725216,141.08376483716202,120.08501753680558,study_results/v4p2_followups_20260806/pseudo65/gp_window_ensemble_20260806/runs/window_3p0/draw_02/attempt_01/results_single.csv,1,1,1,1,single_attempt_outside_55_75MeV,False,,,,,,,window_3p0,2
2021,0.106,0.0026673915,0.099998369125,0.112001630875,1341676381.151068,1.64,0.10162547794,0.11037452206,0.0087490441199999,0.0,1.0,8000,0.000125,True,11169.870557358823,2.5504359567303094e-06,0.2615443964061733,0.6385913763149156,3398.635080545948,5367.967209616584,True,tilde_q_mu,asymptotic,default,sidak_approx,observed,8.03**2 * RBF(length_scale=0.32),0.0273379356906521,0.3727900321452559,0.1009520179337844,0.3204196256189993,0.0248526688096837,64.43674322808015,1628.4364762302605,397,96,301,416,19,0.04,0.3,0.000625,1.0,1e-08,1e+18,False,False,False,False,12,1.1,15.0,12.892765282984389,10.248940093965247,139.758274008617,120.12470820987446,study_results/v4p2_followups_20260806/pseudo65/gp_window_ensemble_20260806/runs/window_3p0/draw_02/attempt_01/results_single.csv,1,1,1,1,single_attempt_outside_55_75MeV,False,,,,,,,window_3p0,2
2021,0.107,0.002684307875,0.10096030728125,0.11303969271875,1317225676.2626095,1.64,0.102597735085,0.111402264915,0.0088045298299999,0.0,1.0,8000,0.000125,True,10738.892312198175,2.4742036545881334e-06,0.2920069870863855,0.54753100694967,2913.778558028623,5323.588066066345,True,tilde_q_mu,asymptotic,default,sidak_approx,observed,8.01**2 * RBF(length_scale=0.32),0.0272552244585561,0.3716621517075835,0.1006465864674015,0.3201152524617813,0.0247774767805055,64.12071266117827,1628.7012913094377,397,98,299,416,19,0.04,0.3,0.000625,1.0,1e-08,1e+18,False,False,False,False,12,1.1,15.0,12.91960659665078,10.153538911238387,138.45734878961437,119.25429845180533,study_results/v4p2_followups_20260806/pseudo65/gp_window_ensemble_20260806/runs/window_3p0/draw_02/attempt_01/results_single.csv,1,1,1,1,single_attempt_outside_55_75MeV,False,,,,,,,window_3p0,2
2021,0.108,0.002701396,0.101921859,0.114078141,1292640439.8447058,1.64,0.10356971056,0.11243028944,0.0088605788799999,0.0,1.0,8000,0.000125,True,9899.846913078476,2.3027506147231383e-06,0.3665857275623144,0.3409098422880273,1782.1743722567508,5314.477826691061,True,tilde_q_mu,asymptotic,default,sidak_approx,observed,7.99**2 * RBF(length_scale=0.32),0.0271757454873275,0.3705783475544666,0.1003530909153006,0.3197155623481469,0.0247052231702977,63.762446677611905,1624.6141925559973,396,99,297,416,20,0.04,0.3,0.000625,1.0,1e-08,1e+18,False,False,False,False,12,1.1,15.0,12.941213286934795,10.059889585728104,137.18031253265593,118.351978883565,study_results/v4p2_followups_20260806/pseudo65/gp_window_ensemble_20260806/runs/window_3p0/draw_02/attempt_01/results_single.csv,1,1,1,1,single_attempt_outside_55_75MeV,False,,,,,,,window_3p0,2
2021,0.109,0.002718655875,0.10288302428125,0.11511697571875,1268214292.8765628,1.64,0.104541404365,0.1134585956349999,0.0089171912699999,0.0,1.0,8000,0.000125,True,9285.914303861571,2.18135049181175e-06,0.4253804977474077,0.1881475393283908,1061.7726581053766,5230.210852098137,True,tilde_q_mu,asymptotic,default,sidak_approx,observed,7.99**2 * RBF(length_scale=0.32),0.0270994103395402,0.3695374137210039,0.1000712047006427,0.3199660268893127,0.0246358275814002,63.80359686253959,1630.7430608804452,397,101,296,416,19,0.04,0.3,0.000625,1.0,1e-08,1e+18,False,False,False,False,12,1.1,15.0,12.987833505170457,9.967944302454349,135.92651321528655,117.69272817189956,study_results/v4p2_followups_20260806/pseudo65/gp_window_ensemble_20260806/runs/window_3p0/draw_02/attempt_01/results_single.csv,1,1,1,1,single_attempt_outside_55_75MeV,False,,,,,,,window_3p0,2
2021,0.11,0.0027360875,0.103843803125,0.116156196875,1243647528.4440663,1.64,0.1055128165,0.1144871835,0.008974367,0.0,1.0,8000,0.000125,True,8484.149709741012,2.0139016103736813e-06,0.5,0.0,-173.60196731662867,5219.2311365022515,True,tilde_q_mu,asymptotic,default,sidak_approx,observed,7.98**2 * RBF(length_scale=0.32),0.0270261337672677,0.3685381877354698,0.0998006130245964,0.3195987776233043,0.0245692125156979,63.62627495914407,1625.1236688248764,396,102,294,416,20,0.04,0.3,0.000625,1.0,1e-08,1e+18,False,False,False,False,12,1.1,15.0,13.008100174928408,9.87765697086361,134.69532232995832,116.80868306415796,study_results/v4p2_followups_20260806/pseudo65/gp_window_ensemble_20260806/runs/window_3p0/draw_02/attempt_01/results_single.csv,1,1,1,1,single_attempt_outside_55_75MeV,False,,,,,,,window_3p0,2
2021,0.111,0.002753690875,0.10480419553125,0.11719580446875,1219296431.1209323,1.64,0.106483946965,0.115516053035,0.0090321060699999,0.0,1.0,8000,0.000125,True,7871.349563041362,1.8885863232341469e-06,0.5,0.0,-1126.6317641775668,5170.537315378635,True,tilde_q_mu,asymptotic,default,sidak_approx,observed,7.97**2 * RBF(length_scale=0.319),0.0269558335695793,0.3675795486760824,0.0995410123401082,0.3193457525843919,0.0245053032450721,63.45051470190942,1624.9696986206532,396,104,292,416,20,0.04,0.3,0.000625,1.0,1e-08,1e+18,False,False,False,False,12,1.1,15.0,13.031699685194065,9.788983147783204,133.4861338334073,115.97008055030577,study_results/v4p2_followups_20260806/pseudo65/gp_window_ensemble_20260806/runs/window_3p0/draw_02/attempt_01/results_single.csv,1,1,1,1,single_attempt_outside_55_75MeV,False,,,,,,,window_3p0,2
2021,0.112,0.002771466,0.1057642015,0.1182357985,1195083180.8359652,1.64,0.10745479576,0.11654520424,0.00909040848,0.0,1.0,8000,0.000125,True,7178.735033115041,1.7416131247518425e-06,0.5,0.0,-2601.8928544489436,5131.11089407347,True,tilde_q_mu,asymptotic,default,sidak_approx,observed,7.88**2 * RBF(length_scale=0.318),0.0268884304576102,0.3666604153310482,0.0992921098536402,0.3178685838182252,0.0244440276887365,62.12303948748958,1625.6261139746848,396,105,291,416,20,0.04,0.3,0.000625,1.0,1e-08,1e+18,False,False,False,False,12,1.1,15.0,13.00393649794033,9.70187996447014,132.29836315186554,114.69330088055388,study_results/v4p2_followups_20260806/pseudo65/gp_window_ensemble_20260806/runs/window_3p0/draw_02/attempt_01/results_single.csv,1,1,1,1,single_attempt_outside_55_75MeV,False,,,,,,,window_3p0,2
2021,0.113,0.002789412875,0.10672382103125,0.11927617896875,1171074447.656905,1.64,0.108425362885,0.117574637115,0.00914927423,0.0,1.0,8000,0.000125,True,6989.945568127891,1.7152631892258015e-06,0.5,0.0,-2889.0710084109596,5077.467744945495,True,tilde_q_mu,asymptotic,default,sidak_approx,observed,7.95**2 * RBF(length_scale=0.319),0.0268238479267369,0.3657797444555033,0.0990536230531478,0.3188178107637672,0.0243853162970335,63.23314438669977,1625.9600823689234,396,107,289,416,20,0.04,0.3,0.000625,1.0,1e-08,1e+18,False,False,False,False,12,1.1,15.0,13.07417164002712,9.616306057502122,131.1314462386653,114.29566903528658,study_results/v4p2_followups_20260806/pseudo65/gp_window_ensemble_20260806/runs/window_3p0/draw_02/attempt_01/results_single.csv,1,1,1,1,single_attempt_outside_55_75MeV,False,,,,,,,window_3p0,2
2021,0.114,0.0028075315,0.107683054125,0.120316945875,1146935681.7505815,1.64,0.10939564834,0.11860435166,0.00920870332,0.0,1.0,8000,0.000125,True,6828.983299801432,1.696024248961376e-06,0.5,0.0,-3263.8486534962117,5058.573046808497,True,tilde_q_mu,asymptotic,default,sidak_approx,observed,7.93**2 * RBF(length_scale=0.319),0.0267620121354335,0.3649365291195483,0.0988252792607253,0.3187017651177826,0.0243291019413032,62.87951557623799,1620.8143882617242,395,108,287,416,21,0.04,0.3,0.000625,1.0,1e-08,1e+18,False,False,False,False,12,1.1,15.0,13.099610741353608,9.532221503279144,129.9848386810792,113.51671926665207,study_results/v4p2_followups_20260806/pseudo65/gp_window_ensemble_20260806/runs/window_3p0/draw_02/attempt_01/results_single.csv,1,1,1,1,single_attempt_outside_55_75MeV,False,,,,,,,window_3p0,2
2021,0.115,0.002825821875,0.10864190078125,0.12135809921875,1123372222.1676126,1.64,0.110365652125,0.119634347875,0.00926869575,0.0,1.0,8000,0.000125,True,6698.752910130866,1.6838071898718974e-06,0.5,0.0,-3278.5995715158792,4978.853369179294,True,tilde_q_mu,asymptotic,default,sidak_approx,observed,7.96**2 * RBF(length_scale=0.319),0.026702851790388,0.3641297971416546,0.0986068152083701,0.3190634591371527,0.0242753198094436,63.30438890148422,1625.890560693133,396,110,286,416,20,0.04,0.3,0.000625,1.0,1e-08,1e+18,False,False,False,False,12,1.1,15.0,13.143532676056854,9.4495877559119,128.85801485334406,112.9099685864498,study_results/v4p2_followups_20260806/pseudo65/gp_window_ensemble_20260806/runs/window_3p0/draw_02/attempt_01/results_single.csv,1,1,1,1,single_attempt_outside_55_75MeV,False,,,,,,,window_3p0,2
2021,0.116,0.002844284,0.109600361,0.122399639,1099793946.70252,1.64,0.11133537424,0.12066462576,0.0093292515199999,0.0,1.0,8000,0.000125,True,6654.955845883673,1.6939312740640947e-06,0.5,0.0,-3356.79186431157,4967.143842398851,True,tilde_q_mu,asymptotic,default,sidak_approx,observed,7.89**2 * RBF(length_scale=0.318),0.0266462980375249,0.3633586096026131,0.0983979766355584,0.3179998695993811,0.0242239073068408,62.18521124651847,1620.304189726818,395,111,284,416,21,0.04,0.3,0.000625,1.0,1e-08,1e+18,False,False,False,False,12,1.1,15.0,13.127521731788388,9.368367588301648,127.75046711320428,111.80313555164712,study_results/v4p2_followups_20260806/pseudo65/gp_window_ensemble_20260806/runs/window_3p0/draw_02/attempt_01/results_single.csv,1,1,1,1,single_attempt_outside_55_75MeV,False,,,,,,,window_3p0,2
2021,0.117,0.002862917875,0.11055843478125,0.12344156521875,1076409135.485572,1.64,0.112304814685,0.121695185315,0.00939037063,0.0,1.0,8000,0.000125,True,7003.213619047843,1.8057351798584937e-06,0.5,0.0,-2159.013430482933,4910.273710575042,True,tilde_q_mu,asymptotic,default,sidak_approx,observed,8.01**2 * RBF(length_scale=0.32),0.0265922843585697,0.3626220594350426,0.0981985179072823,0.319740268463244,0.0241748039623361,64.1240231576365,1621.2577315549925,395,113,282,416,21,0.04,0.3,0.000625,1.0,1e-08,1e+18,False,False,False,False,12,1.1,15.0,13.22617833680854,9.288525036216694,126.66170503931852,111.68335328628454,study_results/v4p2_followups_20260806/pseudo65/gp_window_ensemble_20260806/runs/window_3p0/draw_02/attempt_01/results_single.csv,1,1,1,1,single_attempt_outside_55_75MeV,False,,,,,,,window_3p0,2
2021,0.118,0.0028817235,0.1115161221249999,0.124483877875,1053178929.4199272,1.64,0.11327397346,0.1227260265399999,0.0094520530799999,0.0,1.0,8000,0.000125,True,7503.305451644258,1.9605972063774385e-06,0.5,0.0,-867.1566246046945,4861.997973991057,True,tilde_q_mu,asymptotic,default,sidak_approx,observed,8.03**2 * RBF(length_scale=0.32),0.0265407464728296,0.3619192700840412,0.0980082016513522,0.3198763110000194,0.024127951338936,64.51934448011856,1622.4819195976193,395,114,281,416,21,0.04,0.3,0.000625,1.0,1e-08,1e+18,False,False,False,False,12,1.1,15.0,13.257499839359518,9.21002534519002,125.59125470713664,111.00173594032162,study_results/v4p2_followups_20260806/pseudo65/gp_window_ensemble_20260806/runs/window_3p0/draw_02/attempt_01/results_single.csv,1,1,1,1,single_attempt_outside_55_75MeV,False,,,,,,,window_3p0,2
2021,0.119,0.002900700875,0.1124734230312499,0.12552657696875,1030627124.242168,1.64,0.114242850565,0.1237571494349999,0.0095142988699999,0.0,1.0,8000,0.000125,True,8104.358934217626,2.145804045828462e-06,0.4798213600180442,0.0506019360786324,280.02823319496787,4820.136307411637,True,tilde_q_mu,asymptotic,default,sidak_approx,observed,8**2 * RBF(length_scale=0.32),0.0264916222438949,0.3612493942349304,0.0978267984138683,0.3196269242326603,0.0240832929489953,63.99855536002075,1624.9184201511907,395,116,279,416,21,0.04,0.3,0.000625,1.0,1e-08,1e+18,False,False,False,False,12,1.1,15.0,13.27172845132018,9.13283492007596,124.53865800103584,110.1895500454387,study_results/v4p2_followups_20260806/pseudo65/gp_window_ensemble_20260806/runs/window_3p0/draw_02/attempt_01/results_single.csv,1,1,1,1,single_attempt_outside_55_75MeV,False,,,,,,,window_3p0,2
2021,0.12,0.00291985,0.1134303374999999,0.1265696624999999,1008026180.837055,1.64,0.115211446,0.124788554,0.009577108,0.0,1.0,8000,0.000125,True,8683.44695908107,2.3310898851594968e-06,0.3994913759517786,0.2546638337355554,1217.8775607633647,4800.663841928055,True,tilde_q_mu,asymptotic,default,sidak_approx,observed,7.98**2 * RBF(length_scale=0.319),0.0264448515909636,0.3606116126040493,0.0976540863317667,0.3194765285649114,0.0240407741736032,63.65651383324969,1619.7234321963538,394,117,277,416,22,0.04,0.3,0.000625,1.0,1e-08,1e+18,False,False,False,False,12,1.1,15.0,13.288945117070975,9.05692127710794,123.5034719605628,109.41539071010888,study_results/v4p2_followups_20260806/pseudo65/gp_window_ensemble_20260806/runs/window_3p0/draw_02/attempt_01/results_single.csv,1,1,1,1,single_attempt_outside_55_75MeV,False,,,,,,,window_3p0,2
2021,0.121,0.002939170875,0.1143868655312499,0.12761313446875,985440224.1699862,1.64,0.116179759765,0.125820240235,0.0096404804699999,0.0,1.0,8000,0.000125,True,9183.733768073307,2.501056780453441e-06,0.3276874999298513,0.4463076931927358,2108.7268610763517,4726.717106349701,True,tilde_q_mu,asymptotic,default,sidak_approx,observed,8.03**2 * RBF(length_scale=0.32),0.0264003764045369,0.3600051327891407,0.0974898508215015,0.3200999387964926,0.0240003421859427,64.50919711781054,1624.0384670552155,395,119,276,416,21,0.04,0.3,0.000625,1.0,1e-08,1e+18,False,False,False,False,12,1.1,15.0,13.33730728989268,8.982252998317762,122.48526815887854,108.90824399465804,study_results/v4p2_followups_20260806/pseudo65/gp_window_ensemble_20260806/runs/window_3p0/draw_02/attempt_01/results_single.csv,1,1,1,1,single_attempt_outside_55_75MeV,False,,,,,,,window_3p0,2
2021,0.122,0.0029586635,0.115343007125,0.128656992875,963312661.4875358,1.64,0.11714779186,0.12685220814,0.00970441628,0.0,1.0,8000,0.000125,True,9590.966298299056,2.6500568320904135e-06,0.2750465095290823,0.597620744834868,2766.836082567476,4684.726965539097,True,tilde_q_mu,asymptotic,default,sidak_approx,observed,7.99**2 * RBF(length_scale=0.319),0.0263581404662262,0.3594291881758127,0.0973338842829142,0.3194266874987364,0.0239619458783875,63.91376319099916,1624.926720463326,395,121,274,416,21,0.04,0.3,0.000625,1.0,1e-08,1e+18,False,False,False,False,12,1.1,15.0,13.330582128843025,8.908799688178892,121.48363211153033,107.96316901152711,study_results/v4p2_followups_20260806/pseudo65/gp_window_ensemble_20260806/runs/window_3p0/draw_02/attempt_01/results_single.csv,1,1,1,1,single_attempt_outside_55_75MeV,False,,,,,,,window_3p0,2
2021,0.123,0.002978327875,0.11629876228125,0.12970123771875,941612336.1342888,1.64,0.118115542285,0.127884457715,0.00976891543,0.0,1.0,8000,0.000125,True,155415.937477833,4.357508304652675e-05,0.5,0.0,5336.9833881877,120125.44663582325,True,tilde_q_mu,asymptotic,default,sidak_approx,observed,3.16**2 * RBF(length_scale=0.0523),0.026318089372443,0.3588830368969509,0.0971859858174404,0.0522833955758601,0.02392553579313,9.977830939016762,1213.8697059373546,394,122,272,416,22,0.04,0.3,0.000625,1.0,1e-08,1e+18,False,False,False,False,12,1.1,15.0,2.1852549521951654,8.836531932349143,120.49816271385194,17.554613786724254,study_results/v4p2_followups_20260806/pseudo65/gp_window_ensemble_20260806/runs/window_3p0/draw_02/attempt_01/results_single.csv,1,1,1,1,single_attempt_outside_55_75MeV,False,,,,,,,window_3p0,2
2021,0.124,0.002998164,0.117254131,0.130745869,920037116.668702,1.64,0.1190830110399999,0.12891698896,0.00983397792,0.0,1.0,8000,0.000125,True,8913.42567792492,2.537099713258659e-06,0.3285883574298165,0.4438144851895881,2040.7558889758948,4590.088423184506,True,tilde_q_mu,asymptotic,default,sidak_approx,observed,8.04**2 * RBF(length_scale=0.32),0.0262801704617562,0.3583659608421308,0.0970459609598579,0.3201423675740494,0.023891064056142,64.6909384074159,1626.8452473058624,395,124,271,416,21,0.04,0.3,0.000625,1.0,1e-08,1e+18,False,False,False,False,12,1.1,15.0,13.400088284964662,8.765421258395557,119.52847170539395,106.77947156127864,study_results/v4p2_followups_20260806/pseudo65/gp_window_ensemble_20260806/runs/window_3p0/draw_02/attempt_01/results_single.csv,1,1,1,1,single_attempt_outside_55_75MeV,False,,,,,,,window_3p0,2
2021,0.125,0.003018171875,0.11820911328125,0.13179088671875,898531012.9433209,1.64,0.120050198125,0.129949801875,0.00989960375,0.0,1.0,8000,0.000125,True,8810.390888240025,2.547252602714633e-06,0.3358735874163019,0.4237513318786395,1935.8965619470537,4574.890675048479,True,tilde_q_mu,asymptotic,default,sidak_approx,observed,8**2 * RBF(length_scale=0.319),0.0262443327457108,0.3578772647142392,0.0969136214228183,0.3191324377002351,0.0238584843142826,63.9647125209655,1622.2716940519367,394,125,269,416,22,0.04,0.3,0.000625,1.0,1e-08,1e+18,False,False,False,False,12,1.1,15.0,13.376056647034783,8.695440098390975,118.57418315987692,105.73699938815945,study_results/v4p2_followups_20260806/pseudo65/gp_window_ensemble_20260806/runs/window_3p0/draw_02/attempt_01/results_single.csv,1,1,1,1,single_attempt_outside_55_75MeV,False,,,,,,,window_3p0,2
2021,0.126,0.0030383515,0.119163709125,0.132836290875,877660484.0400469,1.64,0.12101710354,0.13098289646,0.0099657929199999,0.0,1.0,8000,0.000125,True,8322.615113690019,2.443895561772313e-06,0.3849182129525908,0.2925888650346434,1343.7570623158058,4529.286843521347,True,tilde_q_mu,asymptotic,default,sidak_approx,observed,7.95**2 * RBF(length_scale=0.319),0.0262105268429174,0.3574162751306931,0.0967887848534561,0.3187993458384714,0.0238277516753795,63.26442466141407,1621.289505390827,394,127,267,416,22,0.04,0.3,0.000625,1.0,1e-08,1e+18,False,False,False,False,12,1.1,15.0,13.379329706876067,8.626561753278871,117.63493299925732,104.92510357622264,study_results/v4p2_followups_20260806/pseudo65/gp_window_ensemble_20260806/runs/window_3p0/draw_02/attempt_01/results_single.csv,1,1,1,1,single_attempt_outside_55_75MeV,False,,,,,,,window_3p0,2
2021,0.127,0.003058702875,0.12011791853125,0.13388208146875,857126402.643784,1.64,0.121983727285,0.132016272715,0.0100325454299999,0.0,1.0,8000,0.000125,True,8345.58325908446,2.48959109636446e-06,0.3716537584918361,0.3274764963990807,1482.895692554821,4481.988237772486,True,tilde_q_mu,asymptotic,default,sidak_approx,observed,7.95**2 * RBF(length_scale=0.319),0.0261787049162304,0.3569823397667782,0.0966712746014036,0.3187910157805937,0.0237988226511185,63.17509873135644,1621.3092946245024,394,128,266,416,22,0.04,0.3,0.000625,1.0,1e-08,1e+18,False,False,False,False,12,1.1,15.0,13.395243136769649,8.558760358908806,116.71036853057464,104.22425086993574,study_results/v4p2_followups_20260806/pseudo65/gp_window_ensemble_20260806/runs/window_3p0/draw_02/attempt_01/results_single.csv,1,1,1,1,single_attempt_outside_55_75MeV,False,,,,,,,window_3p0,2
2021,0.128,0.003079226,0.1210717415,0.1349282585,836870911.2847852,1.64,0.12295006936,0.13304993064,0.01009986128,0.0,1.0,8000,0.000125,True,8207.248277717825,2.4879924112783323e-06,0.3753173223020965,0.3178026444999085,1414.9478003141724,4430.6337092258445,True,tilde_q_mu,asymptotic,default,sidak_approx,observed,8.03**2 * RBF(length_scale=0.32),0.0261488206128557,0.3565748265389423,0.0965609194976257,0.3199215081524795,0.0237716551025961,64.43517100295405,1621.4576654117,394,130,264,416,22,0.04,0.3,0.000625,1.0,1e-08,1e+18,False,False,False,False,12,1.1,15.0,13.458108271036634,8.492010853654708,115.80014800438238,103.896728643003,study_results/v4p2_followups_20260806/pseudo65/gp_window_ensemble_20260806/runs/window_3p0/draw_02/attempt_01/results_single.csv,1,1,1,1,single_attempt_outside_55_75MeV,False,,,,,,,window_3p0,2
2021,0.129,0.003099920875,0.12202517803125,0.13597482196875,816661383.882061,1.64,0.123916129765,0.134083870235,0.01016774047,0.0,1.0,8000,0.000125,True,8385.148229164251,2.584633301952198e-06,0.3445587940796673,0.4000528539070674,1723.2408144671488,4406.2471516652195,True,tilde_q_mu,asymptotic,default,sidak_approx,observed,8.03**2 * RBF(length_scale=0.32),0.0261208290072193,0.3561931228257187,0.096457553643445,0.3198745836282834,0.0237462081883812,64.48107384664867,1616.420811713876,393,131,262,416,23,0.04,0.3,0.000625,1.0,1e-08,1e+18,False,False,False,False,12,1.1,15.0,13.470554165561245,8.426288947526562,114.90394019354402,103.1879833475696,study_results/v4p2_followups_20260806/pseudo65/gp_window_ensemble_20260806/runs/window_3p0/draw_02/attempt_01/results_single.csv,1,1,1,1,single_attempt_outside_55_75MeV,False,,,,,,,window_3p0,2
2021,0.13,0.0031207875,0.122978228125,0.137021771875,796778619.4646972,1.64,0.1248819085,0.1351180915,0.010236183,0.0,1.0,8000,0.000125,True,8159.590308062336,2.558039529374187e-06,0.3596031013240524,0.3595198878250618,1558.8064880313698,4335.493886962307,True,tilde_q_mu,asymptotic,default,sidak_approx,observed,8.04**2 * RBF(length_scale=0.32),0.0260946865464589,0.3558366347244401,0.0963610162092589,0.3200478979386918,0.0237224423149626,64.65794710629069,1622.0879518700622,394,133,261,416,22,0.04,0.3,0.000625,1.0,1e-08,1e+18,False,False,False,False,12,1.1,15.0,13.491355303531504,8.36157109269982,114.0214239913612,102.55356955213766,study_results/v4p2_followups_20260806/pseudo65/gp_window_ensemble_20260806/runs/window_3p0/draw_02/attempt_01/results_single.csv,1,1,1,1,single_attempt_outside_55_75MeV,False,,,,,,,window_3p0,2
2021,0.131,0.003141825875,0.12393089178125,0.13806910821875,777717056.7816086,1.64,0.125847405565,0.136152594435,0.0103051888699999,0.0,1.0,8000,0.000125,True,7549.383529841146,2.406237505484262e-06,0.4330710394956836,0.168560847482583,729.2505361776891,4307.892538455917,True,tilde_q_mu,asymptotic,default,sidak_approx,observed,8.09**2 * RBF(length_scale=0.321),0.0260703509983903,0.3555047863416871,0.0962711512423922,0.320855194188148,0.0237003190894458,65.43039417616276,1615.5449304118847,393,134,259,416,23,0.04,0.3,0.000625,1.0,1e-08,1e+18,False,False,False,False,12,1.1,15.0,13.538011576014211,8.297834455383493,113.1522880279567,102.12379901166484,study_results/v4p2_followups_20260806/pseudo65/gp_window_ensemble_20260806/runs/window_3p0/draw_02/attempt_01/results_single.csv,1,1,1,1,single_attempt_outside_55_75MeV,False,,,,,,,window_3p0,2
2021,0.132,0.003163036,0.124883169,0.139116831,758729637.4451472,1.64,0.12681262096,0.13718737904,0.0103747580799999,0.0,1.0,8000,0.000125,True,6708.442028419813,2.175106935634617e-06,0.5,0.0,-512.846226816401,4257.52464786084,True,tilde_q_mu,asymptotic,default,sidak_approx,observed,8.17**2 * RBF(length_scale=0.322),0.0260477814018274,0.3551970191158293,0.0961878074836403,0.3220307139252695,0.0236798012743886,66.6909549948745,1615.071126312745,393,136,257,416,23,0.04,0.3,0.000625,1.0,1e-08,1e+18,False,False,False,False,12,1.1,15.0,13.59938414152016,8.235056888959685,112.2962303039957,101.81063823657698,study_results/v4p2_followups_20260806/pseudo65/gp_window_ensemble_20260806/runs/window_3p0/draw_02/attempt_01/results_single.csv,1,1,1,1,single_attempt_outside_55_75MeV,False,,,,,,,window_3p0,2
2021,0.133,0.003184417875,0.12583505978125,0.14016494021875,740120080.2932594,1.64,0.127777554685,0.138222445315,0.0104448906299999,0.0,1.0,8000,0.000125,True,6268.242204541371,2.0678158649676596e-06,0.5,0.0,-1260.1119782529806,4216.798964061591,True,tilde_q_mu,asymptotic,default,sidak_approx,observed,8.08**2 * RBF(length_scale=0.321),0.0260269380191233,0.3549127911698635,0.0961108381920171,0.3207033590843267,0.0236608527446575,65.29879146041877,1611.925239288695,393,137,256,416,23,0.04,0.3,0.000625,1.0,1e-08,1e+18,False,False,False,False,12,1.1,15.0,13.554175859394542,8.173216908325301,111.45295784079954,100.71019937492552,study_results/v4p2_followups_20260806/pseudo65/gp_window_ensemble_20260806/runs/window_3p0/draw_02/attempt_01/results_single.csv,1,1,1,1,single_attempt_outside_55_75MeV,False,,,,,,,window_3p0,2
2021,0.134,0.0032059715,0.126786564125,0.141213435875,721731213.3148873,1.64,0.12874220674,0.13925779326,0.01051558652,0.0,1.0,8000,0.000125,True,5909.464323816781,1.984210533336121e-06,0.5,0.0,-1961.5971516056168,4178.828479157279,True,tilde_q_mu,asymptotic,default,sidak_approx,observed,8.01**2 * RBF(length_scale=0.32),0.0260077822908281,0.3546515766931113,0.0960401009773177,0.3196703186879665,0.0236434384462074,64.08113124773242,1613.580347734759,393,139,254,416,23,0.04,0.3,0.000625,1.0,1e-08,1e+18,False,False,False,False,12,1.1,15.0,13.52046655207394,8.112293665376676,110.62218634604557,99.71090469393332,study_results/v4p2_followups_20260806/pseudo65/gp_window_ensemble_20260806/runs/window_3p0/draw_02/attempt_01/results_single.csv,1,1,1,1,single_attempt_outside_55_75MeV,False,,,,,,,window_3p0,2
2021,0.135,0.003227696875,0.12773768203125,0.14226231796875,703839749.1336825,1.64,0.129706577125,0.140293422875,0.01058684575,0.0,1.0,8000,0.000125,True,5516.0339112942,1.8851212592966984e-06,0.5,0.0,-2941.1008717086393,4152.387138591464,True,tilde_q_mu,asymptotic,default,sidak_approx,observed,8.06**2 * RBF(length_scale=0.32),0.025990276792342,0.3544128653501188,0.0959754576400479,0.3203546820586287,0.0236275243566745,64.94336397509504,1608.4205977959414,392,140,252,416,24,0.04,0.3,0.000625,1.0,1e-08,1e+18,False,False,False,False,12,1.1,15.0,13.558537797809151,8.052266925574306,109.80363989419509,99.25178678949791,study_results/v4p2_followups_20260806/pseudo65/gp_window_ensemble_20260806/runs/window_3p0/draw_02/attempt_01/results_single.csv,1,1,1,1,single_attempt_outside_55_75MeV,False,,,,,,,window_3p0,2
2021,0.136,0.003249594,0.1286884135,0.1433115865,686424779.2721932,1.64,0.13067066584,0.14132933416,0.01065866832,0.0,1.0,8000,0.000125,True,5261.185620806915,1.8300867868102736e-06,0.5,0.0,-3445.7682147476053,4084.924151285238,True,tilde_q_mu,asymptotic,default,sidak_approx,observed,8.14**2 * RBF(length_scale=0.321),0.0259743851924713,0.3541961617155187,0.0959167740183841,0.3214889441767072,0.0236130774477012,66.33130717704287,1613.8085217326898,393,142,251,416,23,0.04,0.3,0.000625,1.0,1e-08,1e+18,False,False,False,False,12,1.1,15.0,13.61486849347561,7.993117045535957,108.99705062094486,98.93203402539125,study_results/v4p2_followups_20260806/pseudo65/gp_window_ensemble_20260806/runs/window_3p0/draw_02/attempt_01/results_single.csv,1,1,1,1,single_attempt_outside_55_75MeV,False,,,,,,,window_3p0,2
2021,0.137,0.003271662875,0.12963875853125,0.14436124146875,669116428.5880822,1.64,0.131634472885,0.142365527115,0.0107310542299999,0.0,1.0,8000,0.000125,True,5285.622710045551,1.872379258710187e-06,0.5,0.0,-3252.5614882041555,4063.9494936284423,True,tilde_q_mu,asymptotic,default,sidak_approx,observed,8.13**2 * RBF(length_scale=0.321),0.0259600722137896,0.3540009847334957,0.0958639198417955,0.3212120381500395,0.0236000656488997,66.08164873046198,1609.7924157351365,392,143,249,416,24,0.04,0.3,0.000625,1.0,1e-08,1e+18,False,False,False,False,12,1.1,15.0,13.61064172145704,7.93482495160498,108.20215843097698,98.18005412615732,study_results/v4p2_followups_20260806/pseudo65/gp_window_ensemble_20260806/runs/window_3p0/draw_02/attempt_01/results_single.csv,1,1,1,1,single_attempt_outside_55_75MeV,False,,,,,,,window_3p0,2
2021,0.138,0.0032939035,0.130588717125,0.145411282875,652262296.7982231,1.64,0.13259799826,0.14340200174,0.0108040034799999,0.0,1.0,8000,0.000125,True,5465.297982129502,1.97166172628457e-06,0.5,0.0,-2508.6629028697707,4026.3755541664696,True,tilde_q_mu,asymptotic,default,sidak_approx,observed,8.06**2 * RBF(length_scale=0.32),0.0259473035947063,0.3538268672005407,0.095816768590974,0.3204461158494975,0.0235884578133693,64.99673544558829,1608.9089660646937,392,145,247,416,24,0.04,0.3,0.000625,1.0,1e-08,1e+18,False,False,False,False,12,1.1,15.0,13.58486927737498,7.877372119342997,107.41871071831358,97.28460953682992,study_results/v4p2_followups_20260806/pseudo65/gp_window_ensemble_20260806/runs/window_3p0/draw_02/attempt_01/results_single.csv,1,1,1,1,single_attempt_outside_55_75MeV,False,,,,,,,window_3p0,2
2021,0.139,0.003316315875,0.13153828928125,0.14646171071875,635785521.2448627,1.64,0.133561241965,0.144438758035,0.0108775160699999,0.0,1.0,8000,0.000125,True,5575.7732153133165,2.0488001138589393e-06,0.5,0.0,-2012.991952170014,3982.366447744178,True,tilde_q_mu,asymptotic,default,sidak_approx,observed,8.08**2 * RBF(length_scale=0.321),0.0259360460531648,0.3536733552704296,0.0957751973637809,0.320630229591255,0.0235782236846953,65.24550982153255,1609.0562339097178,392,146,246,416,24,0.04,0.3,0.000625,1.0,1e-08,1e+18,False,False,False,False,12,1.1,15.0,13.5985744252387,7.820740553903008,106.64646209867738,96.68265680248416,study_results/v4p2_followups_20260806/pseudo65/gp_window_ensemble_20260806/runs/window_3p0/draw_02/attempt_01/results_single.csv,1,1,1,1,single_attempt_outside_55_75MeV,False,,,,,,,window_3p0,2
2021,0.14,0.0033389,0.132487475,0.147512525,619834689.867921,1.64,0.134524204,0.145475796,0.010951592,0.0,1.0,8000,0.000125,True,5762.9710778426725,2.156564480653262e-06,0.5,0.0,-1392.824680717311,3941.436171594333,True,tilde_q_mu,asymptotic,default,sidak_approx,observed,8.14**2 * RBF(length_scale=0.321),0.0259262672518869,0.3535400079802764,0.0957390867469023,0.3214925784503261,0.0235693338653517,66.32156667358049,1608.8299550893057,392,148,244,416,24,0.04,0.3,0.000625,1.0,1e-08,1e+18,False,False,False,False,12,1.1,15.0,13.640291248236686,7.764912771238112,105.88517415324698,96.2869742880368,study_results/v4p2_followups_20260806/pseudo65/gp_window_ensemble_20260806/runs/window_3p0/draw_02/attempt_01/results_single.csv,1,1,1,1,single_attempt_outside_55_75MeV,False,,,,,,,window_3p0,2
2021,0.141,0.003361655875,0.13343627428125,0.1485637257187499,604132627.2786524,1.64,0.1354868843649999,0.146513115635,0.01102623127,0.0,1.0,8000,0.000125,True,5824.485123798504,2.2203736182915544e-06,0.5,0.0,-1187.8235587083266,3921.71947649134,True,tilde_q_mu,asymptotic,default,sidak_approx,observed,8.11**2 * RBF(length_scale=0.321),0.0259179357650831,0.3534263967965889,0.0957083206929198,0.3208375167465181,0.0235617597864392,65.71279915657126,1606.0109039216595,391,149,242,416,25,0.04,0.3,0.000625,1.0,1e-08,1e+18,False,False,False,False,12,1.1,15.0,13.616874106796258,7.709871780103963,105.13461518323584,95.44032128110618,study_results/v4p2_followups_20260806/pseudo65/gp_window_ensemble_20260806/runs/window_3p0/draw_02/attempt_01/results_single.csv,1,1,1,1,single_attempt_outside_55_75MeV,False,,,,,,,window_3p0,2
2021,0.142,0.0033845835,0.1343846871249999,0.149615312875,588792286.6909375,1.64,0.1364492830599999,0.14755071694,0.01110143388,0.0,1.0,8000,0.000125,True,5977.811674643042,2.3217299007122143e-06,0.5,0.0,-674.7350665330205,3864.1529527478624,True,tilde_q_mu,asymptotic,default,sidak_approx,observed,8.07**2 * RBF(length_scale=0.32),0.0259110210465671,0.3533321051804605,0.0956827864025644,0.3204283062785275,0.0235554736786973,65.07148695418415,1611.031788758853,392,151,241,416,24,0.04,0.3,0.000625,1.0,1e-08,1e+18,False,False,False,False,12,1.1,15.0,13.603135757287278,7.6556010648184945,104.39455997479764,94.67289144396274,study_results/v4p2_followups_20260806/pseudo65/gp_window_ensemble_20260806/runs/window_3p0/draw_02/attempt_01/results_single.csv,1,1,1,1,single_attempt_outside_55_75MeV,False,,,,,,,window_3p0,2
2021,0.143,0.003407682875,0.1353327135312499,0.15066728646875,573696429.0826498,1.64,0.137411400085,0.1485885999149999,0.0111771998299999,0.0,1.0,8000,0.000125,True,6218.610889109977,2.461473252623991e-06,0.4964480225471613,0.0089036047503957,-116.2385326765452,3823.5979534096746,True,tilde_q_mu,asymptotic,default,sidak_approx,observed,8.08**2 * RBF(length_scale=0.321),0.025905493399191,0.3532567281707865,0.0956623742118505,0.3206993976251813,0.0235504485447191,65.2411196007293,1611.6809803642964,392,153,239,416,24,0.04,0.3,0.000625,1.0,1e-08,1e+18,False,False,False,False,12,1.1,15.0,13.617549449906091,7.602084568738228,103.66478957370308,94.11069321560076,study_results/v4p2_followups_20260806/pseudo65/gp_window_ensemble_20260806/runs/window_3p0/draw_02/attempt_01/results_single.csv,1,1,1,1,single_attempt_outside_55_75MeV,False,,,,,,,window_3p0,2
2021,0.144,0.003430954,0.1362803534999999,0.1517196465,559083772.4170778,1.64,0.13837323544,0.14962676456,0.0112535291199999,0.0,1.0,8000,0.000125,True,6330.372885931412,2.5533469774101704e-06,0.4858948447378729,0.0353637505696844,120.82775223643424,3803.1920397187528,True,tilde_q_mu,asymptotic,default,sidak_approx,observed,8.04**2 * RBF(length_scale=0.32),0.0259013239455544,0.3531998719848339,0.0956469774839098,0.3202666305928457,0.0235466581323222,64.68843829523504,1606.488380964673,391,154,237,416,25,0.04,0.3,0.000625,1.0,1e-08,1e+18,False,False,False,False,12,1.1,15.0,13.601362401113684,7.5493066784207805,102.94509106937429,93.34623273668076,study_results/v4p2_followups_20260806/pseudo65/gp_window_ensemble_20260806/runs/window_3p0/draw_02/attempt_01/results_single.csv,1,1,1,1,single_attempt_outside_55_75MeV,False,,,,,,,window_3p0,2
2021,0.145,0.003454396875,0.1372276070312499,0.15277239296875,544779001.7566646,1.64,0.139334789125,0.1506652108749999,0.0113304217499999,0.0,1.0,8000,0.000125,True,6475.260932008084,2.6618822116742923e-06,0.4461800050023406,0.1353185616208115,506.11897732988086,3742.4429726354983,True,tilde_q_mu,asymptotic,default,sidak_approx,observed,8.06**2 * RBF(length_scale=0.321),0.0258984845999115,0.3531611536351575,0.095636492505252,0.3205320402944464,0.0235440769090105,64.92305173125906,1612.4199756340597,392,156,236,416,24,0.04,0.3,0.000625,1.0,1e-08,1e+18,False,False,False,False,12,1.1,15.0,13.614126454529895,7.49725220843698,102.235257387777,92.78958147924052,study_results/v4p2_followups_20260806/pseudo65/gp_window_ensemble_20260806/runs/window_3p0/draw_02/attempt_01/results_single.csv,1,1,1,1,single_attempt_outside_55_75MeV,False,,,,,,,window_3p0,2
2021,0.146,0.0034780115,0.138174474125,0.1538255258749999,530723198.11642635,1.64,0.1402960611399999,0.15170393886,0.01140787772,0.0,1.0,8000,0.000125,True,6437.707403583356,2.6979272146062328e-06,0.4462872437451988,0.1350472865470804,501.67296486092215,3721.8386638609254,True,tilde_q_mu,asymptotic,default,sidak_approx,observed,8.04**2 * RBF(length_scale=0.32),0.0258969480412312,0.3531402005622441,0.0956308183862839,0.3202558226962819,0.0235426800374829,64.65882133541167,1607.305886562664,391,157,234,416,25,0.04,0.3,0.000625,1.0,1e-08,1e+18,False,False,False,False,12,1.1,15.0,13.603201597540888,7.445906386805,101.53508709279544,92.08015059647788,study_results/v4p2_followups_20260806/pseudo65/gp_window_ensemble_20260806/runs/window_3p0/draw_02/attempt_01/results_single.csv,1,1,1,1,single_attempt_outside_55_75MeV,False,,,,,,,window_3p0,2
2021,0.147,0.0035017978749999,0.13912095478125,0.1548790452187499,517058895.8195766,1.64,0.141257051485,0.1527429485149999,0.0114858970299999,0.0,1.0,8000,0.000125,True,6360.675890236682,2.717476764921279e-06,0.4496207978053808,0.1266194580386717,480.2476052449356,3682.825600964783,True,tilde_q_mu,asymptotic,default,sidak_approx,observed,8.02**2 * RBF(length_scale=0.32),0.025896687687343,0.353136650281951,0.0956298569658356,0.3200225213295353,0.02354244335213,64.37109674473986,1608.4508852295194,391,159,232,416,25,0.04,0.3,0.000625,1.0,1e-08,1e+18,False,False,False,False,12,1.1,15.0,13.593428538528492,7.3952548410130845,100.84438419563295,91.3880620050166,study_results/v4p2_followups_20260806/pseudo65/gp_window_ensemble_20260806/runs/window_3p0/draw_02/attempt_01/results_single.csv,1,1,1,1,single_attempt_outside_55_75MeV,False,,,,,,,window_3p0,2
2021,0.148,0.0035257559999999,0.140067049,0.155932951,503681799.08701915,1.64,0.1422177601599999,0.15378223984,0.01156447968,0.0,1.0,8000,0.000125,True,6134.465282770689,2.672259699094862e-06,0.4763029855278011,0.0594345797714893,227.9724530521155,3642.7241035854463,True,tilde_q_mu,asymptotic,default,sidak_approx,observed,7.99**2 * RBF(length_scale=0.32),0.0258976776701328,0.3531501500472667,0.0956335127195648,0.3195762914968699,0.0235433433364844,63.86114724819256,1609.0306924016777,391,160,231,416,25,0.04,0.3,0.000625,1.0,1e-08,1e+18,False,False,False,False,12,1.1,15.0,13.573955360946194,7.345283584607923,100.16295797192622,90.64050135541709,study_results/v4p2_followups_20260806/pseudo65/gp_window_ensemble_20260806/runs/window_3p0/draw_02/attempt_01/results_single.csv,1,1,1,1,single_attempt_outside_55_75MeV,False,,,,,,,window_3p0,2
2021,0.149,0.003549885875,0.14101275678125,0.15698724321875,490644352.2917579,1.64,0.143178187165,0.154821812835,0.0116436256699999,0.0,1.0,8000,0.000125,True,5900.100890093834,2.6207541822786857e-06,0.5,0.0,-49.85374372625101,3604.965154159914,True,tilde_q_mu,asymptotic,default,sidak_approx,observed,7.98**2 * RBF(length_scale=0.319),0.0258998928117245,0.353180356523517,0.0956416926720024,0.3194073078592216,0.0235453571015678,63.73246708108269,1607.9601629890094,391,162,229,416,25,0.04,0.3,0.000625,1.0,1e-08,1e+18,False,False,False,False,12,1.1,15.0,13.565617479547742,7.295979004317872,99.49062278615278,89.97678210126168,study_results/v4p2_followups_20260806/pseudo65/gp_window_ensemble_20260806/runs/window_3p0/draw_02/attempt_01/results_single.csv,1,1,1,1,single_attempt_outside_55_75MeV,False,,,,,,,window_3p0,2
2021,0.15,0.0035741875,0.141958078125,0.158041921875,477946931.2512179,1.64,0.1441383325,0.1558616675,0.011723335,0.0,1.0,8000,0.000125,True,5787.375254139059,2.6213839045105013e-06,0.5,0.0,-170.04642841978236,3580.1981421276896,True,tilde_q_mu,asymptotic,default,sidak_approx,observed,8.01**2 * RBF(length_scale=0.32),0.0259033086016125,0.3532269354765349,0.0956543063121079,0.319818452351052,0.0235484623651023,64.16573187105779,1603.129249462888,390,163,227,416,26,0.04,0.3,0.000625,1.0,1e-08,1e+18,False,False,False,False,12,1.1,15.0,13.581288127967426,7.247327847689178,98.82719792303423,89.48004332482613,study_results/v4p2_followups_20260806/pseudo65/gp_window_ensemble_20260806/runs/window_3p0/draw_02/attempt_01/results_single.csv,1,1,1,1,single_attempt_outside_55_75MeV,False,,,,,,,window_3p0,2
2021,0.151,0.003598660875,0.14290301303125,0.15909698696875,465470649.96646106,1.64,0.145098196165,0.156901803835,0.0118036076699999,0.0,1.0,8000,0.000125,True,5779.152292877079,2.6700218291060876e-06,0.5,0.0,-63.12273875850802,3536.3915415323354,True,tilde_q_mu,asymptotic,default,sidak_approx,observed,8.1**2 * RBF(length_scale=0.321),0.0259079011746969,0.3532895614731401,0.0956712655121596,0.321050367270838,0.0235526374315426,65.61603854816214,1604.352385565506,390,165,225,416,26,0.04,0.3,0.000625,1.0,1e-08,1e+18,False,False,False,False,12,1.1,15.0,13.631185390765364,7.199317211210392,98.17250742559624,89.21384326630611,study_results/v4p2_followups_20260806/pseudo65/gp_window_ensemble_20260806/runs/window_3p0/draw_02/attempt_01/results_single.csv,1,1,1,1,single_attempt_outside_55_75MeV,False,,,,,,,window_3p0,2
2021,0.152,0.003623306,0.1438475615,0.1601524385,453362715.5960102,1.64,0.1460577781599999,0.15794222184,0.01188444368,0.0,1.0,8000,0.000125,True,5480.014856636291,2.5823331414230244e-06,0.5,0.0,-486.959901497201,3500.743374624846,True,tilde_q_mu,asymptotic,default,sidak_approx,observed,8.04**2 * RBF(length_scale=0.32),0.0259136472901786,0.3533679175933457,0.0956924844498192,0.3202452363637595,0.0235578611728897,64.67366997915622,1604.655728080879,390,166,224,416,26,0.04,0.3,0.000625,1.0,1e-08,1e+18,False,False,False,False,12,1.1,15.0,13.593986058984692,7.151934528902247,97.5263799395761,88.38481661878946,study_results/v4p2_followups_20260806/pseudo65/gp_window_ensemble_20260806/runs/window_3p0/draw_02/attempt_01/results_single.csv,1,1,1,1,single_attempt_outside_55_75MeV,False,,,,,,,window_3p0,2
2021,0.153,0.003648122875,0.14479172353125,0.16120827646875,441644549.5313737,1.64,0.147017078485,0.158982921515,0.0119658430299999,0.0,1.0,8000,0.000125,True,5509.4556891282355,2.6476727806881834e-06,0.5,0.0,-318.39767133604363,3462.469931141534,True,tilde_q_mu,asymptotic,default,sidak_approx,observed,8.08**2 * RBF(length_scale=0.321),0.0259205243112793,0.3534616951538094,0.0957178795332425,0.3207627400124559,0.0235641130102539,65.30466706736935,1603.790541950201,390,168,222,416,26,0.04,0.3,0.000625,1.0,1e-08,1e+18,False,False,False,False,12,1.1,15.0,13.612340930162553,7.105167561352867,96.88864856390272,87.92542110096988,study_results/v4p2_followups_20260806/pseudo65/gp_window_ensemble_20260806/runs/window_3p0/draw_02/attempt_01/results_single.csv,1,1,1,1,single_attempt_outside_55_75MeV,False,,,,,,,window_3p0,2
2021,0.154,0.0036731115,0.145735499125,0.162264500875,430164399.9517347,1.64,0.1479760971399999,0.16002390286,0.01204780572,0.0,1.0,8000,0.000125,True,5770.426803093356,2.8286073919453927e-06,0.4796145160374158,0.0511210881161287,175.55300574809422,3439.2581597353997,True,tilde_q_mu,asymptotic,default,sidak_approx,observed,8.12**2 * RBF(length_scale=0.321),0.0259285101857464,0.3535705934419964,0.0957473693290902,0.3212084297175075,0.023571372896133,65.94756984813121,1600.8032961722586,389,169,220,416,27,0.04,0.3,0.000625,1.0,1e-08,1e+18,False,False,False,False,12,1.1,15.0,13.627056477911054,7.0590043851776345,96.25915070696774,87.44859221330675,study_results/v4p2_followups_20260806/pseudo65/gp_window_ensemble_20260806/runs/window_3p0/draw_02/attempt_01/results_single.csv,1,1,1,1,single_attempt_outside_55_75MeV,False,,,,,,,window_3p0,2
2021,0.155,0.003698271875,0.14667888828125,0.16332111171875,419006242.6242384,1.64,0.148934834125,0.161065165875,0.01213033175,0.0,1.0,8000,0.000125,True,6091.616311717067,3.0457922087537092e-06,0.4055575223813527,0.2389877975533045,809.6090900406826,3389.8448758486174,True,tilde_q_mu,asymptotic,default,sidak_approx,observed,8.1**2 * RBF(length_scale=0.321),0.0259375834271065,0.3536943194605435,0.0957808744933012,0.3208409765342174,0.0235796212973695,65.55528720165188,1606.1276616109942,390,171,219,416,26,0.04,0.3,0.000625,1.0,1e-08,1e+18,False,False,False,False,12,1.1,15.0,13.606706082680342,7.01343338288414,95.63772794842008,86.75429697396636,study_results/v4p2_followups_20260806/pseudo65/gp_window_ensemble_20260806/runs/window_3p0/draw_02/attempt_01/results_single.csv,1,1,1,1,single_attempt_outside_55_75MeV,False,,,,,,,window_3p0,2
2021,0.156,0.003723604,0.147621891,0.164378109,408018948.64312065,1.64,0.14989328944,0.16210671056,0.01221342112,0.0,1.0,8000,0.000125,True,6736.154215211724,3.4365843850465134e-06,0.2977200290979647,0.5309692931465162,1766.7125799106432,3369.939906951563,True,tilde_q_mu,asymptotic,default,sidak_approx,observed,8.1**2 * RBF(length_scale=0.321),0.0259477230966391,0.353832587681443,0.0958183177045254,0.3208931451349484,0.0235888391787628,65.62763806526286,1602.1231961616377,389,172,217,416,27,0.04,0.3,0.000625,1.0,1e-08,1e+18,False,False,False,False,12,1.1,15.0,13.603600529179488,6.968443233125529,95.0242259062572,86.1781073215488,study_results/v4p2_followups_20260806/pseudo65/gp_window_ensemble_20260806/runs/window_3p0/draw_02/attempt_01/results_single.csv,1,1,1,1,single_attempt_outside_55_75MeV,False,,,,,,,window_3p0,2
2021,0.157,0.003749107875,0.14856450728125,0.16543549271875,397354285.67265946,1.64,0.150851463085,0.163148536915,0.01229707383,0.0,1.0,8000,0.000125,True,7473.878165344733,3.890347377425577e-06,0.2016138324276153,0.8358706688236037,2786.399090425279,3333.791949978747,True,tilde_q_mu,asymptotic,default,sidak_approx,observed,8.16**2 * RBF(length_scale=0.322),0.0259589087860322,0.3539851198095312,0.0958596236000764,0.3217553045317829,0.023599007987302,66.65026914942723,1600.8492203650865,389,174,215,416,27,0.04,0.3,0.000625,1.0,1e-08,1e+18,False,False,False,False,12,1.1,15.0,13.634272453524735,6.924022901323501,94.41849410895684,85.82183155553585,study_results/v4p2_followups_20260806/pseudo65/gp_window_ensemble_20260806/runs/window_3p0/draw_02/attempt_01/results_single.csv,1,1,1,1,single_attempt_outside_55_75MeV,False,,,,,,,window_3p0,2
2021,0.158,0.0037747835,0.149506737125,0.166493262875,387039666.85970527,1.64,0.15180935506,0.16419064494,0.0123812898799999,0.0,1.0,8000,0.000125,True,8010.202948843386,4.253543489607893e-06,0.1449441630548477,1.0583666314996811,3492.612885422972,3300.129586444173,True,tilde_q_mu,asymptotic,default,sidak_approx,observed,8.14**2 * RBF(length_scale=0.321),0.0259711206006934,0.3541516445549109,0.0959047187143026,0.3214122074105044,0.023610109636994,66.22568792579116,1600.8541515635832,389,175,214,416,27,0.04,0.3,0.000625,1.0,1e-08,1e+18,False,False,False,False,12,1.1,15.0,13.613329728333497,6.880161630645431,93.82038587243768,85.14718987473174,study_results/v4p2_followups_20260806/pseudo65/gp_window_ensemble_20260806/runs/window_3p0/draw_02/attempt_01/results_single.csv,1,1,1,1,single_attempt_outside_55_75MeV,False,,,,,,,window_3p0,2
2021,0.159,0.003800630875,0.15044858053125,0.16755141946875,376812670.72105056,1.64,0.152766965365,0.165233034635,0.0124660692699999,0.0,1.0,8000,0.000125,True,8459.976258662948,4.585286155714267e-06,0.1075171701561902,1.2398406477602708,4057.925601901419,3271.609158663622,True,tilde_q_mu,asymptotic,default,sidak_approx,observed,8.07**2 * RBF(length_scale=0.321),0.0259843391436889,0.3543318974139398,0.0959535314192792,0.3205659822026058,0.0236221264942626,65.19062995526558,1600.5259771357212,389,177,212,416,27,0.04,0.3,0.000625,1.0,1e-08,1e+18,False,False,False,False,12,1.1,15.0,13.570581051645158,6.836848933320556,93.22975818164392,84.34546598861847,study_results/v4p2_followups_20260806/pseudo65/gp_window_ensemble_20260806/runs/window_3p0/draw_02/attempt_01/results_single.csv,1,1,1,1,single_attempt_outside_55_75MeV,False,,,,,,,window_3p0,2
2021,0.16,0.00382665,0.1513900375,0.1686099625,367005424.0565123,1.64,0.153724294,0.166275706,0.0125514119999999,0.0,1.0,8000,0.000125,True,8623.449784866185,4.768793263565853e-06,0.0944232377325899,1.31399919400488,4273.6771390571375,3252.0743339281894,True,tilde_q_mu,asymptotic,default,sidak_approx,observed,8.1**2 * RBF(length_scale=0.321),0.0259985455002782,0.3545256204583391,0.0960059918676979,0.3209181494396417,0.0236350413638892,65.59847717322486,1595.794284042773,388,178,210,416,28,0.04,0.3,0.000625,1.0,1e-08,1e+18,False,False,False,False,12,1.1,15.0,13.578065910642133,6.7940745822790705,92.64647157653278,83.86399316363966,study_results/v4p2_followups_20260806/pseudo65/gp_window_ensemble_20260806/runs/window_3p0/draw_02/attempt_01/results_single.csv,1,1,1,1,single_attempt_outside_55_75MeV,False,,,,,,,window_3p0,2
2021,0.161,0.003852840875,0.15233110803125,0.16966889196875,357410945.39902496,1.64,0.154681340965,0.167318659035,0.01263731807,0.0,1.0,8000,0.000125,True,8211.956805310449,4.634179525302087e-06,0.1127007864828978,1.212289523015561,3886.732114430409,3207.1606345052223,True,tilde_q_mu,asymptotic,default,sidak_approx,observed,8.06**2 * RBF(length_scale=0.32),0.0260137212230255,0.3547325621321662,0.0960620319378876,0.3204756337060152,0.0236488374754777,65.00679496666856,1601.042479542689,389,180,209,416,27,0.04,0.3,0.000625,1.0,1e-08,1e+18,False,False,False,False,12,1.1,15.0,13.55143287860669,6.751828603101996,92.07039004229992,83.17904738435769,study_results/v4p2_followups_20260806/pseudo65/gp_window_ensemble_20260806/runs/window_3p0/draw_02/attempt_01/results_single.csv,1,1,1,1,single_attempt_outside_55_75MeV,False,,,,,,,window_3p0,2
2021,0.162,0.0038792035,0.153271792125,0.170728207875,348034765.9525295,1.64,0.15563810626,0.16836189374,0.01272378748,0.0,1.0,8000,0.000125,True,7752.619943699961,4.46509571386845e-06,0.1441305313748294,1.061944100869129,3387.4447628001844,3189.1283000353988,True,tilde_q_mu,asymptotic,default,sidak_approx,observed,8.07**2 * RBF(length_scale=0.321),0.0260298483174566,0.3549524770562273,0.0961215851808485,0.320560537182517,0.0236634984704151,65.11128658849731,1596.293894229703,388,181,207,416,28,0.04,0.3,0.000625,1.0,1e-08,1e+18,False,False,False,False,12,1.1,15.0,13.546624882339009,6.710101266266818,91.50138090363842,82.63565888784052,study_results/v4p2_followups_20260806/pseudo65/gp_window_ensemble_20260806/runs/window_3p0/draw_02/attempt_01/results_single.csv,1,1,1,1,single_attempt_outside_55_75MeV,False,,,,,,,window_3p0,2
2021,0.163,0.003905737875,0.15421208978125,0.17178791021875,338899709.6922806,1.64,0.156594589885,0.169405410115,0.01281082023,0.0,1.0,8000,0.000125,True,7053.548038961706,4.146376642301935e-06,0.203277115109026,0.8299726800702367,2612.7025667190474,3157.3441260787095,True,tilde_q_mu,asymptotic,default,sidak_approx,observed,8.1**2 * RBF(length_scale=0.321),0.0260469092282431,0.3551851258396787,0.0961845867692335,0.3209501401680427,0.0236790083893119,65.66859554126036,1596.5903605657395,388,183,205,416,28,0.04,0.3,0.000625,1.0,1e-08,1e+18,False,False,False,False,12,1.1,15.0,13.554205264478524,6.668883079677514,90.93931472287518,82.17400922432428,study_results/v4p2_followups_20260806/pseudo65/gp_window_ensemble_20260806/runs/window_3p0/draw_02/attempt_01/results_single.csv,1,1,1,1,single_attempt_outside_55_75MeV,False,,,,,,,window_3p0,2
2021,0.164,0.003932444,0.155152001,0.172847999,329984866.4340829,1.64,0.15755079184,0.17044920816,0.0128984163199999,0.0,1.0,8000,0.000125,True,6209.439735206384,3.725928078634013e-06,0.3122518910742067,0.4894773557956491,1548.2410268979015,3139.524131956347,True,tilde_q_mu,asymptotic,default,sidak_approx,observed,8.08**2 * RBF(length_scale=0.321),0.0260648868258862,0.3554302748984483,0.096250973448177,0.3205802826227285,0.0236953516598965,65.21222839210161,1591.7109344351995,387,184,203,416,29,0.04,0.3,0.000625,1.0,1e-08,1e+18,False,False,False,False,12,1.1,15.0,13.52924772858712,6.6281647814657285,90.38406520180536,81.52189392213303,study_results/v4p2_followups_20260806/pseudo65/gp_window_ensemble_20260806/runs/window_3p0/draw_02/attempt_01/results_single.csv,1,1,1,1,single_attempt_outside_55_75MeV,False,,,,,,,window_3p0,2
2021,0.165,0.003959321875,0.15609152578125,0.17390847421875,321257494.71634173,1.64,0.158506712125,0.171493287875,0.01298657575,0.0,1.0,8000,0.000125,True,5497.996259350323,3.368116846600749e-06,0.4190471775520795,0.2043316288229255,633.2514386760419,3095.282353570353,True,tilde_q_mu,asymptotic,default,sidak_approx,observed,8.07**2 * RBF(length_scale=0.32),0.0260837643938859,0.3556876962802624,0.0963206834879114,0.3204103923142518,0.0237125130853508,65.05237514390421,1597.119761925081,388,186,202,416,28,0.04,0.3,0.000625,1.0,1e-08,1e+18,False,False,False,False,12,1.1,15.0,13.51229163948024,6.587937333053001,89.83550908708638,80.92557322439256,study_results/v4p2_followups_20260806/pseudo65/gp_window_ensemble_20260806/runs/window_3p0/draw_02/attempt_01/results_single.csv,1,1,1,1,single_attempt_outside_55_75MeV,False,,,,,,,window_3p0,2
2021,0.166,0.0039863715,0.157030664125,0.174969335875,312800005.7109213,1.64,0.15946235074,0.17253764926,0.01307529852,0.0,1.0,8000,0.000125,True,4793.787217141515,2.997946198627489e-06,0.5,0.0,-464.5175160332189,3075.07529140094,True,tilde_q_mu,asymptotic,default,sidak_approx,observed,8.09**2 * RBF(length_scale=0.321),0.0261035256163684,0.3559571674959338,0.09639365663808,0.3208333618808293,0.0237304778330622,65.5244621042051,1594.2764206870932,387,187,200,416,29,0.04,0.3,0.000625,1.0,1e-08,1e+18,False,False,False,False,12,1.1,15.0,13.519886288755272,6.548191912461868,89.29352607902545,80.4825545940285,study_results/v4p2_followups_20260806/pseudo65/gp_window_ensemble_20260806/runs/window_3p0/draw_02/attempt_01/results_single.csv,1,1,1,1,single_attempt_outside_55_75MeV,False,,,,,,,window_3p0,2
2021,0.167,0.004013592875,0.15796941603125,0.17603058396875,304614329.32244956,1.64,0.160417707685,0.173582292315,0.0131645846299999,0.0,1.0,8000,0.000125,True,4171.939178941731,2.663122171178879e-06,0.5,0.0,-1769.1735104041156,3040.6855884790875,True,tilde_q_mu,asymptotic,default,sidak_approx,observed,8.18**2 * RBF(length_scale=0.322),0.0261241545661564,0.3562384713566791,0.0964698340836822,0.3219402701114148,0.0237492314237786,66.86423415858218,1598.014402241244,387,189,198,416,29,0.04,0.3,0.000625,1.0,1e-08,1e+18,False,False,False,False,12,1.1,15.0,13.555818475417118,6.508919907865958,88.7579987436267,80.21248794732693,study_results/v4p2_followups_20260806/pseudo65/gp_window_ensemble_20260806/runs/window_3p0/draw_02/attempt_01/results_single.csv,1,1,1,1,single_attempt_outside_55_75MeV,False,,,,,,,window_3p0,2
2021,0.168,0.004040986,0.1589077815,0.1770922185,296547392.151297,1.64,0.16137278296,0.17462721704,0.0132544340799999,0.0,1.0,8000,0.000125,True,3835.01205818317,2.499673378244968e-06,0.5,0.0,-2670.837625213725,3006.8174541427443,True,tilde_q_mu,asymptotic,default,sidak_approx,observed,8.18**2 * RBF(length_scale=0.322),0.0261456356932645,0.3565313958172433,0.0965491584025916,0.3220329692939648,0.0237687597211495,66.98088709741664,1598.1622726366102,387,190,197,416,29,0.04,0.3,0.000625,1.0,1e-08,1e+18,False,False,False,False,12,1.1,15.0,13.548581123794118,6.470112911369777,88.22881242776968,79.69168150891015,study_results/v4p2_followups_20260806/pseudo65/gp_window_ensemble_20260806/runs/window_3p0/draw_02/attempt_01/results_single.csv,1,1,1,1,single_attempt_outside_55_75MeV,False,,,,,,,window_3p0,2
2021,0.169,0.004068550875,0.15984576053125,0.17815423946875,288615660.9608933,1.64,0.162327576565,0.175672423435,0.0133448468699999,0.0,1.0,8000,0.000125,True,3554.9755153287265,2.3667366610506856e-06,0.5,0.0,-3597.2142351409407,2973.8189935871173,True,tilde_q_mu,asymptotic,default,sidak_approx,observed,8.24**2 * RBF(length_scale=0.323),0.026167953813799,0.356835733824532,0.0966315735245651,0.3226992850814792,0.0237890489216354,67.9249502257541,1598.9526666099134,387,192,195,416,29,0.04,0.3,0.000625,1.0,1e-08,1e+18,False,False,False,False,12,1.1,15.0,13.565035161535748,6.431762713007495,87.70585517737493,79.3155339569102,study_results/v4p2_followups_20260806/pseudo65/gp_window_ensemble_20260806/runs/window_3p0/draw_02/attempt_01/results_single.csv,1,1,1,1,single_attempt_outside_55_75MeV,False,,,,,,,window_3p0,2
2021,0.17,0.0040962875,0.160783353125,0.179216646875,280901072.63455325,1.64,0.1632820885,0.1767179115,0.013435823,0.0,1.0,8000,0.000125,True,3440.912874998599,2.3398675761266674e-06,0.5,0.0,-4006.288373746152,2955.297873625084,True,tilde_q_mu,asymptotic,default,sidak_approx,observed,8.18**2 * RBF(length_scale=0.322),0.026191094099248,0.3571512831715639,0.0967170246916933,0.3219272999992767,0.0238100855447709,66.83246286596501,1595.449321976917,386,193,193,416,30,0.04,0.3,0.000625,1.0,1e-08,1e+18,False,False,False,False,12,1.1,15.0,13.520627609419783,6.39386129495257,87.18901765844413,78.59001595939658,study_results/v4p2_followups_20260806/pseudo65/gp_window_ensemble_20260806/runs/window_3p0/draw_02/attempt_01/results_single.csv,1,1,1,1,single_attempt_outside_55_75MeV,False,,,,,,,window_3p0,2
2021,0.171,0.004124195875,0.16172055928125,0.18027944071875,273501986.67337126,1.64,0.164236318765,0.177763681235,0.01352736247,0.0,1.0,8000,0.000125,True,3314.425955873934,2.3012915758373153e-06,0.5,0.0,-4334.059103725048,2911.785601580436,True,tilde_q_mu,asymptotic,default,sidak_approx,observed,8.16**2 * RBF(length_scale=0.322),0.0262150420661463,0.3574778463565409,0.0968054584202363,0.3217064883180765,0.0238318564237693,66.53248010170022,1601.0267762476126,387,195,192,416,29,0.04,0.3,0.000625,1.0,1e-08,1e+18,False,False,False,False,12,1.1,15.0,13.499010844879598,6.356400825929815,86.67819308086109,78.00465789420744,study_results/v4p2_followups_20260806/pseudo65/gp_window_ensemble_20260806/runs/window_3p0/draw_02/attempt_01/results_single.csv,1,1,1,1,single_attempt_outside_55_75MeV,False,,,,,,,window_3p0,2
2021,0.172,0.004152276,0.162657379,0.1813426209999999,266350991.61926585,1.64,0.1651902673599999,0.17880973264,0.01361946528,0.0,1.0,8000,0.000125,True,3180.715779085958,2.2545611574135096e-06,0.5,0.0,-4929.885496400321,2891.059254979281,True,tilde_q_mu,asymptotic,default,sidak_approx,observed,8.2**2 * RBF(length_scale=0.322),0.0262397835660971,0.3578152304467796,0.0968968224637768,0.322164569144953,0.0238543486964519,67.15882344345911,1596.9951759045184,386,196,190,416,30,0.04,0.3,0.000625,1.0,1e-08,1e+18,False,False,False,False,12,1.1,15.0,13.505485865261573,6.31937365582085,86.17327712482977,77.58746507817713,study_results/v4p2_followups_20260806/pseudo65/gp_window_ensemble_20260806/runs/window_3p0/draw_02/attempt_01/results_single.csv,1,1,1,1,single_attempt_outside_55_75MeV,False,,,,,,,window_3p0,2
2021,0.173,0.004180527875,0.1635938122812499,0.18240618771875,259386988.21142492,1.64,0.166143934285,0.1798560657149999,0.0137121314299999,0.0,1.0,8000,0.000125,True,3147.1556320019663,2.2774237870899574e-06,0.5,0.0,-4887.570547536289,2861.8793576252683,True,tilde_q_mu,asymptotic,default,sidak_approx,observed,8.18**2 * RBF(length_scale=0.322),0.0262653047761392,0.3581632469473539,0.0969910657776472,0.3219418148431761,0.0238775497964902,66.85182474293349,1597.940411597348,386,198,188,416,30,0.04,0.3,0.000625,1.0,1e-08,1e+18,False,False,False,False,12,1.1,15.0,13.483033962324644,6.282772310455958,85.67416786985397,77.00984767220959,study_results/v4p2_followups_20260806/pseudo65/gp_window_ensemble_20260806/runs/window_3p0/draw_02/attempt_01/results_single.csv,1,1,1,1,single_attempt_outside_55_75MeV,False,,,,,,,window_3p0,2
2021,0.174,0.0042089515,0.1645298591249999,0.183470140875,252502277.02987137,1.64,0.1670973195399999,0.18090268046,0.01380536092,0.0,1.0,8000,0.000125,True,3233.216818450461,2.389682505180294e-06,0.5,0.0,-4259.096166041289,2844.9794719843057,True,tilde_q_mu,asymptotic,default,sidak_approx,observed,8.1**2 * RBF(length_scale=0.321),0.0262915921894454,0.3585217116742556,0.0970881384845824,0.3209622136027513,0.0239014474449503,65.55046413600061,1593.3677304014454,385,199,186,416,31,0.04,0.3,0.000625,1.0,1e-08,1e+18,False,False,False,False,12,1.1,15.0,13.428568053963636,6.246589486584821,85.18076572615664,76.25704729616184,study_results/v4p2_followups_20260806/pseudo65/gp_window_ensemble_20260806/runs/window_3p0/draw_02/attempt_01/results_single.csv,1,1,1,1,single_attempt_outside_55_75MeV,False,,,,,,,window_3p0,2
2021,0.175,0.0042375468749999,0.16546551953125,0.1845344804687499,245918579.9416027,1.64,0.168050423125,0.181949576875,0.01389915375,0.0,1.0,8000,0.000125,True,3371.9093886739756,2.5442889198036433e-06,0.5,0.0,-3316.484552721885,2806.049639607755,True,tilde_q_mu,asymptotic,default,sidak_approx,observed,8.04**2 * RBF(length_scale=0.32),0.0263186326063351,0.358890444631843,0.0971879918415323,0.3202702910141151,0.0239260296421228,64.67310786823282,1598.9223501962952,386,201,185,416,30,0.04,0.3,0.000625,1.0,1e-08,1e+18,False,False,False,False,12,1.1,15.0,13.385851969783763,6.210818047018103,84.69297336842865,75.57917362604164,study_results/v4p2_followups_20260806/pseudo65/gp_window_ensemble_20260806/runs/window_3p0/draw_02/attempt_01/results_single.csv,1,1,1,1,single_attempt_outside_55_75MeV,False,,,,,,,window_3p0,2
2021,0.176,0.004266314,0.1664007934999999,0.1855992065,239463041.25493088,1.64,0.16900324504,0.1829967549599999,0.0139935099199999,0.0,1.0,8000,0.000125,True,3542.7912213702803,2.729696231846172e-06,0.5,0.0,-2511.840899563395,2786.3185056031366,True,tilde_q_mu,asymptotic,default,sidak_approx,observed,8.09**2 * RBF(length_scale=0.321),0.0263464131255956,0.3592692698944855,0.0972905782076107,0.3208605302675749,0.0239512846596323,65.40851880917508,1595.1989957673718,385,202,183,416,31,0.04,0.3,0.000625,1.0,1e-08,1e+18,False,False,False,False,12,1.1,15.0,13.396380813274504,6.175451015934506,84.21069567183416,75.20790318471049,study_results/v4p2_followups_20260806/pseudo65/gp_window_ensemble_20260806/runs/window_3p0/draw_02/attempt_01/results_single.csv,1,1,1,1,single_attempt_outside_55_75MeV,False,,,,,,,window_3p0,2
2021,0.177,0.004295252875,0.16733568103125,0.18666431896875,233151670.99112496,1.64,0.169955785285,0.184044214715,0.0140884294299999,0.0,1.0,8000,0.000125,True,3925.9201021374897,3.089225280318448e-06,0.5,0.0,-1232.2433041564748,2758.8484128769605,True,tilde_q_mu,asymptotic,default,sidak_approx,observed,8.08**2 * RBF(length_scale=0.321),0.026374921136093,0.359658015492178,0.0973958510131203,0.3207503860662751,0.0239772010328118,65.26429689453147,1595.5663631935477,385,204,181,416,31,0.04,0.3,0.000625,1.0,1e-08,1e+18,False,False,False,False,12,1.1,15.0,13.37730728567278,6.140481574345738,83.73383965016914,74.67555354730428,study_results/v4p2_followups_20260806/pseudo65/gp_window_ensemble_20260806/runs/window_3p0/draw_02/attempt_01/results_single.csv,1,1,1,1,single_attempt_outside_55_75MeV,False,,,,,,,window_3p0,2
2021,0.178,0.0043243635,0.168270182125,0.1877298178749999,227019370.79188985,1.64,0.17090804386,0.1850919561399999,0.0141839122799999,0.0,1.0,8000,0.000125,True,4645.649008966968,3.733218408844508e-06,0.4642314341876642,0.0897789597131204,245.45883540581897,2730.9216722934293,True,tilde_q_mu,asymptotic,default,sidak_approx,observed,8.04**2 * RBF(length_scale=0.32),0.0264041443086661,0.3600565132999933,0.0975037647296154,0.3202487499574796,0.0240037675533328,64.64514292965183,1595.3086373453266,385,205,180,416,31,0.04,0.3,0.000625,1.0,1e-08,1e+18,False,False,False,False,12,1.1,15.0,13.341603531442862,6.105903055713559,83.26231439609397,74.05685251886888,study_results/v4p2_followups_20260806/pseudo65/gp_window_ensemble_20260806/runs/window_3p0/draw_02/attempt_01/results_single.csv,1,1,1,1,single_attempt_outside_55_75MeV,False,,,,,,,window_3p0,2
2021,0.179,0.004353645875,0.1692042967812499,0.18879570321875,220993245.42708975,1.64,0.1718600207649999,0.186139979235,0.01427995847,0.0,1.0,8000,0.000125,True,5437.448665788232,4.463577308541732e-06,0.2952569819179813,0.5380913791277492,1456.0063810619197,2705.2787374439467,True,tilde_q_mu,asymptotic,default,sidak_approx,observed,8.03**2 * RBF(length_scale=0.32),0.0264340705882899,0.3604645989312272,0.0976142748409662,0.3201657972080285,0.0240309732620818,64.54710197520797,1595.8574974042426,385,207,178,416,31,0.04,0.3,0.000625,1.0,1e-08,1e+18,False,False,False,False,12,1.1,15.0,13.323047456975637,6.0717089417131325,82.79603102336088,73.53969670489761,study_results/v4p2_followups_20260806/pseudo65/gp_window_ensemble_20260806/runs/window_3p0/draw_02/attempt_01/results_single.csv,1,1,1,1,single_attempt_outside_55_75MeV,False,,,,,,,window_3p0,2
2021,0.18,0.0043831,0.170138025,0.189861975,215155115.9948604,1.64,0.172811716,0.1871882839999999,0.0143765679999999,0.0,1.0,8000,0.000125,True,6261.494398214322,5.250174473091706e-06,0.1734046463533962,0.9407962310540964,2530.866064304274,2689.2550299262766,True,tilde_q_mu,asymptotic,default,sidak_approx,observed,8.03**2 * RBF(length_scale=0.32),0.0264646881865,0.360882111634091,0.0977273378153825,0.3201363075233992,0.0240588074422727,64.51990123213075,1592.264179183485,384,208,176,416,32,0.04,0.3,0.000625,1.0,1e-08,1e+18,False,False,False,False,12,1.1,15.0,13.306407987658648,6.037892858136936,82.33490261095821,73.03878705103675,study_results/v4p2_followups_20260806/pseudo65/gp_window_ensemble_20260806/runs/window_3p0/draw_02/attempt_01/results_single.csv,1,1,1,1,single_attempt_outside_55_75MeV,False,,,,,,,window_3p0,2
2021,0.181,0.004412725875,0.1710713667812499,0.19092863321875,209423665.4643851,1.64,0.173763129565,0.1882368704349999,0.0144737408699999,0.0,1.0,8000,0.000125,True,6949.043744814453,5.953065159665303e-06,0.1006161117802384,1.2780487902895283,3393.1355748130977,2654.00046463187,True,tilde_q_mu,asymptotic,default,sidak_approx,observed,8**2 * RBF(length_scale=0.32),0.0264959855740647,0.3613088941917919,0.0978429110783556,0.3196714069455846,0.0240872596127861,63.947567676700594,1597.555921102988,385,210,175,416,31,0.04,0.3,0.000625,1.0,1e-08,1e+18,False,False,False,False,12,1.1,15.0,13.271389609463707,6.004448570933435,81.87884414909227,72.44306943167744,study_results/v4p2_followups_20260806/pseudo65/gp_window_ensemble_20260806/runs/window_3p0/draw_02/attempt_01/results_single.csv,1,1,1,1,single_attempt_outside_55_75MeV,False,,,,,,,window_3p0,2
2021,0.182,0.0044425235,0.172004322125,0.191995677875,203890389.41582435,1.64,0.17471426146,0.18928573854,0.01457147708,0.0,1.0,8000,0.000125,True,7131.342060597164,6.24055258368323e-06,0.0854310164960278,1.369439183658806,3616.9628933794943,2638.785786737499,True,tilde_q_mu,asymptotic,default,sidak_approx,observed,8.03**2 * RBF(length_scale=0.32),0.0265279514739,0.3617447928259099,0.0979609529864923,0.320125371475418,0.0241163195217273,64.49289082661572,1593.148004464389,384,211,173,416,32,0.04,0.3,0.000625,1.0,1e-08,1e+18,False,False,False,False,12,1.1,15.0,13.274221681588047,5.971369982376021,81.42777248694574,72.05935353530893,study_results/v4p2_followups_20260806/pseudo65/gp_window_ensemble_20260806/runs/window_3p0/draw_02/attempt_01/results_single.csv,1,1,1,1,single_attempt_outside_55_75MeV,False,,,,,,,window_3p0,2
2021,0.183,0.004472492875,0.1729368910312499,0.19306310896875,198621214.40460417,1.64,0.1756651116849999,0.190334888315,0.01466977663,0.0,1.0,8000,0.000125,True,6966.467494513692,6.223802667916002e-06,0.092596958133455,1.324931366510436,3469.0582626648807,2615.2442762349733,True,tilde_q_mu,asymptotic,default,sidak_approx,observed,8.05**2 * RBF(length_scale=0.32),0.0265605748542153,0.3621896571029359,0.098081422802206,0.3203986230920776,0.0241459771401957,64.83023961716572,1593.8981305792454,384,213,171,416,32,0.04,0.3,0.000625,1.0,1e-08,1e+18,False,False,False,False,12,1.1,15.0,13.2692340936044,5.938651127357089,80.98160628214212,71.6375927355899,study_results/v4p2_followups_20260806/pseudo65/gp_window_ensemble_20260806/runs/window_3p0/draw_02/attempt_01/results_single.csv,1,1,1,1,single_attempt_outside_55_75MeV,False,,,,,,,window_3p0,2
2021,0.184,0.004502634,0.1738690735,0.1941309265,193360941.65798712,1.64,0.17661568024,0.19138431976,0.01476863952,0.0,1.0,8000,0.000125,True,6465.129288003169,5.9007954595081554e-06,0.1303143996036442,1.1249061651303212,2926.9214954604713,2600.693402083766,True,tilde_q_mu,asymptotic,default,sidak_approx,observed,8.07**2 * RBF(length_scale=0.321),0.026593844921878,0.3626433398437911,0.0982042806692136,0.3206774451874866,0.0241762226562527,65.18829513152234,1592.222885210159,383,214,169,416,33,0.04,0.3,0.000625,1.0,1e-08,1e+18,False,False,False,False,12,1.1,15.0,13.264166604808675,5.906286169801502,80.54026595183866,71.21996706538586,study_results/v4p2_followups_20260806/pseudo65/gp_window_ensemble_20260806/runs/window_3p0/draw_02/attempt_01/results_single.csv,1,1,1,1,single_attempt_outside_55_75MeV,False,,,,,,,window_3p0,2
2021,0.185,0.004532946875,0.1748008695312499,0.19519913046875,188216407.4390779,1.64,0.177565967125,0.192434032875,0.0148680657499999,0.0,1.0,8000,0.000125,True,5931.539808361163,5.531694197348383e-06,0.1789826259977881,0.9192491813393548,2357.474491564075,2568.0980881546584,True,tilde_q_mu,asymptotic,default,sidak_approx,observed,8.03**2 * RBF(length_scale=0.32),0.0266277511159985,0.3631056970363433,0.0983294875888454,0.3200907573402061,0.0242070464690895,64.45544923464787,1595.382642714947,384,216,168,416,32,0.04,0.3,0.000625,1.0,1e-08,1e+18,False,False,False,False,12,1.1,15.0,13.223040561719753,5.874269399197075,80.10367362541467,70.61427503277459,study_results/v4p2_followups_20260806/pseudo65/gp_window_ensemble_20260806/runs/window_3p0/draw_02/attempt_01/results_single.csv,1,1,1,1,single_attempt_outside_55_75MeV,False,,,,,,,window_3p0,2
2021,0.186,0.0045634315,0.175732279125,0.196267720875,183203373.0638776,1.64,0.17851597234,0.19348402766,0.01496805532,0.0,1.0,8000,0.000125,True,5199.437019473341,4.954842275051279e-06,0.2846322153449164,0.569135143015373,1454.638915375392,2556.707399051743,True,tilde_q_mu,asymptotic,default,sidak_approx,observed,7.95**2 * RBF(length_scale=0.319),0.0266622831017154,0.3635765877506647,0.0984570053970965,0.3189999231663841,0.0242384391833776,63.20264234751311,1589.3011085452015,383,217,166,416,33,0.04,0.3,0.000625,1.0,1e-08,1e+18,False,False,False,False,12,1.1,15.0,13.160910269550254,5.84259522723534,79.67175309866373,69.90351956995171,study_results/v4p2_followups_20260806/pseudo65/gp_window_ensemble_20260806/runs/window_3p0/draw_02/attempt_01/results_single.csv,1,1,1,1,single_attempt_outside_55_75MeV,False,,,,,,,window_3p0,2
2021,0.187,0.004594087875,0.17666330228125,0.19733669771875,178278504.14348978,1.64,0.179465695885,0.194534304115,0.01506860823,0.0,1.0,8000,0.000125,True,4462.533172970054,4.3467112542410535e-06,0.4277711583931114,0.1820514913282572,461.3388168740327,2534.481012254134,True,tilde_q_mu,asymptotic,default,sidak_approx,observed,7.92**2 * RBF(length_scale=0.319),0.0266974307641825,0.3640558740570343,0.0985867967424219,0.3186291658458826,0.0242703916038022,62.78449117998072,1589.482511531885,383,219,164,416,33,0.04,0.3,0.000625,1.0,1e-08,1e+18,False,False,False,False,12,1.1,15.0,13.128307571105076,5.811258184560199,79.24442978945724,69.35634983818908,study_results/v4p2_followups_20260806/pseudo65/gp_window_ensemble_20260806/runs/window_3p0/draw_02/attempt_01/results_single.csv,1,1,1,1,single_attempt_outside_55_75MeV,False,,,,,,,window_3p0,2
2021,0.188,0.004624916,0.177593939,0.198406061,173567784.67781383,1.64,0.18041513776,0.19558486224,0.0151697244799999,0.0,1.0,8000,0.000125,True,3857.006611534708,3.838339061468354e-06,0.5,0.0,-484.103558940574,2508.9469679494405,True,tilde_q_mu,asymptotic,default,sidak_approx,observed,7.93**2 * RBF(length_scale=0.319),0.0267331842027451,0.3645434209465248,0.0987188250642313,0.3186918336599952,0.0243028947297683,62.83471204984593,1590.0525784057977,383,220,163,416,33,0.04,0.3,0.000625,1.0,1e-08,1e+18,False,False,False,False,12,1.1,15.0,13.113328153029997,5.78025291761951,78.8216306948115,68.90759392386698,study_results/v4p2_followups_20260806/pseudo65/gp_window_ensemble_20260806/runs/window_3p0/draw_02/attempt_01/results_single.csv,1,1,1,1,single_attempt_outside_55_75MeV,False,,,,,,,window_3p0,2
2021,0.189,0.004655915875,0.17852418928125,0.19947581071875,168874228.16818193,1.64,0.181364297965,0.196635702035,0.0152714040699999,0.0,1.0,8000,0.000125,True,3499.873576961092,3.560796035495679e-06,0.5,0.0,-1203.253370772955,2485.0819855044115,True,tilde_q_mu,asymptotic,default,sidak_approx,observed,7.96**2 * RBF(length_scale=0.319),0.0267695337253012,0.3650390962541072,0.0988530545720656,0.3191470794663529,0.0243359397502738,63.35619625723118,1591.329255351725,383,222,161,416,33,0.04,0.3,0.000625,1.0,1e-08,1e+18,False,False,False,False,12,1.1,15.0,13.114228698021083,5.749574185616315,78.40328434931338,68.54657344219152,study_results/v4p2_followups_20260806/pseudo65/gp_window_ensemble_20260806/runs/window_3p0/draw_02/attempt_01/results_single.csv,1,1,1,1,single_attempt_outside_55_75MeV,False,,,,,,,window_3p0,2
2021,0.19,0.0046870875,0.179454053125,0.200545946875,164378838.92039412,1.64,0.1823131765,0.1976868235,0.0153736469999999,0.0,1.0,8000,0.000125,True,3328.163126924061,3.460389752854028e-06,0.5,0.0,-1606.8666802331702,2468.2636511450773,True,tilde_q_mu,asymptotic,default,sidak_approx,observed,8.03**2 * RBF(length_scale=0.32),0.0268064698428396,0.3655427705841774,0.0989894502254296,0.320009173135387,0.0243695180389451,64.41921590894394,1588.012203642426,382,223,159,416,34,0.04,0.3,0.000625,1.0,1e-08,1e+18,False,False,False,False,12,1.1,15.0,13.131534756821097,5.719216857555929,77.98932078485358,68.27463176981163,study_results/v4p2_followups_20260806/pseudo65/gp_window_ensemble_20260806/runs/window_3p0/draw_02/attempt_01/results_single.csv,1,1,1,1,single_attempt_outside_55_75MeV,False,,,,,,,window_3p0,2
2021,0.191,0.004718430875,0.18038353053125,0.20161646946875,160024504.07567304,1.64,0.183261773365,0.198738226635,0.01547645327,0.0,1.0,8000,0.000125,True,9086.09747365388,9.653336746410888e-06,0.4993937024628367,0.0015197631345201,-6964.71318830337,7239.881744155528,True,tilde_q_mu,asymptotic,default,sidak_approx,observed,1**2 * RBF(length_scale=0.0991),0.026843983264149,0.3660543172383967,0.099127977714251,0.099127977714251,0.0244036211492264,1.0,847.8446351639132,382,225,157,416,34,0.04,0.3,0.000625,1.0,1e-08,1e+18,False,False,False,False,12,1.1,15.0,4.0620192023179795,5.68917590938515,77.57967149161568,21.008674353897575,study_results/v4p2_followups_20260806/pseudo65/gp_window_ensemble_20260806/runs/window_3p0/draw_02/attempt_01/results_single.csv,1,1,1,1,single_attempt_outside_55_75MeV,False,,,,,,,window_3p0,2
2021,0.192,0.004749946,0.1813126215,0.2026873785,155718995.1526329,1.64,0.18421008856,0.19978991144,0.0155798228799999,0.0,1.0,8000,0.000125,True,3050.251895687976,3.3129341715762107e-06,0.5,0.0,-2285.9164341379696,2420.9252806594227,True,tilde_q_mu,asymptotic,default,sidak_approx,observed,7.98**2 * RBF(length_scale=0.319),0.0268820648906906,0.3665736121457819,0.0992686034399486,0.3193534122616183,0.0244382408097187,63.63144966056484,1588.727822741757,382,226,156,416,34,0.04,0.3,0.000625,1.0,1e-08,1e+18,False,False,False,False,12,1.1,15.0,13.067774180153563,5.659446421220509,77.17426938027965,67.23306165198895,study_results/v4p2_followups_20260806/pseudo65/gp_window_ensemble_20260806/runs/window_3p0/draw_02/attempt_01/results_single.csv,1,1,1,1,single_attempt_outside_55_75MeV,False,,,,,,,window_3p0,2
2021,0.193,0.004781632875,0.18224132603125,0.20375867396875,151601184.85939226,1.64,0.185158122085,0.200841877915,0.0156837558299999,0.0,1.0,8000,0.000125,True,3050.476663158229,3.3855382460610813e-06,0.5,0.0,-2148.443384825401,2396.1666323364543,True,tilde_q_mu,asymptotic,default,sidak_approx,observed,8**2 * RBF(length_scale=0.32),0.0269207058116312,0.3671005337949717,0.0994112944970904,0.3196802067626501,0.0244733689196647,64.0338003434501,1588.6147088274815,382,228,154,416,34,0.04,0.3,0.000625,1.0,1e-08,1e+18,False,False,False,False,12,1.1,15.0,13.062370277341808,5.630023574662507,76.77304874539782,66.85586600218656,study_results/v4p2_followups_20260806/pseudo65/gp_window_ensemble_20260806/runs/window_3p0/draw_02/attempt_01/results_single.csv,1,1,1,1,single_attempt_outside_55_75MeV,False,,,,,,,window_3p0,2
2021,0.194,0.0048134915,0.183169644125,0.204830355875,147523768.56605715,1.64,0.18610587394,0.20189412606,0.01578825212,0.0,1.0,8000,0.000125,True,3064.131081778272,3.476670513470141e-06,0.5,0.0,-2019.8578310868688,2381.5605011934854,True,tilde_q_mu,asymptotic,default,sidak_approx,observed,7.97**2 * RBF(length_scale=0.319),0.0269598972990275,0.3676349631685571,0.0995560186556095,0.3191183148696696,0.0245089975445704,63.44350575945189,1584.7580724299746,381,229,152,416,35,0.04,0.3,0.000625,1.0,1e-08,1e+18,False,False,False,False,12,1.1,15.0,13.020455622036016,5.600902650192177,76.37594522989332,66.29664036379197,study_results/v4p2_followups_20260806/pseudo65/gp_window_ensemble_20260806/runs/window_3p0/draw_02/attempt_01/results_single.csv,1,1,1,1,single_attempt_outside_55_75MeV,False,,,,,,,window_3p0,2
2021,0.195,0.004845521875,0.18409757578125,0.20590242421875,143578408.5209931,1.64,0.187053344125,0.202946655875,0.0158933117499999,0.0,1.0,8000,0.000125,True,3087.3800105204327,3.580851108967515e-06,0.5,0.0,-1772.413056345648,2347.9850406090654,True,tilde_q_mu,asymptotic,default,sidak_approx,observed,7.95**2 * RBF(length_scale=0.319),0.0269996308031587,0.368176783679438,0.09970274434357,0.3188284845714156,0.0245451189119625,63.20690980406523,1588.7918213576136,382,231,151,416,34,0.04,0.3,0.000625,1.0,1e-08,1e+18,False,False,False,False,12,1.1,15.0,12.98948624836478,5.572079024647637,75.9828957906496,65.79858533223846,study_results/v4p2_followups_20260806/pseudo65/gp_window_ensemble_20260806/runs/window_3p0/draw_02/attempt_01/results_single.csv,1,1,1,1,single_attempt_outside_55_75MeV,False,,,,,,,window_3p0,2
2021,0.196,0.004877724,0.185025121,0.206974879,139755894.5302579,1.64,0.18800053264,0.20399946736,0.01599893472,0.0,1.0,8000,0.000125,True,3232.8062413047837,3.832422597381717e-06,0.5,0.0,-1262.6999648360277,2330.7297769183824,True,tilde_q_mu,asymptotic,default,sidak_approx,observed,7.96**2 * RBF(length_scale=0.319),0.0270398979480013,0.3687258811091098,0.0998514406304547,0.3190372643398761,0.0245817254072739,63.41287341566373,1584.4065439300598,381,232,149,416,35,0.04,0.3,0.000625,1.0,1e-08,1e+18,False,False,False,False,12,1.1,15.0,12.978635919733676,5.543548168777362,75.59383866514584,65.40699398733427,study_results/v4p2_followups_20260806/pseudo65/gp_window_ensemble_20260806/runs/window_3p0/draw_02/attempt_01/results_single.csv,1,1,1,1,single_attempt_outside_55_75MeV,False,,,,,,,window_3p0,2
2021,0.197,0.004910097875,0.18595227978125,0.20804772021875,136004179.86803293,1.64,0.188947439485,0.205052560515,0.01610512103,0.0,1.0,8000,0.000125,True,3383.4244998088557,4.100699353357766e-06,0.4999655646006563,8.631674575031098e-05,-785.8735066261712,2304.891940610941,True,tilde_q_mu,asymptotic,default,sidak_approx,observed,7.98**2 * RBF(length_scale=0.319),0.0270806905268411,0.3692821435478344,0.1000020772109632,0.3193450676547913,0.0246188095698556,63.73034329553038,1583.8668981203496,381,234,147,416,35,0.04,0.3,0.000625,1.0,1e-08,1e+18,False,False,False,False,12,1.1,15.0,12.97158852253408,5.51530564486786,75.20871333910718,65.03843218294122,study_results/v4p2_followups_20260806/pseudo65/gp_window_ensemble_20260806/runs/window_3p0/draw_02/attempt_01/results_single.csv,1,1,1,1,single_attempt_outside_55_75MeV,False,,,,,,,window_3p0,2
2021,0.198,0.0049426435,0.186879052125,0.209120947875,132354320.73115931,1.64,0.18989406466,0.20610593534,0.01621187068,0.0,1.0,8000,0.000125,True,3611.2097794577494,4.474755661035472e-06,0.5,0.0,-257.6519977971783,2285.7809980184247,True,tilde_q_mu,asymptotic,default,sidak_approx,observed,8.04**2 * RBF(length_scale=0.32),0.0271220004980165,0.3698454613365898,0.1001546243892919,0.3200947650505408,0.0246563640891059,64.5837826465826,1580.4986249886747,380,235,145,416,36,0.04,0.3,0.000625,1.0,1e-08,1e+18,False,False,False,False,12,1.1,15.0,12.982237117108824,5.487347104442508,74.82746051512511,64.76185568523015,study_results/v4p2_followups_20260806/pseudo65/gp_window_ensemble_20260806/runs/window_3p0/draw_02/attempt_01/results_single.csv,1,1,1,1,single_attempt_outside_55_75MeV,False,,,,,,,window_3p0,2
2021,0.199,0.004975360875,0.18780543803125,0.21019456196875,128788002.15036236,1.64,0.190840408165,0.207159591835,0.01631918367,0.0,1.0,8000,0.000125,True,3918.538348653984,4.964957563072794e-06,0.4428510566718516,0.1437446479215665,324.26847685232786,2257.4771226652083,True,tilde_q_mu,asymptotic,default,sidak_approx,observed,8.1**2 * RBF(length_scale=0.321),0.0271638199807916,0.3704157270107955,0.100309053063895,0.320918612029007,0.0246943818007197,65.6109526697656,1583.453848436936,380,236,144,416,36,0.04,0.3,0.000625,1.0,1e-08,1e+18,False,False,False,False,12,1.1,15.0,12.995612306425668,5.459668286029939,74.45002208222643,64.50157487902965,study_results/v4p2_followups_20260806/pseudo65/gp_window_ensemble_20260806/runs/window_3p0/draw_02/attempt_01/results_single.csv,1,1,1,1,single_attempt_outside_55_75MeV,False,,,,,,,window_3p0,2
2021,0.2,0.00500825,0.1887314375,0.2112685625,125353032.55969112,1.64,0.19178647,0.20821353,0.0164270599999999,0.0,1.0,8000,0.000125,True,4053.5944125584583,5.2504360613418905e-06,0.3970752220657072,0.2609248717901388,583.1990537423327,2235.2842179655618,True,tilde_q_mu,asymptotic,default,sidak_approx,observed,8.08**2 * RBF(length_scale=0.321),0.027206141251351,0.3709928352456959,0.1004653347126938,0.3206923646992379,0.0247328556830463,65.30516908701419,1584.3816573261288,380,238,142,416,36,0.04,0.3,0.000625,1.0,1e-08,1e+18,False,False,False,False,12,1.1,15.0,12.96624897702624,5.432265012998759,74.0763410863467,64.03281878884599,study_results/v4p2_followups_20260806/pseudo65/gp_window_ensemble_20260806/runs/window_3p0/draw_02/attempt_01/results_single.csv,1,1,1,1,single_attempt_outside_55_75MeV,False,,,,,,,window_3p0,2
2021,0.201,0.005041310875,0.18965705053125,0.21234294946875,122019355.53382406,1.64,0.192732250165,0.209267749835,0.01653549967,0.0,1.0,8000,0.000125,True,4218.884531148234,5.58589511608931e-06,0.3491335499576437,0.3876607576820823,860.0201972971156,2219.0932783298276,True,tilde_q_mu,asymptotic,default,sidak_approx,observed,8.09**2 * RBF(length_scale=0.321),0.027248956738914,0.3715766828033728,0.1006234413787278,0.3207986662880857,0.0247717788535581,65.4357817861359,1580.5089411354488,379,239,140,416,37,0.04,0.3,0.000625,1.0,1e-08,1e+18,False,False,False,False,12,1.1,15.0,12.950166727409105,5.405133191456678,73.70636170168197,63.6339781938335,study_results/v4p2_followups_20260806/pseudo65/gp_window_ensemble_20260806/runs/window_3p0/draw_02/attempt_01/results_single.csv,1,1,1,1,single_attempt_outside_55_75MeV,False,,,,,,,window_3p0,2
2021,0.202,0.0050745435,0.190582277125,0.213417722875,118808713.66471364,1.64,0.19367774866,0.21032225134,0.01664450268,0.0,1.0,8000,0.000125,True,4225.082762623432,5.716832651009152e-06,0.3348673061411814,0.4265122656534265,933.7409707154804,2190.403394001014,True,tilde_q_mu,asymptotic,default,sidak_approx,observed,8.03**2 * RBF(length_scale=0.32),0.0272922590219629,0.3721671684813132,0.100783345656227,0.3200468222040203,0.0248111445654208,64.50940871740157,1584.9699729234112,380,241,139,416,36,0.04,0.3,0.000625,1.0,1e-08,1e+18,False,False,False,False,12,1.1,15.0,12.899317133884557,5.37826880821161,73.34002920288559,63.06908635309172,study_results/v4p2_followups_20260806/pseudo65/gp_window_ensemble_20260806/runs/window_3p0/draw_02/attempt_01/results_single.csv,1,1,1,1,single_attempt_outside_55_75MeV,False,,,,,,,window_3p0,2
2021,0.203,0.005107947875,0.19150711728125,0.21449288271875,115574322.00533302,1.64,0.194622965485,0.211377034515,0.0167540690299999,0.0,1.0,8000,0.000125,True,4527.054012064894,6.265824200995776e-06,0.265259013596279,0.6272154345466339,1376.6369113801456,2173.837756008285,True,tilde_q_mu,asymptotic,default,sidak_approx,observed,8.09**2 * RBF(length_scale=0.321),0.0273360408245852,0.3727641930625258,0.1009450206771031,0.320824406289824,0.0248509462041683,65.45999403574166,1580.8451537628948,379,242,137,416,37,0.04,0.3,0.000625,1.0,1e-08,1e+18,False,False,False,False,12,1.1,15.0,12.9099473176603,5.351667928793269,72.97728993809002,62.808864565757546,study_results/v4p2_followups_20260806/pseudo65/gp_window_ensemble_20260806/runs/window_3p0/draw_02/attempt_01/results_single.csv,1,1,1,1,single_attempt_outside_55_75MeV,False,,,,,,,window_3p0,2
2021,0.204,0.005141524,0.192431571,0.2155684289999999,112452833.18684237,1.64,0.19556790064,0.21243209936,0.01686419872,0.0,1.0,8000,0.000125,True,4895.30669629586,6.929457874040738e-06,0.190376755383854,0.8765087701102489,1884.4412797160371,2151.717196465914,True,tilde_q_mu,asymptotic,default,sidak_approx,observed,8.15**2 * RBF(length_scale=0.322),0.0273802950129184,0.3733676592670698,0.1011084400978236,0.3215482038870431,0.0248911772844713,66.38379800526037,1583.164624283338,379,244,135,416,37,0.04,0.3,0.000625,1.0,1e-08,1e+18,False,False,False,False,12,1.1,15.0,12.91815972431505,5.325326695531998,72.61809130270905,62.53947348821927,study_results/v4p2_followups_20260806/pseudo65/gp_window_ensemble_20260806/runs/window_3p0/draw_02/attempt_01/results_single.csv,1,1,1,1,single_attempt_outside_55_75MeV,False,,,,,,,window_3p0,2
2021,0.205,0.005175271875,0.19335563828125,0.2166443617187499,109447447.25856656,1.64,0.196512554125,0.213487445875,0.01697489175,0.0,1.0,8000,0.000125,True,5137.649079723933,7.435751398460989e-06,0.1515639553853729,1.0297488644365134,2200.381183636505,2138.1262949291,True,tilde_q_mu,asymptotic,default,sidak_approx,observed,8.16**2 * RBF(length_scale=0.322),0.0274250145917023,0.3739774717050326,0.1012735780866781,0.3216605300471636,0.0249318314470021,66.54859756958363,1581.918718319592,378,245,133,416,38,0.04,0.3,0.000625,1.0,1e-08,1e+18,False,False,False,False,12,1.1,15.0,12.901600539491872,5.2992413256941004,72.26238171401046,62.15335886042966,study_results/v4p2_followups_20260806/pseudo65/gp_window_ensemble_20260806/runs/window_3p0/draw_02/attempt_01/results_single.csv,1,1,1,1,single_attempt_outside_55_75MeV,False,,,,,,,window_3p0,2
2021,0.206,0.0052091915,0.194279319125,0.217720680875,106491864.68179588,1.64,0.19745692594,0.2145430740599999,0.0170861481199999,0.0,1.0,8000,0.000125,True,5363.3629426046655,7.939139937793903e-06,0.1169823516123325,1.1902078636229048,2510.822566648813,2110.018232692837,True,tilde_q_mu,asymptotic,default,sidak_approx,observed,8.18**2 * RBF(length_scale=0.322),0.0274701927009294,0.3745935368308561,0.1014404093114096,0.3219693637136322,0.0249729024553904,66.95682710581487,1584.3961107819578,379,247,132,416,37,0.04,0.3,0.000625,1.0,1e-08,1e+18,False,False,False,False,12,1.1,15.0,12.892749022216078,5.273408109671041,71.91011058642329,61.807933863370586,study_results/v4p2_followups_20260806/pseudo65/gp_window_ensemble_20260806/runs/window_3p0/draw_02/attempt_01/results_single.csv,1,1,1,1,single_attempt_outside_55_75MeV,False,,,,,,,window_3p0,2
2021,0.207,0.005243282875,0.1952026135312499,0.21879738646875,103594993.30477582,1.64,0.198401016085,0.215598983915,0.0171979678299999,0.0,1.0,8000,0.000125,True,5475.505683026508,8.291537017314358e-06,0.1026439410538746,1.2666292680167566,2657.5214953830023,2099.010546408243,True,tilde_q_mu,asymptotic,default,sidak_approx,observed,8.16**2 * RBF(length_scale=0.322),0.0275158226125923,0.375215762898986,0.1016089089272047,0.3216749936717753,0.0250143841932657,66.56285655463357,1580.1817542991664,378,248,130,416,38,0.04,0.3,0.000625,1.0,1e-08,1e+18,False,False,False,False,12,1.1,15.0,12.85960074757208,5.247823409220947,71.56122830755837,61.3499216694036,study_results/v4p2_followups_20260806/pseudo65/gp_window_ensemble_20260806/runs/window_3p0/draw_02/attempt_01/results_single.csv,1,1,1,1,single_attempt_outside_55_75MeV,False,,,,,,,window_3p0,2
2021,0.208,0.005277546,0.1961255214999999,0.2198744785,100755569.91566654,1.64,0.19934482456,0.21665517544,0.0173103508799999,0.0,1.0,8000,0.000125,True,5549.179337074176,8.598373052104085e-06,0.0915703221920388,1.3311470066892963,2769.571744905766,2080.9594826128737,True,tilde_q_mu,asymptotic,default,sidak_approx,observed,8.19**2 * RBF(length_scale=0.322),0.0275618977275242,0.3758440599207857,0.1017790525650254,0.3220794312186846,0.0250562706613857,67.15280602464284,1580.889986527499,378,250,128,416,38,0.04,0.3,0.000625,1.0,1e-08,1e+18,False,False,False,False,12,1.1,15.0,12.85424457499344,5.222483655760516,71.21568621491612,61.02825654550137,study_results/v4p2_followups_20260806/pseudo65/gp_window_ensemble_20260806/runs/window_3p0/draw_02/attempt_01/results_single.csv,1,1,1,1,single_attempt_outside_55_75MeV,False,,,,,,,window_3p0,2
2021,0.209,0.005311980875,0.1970480430312499,0.22095195696875,97975291.24730824,1.64,0.200288351365,0.2177116486349999,0.0174232972699999,0.0,1.0,8000,0.000125,True,5578.758175771663,8.846971110434674e-06,0.0864817740651273,1.3627429134261269,2820.4953037365863,2069.9546410023822,True,tilde_q_mu,asymptotic,default,sidak_approx,observed,8.2**2 * RBF(length_scale=0.322),0.0276084115723308,0.3764783396226934,0.101950816320278,0.3221601333914329,0.0250985559748462,67.23557006769732,1577.115577921187,377,251,126,416,39,0.04,0.3,0.000625,1.0,1e-08,1e+18,False,False,False,False,12,1.1,15.0,12.835803530462142,5.197385348705882,70.87343657326201,60.647833825537425,study_results/v4p2_followups_20260806/pseudo65/gp_window_ensemble_20260806/runs/window_3p0/draw_02/attempt_01/results_single.csv,1,1,1,1,single_attempt_outside_55_75MeV,False,,,,,,,window_3p0,2
2021,0.21,0.0053465875,0.197970178125,0.2220298218749999,95309478.67396852,1.64,0.2012315965,0.2187684034999999,0.0175368069999999,0.0,1.0,8000,0.000125,True,5274.096120389074,8.556823497153498e-06,0.1092750339669678,1.2303927473785912,2518.387313934518,2046.7157816704637,True,tilde_q_mu,asymptotic,default,sidak_approx,observed,8.15**2 * RBF(length_scale=0.322),0.0276553577964078,0.3771185154055612,0.1021241767418025,0.3215512341158608,0.0251412343603707,66.41032904776571,1581.9906090400589,378,253,125,416,38,0.04,0.3,0.000625,1.0,1e-08,1e+18,False,False,False,False,12,1.1,15.0,12.789795023855744,5.172525053860584,70.53443255264432,60.14139563148659,study_results/v4p2_followups_20260806/pseudo65/gp_window_ensemble_20260806/runs/window_3p0/draw_02/attempt_01/results_single.csv,1,1,1,1,single_attempt_outside_55_75MeV,False,,,,,,,window_3p0,2
2021,0.211,0.005381365875,0.19889192678125,0.2231080732187499,92716703.49811862,1.64,0.202174559965,0.2198254400349999,0.0176508800699999,0.0,1.0,8000,0.000125,True,4873.885848779541,8.09011766269802e-06,0.1543496283756514,1.0179551793362744,2069.2615196614165,2038.8402504980484,True,tilde_q_mu,asymptotic,default,sidak_approx,observed,8.08**2 * RBF(length_scale=0.321),0.0277027301690448,0.3777645023051568,0.1022991108211761,0.3206769081178002,0.0251843001536771,65.28354619742628,1575.837817234578,377,254,123,416,39,0.04,0.3,0.000625,1.0,1e-08,1e+18,False,False,False,False,12,1.1,15.0,12.73320704411072,5.147899401849318,70.19862820703615,59.59024447818281,study_results/v4p2_followups_20260806/pseudo65/gp_window_ensemble_20260806/runs/window_3p0/draw_02/attempt_01/results_single.csv,1,1,1,1,single_attempt_outside_55_75MeV,False,,,,,,,window_3p0,2
2021,0.212,0.005416316,0.199813289,0.2241867109999999,90185144.73372865,1.64,0.2031172417599999,0.22088275824,0.01776551648,0.0,1.0,8000,0.000125,True,4542.253146393969,7.714723919806874e-06,0.2005235822909953,0.8397525116796882,1698.8268980226408,2022.997576313817,True,tilde_q_mu,asymptotic,default,sidak_approx,observed,8.08**2 * RBF(length_scale=0.321),0.0277505225766093,0.3784162169537641,0.1024755959823144,0.3206676380485428,0.0252277477969176,65.27132537862653,1576.2047723699618,377,256,121,416,39,0.04,0.3,0.000625,1.0,1e-08,1e+18,False,False,False,False,12,1.1,15.0,12.7109102496943,5.123505086595644,69.86597845357696,59.2040121086995,study_results/v4p2_followups_20260806/pseudo65/gp_window_ensemble_20260806/runs/window_3p0/draw_02/attempt_01/results_single.csv,1,1,1,1,single_attempt_outside_55_75MeV,False,,,,,,,window_3p0,2
2021,0.213,0.005451437875,0.20073426478125,0.2252657352187499,87692400.078589,1.64,0.204059641885,0.2219403581149999,0.0178807162299999,0.0,1.0,8000,0.000125,True,6414.256971331524,1.1151279901621953e-05,0.1076957696777725,1.238875685651711,3075.149695325755,2482.3907530012175,True,tilde_q_mu,asymptotic,default,sidak_approx,observed,0.929**2 * RBF(length_scale=0.187),0.0277987290198092,0.3790735775428533,0.1026536100713629,0.1866040641034445,0.0252715718361902,0.8639409825223013,1148.8088585544897,377,257,120,416,39,0.04,0.3,0.000625,1.0,1e-08,1e+18,False,False,False,False,12,1.1,15.0,7.383951632015927,5.0993388638422745,69.53643905239464,34.230246841700364,study_results/v4p2_followups_20260806/pseudo65/gp_window_ensemble_20260806/runs/window_3p0/draw_02/attempt_01/results_single.csv,1,1,1,1,single_attempt_outside_55_75MeV,False,,,,,,,window_3p0,2
2021,0.214,0.0054867315,0.201654854125,0.226345145875,85297275.72952412,1.64,0.20500176034,0.2229982396599999,0.0179964793199999,0.0,1.0,8000,0.000125,True,3762.1221308547,6.692738833209508e-06,0.3539823343269511,0.3745909983689106,744.9714742615452,1988.3840930857937,True,tilde_q_mu,asymptotic,default,sidak_approx,observed,8.11**2 * RBF(length_scale=0.321),0.0278473436110351,0.3797365037868427,0.1028331313468833,0.3210494555912922,0.0253157669191228,65.79545562938723,1574.3209153453893,377,259,118,416,39,0.04,0.3,0.000625,1.0,1e-08,1e+18,False,False,False,False,12,1.1,15.0,12.681798525676111,5.075397549713366,69.20996658700044,58.513790148341,study_results/v4p2_followups_20260806/pseudo65/gp_window_ensemble_20260806/runs/window_3p0/draw_02/attempt_01/results_single.csv,1,1,1,1,single_attempt_outside_55_75MeV,False,,,,,,,window_3p0,2
2021,0.215,0.005522196875,0.20257505703125,0.22742494296875,82936171.06195708,1.64,0.205943597125,0.224056402875,0.01811280575,0.0,1.0,8000,0.000125,True,3230.787330101074,5.8836367494301726e-06,0.5,0.0,-39.58813817160809,1978.4136248773832,True,tilde_q_mu,asymptotic,default,sidak_approx,observed,8.13**2 * RBF(length_scale=0.321),0.0278963605717713,0.380404916887791,0.1030141384702921,0.3211733988959568,0.0253603277925194,66.06908634214439,1571.5981119345226,376,260,116,416,40,0.04,0.3,0.000625,1.0,1e-08,1e+18,False,False,False,False,12,1.1,15.0,12.664402507868775,5.051678019315698,68.88651844521407,58.16043979706117,study_results/v4p2_followups_20260806/pseudo65/gp_window_ensemble_20260806/runs/window_3p0/draw_02/attempt_01/results_single.csv,1,1,1,1,single_attempt_outside_55_75MeV,False,,,,,,,window_3p0,2
2021,0.216,0.0055578339999999,0.2034948735,0.2285051265,80666190.61149085,1.64,0.20688515224,0.22511484776,0.0182296955199999,0.0,1.0,8000,0.000125,True,2843.4978331913308,5.2994100411103726e-06,0.5,0.0,-752.9351826558426,1962.1844500734735,True,tilde_q_mu,asymptotic,default,sidak_approx,observed,8.12**2 * RBF(length_scale=0.321),0.0279457742300831,0.3810787395011339,0.1031966104965824,0.3210128779056174,0.0254052493000755,65.9195776227184,1572.6286000157172,376,262,114,416,40,0.04,0.3,0.000625,1.0,1e-08,1e+18,False,False,False,False,12,1.1,15.0,12.635690920169882,5.028177205379499,68.56605280062952,57.75863005365354,study_results/v4p2_followups_20260806/pseudo65/gp_window_ensemble_20260806/runs/window_3p0/draw_02/attempt_01/results_single.csv,1,1,1,1,single_attempt_outside_55_75MeV,False,,,,,,,window_3p0,2
2021,0.217,0.005593642875,0.20441430353125,0.22958569646875,78431109.94118327,1.64,0.207826425685,0.226173574315,0.0183471486299999,0.0,1.0,8000,0.000125,True,2630.576947770925,5.0190651964214085e-06,0.5,0.0,-1231.670062967413,1943.033256148128,True,tilde_q_mu,asymptotic,default,sidak_approx,observed,8.1**2 * RBF(length_scale=0.321),0.0279955790181704,0.3817578957023249,0.1033805268652899,0.3208492463325323,0.0254505263801549,65.58738554633464,1574.101756158235,376,263,113,416,40,0.04,0.3,0.000625,1.0,1e-08,1e+18,False,False,False,False,12,1.1,15.0,12.606782332907429,5.0048920969361115,68.24852859458333,57.3596229688747,study_results/v4p2_followups_20260806/pseudo65/gp_window_ensemble_20260806/runs/window_3p0/draw_02/attempt_01/results_single.csv,1,1,1,1,single_attempt_outside_55_75MeV,False,,,,,,,window_3p0,2
2021,0.218,0.0056296235,0.205333347125,0.230666652875,76236851.52538474,1.64,0.20876741746,0.22723258254,0.01846516508,0.0,1.0,8000,0.000125,True,2467.788991692809,4.821770091586358e-06,0.5,0.0,-1664.6732755316816,1925.0341602003448,True,tilde_q_mu,asymptotic,default,sidak_approx,observed,8.11**2 * RBF(length_scale=0.321),0.0280457694699898,0.3824423109544073,0.103565867391711,0.3209698576353301,0.0254961540636271,65.72460914092609,1574.29945692168,376,265,111,416,40,0.04,0.3,0.000625,1.0,1e-08,1e+18,False,False,False,False,12,1.1,15.0,12.58895191934952,4.981819738032192,67.93390551862079,57.01444468450334,study_results/v4p2_followups_20260806/pseudo65/gp_window_ensemble_20260806/runs/window_3p0/draw_02/attempt_01/results_single.csv,1,1,1,1,single_attempt_outside_55_75MeV,False,,,,,,,window_3p0,2
2021,0.219,0.005665775875,0.20625200428125,0.23174799571875,74103158.47642389,1.64,0.209708127565,0.228291872435,0.0185837448699999,0.0,1.0,8000,0.000125,True,2310.269252825775,4.622763613298438e-06,0.5,0.0,-2204.571386559518,1912.4427289982632,True,tilde_q_mu,asymptotic,default,sidak_approx,observed,8.14**2 * RBF(length_scale=0.321),0.0280963402189413,0.3831319120764731,0.1037526122583625,0.3213024414507412,0.0255421274717648,66.31233888325401,1571.5149029288189,375,266,109,416,41,0.04,0.3,0.000625,1.0,1e-08,1e+18,False,False,False,False,12,1.1,15.0,12.579313990423069,4.958957226478954,67.62214399744026,56.70934546996024,study_results/v4p2_followups_20260806/pseudo65/gp_window_ensemble_20260806/runs/window_3p0/draw_02/attempt_01/results_single.csv,1,1,1,1,single_attempt_outside_55_75MeV,False,,,,,,,window_3p0,2
2021,0.22,0.0057021,0.207170275,0.232829725,72056230.15568508,1.64,0.210648556,0.229351444,0.018702888,0.0,1.0,8000,0.000125,True,2264.5778402409787,4.638878070634233e-06,0.5,0.0,-2325.309591607413,1900.029297440727,True,tilde_q_mu,asymptotic,default,sidak_approx,observed,8.08**2 * RBF(length_scale=0.321),0.0281472859956161,0.3838266272129476,0.1039407420066625,0.3205889438628854,0.0255884418141965,65.23833011675615,1569.7603730423446,374,267,107,416,42,0.04,0.3,0.000625,1.0,1e-08,1e+18,False,False,False,False,12,1.1,15.0,12.528662205801924,4.936301712635021,67.31320517229574,56.22296063956882,study_results/v4p2_followups_20260806/pseudo65/gp_window_ensemble_20260806/runs/window_3p0/draw_02/attempt_01/results_single.csv,1,1,1,1,single_attempt_outside_55_75MeV,False,,,,,,,window_3p0,2
2021,0.221,0.005738595875,0.20808815928125,0.23391184071875,70072537.02592257,1.64,0.211588702765,0.230411297235,0.01882259447,0.0,1.0,8000,0.000125,True,2188.7631651720076,4.589639536007249e-06,0.5,0.0,-2496.306543981287,1872.8423965768393,True,tilde_q_mu,asymptotic,default,sidak_approx,observed,8.1**2 * RBF(length_scale=0.321),0.0281986016256085,0.3845263858037528,0.1041302375288517,0.3208235147441605,0.0256350923869168,65.61187406849837,1575.218739328813,375,269,106,416,41,0.04,0.3,0.000625,1.0,1e-08,1e+18,False,False,False,False,12,1.1,15.0,12.515013010364504,4.913850398222813,67.00705088485654,55.906274240675735,study_results/v4p2_followups_20260806/pseudo65/gp_window_ensemble_20260806/runs/window_3p0/draw_02/attempt_01/results_single.csv,1,1,1,1,single_attempt_outside_55_75MeV,False,,,,,,,window_3p0,2
2021,0.222,0.0057752635,0.209005657125,0.234994342875,68109664.16035153,1.64,0.21252856786,0.23147143214,0.01894286428,0.0,1.0,8000,0.000125,True,2133.808986159892,4.582618969526567e-06,0.5,0.0,-2666.1868280491103,1858.0488134885948,True,tilde_q_mu,asymptotic,default,sidak_approx,observed,8.15**2 * RBF(length_scale=0.321),0.0282502820273846,0.3852311185552448,0.1043210800601226,0.3212723079504882,0.0256820745703496,66.44261994731825,1573.5936850679043,374,270,104,416,42,0.04,0.3,0.000625,1.0,1e-08,1e+18,False,False,False,False,12,1.1,15.0,12.50959329903208,4.891600535176381,66.7036436614961,55.62903025125835,study_results/v4p2_followups_20260806/pseudo65/gp_window_ensemble_20260806/runs/window_3p0/draw_02/attempt_01/results_single.csv,1,1,1,1,single_attempt_outside_55_75MeV,False,,,,,,,window_3p0,2
2021,0.223,0.005812102875,0.20992276853125,0.23607723146875,66214738.059975564,1.64,0.213468151285,0.232531848715,0.01906369743,0.0,1.0,8000,0.000125,True,2123.9510019974455,4.6709464388422766e-06,0.5,0.0,-2581.6579748358827,1839.3090831926145,True,tilde_q_mu,asymptotic,default,sidak_approx,observed,8.12**2 * RBF(length_scale=0.321),0.0283023222102076,0.3859407574119222,0.1045132511709582,0.3207821206559029,0.0257293838274614,65.96300560842553,1572.1376963785303,374,272,102,416,42,0.04,0.3,0.000625,1.0,1e-08,1e+18,False,False,False,False,12,1.1,15.0,12.467539946041216,4.869549424520059,66.40294669800079,55.192092699478046,study_results/v4p2_followups_20260806/pseudo65/gp_window_ensemble_20260806/runs/window_3p0/draw_02/attempt_01/results_single.csv,1,1,1,1,single_attempt_outside_55_75MeV,False,,,,,,,window_3p0,2
2021,0.224,0.005849114,0.2108394935,0.2371605065,64362913.74671155,1.64,0.21440745304,0.23359254696,0.01918509392,0.0,1.0,8000,0.000125,True,2143.111812744889,4.82704155067003e-06,0.5,0.0,-2323.2934867883914,1815.906507012764,True,tilde_q_mu,asymptotic,default,sidak_approx,observed,8.13**2 * RBF(length_scale=0.321),0.0283547172721207,0.3866552355289188,0.1047067327596833,0.3209933522751501,0.0257770157019279,66.17095415172408,1571.849783522983,374,273,101,416,42,0.04,0.3,0.000625,1.0,1e-08,1e+18,False,False,False,False,12,1.1,15.0,12.452696463661706,4.847694415277375,66.10492384469147,54.878970092761065,study_results/v4p2_followups_20260806/pseudo65/gp_window_ensemble_20260806/runs/window_3p0/draw_02/attempt_01/results_single.csv,1,1,1,1,single_attempt_outside_55_75MeV,False,,,,,,,window_3p0,2
2021,0.225,0.005886296875,0.21175583203125,0.23824416796875,62544678.25081808,1.64,0.215346473125,0.234653526875,0.01930705375,0.0,1.0,8000,0.000125,True,2213.6479068146973,5.108055252591795e-06,0.5,0.0,-1886.5323038602355,1795.5621974028409,True,tilde_q_mu,asymptotic,default,sidak_approx,observed,8.1**2 * RBF(length_scale=0.321),0.0284074623979809,0.3873744872451945,0.1049015070452041,0.320705178910693,0.0258249658163463,65.55736772533538,1572.1853413411975,374,275,99,416,42,0.04,0.3,0.000625,1.0,1e-08,1e+18,False,False,False,False,12,1.1,15.0,12.418416395645249,4.82603290340855,65.80953959193478,54.48335103055653,study_results/v4p2_followups_20260806/pseudo65/gp_window_ensemble_20260806/runs/window_3p0/draw_02/attempt_01/results_single.csv,1,1,1,1,single_attempt_outside_55_75MeV,False,,,,,,,window_3p0,2
2021,0.226,0.0059236515,0.212671784125,0.239328215875,60771554.15297639,1.64,0.21628521154,0.23571478846,0.01942957692,0.0,1.0,8000,0.000125,True,2253.888277068888,5.328973058696149e-06,0.5,0.0,-1641.6679188128212,1780.037169302622,True,tilde_q_mu,asymptotic,default,sidak_approx,observed,8.12**2 * RBF(length_scale=0.321),0.0284605528575465,0.3880984480574534,0.1050975565599455,0.32096725572067,0.0258732298704968,65.99618191336647,1569.2550498269077,373,276,97,416,43,0.04,0.3,0.000625,1.0,1e-08,1e+18,False,False,False,False,12,1.1,15.0,12.405380284069876,4.804562330776309,65.51675905604058,54.184020737997486,study_results/v4p2_followups_20260806/pseudo65/gp_window_ensemble_20260806/runs/window_3p0/draw_02/attempt_01/results_single.csv,1,1,1,1,single_attempt_outside_55_75MeV,False,,,,,,,window_3p0,2
2021,0.227,0.005961177875,0.21358734978125,0.24041265021875,59077484.03982016,1.64,0.217223668285,0.236776331715,0.01955266343,0.0,1.0,8000,0.000125,True,2283.051524522375,5.528251420731932e-06,0.499975650495596,6.103515625e-05,-1427.0240789218194,1759.0608638740734,True,tilde_q_mu,asymptotic,default,sidak_approx,observed,8.16**2 * RBF(length_scale=0.321),0.0285139840036164,0.3888270545947703,0.1052948641429799,0.321391689650056,0.0259218036396513,66.61835776799914,1570.329579833378,373,278,95,416,43,0.04,0.3,0.000625,1.0,1e-08,1e+18,False,False,False,False,12,1.1,15.0,12.398507994190588,4.783280184139193,65.22654796553445,53.91412509227565,study_results/v4p2_followups_20260806/pseudo65/gp_window_ensemble_20260806/runs/window_3p0/draw_02/attempt_01/results_single.csv,1,1,1,1,single_attempt_outside_55_75MeV,False,,,,,,,window_3p0,2
2021,0.228,0.005998876,0.214502529,0.241497471,57436780.43420136,1.64,0.21816184336,0.23783815664,0.01967631328,0.0,1.0,8000,0.000125,True,2343.1300143393128,5.810203909848348e-06,0.499975650495596,6.103515625e-05,-1131.5340955813344,1737.6700002725024,True,tilde_q_mu,asymptotic,default,sidak_approx,observed,8.16**2 * RBF(length_scale=0.321),0.0285677512702127,0.3895602445938106,0.1054934129333165,0.3213430975942067,0.0259706829729207,66.5952068439709,1570.6302081535796,373,279,94,416,43,0.04,0.3,0.000625,1.0,1e-08,1e+18,False,False,False,False,12,1.1,15.0,12.37330176989442,4.762183994170372,64.9388726477778,53.56721785784649,study_results/v4p2_followups_20260806/pseudo65/gp_window_ensemble_20260806/runs/window_3p0/draw_02/attempt_01/results_single.csv,1,1,1,1,single_attempt_outside_55_75MeV,False,,,,,,,window_3p0,2
2021,0.229,0.006036745875,0.21541732178125,0.24258267821875,55831675.293223605,1.64,0.219099736765,0.238900263235,0.01980052647,0.0,1.0,8000,0.000125,True,2426.70464191447,6.163404924715292e-06,0.5,0.0,-821.8332291534213,1719.2590639500263,True,tilde_q_mu,asymptotic,default,sidak_approx,observed,8.16**2 * RBF(length_scale=0.321),0.0286218501708174,0.3902979568747833,0.1056931863633896,0.3212622724571006,0.0260198637916522,66.60037179712384,1570.7038650247632,373,281,92,416,43,0.04,0.3,0.000625,1.0,1e-08,1e+18,False,False,False,False,12,1.1,15.0,12.346808385682984,4.741271334503118,64.6537000159516,53.217789701492215,study_results/v4p2_followups_20260806/pseudo65/gp_window_ensemble_20260806/runs/window_3p0/draw_02/attempt_01/results_single.csv,1,1,1,1,single_attempt_outside_55_75MeV,False,,,,,,,window_3p0,2
2021,0.23,0.0060747875,0.216331728125,0.243668271875,54262302.35414737,1.64,0.2200373485,0.2399626515,0.019925303,0.0,1.0,8000,0.000125,True,2428.7959515442153,6.319531739040623e-06,0.499975650495596,6.103515625e-05,-763.3310390738512,1705.496822330305,True,tilde_q_mu,asymptotic,default,sidak_approx,observed,8.24**2 * RBF(length_scale=0.322),0.0286762762966508,0.3910401313179656,0.1058941681527014,0.3219692761463231,0.0260693420878643,67.85326780149374,1568.5441075321933,372,282,90,416,44,0.04,0.3,0.000625,1.0,1e-08,1e+18,False,False,False,False,12,1.1,15.0,12.350494886336392,4.720539820800449,64.37099755636976,53.000911743221145,study_results/v4p2_followups_20260806/pseudo65/gp_window_ensemble_20260806/runs/window_3p0/draw_02/attempt_01/results_single.csv,1,1,1,1,single_attempt_outside_55_75MeV,False,,,,,,,window_3p0,2
2021,0.231,0.006113000875,0.21724574803125,0.24475425196875,52721717.822498925,1.64,0.220974678565,0.241025321435,0.02005064287,0.0,1.0,8000,0.000125,True,2547.7724282120853,6.793272301627553e-06,0.5,0.0,-426.39652092962126,1688.4585265146848,True,tilde_q_mu,asymptotic,default,sidak_approx,observed,8.17**2 * RBF(length_scale=0.321),0.0287310253149946,0.3917867088408355,0.1060963423016291,0.3214401136139059,0.0261191139227223,66.69598813029715,1566.0948370572323,372,284,88,416,44,0.04,0.3,0.000625,1.0,1e-08,1e+18,False,False,False,False,12,1.1,15.0,12.306700547535362,4.699987109848828,64.09073331612038,52.5830308528961,study_results/v4p2_followups_20260806/pseudo65/gp_window_ensemble_20260806/runs/window_3p0/draw_02/attempt_01/results_single.csv,1,1,1,1,single_attempt_outside_55_75MeV,False,,,,,,,window_3p0,2
2021,0.232,0.006151386,0.2181593815,0.2458406185,51251552.38699205,1.64,0.22191172696,0.24208827304,0.02017654608,0.0,1.0,8000,0.000125,True,2556.639533937659,6.982234215074145e-06,0.5,0.0,-348.0645030342598,1670.3105441769228,True,tilde_q_mu,asymptotic,default,sidak_approx,observed,8.17**2 * RBF(length_scale=0.322),0.0287860929675617,0.3925376313758422,0.1062996930854058,0.3215715809141475,0.0261691754250561,66.79144755284332,1566.898618264216,372,285,87,416,44,0.04,0.3,0.000625,1.0,1e-08,1e+18,False,False,False,False,12,1.1,15.0,12.28818163702067,4.679610898675804,63.81287589103368,52.27628064864528,study_results/v4p2_followups_20260806/pseudo65/gp_window_ensemble_20260806/runs/window_3p0/draw_02/attempt_01/results_single.csv,1,1,1,1,single_attempt_outside_55_75MeV,False,,,,,,,window_3p0,2
2021,0.233,0.006189942875,0.21907262853125,0.24692737146875,49805482.399550624,1.64,0.222848493685,0.243151506315,0.02030301263,0.0,1.0,8000,0.000125,True,2568.5218157467966,7.187371759795521e-06,0.5,0.0,-276.07690462800554,1655.5741573414953,True,tilde_q_mu,asymptotic,default,sidak_approx,observed,8.15**2 * RBF(length_scale=0.321),0.0288414750689017,0.3932928418486603,0.1065042050482311,0.3214002708056528,0.0262195227899106,66.40085814407671,1567.8949883046507,372,287,85,416,44,0.04,0.3,0.000625,1.0,1e-08,1e+18,False,False,False,False,12,1.1,15.0,12.258051886792089,4.659408923689259,63.53739441394444,51.92297849851365,study_results/v4p2_followups_20260806/pseudo65/gp_window_ensemble_20260806/runs/window_3p0/draw_02/attempt_01/results_single.csv,1,1,1,1,single_attempt_outside_55_75MeV,False,,,,,,,window_3p0,2
2021,0.234,0.0062286715,0.219985489125,0.248014510875,48395595.20414742,1.64,0.22378497874,0.24421502126,0.02043004252,0.0,1.0,8000,0.000125,True,2648.34537068351,7.594039468110039e-06,0.5,0.0,-104.26556055991104,1647.1998085578311,True,tilde_q_mu,asymptotic,default,sidak_approx,observed,8.09**2 * RBF(length_scale=0.321),0.0288971675048537,0.394052284157097,0.1067098629975592,0.3206900005443047,0.0262701522771398,65.40444631544804,1564.0823116106212,371,288,83,416,45,0.04,0.3,0.000625,1.0,1e-08,1e+18,False,False,False,False,12,1.1,15.0,12.20739024125749,4.639378959839796,63.26425854326993,51.486099490766954,study_results/v4p2_followups_20260806/pseudo65/gp_window_ensemble_20260806/runs/window_3p0/draw_02/attempt_01/results_single.csv,1,1,1,1,single_attempt_outside_55_75MeV,False,,,,,,,window_3p0,2
2021,0.235,0.006267571875,0.22089796328125,0.2491020367187499,47012739.219878465,1.64,0.2247211821249999,0.245278817875,0.02055763575,0.0,1.0,8000,0.000125,True,2579.9300136045713,7.5830588840765885e-06,0.5,0.0,-202.44201200492975,1638.9619848141904,True,tilde_q_mu,asymptotic,default,sidak_approx,observed,8.11**2 * RBF(length_scale=0.321),0.0289531662310341,0.394815903150465,0.1069166519985136,0.3209950406098745,0.026321060210031,65.77029014298377,1561.3296039713118,370,289,81,416,46,0.04,0.3,0.000625,1.0,1e-08,1e+18,False,False,False,False,12,1.1,15.0,12.195368957347045,4.619518819803578,62.993438451866965,51.21521492083001,study_results/v4p2_followups_20260806/pseudo65/gp_window_ensemble_20260806/runs/window_3p0/draw_02/attempt_01/results_single.csv,1,1,1,1,single_attempt_outside_55_75MeV,False,,,,,,,window_3p0,2
2021,0.236,0.006306644,0.2218100509999999,0.2501899489999999,45679826.44124699,1.64,0.2256571038399999,0.24634289616,0.02068579232,0.0,1.0,8000,0.000125,True,2585.0510425345856,7.786684828951334e-06,0.5,0.0,-140.76972132698663,1621.3089819677375,True,tilde_q_mu,asymptotic,default,sidak_approx,observed,8.07**2 * RBF(length_scale=0.321),0.0290094672713634,0.3955836446095018,0.1071245573684485,0.3205562493646374,0.0263722429739667,65.17601237521131,1565.6968297320705,371,291,80,416,45,0.04,0.3,0.000625,1.0,1e-08,1e+18,False,False,False,False,12,1.1,15.0,12.155062035530037,4.599826353186174,62.7249048161751,50.82834061422167,study_results/v4p2_followups_20260806/pseudo65/gp_window_ensemble_20260806/runs/window_3p0/draw_02/attempt_01/results_single.csv,1,1,1,1,single_attempt_outside_55_75MeV,False,,,,,,,window_3p0,2
2021,0.237,0.006345887875,0.22272175228125,0.25127824771875,44384391.87212218,1.64,0.226592743885,0.2474072561149999,0.0208145122299999,0.0,1.0,8000,0.000125,True,2678.3954390059216,8.26829568152958e-06,0.4920596734452257,0.0199047613500543,31.728429824497923,1616.007503239267,True,tilde_q_mu,asymptotic,default,sidak_approx,observed,8.03**2 * RBF(length_scale=0.32),0.0290660667166324,0.3963554552268056,0.1073335646716512,0.3199102850787105,0.0264236970151203,64.42073368873295,1563.9869021030172,370,292,78,416,46,0.04,0.3,0.000625,1.0,1e-08,1e+18,False,False,False,False,12,1.1,15.0,12.106946461566258,4.580299445746575,62.458628805635115,50.41221833417762,study_results/v4p2_followups_20260806/pseudo65/gp_window_ensemble_20260806/runs/window_3p0/draw_02/attempt_01/results_single.csv,1,1,1,1,single_attempt_outside_55_75MeV,False,,,,,,,window_3p0,2
2021,0.238,0.0063853035,0.223633067125,0.252366932875,43150069.97440755,1.64,0.2275281022599999,0.24847189774,0.02094379548,0.0,1.0,8000,0.000125,True,2708.050115364169,8.562846480991062e-06,0.474187378400241,0.0647478589583972,103.24210349889712,1607.097899111672,True,tilde_q_mu,asymptotic,default,sidak_approx,observed,8.02**2 * RBF(length_scale=0.32),0.0291229607231004,0.3971312825877338,0.1075436597141695,0.3197876999515823,0.0264754188391822,64.31193689354282,1564.9488819250514,370,294,76,416,46,0.04,0.3,0.000625,1.0,1e-08,1e+18,False,False,False,False,12,1.1,15.0,12.07866443564296,4.560936018640379,62.1945820723688,50.08183243781322,study_results/v4p2_followups_20260806/pseudo65/gp_window_ensemble_20260806/runs/window_3p0/draw_02/attempt_01/results_single.csv,1,1,1,1,single_attempt_outside_55_75MeV,False,,,,,,,window_3p0,2
2021,0.239,0.006424890875,0.2245439955312499,0.25345600446875,41910564.95451811,1.64,0.2284631789649999,0.249536821035,0.02107364207,0.0,1.0,8000,0.000125,True,2674.42649271382,8.670201117089013e-06,0.485001137854767,0.0376054334647271,60.03631090898521,1603.3305403072986,True,tilde_q_mu,asymptotic,default,sidak_approx,observed,8.04**2 * RBF(length_scale=0.32),0.0291801455111333,0.3979110751518178,0.1077548285387784,0.3200850372289509,0.0265274050101211,64.63301683916258,1561.4633426953606,369,295,74,416,47,0.04,0.3,0.000625,1.0,1e-08,1e+18,False,False,False,False,12,1.1,15.0,12.066202370975477,4.541734027682346,61.9327367411229,49.81952899378247,study_results/v4p2_followups_20260806/pseudo65/gp_window_ensemble_20260806/runs/window_3p0/draw_02/attempt_01/results_single.csv,1,1,1,1,single_attempt_outside_55_75MeV,False,,,,,,,window_3p0,2
2021,0.24,0.00646465,0.2254545375,0.2545454625,40722504.22475857,1.64,0.229397974,0.250602026,0.0212040519999999,0.0,1.0,8000,0.000125,True,2661.1719961405024,8.841931539633687e-06,0.4804894120322631,0.048925303078026,76.88320703902562,1589.1493644248792,True,tilde_q_mu,asymptotic,default,sidak_approx,observed,8.02**2 * RBF(length_scale=0.32),0.0292376173638717,0.3986947822346143,0.1079670574200659,0.3199443433079163,0.0265796521489742,64.39394849555383,1565.961715208783,370,297,73,416,46,0.04,0.3,0.000625,1.0,1e-08,1e+18,False,False,False,False,12,1.1,15.0,12.03719076211699,4.522691462627012,61.673065399459254,49.491363539853864,study_results/v4p2_followups_20260806/pseudo65/gp_window_ensemble_20260806/runs/window_3p0/draw_02/attempt_01/results_single.csv,1,1,1,1,single_attempt_outside_55_75MeV,False,,,,,,,window_3p0,2
2021,0.241,0.006504580875,0.2263646930312499,0.25563530696875,39555789.66735767,1.64,0.230332487365,0.251667512635,0.0213350252699999,0.0,1.0,8000,0.000125,True,2737.616934363774,9.325357696799716e-06,0.4490190418744867,0.1281401235679711,202.96924170220908,1586.458911989152,True,tilde_q_mu,asymptotic,default,sidak_approx,observed,8.04**2 * RBF(length_scale=0.32),0.0292953726259335,0.3994823539900027,0.1081803328596386,0.3200794836515693,0.0266321569326668,64.64963189518848,1562.9121127746243,369,298,71,416,47,0.04,0.3,0.000625,1.0,1e-08,1e+18,False,False,False,False,12,1.1,15.0,12.0185340023647,4.503806346467102,61.41554108818776,49.20831792280072,study_results/v4p2_followups_20260806/pseudo65/gp_window_ensemble_20260806/runs/window_3p0/draw_02/attempt_01/results_single.csv,1,1,1,1,single_attempt_outside_55_75MeV,False,,,,,,,window_3p0,2
2021,0.242,0.0065446835,0.227274462125,0.256725537875,38433549.77614895,1.64,0.23126671906,0.2527332809399999,0.0214665618799999,0.0,1.0,8000,0.000125,True,2872.2467647745852,1.0028034205135888e-05,0.3947899133426007,0.2668562709883121,421.9359745069456,1579.789781221499,True,tilde_q_mu,asymptotic,default,sidak_approx,observed,8.01**2 * RBF(length_scale=0.32),0.0293534077021493,0.4002737413929458,0.1083946415814538,0.3196547906995481,0.026684916092863,64.21466357010027,1564.428379057562,369,300,69,416,47,0.04,0.3,0.000625,1.0,1e-08,1e+18,False,False,False,False,12,1.1,15.0,11.978856878813296,4.4850767347495655,61.16013729203953,48.84190208732755,study_results/v4p2_followups_20260806/pseudo65/gp_window_ensemble_20260806/runs/window_3p0/draw_02/attempt_01/results_single.csv,1,1,1,1,single_attempt_outside_55_75MeV,False,,,,,,,window_3p0,2
2021,0.243,0.006584957875,0.22818384478125,0.25781615521875,37332878.58161166,1.64,0.232200669085,0.253799330915,0.02159866183,0.0,1.0,8000,0.000125,True,2924.6385310942896,1.046873889404042e-05,0.3747617053501446,0.3192678489773755,504.40511501262057,1577.4330405505289,True,tilde_q_mu,asymptotic,default,sidak_approx,observed,8.03**2 * RBF(length_scale=0.32),0.0294117190563266,0.4010688962226361,0.108609970527255,0.3198674393086607,0.0267379264148424,64.48920783247416,1560.7594849013994,368,301,67,416,48,0.04,0.3,0.000625,1.0,1e-08,1e+18,False,False,False,False,12,1.1,15.0,11.96306079782986,4.466500714908013,60.90682793056381,48.57547236908644,study_results/v4p2_followups_20260806/pseudo65/gp_window_ensemble_20260806/runs/window_3p0/draw_02/attempt_01/results_single.csv,1,1,1,1,single_attempt_outside_55_75MeV,False,,,,,,,window_3p0,2
2021,0.244,0.006625404,0.229092841,0.258907159,36240747.78783116,1.64,0.23313433744,0.25486566256,0.0217313251199999,0.0,1.0,8000,0.000125,True,3065.5844765906186,1.1257610892940006e-05,0.3182780877101824,0.4725192911950593,737.2852234404616,1562.3879832463676,True,tilde_q_mu,asymptotic,default,sidak_approx,observed,8.08**2 * RBF(length_scale=0.32),0.029470303210048,0.4018677710461094,0.1088263068521347,0.3202772462262577,0.0267911847364072,65.253038684325,1565.8700034253434,369,303,66,416,47,0.04,0.3,0.000625,1.0,1e-08,1e+18,False,False,False,False,12,1.1,15.0,11.954575707546969,4.448076405612099,60.65558734925589,48.34078740349384,study_results/v4p2_followups_20260806/pseudo65/gp_window_ensemble_20260806/runs/window_3p0/draw_02/attempt_01/results_single.csv,1,1,1,1,single_attempt_outside_55_75MeV,False,,,,,,,window_3p0,2
2021,0.245,0.006666021875,0.23000145078125,0.25999854921875,35231160.94273463,1.64,0.234067724125,0.255932275875,0.02186455175,0.0,1.0,8000,0.000125,True,3461.872488924432,1.3023806970934798e-05,0.3070265951640362,0.5042962812247352,877.8557974467569,1743.7770353510614,True,tilde_q_mu,asymptotic,default,sidak_approx,observed,1.36**2 * RBF(length_scale=0.213),0.0295291567414944,0.4026703192021974,0.1090436379201891,0.213021099796162,0.0268446879468131,1.8602944707797109,1393.3554827405933,368,304,64,416,48,0.04,0.3,0.000625,1.0,1e-08,1e+18,False,False,False,False,12,1.1,15.0,7.935316671149853,4.429801956132116,60.40639031089249,31.95625573853401,study_results/v4p2_followups_20260806/pseudo65/gp_window_ensemble_20260806/runs/window_3p0/draw_02/attempt_01/results_single.csv,1,1,1,1,single_attempt_outside_55_75MeV,False,,,,,,,window_3p0,2
2021,0.246,0.0067068115,0.230909674125,0.261090325875,34231611.46534635,1.64,0.23500082914,0.25699917086,0.02199834172,0.0,1.0,8000,0.000125,True,3416.4898005001232,1.3174604884620002e-05,0.2176962011336181,0.7799974055927179,1211.993263250366,1555.0219470539328,True,tilde_q_mu,asymptotic,default,sidak_approx,observed,8.11**2 * RBF(length_scale=0.32),0.0295882762843003,0.4034764947859137,0.1092619513002888,0.3204917270120395,0.0268984329857275,65.8224129626052,1561.7705108769992,367,305,62,416,49,0.04,0.3,0.000625,1.0,1e-08,1e+18,False,False,False,False,12,1.1,15.0,11.914884676817186,4.411675545719503,60.159211987084134,47.78600487162037,study_results/v4p2_followups_20260806/pseudo65/gp_window_ensemble_20260806/runs/window_3p0/draw_02/attempt_01/results_single.csv,1,1,1,1,single_attempt_outside_55_75MeV,False,,,,,,,window_3p0,2
2021,0.247,0.006747772875,0.23181751103125,0.26218248896875,33240766.184267055,1.64,0.235933652485,0.258066347515,0.02213269503,0.0,1.0,8000,0.000125,True,3651.7799682442337,1.4442971200512756e-05,0.1595908563794621,0.9961408529177392,1530.0827836943267,1537.9848322368634,True,tilde_q_mu,asymptotic,default,sidak_approx,observed,8.12**2 * RBF(length_scale=0.32),0.0296476585264336,0.4042862526331858,0.1094812347619452,0.3203220749658891,0.0269524168422123,65.99341922321834,1566.42768124966,368,307,61,416,48,0.04,0.3,0.000625,1.0,1e-08,1e+18,False,False,False,False,12,1.1,15.0,11.884725471602474,4.393695383001999,59.91402795002726,47.47078493893277,study_results/v4p2_followups_20260806/pseudo65/gp_window_ensemble_20260806/runs/window_3p0/draw_02/attempt_01/results_single.csv,1,1,1,1,single_attempt_outside_55_75MeV,False,,,,,,,window_3p0,2
2021,0.248,0.006788906,0.2327249615,0.2632750385,32306957.309929177,1.64,0.23686619416,0.25913380584,0.02226761168,0.0,1.0,8000,0.000125,True,3802.4255631260567,1.5411073950004806e-05,0.1307811637347328,1.1227061210816285,1718.0144344703615,1531.6752120967813,True,tilde_q_mu,asymptotic,default,sidak_approx,observed,8.16**2 * RBF(length_scale=0.321),0.0297073002091074,0.4050995483060104,0.1097014762712903,0.3206188067188923,0.027006636553734,66.52636619330266,1562.79971389583,367,308,59,416,49,0.04,0.3,0.000625,1.0,1e-08,1e+18,False,False,False,False,12,1.1,15.0,11.87185253820741,4.375859705393982,59.67081416446339,47.22687377301915,study_results/v4p2_followups_20260806/pseudo65/gp_window_ensemble_20260806/runs/window_3p0/draw_02/attempt_01/results_single.csv,1,1,1,1,single_attempt_outside_55_75MeV,False,,,,,,,window_3p0,2
2021,0.249,0.006830210875,0.23363202553125,0.26436797446875,31367919.80580777,1.64,0.237798454165,0.260201545835,0.0224030916699999,0.0,1.0,8000,0.000125,True,3880.498893874328,1.6133270664907102e-05,0.114274857858336,1.2041031419011978,1828.811286740119,1519.6292709764843,True,tilde_q_mu,asymptotic,default,sidak_approx,observed,8.17**2 * RBF(length_scale=0.321),0.029767198125712,0.4059163380778918,0.1099226639871329,0.3208519039226587,0.0270610892051927,66.67228983836999,1561.2592836480867,367,310,57,416,49,0.04,0.3,0.000625,1.0,1e-08,1e+18,False,False,False,False,12,1.1,15.0,11.856577593376766,4.358166778520153,59.429546979820266,46.97540234036459,study_results/v4p2_followups_20260806/pseudo65/gp_window_ensemble_20260806/runs/window_3p0/draw_02/attempt_01/results_single.csv,1,1,1,1,single_attempt_outside_55_75MeV,False,,,,,,,window_3p0,2
2021,0.25,0.0068716875,0.234538703125,0.265461296875,30463229.35640608,1.64,0.2387304325,0.2612695675,0.022539135,0.0,1.0,8000,0.000125,True,3896.0372332189554,1.661219696506723e-05,0.1092113362022497,1.230733184556326,1860.1736587302084,1511.26942660946,True,tilde_q_mu,asymptotic,default,sidak_approx,observed,8.12**2 * RBF(length_scale=0.321),0.0298273491207752,0.4067365789196631,0.1101447862571196,0.3206324886073124,0.0271157719279775,66.00148795541391,1560.0032113754023,366,311,55,416,50,0.04,0.3,0.000625,1.0,1e-08,1e+18,False,False,False,False,12,1.1,15.0,11.824575360013627,4.3406148956534025,59.19020312254639,46.65993449313759,study_results/v4p2_followups_20260806/pseudo65/gp_window_ensemble_20260806/runs/window_3p0/draw_02/attempt_01/results_single.csv,1,1,1,1,single_attempt_outside_55_75MeV,False,,,,,,,window_3p0,2
2021,0.05,0.0019941875,0.045513078125,0.054486921875,432274745.5035101,1.64,0.0467295325,0.0532704675,0.0065409349999999,0.0,1.0,8000,0.000125,True,22360.94100678237,3.359542424693581e-05,0.0002609146062022,3.469293414328143,16299.895418225997,4706.927757110546,True,tilde_q_mu,asymptotic,default,sidak_approx,observed,7.41**2 * RBF(length_scale=0.327),0.0430198208653474,0.586633920891102,0.1588612167593829,0.326647499154748,0.0391089280594068,54.84301688329852,1683.447893385168,402,9,393,416,14,0.04,0.3,0.000625,1.0,1e-08,1e+18,False,False,False,False,12,1.1,15.0,8.352248843501096,21.57260581833327,294.1718975227264,163.79979272498096,study_results/v4p2_followups_20260806/pseudo65/gp_window_ensemble_20260806/runs/window_3p0/draw_03/attempt_01/results_single.csv,1,1,1,1,single_attempt_outside_55_75MeV,False,,,,,,,window_3p0,3
2021,0.051,0.002001485875,0.04649665678125,0.0555033432187499,505722115.71658146,1.64,0.047717563165,0.0542824368349999,0.0065648736699999,0.0,1.0,8000,0.000125,True,18818.61266654278,2.3693291809480037e-05,0.0052387687773568,2.5596574712451226,12494.667919182904,4901.091475676749,True,tilde_q_mu,asymptotic,default,sidak_approx,observed,7.42**2 * RBF(length_scale=0.328),0.0423437473933882,0.5774147371825666,0.1563646500091317,0.3279766512942922,0.0384943158121711,55.09809553098734,1677.5216891778916,401,10,391,416,15,0.04,0.3,0.000625,1.0,1e-08,1e+18,False,False,False,False,12,1.1,15.0,8.520131982462532,21.15615599504954,288.4930362961301,163.86658301762546,study_results/v4p2_followups_20260806/pseudo65/gp_window_ensemble_20260806/runs/window_3p0/draw_03/attempt_01/results_single.csv,1,1,1,1,single_attempt_outside_55_75MeV,False,,,,,,,window_3p0,3
2021,0.052,0.002008956,0.047479849,0.056520151,582496150.2912881,1.64,0.04870531216,0.0552946878399999,0.0065893756799999,0.0,1.0,8000,0.000125,True,9181.351529812444,9.84306005062788e-06,0.3693062845996638,0.3336912285210078,1640.1086690304307,4928.4646404917075,True,tilde_q_mu,asymptotic,default,sidak_approx,observed,7.82**2 * RBF(length_scale=0.321),0.0416967826910809,0.5685924912420126,0.1539755745145915,0.3211915642858898,0.0379061660828008,61.07544467594702,1674.0331544785724,402,12,390,416,14,0.04,0.3,0.000625,1.0,1e-08,1e+18,False,False,False,False,12,1.1,15.0,8.473332902733837,20.75544844739304,283.02884246445046,159.87984021844667,study_results/v4p2_followups_20260806/pseudo65/gp_window_ensemble_20260806/runs/window_3p0/draw_03/attempt_01/results_single.csv,1,1,1,1,single_attempt_outside_55_75MeV,False,,,,,,,window_3p0,3
2021,0.053,0.002016597875,0.0484626547812499,0.05753734521875,661992830.0519445,1.64,0.049692779485,0.056307220515,0.00661444103,0.0,1.0,8000,0.000125,True,6392.352635734206,5.916317762577304e-06,0.5,0.0,-4729.4633680992165,5077.7898273839255,True,tilde_q_mu,asymptotic,default,sidak_approx,observed,7.86**2 * RBF(length_scale=0.32),0.0410773062694674,0.5601450854927381,0.1516880062237032,0.319882640027267,0.0373430056995158,61.76694173259872,1669.9886717625952,402,14,388,416,14,0.04,0.3,0.000625,1.0,1e-08,1e+18,False,False,False,False,12,1.1,15.0,8.566065693833908,20.369607039017364,277.76736871387317,158.62490186709485,study_results/v4p2_followups_20260806/pseudo65/gp_window_ensemble_20260806/runs/window_3p0/draw_03/attempt_01/results_single.csv,1,1,1,1,single_attempt_outside_55_75MeV,False,,,,,,,window_3p0,3
2021,0.054,0.0020244115,0.049445074125,0.058554925875,743432117.467634,1.64,0.05067996514,0.05732003486,0.00664006972,0.0,1.0,8000,0.000125,True,5772.340071054011,4.669138451198744e-06,0.5,0.0,-10990.337458624974,5477.220589825006,True,tilde_q_mu,asymptotic,default,sidak_approx,observed,7.65**2 * RBF(length_scale=0.318),0.0404838157112043,0.552052032425514,0.1494963970927404,0.3179853198498846,0.0368034688283676,58.45448547645678,1663.900292511277,401,15,386,416,15,0.04,0.3,0.000625,1.0,1e-08,1e+18,False,False,False,False,12,1.1,15.0,8.640091001552168,19.99781947059892,272.6975382354398,157.0754364168968,study_results/v4p2_followups_20260806/pseudo65/gp_window_ensemble_20260806/runs/window_3p0/draw_03/attempt_01/results_single.csv,1,1,1,1,single_attempt_outside_55_75MeV,False,,,,,,,window_3p0,3
2021,0.055,0.002032396875,0.05042710703125,0.05957289296875,825863093.242175,1.64,0.051666869125,0.058333130875,0.0066662617499999,0.0,1.0,8000,0.000125,True,5743.810959693406,4.106287112321055e-06,0.5,0.0,-12093.94789370649,5581.615833696631,True,tilde_q_mu,asymptotic,default,sidak_approx,observed,7.65**2 * RBF(length_scale=0.319),0.0399149161083646,0.5442943105686093,0.1473955960828078,0.3187617953606021,0.0362862873712406,58.53261130778773,1668.647791538003,402,17,385,416,14,0.04,0.3,0.000625,1.0,1e-08,1e+18,False,False,False,False,12,1.1,15.0,8.784635146037088,19.639331569216612,267.8090668529538,156.8403294069236,study_results/v4p2_followups_20260806/pseudo65/gp_window_ensemble_20260806/central_repeat/window_3p0/draw_03/attempt_02/results_single.csv,2,2,1,2,stable_reproduced,False,attempt_02_55_75MeV,False,1668.6477911335126,1668.647791538003,study_results/v4p2_followups_20260806/pseudo65/gp_window_ensemble_20260806/runs/window_3p0/draw_03/attempt_01/results_single.csv|study_results/v4p2_followups_20260806/pseudo65/gp_window_ensemble_20260806/central_repeat/window_3p0/draw_03/attempt_02/results_single.csv,1668.64779113|1668.64779154,window_3p0,3
2021,0.056,0.002040554,0.0514087535,0.0605912465,908459510.2390776,1.64,0.05265349144,0.05934650856,0.00669301712,0.0,1.0,8000,0.000125,True,6200.8113443326965,3.957991322855941e-06,0.5,0.0,-10916.602737162437,5804.933312778782,True,tilde_q_mu,asymptotic,default,sidak_approx,observed,7.67**2 * RBF(length_scale=0.322),0.0393693106142212,0.5368542356484718,0.1453808142699889,0.322415308821503,0.0357902823765647,58.90078007743169,1664.6545169367266,401,18,383,416,15,0.04,0.3,0.000625,1.0,1e-08,1e+18,False,False,False,False,12,1.1,15.0,9.00845948710978,19.293442180026243,263.0923933639942,158.00381113241943,study_results/v4p2_followups_20260806/pseudo65/gp_window_ensemble_20260806/central_repeat/window_3p0/draw_03/attempt_02/results_single.csv,2,2,1,2,stable_reproduced,False,attempt_02_55_75MeV,False,1664.6545161030683,1664.6545169367266,study_results/v4p2_followups_20260806/pseudo65/gp_window_ensemble_20260806/runs/window_3p0/draw_03/attempt_01/results_single.csv|study_results/v4p2_followups_20260806/pseudo65/gp_window_ensemble_20260806/central_repeat/window_3p0/draw_03/attempt_02/results_single.csv,1664.6545161|1664.65451694,window_3p0,3
2021,0.057,0.002048882875,0.05239001353125,0.06160998646875,990490284.3287764,1.64,0.053639832085,0.060360167915,0.0067203358299999,0.0,1.0,8000,0.000125,True,6990.999712193046,4.0210005333584544e-06,0.5,0.0,-6902.497802132262,5834.085647388307,True,tilde_q_mu,asymptotic,default,sidak_approx,observed,8.18**2 * RBF(length_scale=0.326),0.0388457919743114,0.5297153451042469,0.1434475935717297,0.325770416998166,0.0353143563402831,66.93092010871129,1661.6489005291469,401,20,381,416,15,0.04,0.3,0.000625,1.0,1e-08,1e+18,False,False,False,False,12,1.1,15.0,9.224871999905584,18.959498587400432,258.53861710091496,158.99904331923608,study_results/v4p2_followups_20260806/pseudo65/gp_window_ensemble_20260806/runs/window_3p0/draw_03/attempt_01/results_single.csv,2,2,1,2,stable_reproduced,False,attempt_01_full,False,1661.6489005291469,1661.648899343263,study_results/v4p2_followups_20260806/pseudo65/gp_window_ensemble_20260806/runs/window_3p0/draw_03/attempt_01/results_single.csv|study_results/v4p2_followups_20260806/pseudo65/gp_window_ensemble_20260806/central_repeat/window_3p0/draw_03/attempt_02/results_single.csv,1661.64890053|1661.64889934,window_3p0,3
2021,0.058,0.0020573835,0.053370887125,0.062629112875,1071303179.4519832,1.64,0.05462589106,0.06137410894,0.00674821788,0.0,1.0,8000,0.000125,True,9177.830069613245,4.796445863013301e-06,0.4999026019832914,0.000244140625,-1055.437745229268,5957.498515623109,True,tilde_q_mu,asymptotic,default,sidak_approx,observed,8.1**2 * RBF(length_scale=0.321),0.0383432349203511,0.5228622943684247,0.1415917786595051,0.3207073227519252,0.0348574862912283,65.60541375779304,1660.5009936764975,401,21,380,416,15,0.04,0.3,0.000625,1.0,1e-08,1e+18,False,False,False,False,12,1.1,15.0,9.200529265721304,18.63689240258374,254.13944185341464,155.88115815642794,study_results/v4p2_followups_20260806/pseudo65/gp_window_ensemble_20260806/runs/window_3p0/draw_03/attempt_01/results_single.csv,2,2,1,2,stable_reproduced,False,attempt_01_full,False,1660.5009936764975,1660.50099264413,study_results/v4p2_followups_20260806/pseudo65/gp_window_ensemble_20260806/runs/window_3p0/draw_03/attempt_01/results_single.csv|study_results/v4p2_followups_20260806/pseudo65/gp_window_ensemble_20260806/central_repeat/window_3p0/draw_03/attempt_02/results_single.csv,1660.50099368|1660.50099264,window_3p0,3
2021,0.059,0.002066055875,0.0543513742812499,0.0636486257187499,1150806953.942736,1.64,0.055611668365,0.0623883316349999,0.0067766632699999,0.0,1.0,8000,0.000125,True,10773.606588024351,5.152601380899621e-06,0.4122420687598043,0.2217812998463753,1336.682772746972,6036.372940939025,True,tilde_q_mu,asymptotic,default,sidak_approx,observed,7.97**2 * RBF(length_scale=0.319),0.0378605893261601,0.516280763538548,0.139809491685398,0.3193558587205849,0.0344187175692365,63.44875090115449,1659.7359748302829,401,23,378,416,15,0.04,0.3,0.000625,1.0,1e-08,1e+18,False,False,False,False,12,1.1,15.0,9.278551941343258,18.325055863341635,249.88712540920412,154.5727115054838,study_results/v4p2_followups_20260806/pseudo65/gp_window_ensemble_20260806/runs/window_3p0/draw_03/attempt_01/results_single.csv,2,2,1,2,stable_reproduced,False,attempt_01_full,False,1659.7359748302829,1659.7359744697694,study_results/v4p2_followups_20260806/pseudo65/gp_window_ensemble_20260806/runs/window_3p0/draw_03/attempt_01/results_single.csv|study_results/v4p2_followups_20260806/pseudo65/gp_window_ensemble_20260806/central_repeat/window_3p0/draw_03/attempt_02/results_single.csv,1659.73597483|1659.73597447,window_3p0,3
2021,0.06,0.0020749,0.055331475,0.064668525,1227397774.157791,1.64,0.056597164,0.063402836,0.006805672,0.0,1.0,8000,0.000125,True,13114.102096310606,5.782583341061783e-06,0.2300810033149913,0.7385801083810234,4471.233826145257,6062.346045288187,True,tilde_q_mu,asymptotic,default,sidak_approx,observed,7.77**2 * RBF(length_scale=0.317),0.0373968740379758,0.5099573732451246,0.1380971094990222,0.3171302381786994,0.0339971582163416,60.39054531815439,1665.0019778699827,402,25,377,416,14,0.04,0.3,0.000625,1.0,1e-08,1e+18,False,False,False,False,12,1.1,15.0,9.328139609806042,18.023458498229218,245.77443406676204,152.84121556638843,study_results/v4p2_followups_20260806/pseudo65/gp_window_ensemble_20260806/central_repeat/window_3p0/draw_03/attempt_02/results_single.csv,2,2,1,2,stable_reproduced,False,attempt_02_55_75MeV,False,1665.0019771221134,1665.0019778699827,study_results/v4p2_followups_20260806/pseudo65/gp_window_ensemble_20260806/runs/window_3p0/draw_03/attempt_01/results_single.csv|study_results/v4p2_followups_20260806/pseudo65/gp_window_ensemble_20260806/central_repeat/window_3p0/draw_03/attempt_02/results_single.csv,1665.00197712|1665.00197787,window_3p0,3
2021,0.061,0.002083915875,0.05631118928125,0.06568881071875,1300807893.4458473,1.64,0.057582377965,0.064417622035,0.0068352440699999,0.0,1.0,8000,0.000125,True,16322.910524020774,6.679970175135793e-06,0.1101373846915517,1.2257978157397438,7769.823060701691,6310.087612080177,True,tilde_q_mu,asymptotic,default,sidak_approx,observed,7.67**2 * RBF(length_scale=0.317),0.0369511713028735,0.5038796086755482,0.136451243073103,0.3166559873619681,0.0335919739117032,58.786406357657135,1660.412479677904,401,26,375,416,15,0.04,0.3,0.000625,1.0,1e-08,1e+18,False,False,False,False,12,1.1,15.0,9.42653707085809,17.731604114236877,241.7946015577755,151.95238500784882,study_results/v4p2_followups_20260806/pseudo65/gp_window_ensemble_20260806/central_repeat/window_3p0/draw_03/attempt_02/results_single.csv,2,2,1,2,stable_reproduced,False,attempt_02_55_75MeV,False,1660.4124790927692,1660.412479677904,study_results/v4p2_followups_20260806/pseudo65/gp_window_ensemble_20260806/runs/window_3p0/draw_03/attempt_01/results_single.csv|study_results/v4p2_followups_20260806/pseudo65/gp_window_ensemble_20260806/central_repeat/window_3p0/draw_03/attempt_02/results_single.csv,1660.41247909|1660.41247968,window_3p0,3
2021,0.062,0.0020931035,0.057290517125,0.066709482875,1370364829.5279484,1.64,0.05856731026,0.06543268974,0.0068653794799999,0.0,1.0,8000,0.000125,True,18218.8437278583,6.9632636526105445e-06,0.0604672641399311,1.5508629611610265,9870.073980375584,6366.710768878641,True,tilde_q_mu,asymptotic,default,sidak_approx,observed,7.97**2 * RBF(length_scale=0.32),0.0365226217287332,0.4980357508463617,0.1348687188919183,0.319931110530512,0.0332023833897574,63.48692620713946,1658.0697410624105,401,28,373,416,15,0.04,0.3,0.000625,1.0,1e-08,1e+18,False,False,False,False,12,1.1,15.0,9.635787490762096,17.449028071824063,237.9412918885099,152.85011492767177,study_results/v4p2_followups_20260806/pseudo65/gp_window_ensemble_20260806/central_repeat/window_3p0/draw_03/attempt_02/results_single.csv,2,2,1,2,stable_reproduced,False,attempt_02_55_75MeV,False,1658.0697409753195,1658.0697410624105,study_results/v4p2_followups_20260806/pseudo65/gp_window_ensemble_20260806/runs/window_3p0/draw_03/attempt_01/results_single.csv|study_results/v4p2_followups_20260806/pseudo65/gp_window_ensemble_20260806/central_repeat/window_3p0/draw_03/attempt_02/results_single.csv,1658.06974098|1658.06974106,window_3p0,3
2021,0.063,0.002102462875,0.05826945853125,0.06773054146875,1435567144.1131766,1.64,0.059551960885,0.066448039115,0.0068960782299999,0.0,1.0,8000,0.000125,True,20011.579627739306,7.185173076141794e-06,0.038114664047543,1.7729962510006378,11500.748625996952,6446.57164156215,True,tilde_q_mu,asymptotic,default,sidak_approx,observed,7.98**2 * RBF(length_scale=0.321),0.0361104197174945,0.4924148143294715,0.133346562087477,0.3206407664726409,0.0328276542886314,63.68022503365308,1658.0407463977224,401,29,372,416,15,0.04,0.3,0.000625,1.0,1e-08,1e+18,False,False,False,False,12,1.1,15.0,9.767398049628,17.17529481584524,234.20856567061688,152.507219169157,study_results/v4p2_followups_20260806/pseudo65/gp_window_ensemble_20260806/runs/window_3p0/draw_03/attempt_01/results_single.csv,2,2,1,2,stable_reproduced,False,attempt_01_full,False,1658.0407463977224,1658.0407458158809,study_results/v4p2_followups_20260806/pseudo65/gp_window_ensemble_20260806/runs/window_3p0/draw_03/attempt_01/results_single.csv|study_results/v4p2_followups_20260806/pseudo65/gp_window_ensemble_20260806/central_repeat/window_3p0/draw_03/attempt_02/results_single.csv,1658.0407464|1658.04074582,window_3p0,3
2021,0.064,0.002111994,0.0592480135,0.0687519865,1496577704.0621195,1.64,0.06053632984,0.06746367016,0.00692734032,0.0,1.0,8000,0.000125,True,16617.32007531085,5.633803073151034e-06,0.1183839948015137,1.1831038565945475,7811.997965370152,6494.847643103944,True,tilde_q_mu,asymptotic,default,sidak_approx,observed,8.13**2 * RBF(length_scale=0.32),0.0357138093206567,0.4870064907362281,0.1318819811349368,0.319998229467239,0.0324670993824152,66.08449993869604,1656.530704063225,401,31,370,416,15,0.04,0.3,0.000625,1.0,1e-08,1e+18,False,False,False,False,12,1.1,15.0,9.856076938014244,16.909995634768247,230.59084956502153,151.51474363432803,study_results/v4p2_followups_20260806/pseudo65/gp_window_ensemble_20260806/runs/window_3p0/draw_03/attempt_01/results_single.csv,2,2,1,2,stable_reproduced,False,attempt_01_full,False,1656.530704063225,1656.530701797981,study_results/v4p2_followups_20260806/pseudo65/gp_window_ensemble_20260806/runs/window_3p0/draw_03/attempt_01/results_single.csv|study_results/v4p2_followups_20260806/pseudo65/gp_window_ensemble_20260806/central_repeat/window_3p0/draw_03/attempt_02/results_single.csv,1656.53070406|1656.5307018,window_3p0,3
2021,0.065,0.002121696875,0.06022618203125,0.06977381796875,1552317809.273761,1.64,0.061520417125,0.068479582875,0.0069591657499999,0.0,1.0,8000,0.000125,True,13294.677076312551,4.27862001356816e-06,0.2778713438968202,0.5891767861478766,3641.61470369096,6579.6624048705635,True,tilde_q_mu,asymptotic,default,sidak_approx,observed,8.2**2 * RBF(length_scale=0.322),0.0353320804721528,0.4818010973475384,0.1304723539415717,0.3215530021076782,0.0321200731565025,67.23247668222754,1650.6640090918725,400,32,368,416,16,0.04,0.3,0.000625,1.0,1e-08,1e+18,False,False,False,False,12,1.1,15.0,10.010967302002587,16.652746623927047,227.08290850809607,151.5546381278797,study_results/v4p2_followups_20260806/pseudo65/gp_window_ensemble_20260806/runs/window_3p0/draw_03/attempt_01/results_single.csv,2,2,1,2,stable_reproduced,False,attempt_01_full,False,1650.6640090918725,1650.6640083366003,study_results/v4p2_followups_20260806/pseudo65/gp_window_ensemble_20260806/runs/window_3p0/draw_03/attempt_01/results_single.csv|study_results/v4p2_followups_20260806/pseudo65/gp_window_ensemble_20260806/central_repeat/window_3p0/draw_03/attempt_02/results_single.csv,1650.66400909|1650.66400834,window_3p0,3
2021,0.066,0.0021315715,0.061203964125,0.070796035875,1602773934.2928257,1.64,0.06250422274,0.06949577726,0.0069915545199999,0.0,1.0,8000,0.000125,True,10176.9466172184,3.1240732774105444e-06,0.4999026019832914,0.000244140625,-875.2687295854811,6496.831145268878,True,tilde_q_mu,asymptotic,default,sidak_approx,observed,8.25**2 * RBF(length_scale=0.322),0.0349645655591176,0.4767895303516045,0.1291152151834926,0.3220618099488994,0.0317859686901069,68.07201024405877,1656.329842072547,401,34,367,416,15,0.04,0.3,0.000625,1.0,1e-08,1e+18,False,False,False,False,12,1.1,15.0,10.13220056587854,16.403186831461046,223.67982042901423,151.09125354176453,study_results/v4p2_followups_20260806/pseudo65/gp_window_ensemble_20260806/runs/window_3p0/draw_03/attempt_01/results_single.csv,2,2,1,2,stable_reproduced,False,attempt_01_full,False,1656.329842072547,1656.3298411120634,study_results/v4p2_followups_20260806/pseudo65/gp_window_ensemble_20260806/runs/window_3p0/draw_03/attempt_01/results_single.csv|study_results/v4p2_followups_20260806/pseudo65/gp_window_ensemble_20260806/central_repeat/window_3p0/draw_03/attempt_02/results_single.csv,1656.32984207|1656.32984111,window_3p0,3
2021,0.067,0.002141617875,0.06218135978125,0.07181864021875,1648386290.5043018,1.64,0.063487746685,0.070512253315,0.00702450663,0.0,1.0,8000,0.000125,True,8750.284904033062,2.572813578227957e-06,0.5,0.0,-4764.064075217333,6610.833044757822,True,tilde_q_mu,asymptotic,default,sidak_approx,observed,8.11**2 * RBF(length_scale=0.32),0.034610636295701,0.4719632222141046,0.1278082447614374,0.3203321760077586,0.0314642148142736,65.77398640329932,1650.7266189732802,400,35,365,416,16,0.04,0.3,0.000625,1.0,1e-08,1e+18,False,False,False,False,12,1.1,15.0,10.180841247703436,16.16097656810088,220.37695320137564,149.57485167971834,study_results/v4p2_followups_20260806/pseudo65/gp_window_ensemble_20260806/runs/window_3p0/draw_03/attempt_01/results_single.csv,2,2,1,2,stable_reproduced,False,attempt_01_full,False,1650.7266189732802,1650.7266184345233,study_results/v4p2_followups_20260806/pseudo65/gp_window_ensemble_20260806/runs/window_3p0/draw_03/attempt_01/results_single.csv|study_results/v4p2_followups_20260806/pseudo65/gp_window_ensemble_20260806/central_repeat/window_3p0/draw_03/attempt_02/results_single.csv,1650.72661897|1650.72661843,window_3p0,3
2021,0.068,0.002151836,0.063158369,0.072841631,1688337672.306972,1.64,0.06447098896,0.07152901104,0.00705802208,0.0,1.0,8000,0.000125,True,8375.176822073925,2.3688943011303735e-06,0.5,0.0,-6173.496553230485,6662.974492104788,True,tilde_q_mu,asymptotic,default,sidak_approx,observed,7.92**2 * RBF(length_scale=0.317),0.0342697008691363,0.4673141027609495,0.1265492572619316,0.3174666435591728,0.0311542735173966,62.788804734887904,1649.1200570859485,400,37,363,416,16,0.04,0.3,0.000625,1.0,1e-08,1e+18,False,False,False,False,12,1.1,15.0,10.190147537284044,15.92579586415336,217.1699436020912,147.53291773126432,study_results/v4p2_followups_20260806/pseudo65/gp_window_ensemble_20260806/runs/window_3p0/draw_03/attempt_01/results_single.csv,2,2,1,2,stable_reproduced,False,attempt_01_full,False,1649.1200570859485,1649.120056437124,study_results/v4p2_followups_20260806/pseudo65/gp_window_ensemble_20260806/runs/window_3p0/draw_03/attempt_01/results_single.csv|study_results/v4p2_followups_20260806/pseudo65/gp_window_ensemble_20260806/central_repeat/window_3p0/draw_03/attempt_02/results_single.csv,1649.12005709|1649.12005644,window_3p0,3
2021,0.069,0.002162225875,0.06413499178125,0.07386500821875,1723477527.5161047,1.64,0.065453949565,0.072546050435,0.00709210087,0.0,1.0,8000,0.000125,True,8265.797275761272,2.2570956097738895e-06,0.5,0.0,-6472.6520795707,6608.33258798219,True,tilde_q_mu,asymptotic,default,sidak_approx,observed,7.8**2 * RBF(length_scale=0.317),0.0339412013307978,0.4628345636017883,0.1253361923231284,0.3166257030761338,0.0308556375734525,60.78317260810205,1655.8527225790233,401,39,362,416,15,0.04,0.3,0.000625,1.0,1e-08,1e+18,False,False,False,False,12,1.1,15.0,10.261518736159609,15.697343058942815,214.05467807649293,146.43507264296971,study_results/v4p2_followups_20260806/pseudo65/gp_window_ensemble_20260806/runs/window_3p0/draw_03/attempt_01/results_single.csv,2,2,1,2,stable_reproduced,False,attempt_01_full,False,1655.8527225790233,1655.8527223770468,study_results/v4p2_followups_20260806/pseudo65/gp_window_ensemble_20260806/runs/window_3p0/draw_03/attempt_01/results_single.csv|study_results/v4p2_followups_20260806/pseudo65/gp_window_ensemble_20260806/central_repeat/window_3p0/draw_03/attempt_02/results_single.csv,1655.85272258|1655.85272238,window_3p0,3
2021,0.07,0.0021727875,0.065111228125,0.074888771875,1753541833.9766166,1.64,0.0664366285,0.0735633715,0.0071267429999999,0.0,1.0,8000,0.000125,True,8734.284362889899,2.310644207109128e-06,0.5,0.0,-5193.671978648495,6687.617711641037,True,tilde_q_mu,asymptotic,default,sidak_approx,observed,8**2 * RBF(length_scale=0.319),0.0336246112080568,0.4585174255644109,0.1241671058160028,0.3186059420687211,0.0305678283709607,63.990089389254,1648.189213317465,400,40,360,416,16,0.04,0.3,0.000625,1.0,1e-08,1e+18,False,False,False,False,12,1.1,15.0,10.422917133733812,15.475333509630737,211.02727513132825,146.63465344343203,study_results/v4p2_followups_20260806/pseudo65/gp_window_ensemble_20260806/central_repeat/window_3p0/draw_03/attempt_02/results_single.csv,2,2,1,2,stable_reproduced,False,attempt_02_55_75MeV,False,1648.1892127007306,1648.189213317465,study_results/v4p2_followups_20260806/pseudo65/gp_window_ensemble_20260806/runs/window_3p0/draw_03/attempt_01/results_single.csv|study_results/v4p2_followups_20260806/pseudo65/gp_window_ensemble_20260806/central_repeat/window_3p0/draw_03/attempt_02/results_single.csv,1648.1892127|1648.18921332,window_3p0,3
2021,0.071,0.002183520875,0.06608707803125,0.0759129219687499,1779057196.3121946,1.64,0.0674190257649999,0.074580974235,0.00716194847,0.0,1.0,8000,0.000125,True,8228.022004608867,2.115276317206882e-06,0.5,0.0,-6450.42630475739,6581.914840128038,True,tilde_q_mu,asymptotic,default,sidak_approx,observed,8.06**2 * RBF(length_scale=0.32),0.0333194333154327,0.4543559088468107,0.1230401617614922,0.3202342691154113,0.0302903939231207,64.96082769193247,1654.9604866541797,401,42,359,416,15,0.04,0.3,0.000625,1.0,1e-08,1e+18,False,False,False,False,12,1.1,15.0,10.572139468644409,15.259498407787282,208.08406919709927,146.65958671698584,study_results/v4p2_followups_20260806/pseudo65/gp_window_ensemble_20260806/central_repeat/window_3p0/draw_03/attempt_02/results_single.csv,2,2,1,2,stable_reproduced,False,attempt_02_55_75MeV,False,1654.9604864333207,1654.9604866541797,study_results/v4p2_followups_20260806/pseudo65/gp_window_ensemble_20260806/runs/window_3p0/draw_03/attempt_01/results_single.csv|study_results/v4p2_followups_20260806/pseudo65/gp_window_ensemble_20260806/central_repeat/window_3p0/draw_03/attempt_02/results_single.csv,1654.96048643|1654.96048665,window_3p0,3
2021,0.072,0.002194426,0.0670625414999999,0.0769374585,1799796298.814206,1.64,0.06840114136,0.0755988586399999,0.0071977172799999,0.0,1.0,8000,0.000125,True,8223.47218000612,2.060721483725694e-06,0.5,0.0,-6860.240331244933,6651.803871612732,True,tilde_q_mu,asymptotic,default,sidak_approx,observed,8.12**2 * RBF(length_scale=0.32),0.0330251977459068,0.4503436056260024,0.1219536249129291,0.3202189408461559,0.0300229070417334,65.94599478069568,1648.7137075003254,400,43,357,416,16,0.04,0.3,0.000625,1.0,1e-08,1e+18,False,False,False,False,12,1.1,15.0,10.665820614940252,15.049583693369856,205.22159581867984,145.92378182092077,study_results/v4p2_followups_20260806/pseudo65/gp_window_ensemble_20260806/central_repeat/window_3p0/draw_03/attempt_02/results_single.csv,2,2,1,2,stable_reproduced,False,attempt_02_55_75MeV,False,1648.7137068484556,1648.7137075003254,study_results/v4p2_followups_20260806/pseudo65/gp_window_ensemble_20260806/runs/window_3p0/draw_03/attempt_01/results_single.csv|study_results/v4p2_followups_20260806/pseudo65/gp_window_ensemble_20260806/central_repeat/window_3p0/draw_03/attempt_02/results_single.csv,1648.71370685|1648.7137075,window_3p0,3
2021,0.073,0.002205502875,0.06803761853125,0.07796238146875,1816671486.0378184,1.64,0.069382975285,0.076617024715,0.00723404943,0.0,1.0,8000,0.000125,True,8817.918449467628,2.159169517168602e-06,0.5,0.0,-4597.43232718142,6643.353386718595,True,tilde_q_mu,asymptotic,default,sidak_approx,observed,8.06**2 * RBF(length_scale=0.318),0.0327414600253253,0.4464744548907995,0.1209058539407253,0.317649176085082,0.0297649636593866,64.92367544729088,1648.7011880114871,400,45,355,416,16,0.04,0.3,0.000625,1.0,1e-08,1e+18,False,False,False,False,12,1.1,15.0,10.67191546813492,14.845349056879057,202.43657804835075,144.02573657269974,study_results/v4p2_followups_20260806/pseudo65/gp_window_ensemble_20260806/runs/window_3p0/draw_03/attempt_01/results_single.csv,2,2,1,2,stable_reproduced,False,attempt_01_full,False,1648.7011880114871,1648.7011873098093,study_results/v4p2_followups_20260806/pseudo65/gp_window_ensemble_20260806/runs/window_3p0/draw_03/attempt_01/results_single.csv|study_results/v4p2_followups_20260806/pseudo65/gp_window_ensemble_20260806/central_repeat/window_3p0/draw_03/attempt_02/results_single.csv,1648.70118801|1648.70118731,window_3p0,3
2021,0.074,0.0022167515,0.0690123091249999,0.078987690875,1829344274.6267743,1.64,0.07036452754,0.07763547246,0.0072709449199999,0.0,1.0,8000,0.000125,True,9298.546513414396,2.230528746408086e-06,0.4999026019832914,0.000244140625,-3088.699308038643,6582.881969651933,True,tilde_q_mu,asymptotic,default,sidak_approx,observed,8.22**2 * RBF(length_scale=0.32),0.0324677994146582,0.442742719290794,0.1198952951630456,0.3199733188189531,0.0295161812860529,67.57579484060484,1650.441710329463,400,46,354,416,16,0.04,0.3,0.000625,1.0,1e-08,1e+18,False,False,False,False,12,1.1,15.0,10.84060691042536,14.646567021453794,199.72591392891536,144.3433415152547,study_results/v4p2_followups_20260806/pseudo65/gp_window_ensemble_20260806/central_repeat/window_3p0/draw_03/attempt_02/results_single.csv,2,2,1,2,stable_reproduced,False,attempt_02_55_75MeV,False,1650.441710152165,1650.441710329463,study_results/v4p2_followups_20260806/pseudo65/gp_window_ensemble_20260806/runs/window_3p0/draw_03/attempt_01/results_single.csv|study_results/v4p2_followups_20260806/pseudo65/gp_window_ensemble_20260806/central_repeat/window_3p0/draw_03/attempt_02/results_single.csv,1650.44171015|1650.44171033,window_3p0,3
2021,0.075,0.002228171875,0.06998661328125,0.08001338671875,1838368958.6354597,1.64,0.071345798125,0.078654201875,0.0073084037499999,0.0,1.0,8000,0.000125,True,10651.978445976383,2.508743495112786e-06,0.4999026019832914,0.000244140625,-220.20256537865143,6546.543017449882,True,tilde_q_mu,asymptotic,default,sidak_approx,observed,8.21**2 * RBF(length_scale=0.32),0.032203817346461,0.4391429638153776,0.1189204767720596,0.3201988507481142,0.0292761975876918,67.41085914743515,1650.6380448317425,400,48,352,416,16,0.04,0.3,0.000625,1.0,1e-08,1e+18,False,False,False,False,12,1.1,15.0,10.937173442316524,14.45302209752604,197.08666496626415,143.70473586025057,study_results/v4p2_followups_20260806/pseudo65/gp_window_ensemble_20260806/runs/window_3p0/draw_03/attempt_01/results_single.csv,2,2,1,2,stable_reproduced,False,attempt_01_full,False,1650.6380448317425,1650.6380429459498,study_results/v4p2_followups_20260806/pseudo65/gp_window_ensemble_20260806/runs/window_3p0/draw_03/attempt_01/results_single.csv|study_results/v4p2_followups_20260806/pseudo65/gp_window_ensemble_20260806/central_repeat/window_3p0/draw_03/attempt_02/results_single.csv,1650.63804483|1650.63804295,window_3p0,3
2021,0.076,0.002239764,0.070960531,0.081039469,1844398591.748667,1.64,0.0723267870399999,0.07967321296,0.00734642592,0.0,1.0,8000,0.000125,True,12741.264673820428,2.95164474409214e-06,0.320656880736647,0.4658627280831594,3033.054902101548,6510.549503791736,True,tilde_q_mu,asymptotic,default,sidak_approx,observed,8.12**2 * RBF(length_scale=0.319),0.0319491359833398,0.4356700361364529,0.1179800035107226,0.3190832199139087,0.0290446690757635,65.87192221697421,1650.8159574186136,400,50,350,416,16,0.04,0.3,0.000625,1.0,1e-08,1e+18,False,False,False,False,12,1.1,15.0,10.98594785437474,14.264510003437811,194.51604550142468,142.4628755145224,study_results/v4p2_followups_20260806/pseudo65/gp_window_ensemble_20260806/runs/window_3p0/draw_03/attempt_01/results_single.csv,1,1,1,1,single_attempt_outside_55_75MeV,False,,,,,,,window_3p0,3
2021,0.077,0.002251527875,0.07193406228125,0.08206593771875,1847461207.5520144,1.64,0.073307494285,0.080692505715,0.00738501143,0.0,1.0,8000,0.000125,True,15036.82307115008,3.4324953580755033e-06,0.1819047160834513,0.9081302080313564,5918.603938866531,6507.162147420517,True,tilde_q_mu,asymptotic,default,sidak_approx,observed,7.93**2 * RBF(length_scale=0.317),0.0317033968874435,0.4323190484651396,0.1170725517595489,0.3167797677464412,0.0288212698976759,62.83503712687175,1651.6544389583826,400,51,349,416,16,0.04,0.3,0.000625,1.0,1e-08,1e+18,False,False,False,False,12,1.1,15.0,10.99118008578744,14.080836946086476,192.0114129011792,140.69546784822336,study_results/v4p2_followups_20260806/pseudo65/gp_window_ensemble_20260806/runs/window_3p0/draw_03/attempt_01/results_single.csv,1,1,1,1,single_attempt_outside_55_75MeV,False,,,,,,,window_3p0,3
2021,0.078,0.0022634635,0.072907207125,0.083092792875,1847769944.3645077,1.64,0.07428791986,0.08171208014,0.00742416028,0.0,1.0,8000,0.000125,True,15984.916340529113,3.601536233549214e-06,0.1339107794473669,1.1080932196950943,7174.307748767994,6477.516785262014,True,tilde_q_mu,asymptotic,default,sidak_approx,observed,7.91**2 * RBF(length_scale=0.317),0.0314662597911359,0.4290853607882172,0.1161968649970184,0.3167544783217939,0.0286056907192144,62.517790921480334,1651.210092388749,400,53,347,416,16,0.04,0.3,0.000625,1.0,1e-08,1e+18,False,False,False,False,12,1.1,15.0,11.073128120938168,13.901818956274722,189.57025849465532,139.94238401537902,study_results/v4p2_followups_20260806/pseudo65/gp_window_ensemble_20260806/runs/window_3p0/draw_03/attempt_01/results_single.csv,1,1,1,1,single_attempt_outside_55_75MeV,False,,,,,,,window_3p0,3
2021,0.079,0.002275570875,0.07387996553125,0.08412003446875,1845689661.7151537,1.64,0.075268063765,0.082731936235,0.0074638724699999,0.0,1.0,8000,0.000125,True,16561.968926341622,3.688468820682831e-06,0.1190019083412622,1.1799909441406475,7696.310145534983,6518.9267836743375,True,tilde_q_mu,asymptotic,default,sidak_approx,observed,7.88**2 * RBF(length_scale=0.316),0.0312374014599871,0.4259645653634614,0.1153517496008941,0.3162815928697611,0.0283976376908974,62.07892090332058,1645.1572448180953,399,54,345,416,17,0.04,0.3,0.000625,1.0,1e-08,1e+18,False,False,False,False,12,1.1,15.0,11.13760222989048,13.727281273973578,187.1901991905488,138.98999866121994,study_results/v4p2_followups_20260806/pseudo65/gp_window_ensemble_20260806/runs/window_3p0/draw_03/attempt_01/results_single.csv,1,1,1,1,single_attempt_outside_55_75MeV,False,,,,,,,window_3p0,3
2021,0.08,0.00228785,0.0748523375,0.0851476625,1840971776.2432177,1.64,0.076247926,0.083752074,0.0075041479999999,0.0,1.0,8000,0.000125,True,15848.221457707292,3.4943253260706874e-06,0.1331284810092808,1.1117237104357502,7131.50334592006,6403.271328143748,True,tilde_q_mu,asymptotic,default,sidak_approx,observed,8.06**2 * RBF(length_scale=0.318),0.0310165146400847,0.4229524723647926,0.1145360709609101,0.3184997185564729,0.0281968314909861,64.942844926696,1649.6954775277316,400,56,344,416,16,0.04,0.3,0.000625,1.0,1e-08,1e+18,False,False,False,False,12,1.1,15.0,11.295585415626906,13.55705777917468,184.8689697160183,139.2135492084153,study_results/v4p2_followups_20260806/pseudo65/gp_window_ensemble_20260806/runs/window_3p0/draw_03/attempt_01/results_single.csv,1,1,1,1,single_attempt_outside_55_75MeV,False,,,,,,,window_3p0,3
2021,0.081,0.002300300875,0.07582432303125,0.08617567696875,1834117166.8439004,1.64,0.077227506565,0.084772493435,0.0075449868699999,0.0,1.0,8000,0.000125,True,15622.181569095908,3.414676050070719e-06,0.1470352669323546,1.0492337825831588,6765.311070122955,6429.783554032684,True,tilde_q_mu,asymptotic,default,sidak_approx,observed,8**2 * RBF(length_scale=0.318),0.030803307082474,0.4200450965791913,0.113748749876279,0.3183734846112482,0.0280030064386127,63.93375950420575,1643.5712823245087,399,57,342,416,17,0.04,0.3,0.000625,1.0,1e-08,1e+18,False,False,False,False,12,1.1,15.0,11.369260843801747,13.390990464442623,182.6044154242176,138.40514867919103,study_results/v4p2_followups_20260806/pseudo65/gp_window_ensemble_20260806/runs/window_3p0/draw_03/attempt_01/results_single.csv,1,1,1,1,single_attempt_outside_55_75MeV,False,,,,,,,window_3p0,3
2021,0.082,0.0023129235,0.076795922125,0.087204077875,1825600864.265104,1.64,0.07820680546,0.08579319454,0.00758638908,0.0,1.0,8000,0.000125,True,13489.784715746486,2.9262084210524707e-06,0.2504761058511923,0.6729922652714092,4313.512993169994,6376.677571603823,True,tilde_q_mu,asymptotic,default,sidak_approx,observed,8.15**2 * RBF(length_scale=0.32),0.0305975006382008,0.4172386450663756,0.1129887592139169,0.3197868694173698,0.0278159096710917,66.44128308359099,1642.4757465535542,399,59,340,416,17,0.04,0.3,0.000625,1.0,1e-08,1e+18,False,False,False,False,12,1.1,15.0,11.496545437437742,13.228928945639955,180.39448562236305,138.26089337471376,study_results/v4p2_followups_20260806/pseudo65/gp_window_ensemble_20260806/runs/window_3p0/draw_03/attempt_01/results_single.csv,1,1,1,1,single_attempt_outside_55_75MeV,False,,,,,,,window_3p0,3
2021,0.083,0.002325717875,0.07776713478125,0.08823286521875,1815668681.2943528,1.64,0.079185822685,0.086814177315,0.00762835463,0.0,1.0,8000,0.000125,True,10608.40967762359,2.2858909608243763e-06,0.4906177399892938,0.023520006551028,182.8223735183659,6359.281067687949,True,tilde_q_mu,asymptotic,default,sidak_approx,observed,8.04**2 * RBF(length_scale=0.317),0.030398830418065,0.4145295057008868,0.1122551208056255,0.3169505158813761,0.0276353003800591,64.59117500384868,1645.5572678460032,399,60,339,416,17,0.04,0.3,0.000625,1.0,1e-08,1e+18,False,False,False,False,12,1.1,15.0,11.469045442693249,13.070730007639057,178.2372273768962,136.28072402435146,study_results/v4p2_followups_20260806/pseudo65/gp_window_ensemble_20260806/runs/window_3p0/draw_03/attempt_01/results_single.csv,1,1,1,1,single_attempt_outside_55_75MeV,False,,,,,,,window_3p0,3
2021,0.084,0.002338684,0.078737961,0.089262039,1803665927.1918256,1.64,0.08016455824,0.08783544176,0.00767088352,0.0,1.0,8000,0.000125,True,9501.15382140097,2.0363896642831016e-06,0.5,0.0,-1593.5439784735097,6302.894727209051,True,tilde_q_mu,asymptotic,default,sidak_approx,observed,8.07**2 * RBF(length_scale=0.318),0.0302070440117673,0.4119142365241002,0.111546902564603,0.3182022924024549,0.0274609491016066,65.1760556673799,1645.4960911495266,399,62,337,416,17,0.04,0.3,0.000625,1.0,1e-08,1e+18,False,False,False,False,12,1.1,15.0,11.587447004293,12.916257182144893,176.13077975652126,136.06040508356617,study_results/v4p2_followups_20260806/pseudo65/gp_window_ensemble_20260806/runs/window_3p0/draw_03/attempt_01/results_single.csv,1,1,1,1,single_attempt_outside_55_75MeV,False,,,,,,,window_3p0,3
2021,0.085,0.002351821875,0.07970840078125,0.09029159921875,1790440672.4133158,1.64,0.081143012125,0.088856987875,0.0077139757499999,0.0,1.0,8000,0.000125,True,8274.263168930045,1.7655108515324374e-06,0.5,0.0,-4231.718706922843,6199.469745572567,True,tilde_q_mu,asymptotic,default,sidak_approx,observed,8.02**2 * RBF(length_scale=0.317),0.0300219007615834,0.4093895558397742,0.1108632158033061,0.3171997883846421,0.0272926370559849,64.36204291425955,1651.2187181560823,400,64,336,416,16,0.04,0.3,0.000625,1.0,1e-08,1e+18,False,False,False,False,12,1.1,15.0,11.622174425064726,12.76538035499965,174.07336847726796,134.87407008009146,study_results/v4p2_followups_20260806/pseudo65/gp_window_ensemble_20260806/runs/window_3p0/draw_03/attempt_01/results_single.csv,1,1,1,1,single_attempt_outside_55_75MeV,False,,,,,,,window_3p0,3
2021,0.086,0.0023651315,0.080678454125,0.091321545875,1775696555.8627672,1.64,0.0821211843399999,0.08987881566,0.00775763132,0.0,1.0,8000,0.000125,True,7825.303391459613,1.6640022257532507e-06,0.4999026019832914,0.000244140625,-5894.82253422598,6219.794357798651,True,tilde_q_mu,asymptotic,default,sidak_approx,observed,7.99**2 * RBF(length_scale=0.317),0.0298431710861948,0.4069523329935665,0.1102032127365311,0.316743979647435,0.0271301555329044,63.857875154366816,1645.517573161232,399,65,334,416,17,0.04,0.3,0.000625,1.0,1e-08,1e+18,False,False,False,False,12,1.1,15.0,11.674978393075428,12.61797540060452,172.0633009173344,133.92235469674097,study_results/v4p2_followups_20260806/pseudo65/gp_window_ensemble_20260806/runs/window_3p0/draw_03/attempt_01/results_single.csv,1,1,1,1,single_attempt_outside_55_75MeV,False,,,,,,,window_3p0,3
2021,0.087,0.002378612875,0.0816481210312499,0.09235187896875,1760136602.064715,1.64,0.083099074885,0.0909009251149999,0.0078018502299999,0.0,1.0,8000,0.000125,True,7435.15467020721,1.5766827008630588e-06,0.5,0.0,-7301.70523875152,6188.440112130408,True,tilde_q_mu,asymptotic,default,sidak_approx,observed,7.9**2 * RBF(length_scale=0.315),0.0296706358506726,0.4045995797818991,0.1095660841549239,0.3150012979059385,0.0269733053187932,62.4266369690721,1645.0048894085478,399,67,332,416,17,0.04,0.3,0.000625,1.0,1e-08,1e+18,False,False,False,False,12,1.1,15.0,11.678260939213326,12.47392384129452,170.098961472198,132.43067050410147,study_results/v4p2_followups_20260806/pseudo65/gp_window_ensemble_20260806/runs/window_3p0/draw_03/attempt_01/results_single.csv,1,1,1,1,single_attempt_outside_55_75MeV,False,,,,,,,window_3p0,3
2021,0.088,0.002392266,0.0826174014999999,0.0933825985,1743632625.119082,1.64,0.0840766837599999,0.09192331624,0.00784663248,0.0,1.0,8000,0.000125,True,7419.8695711843775,1.5702851895534212e-06,0.5,0.0,-7118.656416294761,6147.998971089233,True,tilde_q_mu,asymptotic,default,sidak_approx,observed,7.87**2 * RBF(length_scale=0.315),0.0295040857789749,0.4023284424405671,0.1089510572554845,0.3146830459302347,0.0268218961627044,62.01557362981025,1645.09569095148,399,68,331,416,17,0.04,0.3,0.000625,1.0,1e-08,1e+18,False,False,False,False,12,1.1,15.0,11.732319147808711,12.33311252969984,168.17880722317963,131.54182934934272,study_results/v4p2_followups_20260806/pseudo65/gp_window_ensemble_20260806/runs/window_3p0/draw_03/attempt_01/results_single.csv,1,1,1,1,single_attempt_outside_55_75MeV,False,,,,,,,window_3p0,3
2021,0.089,0.002406090875,0.08358629553125,0.09441370446875,1725874782.225614,1.64,0.085054010965,0.092945989035,0.00789197807,0.0,1.0,8000,0.000125,True,7953.628027984037,1.68145755370939e-06,0.5,0.0,-4758.213374605994,6084.352363191065,True,tilde_q_mu,asymptotic,default,sidak_approx,observed,8.07**2 * RBF(length_scale=0.317),0.0293433209056615,0.4001361941681125,0.1083573936168872,0.3174960999526837,0.0266757462778741,65.19419786288961,1643.749594099477,399,70,329,416,17,0.04,0.3,0.000625,1.0,1e-08,1e+18,False,False,False,False,12,1.1,15.0,11.90205127329564,12.1954333523091,166.3013638951241,131.9551573265842,study_results/v4p2_followups_20260806/pseudo65/gp_window_ensemble_20260806/runs/window_3p0/draw_03/attempt_01/results_single.csv,1,1,1,1,single_attempt_outside_55_75MeV,False,,,,,,,window_3p0,3
2021,0.09,0.0024200875,0.084554803125,0.095445196875,1707421799.183081,1.64,0.0860310565,0.0939689435,0.007937887,0.0,1.0,8000,0.000125,True,9036.38961175764,1.9095522153914803e-06,0.5,0.0,-1854.9083449219208,6088.700225937531,True,tilde_q_mu,asymptotic,default,sidak_approx,observed,8.14**2 * RBF(length_scale=0.318),0.0291881500637943,0.3980202281426503,0.1077843873084286,0.3180598835298385,0.0265346818761766,66.18109849295847,1638.800856815839,398,71,327,416,18,0.04,0.3,0.000625,1.0,1e-08,1e+18,False,False,False,False,12,1.1,15.0,11.986572328775432,12.060782952597524,164.46522208087532,131.42495200270176,study_results/v4p2_followups_20260806/pseudo65/gp_window_ensemble_20260806/runs/window_3p0/draw_03/attempt_01/results_single.csv,1,1,1,1,single_attempt_outside_55_75MeV,False,,,,,,,window_3p0,3
2021,0.091,0.002434255875,0.08552292428125,0.09647707571875,1688209960.037576,1.64,0.087007820365,0.094992179635,0.0079843592699999,0.0,1.0,8000,0.000125,True,11126.426898471474,2.3518400970675883e-06,0.3636313516642608,0.3487690464410971,1952.4292438086868,6000.5762152775405,True,tilde_q_mu,asymptotic,default,sidak_approx,observed,8.13**2 * RBF(length_scale=0.318),0.0290383904062669,0.3959780509945498,0.1072313631224206,0.3176098611823061,0.0263985367329699,66.13653911968586,1645.5640158273056,399,73,326,416,17,0.04,0.3,0.000625,1.0,1e-08,1e+18,False,False,False,False,12,1.1,15.0,12.031343418577928,11.929062472229626,162.66903371222216,130.47513387733167,study_results/v4p2_followups_20260806/pseudo65/gp_window_ensemble_20260806/runs/window_3p0/draw_03/attempt_01/results_single.csv,1,1,1,1,single_attempt_outside_55_75MeV,False,,,,,,,window_3p0,3
2021,0.092,0.002448596,0.086490659,0.097509341,1668257878.789034,1.64,0.08798430256,0.0960156974399999,0.0080313948799999,0.0,1.0,8000,0.000125,True,12334.714282418325,2.6097445793058553e-06,0.2745822930649997,0.5990124443047964,3593.0973757225943,5997.008313419376,True,tilde_q_mu,asymptotic,default,sidak_approx,observed,8.14**2 * RBF(length_scale=0.319),0.0288938669580575,0.3940072767007851,0.1066976749207735,0.3188448415406246,0.0262671517800523,66.19612683301658,1642.4047210138117,398,74,324,416,18,0.04,0.3,0.000625,1.0,1e-08,1e+18,False,False,False,False,12,1.1,15.0,12.138538818767552,11.800177308979343,160.9115087588092,130.2153730303507,study_results/v4p2_followups_20260806/pseudo65/gp_window_ensemble_20260806/runs/window_3p0/draw_03/attempt_01/results_single.csv,1,1,1,1,single_attempt_outside_55_75MeV,False,,,,,,,window_3p0,3
2021,0.093,0.002463107875,0.08745800728125,0.09854199271875,1647188801.3305027,1.64,0.088960503085,0.097039496915,0.0080789938299999,0.0,1.0,8000,0.000125,True,12466.420636867006,2.642623964741208e-06,0.2559873947410528,0.6557658544027957,3869.7106673223743,5946.330649886677,True,tilde_q_mu,asymptotic,default,sidak_approx,observed,8.18**2 * RBF(length_scale=0.32),0.0287544121970801,0.3921056208692741,0.106182704087187,0.3198096691523917,0.0261403747246182,66.92225549147304,1643.083326783989,398,76,322,416,18,0.04,0.3,0.000625,1.0,1e-08,1e+18,False,False,False,False,12,1.1,15.0,12.23431846411918,11.674036890113918,159.19141213791704,129.8398955232083,study_results/v4p2_followups_20260806/pseudo65/gp_window_ensemble_20260806/runs/window_3p0/draw_03/attempt_01/results_single.csv,1,1,1,1,single_attempt_outside_55_75MeV,False,,,,,,,window_3p0,3
2021,0.094,0.0024777915,0.088424969125,0.099575030875,1625450307.8031468,1.64,0.08993642194,0.09806357806,0.00812715612,0.0,1.0,8000,0.000125,True,11305.866349485032,2.402825424434792e-06,0.3398051825681359,0.412994879748584,2433.2565795904443,5891.300363325435,True,tilde_q_mu,asymptotic,default,sidak_approx,observed,8.31**2 * RBF(length_scale=0.321),0.0286198656615447,0.3902708953847011,0.1056858580772325,0.3206446979621269,0.0260180596923134,69.07711804210122,1639.303990166297,398,77,321,416,18,0.04,0.3,0.000625,1.0,1e-08,1e+18,False,False,False,False,12,1.1,15.0,12.323928138917134,11.550554460108833,157.50756081966588,129.40745739184547,study_results/v4p2_followups_20260806/pseudo65/gp_window_ensemble_20260806/runs/window_3p0/draw_03/attempt_01/results_single.csv,1,1,1,1,single_attempt_outside_55_75MeV,False,,,,,,,window_3p0,3
2021,0.095,0.002492646875,0.08939154453125,0.10060845546875,1603496027.5520115,1.64,0.090912059125,0.099087940875,0.00817588175,0.0,1.0,8000,0.000125,True,9922.360908874376,2.1151610871250454e-06,0.4701481433793332,0.0748974735114016,440.64656659389607,5866.544596127642,True,tilde_q_mu,asymptotic,default,sidak_approx,observed,8.14**2 * RBF(length_scale=0.318),0.0284900735818755,0.3885010033892122,0.1052065690591188,0.3180154925885426,0.0259000668926141,66.22616577661631,1639.8776208700297,398,79,319,416,18,0.04,0.3,0.000625,1.0,1e-08,1e+18,False,False,False,False,12,1.1,15.0,12.278558735276096,11.429646881640853,155.85882111328436,127.5814459633568,study_results/v4p2_followups_20260806/pseudo65/gp_window_ensemble_20260806/runs/window_3p0/draw_03/attempt_01/results_single.csv,1,1,1,1,single_attempt_outside_55_75MeV,False,,,,,,,window_3p0,3
2021,0.096,0.002507674,0.0903577335,0.1016422665,1581239228.7143855,1.64,0.09188741464,0.10011258536,0.00822517072,0.0,1.0,8000,0.000125,True,8340.10421840011,1.7841139398188183e-06,0.5,0.0,-2429.947575646799,5811.088477091307,True,tilde_q_mu,asymptotic,default,sidak_approx,observed,8.18**2 * RBF(length_scale=0.319),0.0283648885354218,0.3867939345739346,0.1047442926386298,0.3185611107267829,0.0257862623049289,66.98392153556402,1640.1534313170005,398,81,317,416,18,0.04,0.3,0.000625,1.0,1e-08,1e+18,False,False,False,False,12,1.1,15.0,12.353907943684062,11.311234448904392,154.24410612142353,127.03449919199343,study_results/v4p2_followups_20260806/pseudo65/gp_window_ensemble_20260806/runs/window_3p0/draw_03/attempt_01/results_single.csv,1,1,1,1,single_attempt_outside_55_75MeV,False,,,,,,,window_3p0,3
2021,0.097,0.002522872875,0.09132353603125,0.10267646396875,1558363770.3660083,1.64,0.092862488485,0.101137511515,0.0082750230299999,0.0,1.0,8000,0.000125,True,9489.752735490863,2.0386104282280776e-06,0.5,0.0,-10420.509318763894,8085.19107262486,True,tilde_q_mu,asymptotic,default,sidak_approx,observed,3.23**2 * RBF(length_scale=0.186),0.02824416912233,0.3851477607590459,0.104298506662201,0.1864903601954059,0.0256765173839363,10.464412419287209,1582.879552068368,398,82,316,416,18,0.04,0.3,0.000625,1.0,1e-08,1e+18,False,False,False,False,12,1.1,15.0,7.263070665185966,11.195240712368449,152.66237335047882,73.91984037063536,study_results/v4p2_followups_20260806/pseudo65/gp_window_ensemble_20260806/runs/window_3p0/draw_03/attempt_01/results_single.csv,1,1,1,1,single_attempt_outside_55_75MeV,False,,,,,,,window_3p0,3
2021,0.098,0.0025382435,0.092288952125,0.103711047875,1534811175.2125387,1.64,0.09383728066,0.10216271934,0.0083254386799999,0.0,1.0,8000,0.000125,True,7611.376563131253,1.643244178143338e-06,0.5,0.0,-3948.751036744148,5705.7705402951015,True,tilde_q_mu,asymptotic,default,sidak_approx,observed,8.25**2 * RBF(length_scale=0.32),0.0281277796610786,0.3835606317419815,0.1038687100926096,0.319820640485057,0.0255707087827987,68.00026522259355,1640.3302730620717,398,84,314,416,18,0.04,0.3,0.000625,1.0,1e-08,1e+18,False,False,False,False,12,1.1,15.0,12.507304478794818,11.081592314164752,151.11262246588296,126.00077198466458,study_results/v4p2_followups_20260806/pseudo65/gp_window_ensemble_20260806/runs/window_3p0/draw_03/attempt_01/results_single.csv,1,1,1,1,single_attempt_outside_55_75MeV,False,,,,,,,window_3p0,3
2021,0.099,0.002553785875,0.09325398178125,0.10474601821875,1511028905.8514876,1.64,0.094811791165,0.103188208835,0.0083764176699999,0.0,1.0,8000,0.000125,True,8254.663063221327,1.791889836001739e-06,0.4999026019832914,0.000244140625,-2187.5001011234667,5699.489569022599,True,tilde_q_mu,asymptotic,default,sidak_approx,observed,8.22**2 * RBF(length_scale=0.319),0.0280155899022987,0.3820307713949833,0.1034544219521848,0.3194913277502494,0.0254687180929988,67.58201007655563,1634.9355231202348,397,85,312,416,19,0.04,0.3,0.000625,1.0,1e-08,1e+18,False,False,False,False,12,1.1,15.0,12.54446048613945,10.970218833361969,149.59389318220866,125.10497879946548,study_results/v4p2_followups_20260806/pseudo65/gp_window_ensemble_20260806/runs/window_3p0/draw_03/attempt_01/results_single.csv,1,1,1,1,single_attempt_outside_55_75MeV,False,,,,,,,window_3p0,3
2021,0.1,0.0025695,0.094218625,0.105781375,1487397833.440122,1.64,0.09578602,0.10421398,0.00842796,0.0,1.0,8000,0.000125,True,9065.515572699998,1.979179963953978e-06,0.5,0.0,-245.50477633018855,5609.480375733325,True,tilde_q_mu,asymptotic,default,sidak_approx,observed,8.21**2 * RBF(length_scale=0.32),0.027907474759607,0.3805564739946421,0.1030551803288439,0.3196045935575012,0.0253704315996428,67.32300541429103,1641.3718660470097,398,87,311,416,18,0.04,0.3,0.000625,1.0,1e-08,1e+18,False,False,False,False,12,1.1,15.0,12.597522919633771,10.861052640438642,148.10526327870872,124.38396324479515,study_results/v4p2_followups_20260806/pseudo65/gp_window_ensemble_20260806/runs/window_3p0/draw_03/attempt_01/results_single.csv,1,1,1,1,single_attempt_outside_55_75MeV,False,,,,,,,window_3p0,3
2021,0.101,0.002585385875,0.09518288178125,0.10681711821875,1463545807.7925766,1.64,0.096759967165,0.105240032835,0.00848006567,0.0,1.0,8000,0.000125,True,10175.207707474576,2.235298421885421e-06,0.3924322777758576,0.2729852478596805,1528.252617919908,5599.2869338107,True,tilde_q_mu,asymptotic,default,sidak_approx,observed,8.23**2 * RBF(length_scale=0.32),0.0278033140562975,0.3791361007676941,0.1026705414406892,0.3202080199184203,0.0252757400511796,67.7344529512897,1635.6656781617676,397,88,309,416,19,0.04,0.3,0.000625,1.0,1e-08,1e+18,False,False,False,False,12,1.1,15.0,12.66859127645904,10.754028760328694,146.64584673175492,123.85308630899064,study_results/v4p2_followups_20260806/pseudo65/gp_window_ensemble_20260806/runs/window_3p0/draw_03/attempt_01/results_single.csv,1,1,1,1,single_attempt_outside_55_75MeV,False,,,,,,,window_3p0,3
2021,0.102,0.0026014435,0.096146752125,0.1078532478749999,1439773239.9828668,1.64,0.09773363266,0.1062663673399999,0.0085327346799999,0.0,1.0,8000,0.000125,True,10648.34993292286,2.3545502729275336e-06,0.3349049777417034,0.4264088476206047,2303.5593628411953,5549.819485423585,True,tilde_q_mu,asymptotic,default,sidak_approx,observed,8.31**2 * RBF(length_scale=0.321),0.0277029922867878,0.3777680766380165,0.1023000787550902,0.3208586532120513,0.0251845384425344,69.07574717899818,1636.019594216662,397,90,307,416,19,0.04,0.3,0.000625,1.0,1e-08,1e+18,False,False,False,False,12,1.1,15.0,12.740303100816403,10.649084743446428,145.21479195608765,123.33869761617017,study_results/v4p2_followups_20260806/pseudo65/gp_window_ensemble_20260806/runs/window_3p0/draw_03/attempt_01/results_single.csv,1,1,1,1,single_attempt_outside_55_75MeV,False,,,,,,,window_3p0,3
2021,0.103,0.002617672875,0.0971102360312499,0.10888976396875,1415306075.6792226,1.64,0.098707016485,0.107292983515,0.00858596703,0.0,1.0,8000,0.000125,True,11770.69377408308,2.6220102649293044e-06,0.2412000587744557,0.7024475224670298,3858.1158867115714,5515.688036820631,True,tilde_q_mu,asymptotic,default,sidak_approx,observed,8.14**2 * RBF(length_scale=0.319),0.0276063983918545,0.3764508871616523,0.1019433821586847,0.3187890260712078,0.0250967258107768,66.19197832997104,1634.32254967889,397,91,306,416,19,0.04,0.3,0.000625,1.0,1e-08,1e+18,False,False,False,False,12,1.1,15.0,12.702414987309464,10.546160544164444,143.81128014769695,121.78337068615106,study_results/v4p2_followups_20260806/pseudo65/gp_window_ensemble_20260806/runs/window_3p0/draw_03/attempt_01/results_single.csv,1,1,1,1,single_attempt_outside_55_75MeV,False,,,,,,,window_3p0,3
2021,0.104,0.002634074,0.0980733335,0.1099266664999999,1390650623.4117515,1.64,0.09968011864,0.10831988136,0.00863976272,0.0,1.0,8000,0.000125,True,12394.42164927053,2.782882145140683e-06,0.194665655395655,0.8608306693866448,4719.567732866028,5479.642701037329,True,tilde_q_mu,asymptotic,default,sidak_approx,observed,8.03**2 * RBF(length_scale=0.318),0.0275134255467139,0.3751830756370089,0.1016000571748166,0.3176122233693139,0.0250122050424672,64.47157941237985,1634.7654240201314,397,93,304,416,19,0.04,0.3,0.000625,1.0,1e-08,1e+18,False,False,False,False,12,1.1,15.0,12.698289608215363,10.445198406238394,142.4345237214326,120.5783221615315,study_results/v4p2_followups_20260806/pseudo65/gp_window_ensemble_20260806/runs/window_3p0/draw_03/attempt_01/results_single.csv,1,1,1,1,single_attempt_outside_55_75MeV,False,,,,,,,window_3p0,3
2021,0.105,0.002650646875,0.0990360445312499,0.11096395546875,1366191403.4118524,1.64,0.100652939125,0.109347060875,0.00869412175,0.0,1.0,8000,0.000125,True,12120.022265834536,2.743610728258365e-06,0.2104688097468137,0.8047956375496789,4409.655591054441,5468.21326664805,True,tilde_q_mu,asymptotic,default,sidak_approx,observed,8.02**2 * RBF(length_scale=0.318),0.0274239709611162,0.3739632403788584,0.1012697242253318,0.3175519055841605,0.0249308826919238,64.39875726835652,1629.4287918349546,396,94,302,416,20,0.04,0.3,0.000625,1.0,1e-08,1e+18,False,False,False,False,12,1.1,15.0,12.737290913772108,10.346142754725216,141.08376483716202,119.80166372940964,study_results/v4p2_followups_20260806/pseudo65/gp_window_ensemble_20260806/runs/window_3p0/draw_03/attempt_01/results_single.csv,1,1,1,1,single_attempt_outside_55_75MeV,False,,,,,,,window_3p0,3
2021,0.106,0.0026673915,0.099998369125,0.112001630875,1341676381.151068,1.64,0.10162547794,0.11037452206,0.0087490441199999,0.0,1.0,8000,0.000125,True,11248.238149172812,2.568329765165993e-06,0.2607354756201318,0.6410796250329004,3468.3283846571508,5376.781345592215,True,tilde_q_mu,asymptotic,default,sidak_approx,observed,8.19**2 * RBF(length_scale=0.32),0.0273379356906521,0.3727900321452559,0.1009520179337844,0.3195696332773283,0.0248526688096837,67.15112479956267,1632.507560064346,397,96,301,416,19,0.04,0.3,0.000625,1.0,1e-08,1e+18,False,False,False,False,12,1.1,15.0,12.858564032882033,10.248940093965247,139.758274008617,119.80604769765831,study_results/v4p2_followups_20260806/pseudo65/gp_window_ensemble_20260806/runs/window_3p0/draw_03/attempt_01/results_single.csv,1,1,1,1,single_attempt_outside_55_75MeV,False,,,,,,,window_3p0,3
2021,0.107,0.002684307875,0.10096030728125,0.11303969271875,1317225676.2626095,1.64,0.102597735085,0.111402264915,0.0088045298299999,0.0,1.0,8000,0.000125,True,10589.450132285689,2.4397726930941717e-06,0.3068499727495851,0.5047991035764808,2692.5439655786904,5332.426080103054,True,tilde_q_mu,asymptotic,default,sidak_approx,observed,8.17**2 * RBF(length_scale=0.319),0.0272552244585561,0.3716621517075835,0.1006465864674015,0.3192313668740575,0.0247774767805055,66.80988773649989,1632.811789266897,397,98,299,416,19,0.04,0.3,0.000625,1.0,1e-08,1e+18,False,False,False,False,12,1.1,15.0,12.88393365079137,10.153538911238387,138.45734878961437,118.925019684658,study_results/v4p2_followups_20260806/pseudo65/gp_window_ensemble_20260806/runs/window_3p0/draw_03/attempt_01/results_single.csv,1,1,1,1,single_attempt_outside_55_75MeV,False,,,,,,,window_3p0,3
2021,0.108,0.002701396,0.101921859,0.114078141,1292640439.8447058,1.64,0.10356971056,0.11243028944,0.0088605788799999,0.0,1.0,8000,0.000125,True,9577.701836436632,2.2278181657893036e-06,0.4175462963919052,0.2081746609753417,1293.6348187778228,5324.525882469622,True,tilde_q_mu,asymptotic,default,sidak_approx,observed,8.14**2 * RBF(length_scale=0.319),0.0271757454873275,0.3705783475544666,0.1003530909153006,0.3186469959314299,0.0247052231702977,66.24797170016659,1628.7812137421863,396,99,297,416,20,0.04,0.3,0.000625,1.0,1e-08,1e+18,False,False,False,False,12,1.1,15.0,12.897960635082546,10.059889585728104,137.18031253265593,117.95641806363447,study_results/v4p2_followups_20260806/pseudo65/gp_window_ensemble_20260806/runs/window_3p0/draw_03/attempt_01/results_single.csv,1,1,1,1,single_attempt_outside_55_75MeV,False,,,,,,,window_3p0,3
2021,0.109,0.002718655875,0.10288302428125,0.11511697571875,1268214292.8765628,1.64,0.104541404365,0.1134585956349999,0.0089171912699999,0.0,1.0,8000,0.000125,True,8868.613645011239,2.0833225574985932e-06,0.4698412108222273,0.0756690226648815,394.3960775243636,5238.758093691678,True,tilde_q_mu,asymptotic,default,sidak_approx,observed,8.16**2 * RBF(length_scale=0.319),0.0270994103395402,0.3695374137210039,0.1000712047006427,0.3190983372785594,0.0246358275814002,66.52519503245705,1634.8714923410948,397,101,296,416,19,0.04,0.3,0.000625,1.0,1e-08,1e+18,False,False,False,False,12,1.1,15.0,12.952612865316311,9.967944302454349,135.92651321528655,117.37356692066056,study_results/v4p2_followups_20260806/pseudo65/gp_window_ensemble_20260806/runs/window_3p0/draw_03/attempt_01/results_single.csv,1,1,1,1,single_attempt_outside_55_75MeV,False,,,,,,,window_3p0,3
2021,0.11,0.0027360875,0.103843803125,0.116156196875,1243647528.4440663,1.64,0.1055128165,0.1144871835,0.008974367,0.0,1.0,8000,0.000125,True,8018.664430326635,1.9034083275003793e-06,0.5,0.0,-1048.833029323159,5229.933310664933,True,tilde_q_mu,asymptotic,default,sidak_approx,observed,8.12**2 * RBF(length_scale=0.318),0.0270261337672677,0.3685381877354698,0.0998006130245964,0.3183908870357895,0.0245692125156979,65.93055983709833,1629.3118063212796,396,102,294,416,20,0.04,0.3,0.000625,1.0,1e-08,1e+18,False,False,False,False,12,1.1,15.0,12.958937403156906,9.87765697086361,134.69532232995832,116.36721670479815,study_results/v4p2_followups_20260806/pseudo65/gp_window_ensemble_20260806/runs/window_3p0/draw_03/attempt_01/results_single.csv,1,1,1,1,single_attempt_outside_55_75MeV,False,,,,,,,window_3p0,3
2021,0.111,0.002753690875,0.10480419553125,0.11719580446875,1219296431.1209323,1.64,0.106483946965,0.115516053035,0.0090321060699999,0.0,1.0,8000,0.000125,True,7448.599745066642,1.7871552385157732e-06,0.5,0.0,-2146.8343234748772,5182.567264505503,True,tilde_q_mu,asymptotic,default,sidak_approx,observed,8.09**2 * RBF(length_scale=0.318),0.0269558335695793,0.3675795486760824,0.0995410123401082,0.3179120378822482,0.0245053032450721,65.49316433683528,1629.1973154567963,396,104,292,416,20,0.04,0.3,0.000625,1.0,1e-08,1e+18,False,False,False,False,12,1.1,15.0,12.973193381974491,9.788983147783204,133.4861338334073,115.44942853552804,study_results/v4p2_followups_20260806/pseudo65/gp_window_ensemble_20260806/runs/window_3p0/draw_03/attempt_01/results_single.csv,1,1,1,1,single_attempt_outside_55_75MeV,False,,,,,,,window_3p0,3
2021,0.112,0.002771466,0.1057642015,0.1182357985,1195083180.8359652,1.64,0.10745479576,0.11654520424,0.00909040848,0.0,1.0,8000,0.000125,True,6819.045561834908,1.654349853280364e-06,0.4999026019832914,0.000244140625,-3720.7801280276744,5145.01461390602,True,tilde_q_mu,asymptotic,default,sidak_approx,observed,7.98**2 * RBF(length_scale=0.316),0.0268884304576102,0.3666604153310482,0.0992921098536402,0.3161414766178405,0.0244440276887365,63.70928726360705,1630.0296187691306,396,105,291,416,20,0.04,0.3,0.000625,1.0,1e-08,1e+18,False,False,False,False,12,1.1,15.0,12.93328090785603,9.70187996447014,132.29836315186554,114.07012628617508,study_results/v4p2_followups_20260806/pseudo65/gp_window_ensemble_20260806/runs/window_3p0/draw_03/attempt_01/results_single.csv,1,1,1,1,single_attempt_outside_55_75MeV,False,,,,,,,window_3p0,3
2021,0.113,0.002789412875,0.10672382103125,0.11927617896875,1171074447.656905,1.64,0.108425362885,0.117574637115,0.00914927423,0.0,1.0,8000,0.000125,True,6634.20663208658,1.62796838899899e-06,0.4999026019832914,0.000244140625,-4039.639084815243,5092.3861355397485,True,tilde_q_mu,asymptotic,default,sidak_approx,observed,8.04**2 * RBF(length_scale=0.317),0.0268238479267369,0.3657797444555033,0.0990536230531478,0.3169185055597902,0.0243853162970335,64.68350070835592,1630.2728315958193,396,107,289,416,20,0.04,0.3,0.000625,1.0,1e-08,1e+18,False,False,False,False,12,1.1,15.0,12.996284390961252,9.616306057502122,131.1314462386653,113.6147711943827,study_results/v4p2_followups_20260806/pseudo65/gp_window_ensemble_20260806/runs/window_3p0/draw_03/attempt_01/results_single.csv,1,1,1,1,single_attempt_outside_55_75MeV,False,,,,,,,window_3p0,3
2021,0.114,0.0028075315,0.107683054125,0.120316945875,1146935681.7505815,1.64,0.10939564834,0.11860435166,0.00920870332,0.0,1.0,8000,0.000125,True,6504.297411828358,1.615386309882816e-06,0.5,0.0,-4376.217443134484,5072.259045072096,True,tilde_q_mu,asymptotic,default,sidak_approx,observed,8.03**2 * RBF(length_scale=0.317),0.0267620121354335,0.3649365291195483,0.0988252792607253,0.3170534355177752,0.0243291019413032,64.55592993261939,1625.121117261032,395,108,287,416,21,0.04,0.3,0.000625,1.0,1e-08,1e+18,False,False,False,False,12,1.1,15.0,13.03185938727633,9.532221503279144,129.9848386810792,112.92960934464143,study_results/v4p2_followups_20260806/pseudo65/gp_window_ensemble_20260806/runs/window_3p0/draw_03/attempt_01/results_single.csv,1,1,1,1,single_attempt_outside_55_75MeV,False,,,,,,,window_3p0,3
2021,0.115,0.002825821875,0.10864190078125,0.12135809921875,1123372222.1676126,1.64,0.110365652125,0.119634347875,0.00926869575,0.0,1.0,8000,0.000125,True,6401.959902171677,1.6092049157755348e-06,0.5,0.0,-4305.197017329118,4991.734964778435,True,tilde_q_mu,asymptotic,default,sidak_approx,observed,8.07**2 * RBF(length_scale=0.317),0.026702851790388,0.3641297971416546,0.0986068152083701,0.3174670714082546,0.0242753198094436,65.04849545516889,1630.159227176895,396,110,286,416,20,0.04,0.3,0.000625,1.0,1e-08,1e+18,False,False,False,False,12,1.1,15.0,13.077770917141647,9.4495877559119,128.85801485334406,112.34503993931128,study_results/v4p2_followups_20260806/pseudo65/gp_window_ensemble_20260806/runs/window_3p0/draw_03/attempt_01/results_single.csv,1,1,1,1,single_attempt_outside_55_75MeV,False,,,,,,,window_3p0,3
2021,0.116,0.002844284,0.109600361,0.122399639,1099793946.70252,1.64,0.11133537424,0.12066462576,0.0093292515199999,0.0,1.0,8000,0.000125,True,6395.996150088247,1.6280164975293532e-06,0.5,0.0,-4271.834259176304,4979.8812690803925,True,tilde_q_mu,asymptotic,default,sidak_approx,observed,7.99**2 * RBF(length_scale=0.316),0.0266462980375249,0.3633586096026131,0.0983979766355584,0.316458590845542,0.0242239073068408,63.87797128405713,1624.6835233755924,395,111,284,416,21,0.04,0.3,0.000625,1.0,1e-08,1e+18,False,False,False,False,12,1.1,15.0,13.063895383886877,9.368367588301648,127.75046711320428,111.26124917397208,study_results/v4p2_followups_20260806/pseudo65/gp_window_ensemble_20260806/runs/window_3p0/draw_03/attempt_01/results_single.csv,1,1,1,1,single_attempt_outside_55_75MeV,False,,,,,,,window_3p0,3
2021,0.117,0.002862917875,0.11055843478125,0.12344156521875,1076409135.485572,1.64,0.112304814685,0.121695185315,0.00939037063,0.0,1.0,8000,0.000125,True,6713.608193308021,1.7310622177038146e-06,0.5,0.0,-2970.2155732760143,4922.62612258452,True,tilde_q_mu,asymptotic,default,sidak_approx,observed,8.12**2 * RBF(length_scale=0.318),0.0265922843585697,0.3626220594350426,0.0981985179072823,0.3181725446618753,0.0241748039623361,65.94846925332746,1625.4516088640744,395,113,282,416,21,0.04,0.3,0.000625,1.0,1e-08,1e+18,False,False,False,False,12,1.1,15.0,13.161328842938346,9.288525036216694,126.66170503931852,111.13575678864882,study_results/v4p2_followups_20260806/pseudo65/gp_window_ensemble_20260806/runs/window_3p0/draw_03/attempt_01/results_single.csv,1,1,1,1,single_attempt_outside_55_75MeV,False,,,,,,,window_3p0,3
2021,0.118,0.0028817235,0.1115161221249999,0.124483877875,1053178929.4199272,1.64,0.11327397346,0.1227260265399999,0.0094520530799999,0.0,1.0,8000,0.000125,True,7200.180464736148,1.881391314208274e-06,0.5,0.0,-1541.5909083081046,4875.291029083698,True,tilde_q_mu,asymptotic,default,sidak_approx,observed,8.13**2 * RBF(length_scale=0.318),0.0265407464728296,0.3619192700840412,0.0980082016513522,0.3180657802725334,0.024127951338936,66.08875794588738,1626.673966707208,395,114,281,416,21,0.04,0.3,0.000625,1.0,1e-08,1e+18,False,False,False,False,12,1.1,15.0,13.182461113441487,9.21002534519002,125.59125470713664,110.3734554243436,study_results/v4p2_followups_20260806/pseudo65/gp_window_ensemble_20260806/runs/window_3p0/draw_03/attempt_01/results_single.csv,1,1,1,1,single_attempt_outside_55_75MeV,False,,,,,,,window_3p0,3
2021,0.119,0.002900700875,0.1124734230312499,0.12552657696875,1030627124.242168,1.64,0.114242850565,0.1237571494349999,0.0095142988699999,0.0,1.0,8000,0.000125,True,7829.21393123427,2.072953464384149e-06,0.4999026019832914,0.000244140625,-199.58858895799656,4830.545723490166,True,tilde_q_mu,asymptotic,default,sidak_approx,observed,8.13**2 * RBF(length_scale=0.318),0.0264916222438949,0.3612493942349304,0.0978267984138683,0.3182742586172301,0.0240832929489953,66.05387414401004,1629.1163425835848,395,116,279,416,21,0.04,0.3,0.000625,1.0,1e-08,1e+18,False,False,False,False,12,1.1,15.0,13.215562310822074,9.13283492007596,124.53865800103584,109.72322632792326,study_results/v4p2_followups_20260806/pseudo65/gp_window_ensemble_20260806/runs/window_3p0/draw_03/attempt_01/results_single.csv,1,1,1,1,single_attempt_outside_55_75MeV,False,,,,,,,window_3p0,3
2021,0.12,0.00291985,0.1134303374999999,0.1265696624999999,1008026180.837055,1.64,0.115211446,0.124788554,0.009577108,0.0,1.0,8000,0.000125,True,8491.44421709796,2.279546338930814e-06,0.422789655702226,0.1947619498801659,910.0703750619552,4809.529167783367,True,tilde_q_mu,asymptotic,default,sidak_approx,observed,8.13**2 * RBF(length_scale=0.318),0.0264448515909636,0.3606116126040493,0.0976540863317667,0.3183900386219991,0.0240407741736032,66.01911518462707,1623.92100495657,394,117,277,416,22,0.04,0.3,0.000625,1.0,1e-08,1e+18,False,False,False,False,12,1.1,15.0,13.243751483327468,9.05692127710794,123.5034719605628,109.04328599825304,study_results/v4p2_followups_20260806/pseudo65/gp_window_ensemble_20260806/runs/window_3p0/draw_03/attempt_01/results_single.csv,1,1,1,1,single_attempt_outside_55_75MeV,False,,,,,,,window_3p0,3
2021,0.121,0.002939170875,0.1143868655312499,0.12761313446875,985440224.1699862,1.64,0.116179759765,0.125820240235,0.0096404804699999,0.0,1.0,8000,0.000125,True,9088.759108303211,2.475191808450982e-06,0.3394241038648093,0.4140353643774522,1955.886467203549,4735.663912542884,True,tilde_q_mu,asymptotic,default,sidak_approx,observed,8.17**2 * RBF(length_scale=0.319),0.0264003764045369,0.3600051327891407,0.0974898508215015,0.3188997432013858,0.0240003421859427,66.80560476606635,1628.1771661245289,395,119,276,416,21,0.04,0.3,0.000625,1.0,1e-08,1e+18,False,False,False,False,12,1.1,15.0,13.287299853089978,8.982252998317762,122.48526815887854,108.4998990408769,study_results/v4p2_followups_20260806/pseudo65/gp_window_ensemble_20260806/runs/window_3p0/draw_03/attempt_01/results_single.csv,1,1,1,1,single_attempt_outside_55_75MeV,False,,,,,,,window_3p0,3
2021,0.122,0.0029586635,0.115343007125,0.128656992875,963312661.4875358,1.64,0.11714779186,0.12685220814,0.00970441628,0.0,1.0,8000,0.000125,True,9630.206487653864,2.6608991944403547e-06,0.3029097273208805,0.5160500479571847,2803.936995308613,4694.504521015043,True,tilde_q_mu,asymptotic,default,sidak_approx,observed,8.12**2 * RBF(length_scale=0.318),0.0263581404662262,0.3594291881758127,0.0973338842829142,0.3180037062330992,0.0239619458783875,65.929853020832,1629.141710243162,395,121,274,416,21,0.04,0.3,0.000625,1.0,1e-08,1e+18,False,False,False,False,12,1.1,15.0,13.27119708253422,8.908799688178892,121.48363211153033,107.4822149369468,study_results/v4p2_followups_20260806/pseudo65/gp_window_ensemble_20260806/runs/window_3p0/draw_03/attempt_01/results_single.csv,1,1,1,1,single_attempt_outside_55_75MeV,False,,,,,,,window_3p0,3
2021,0.123,0.002978327875,0.11629876228125,0.12970123771875,941612336.1342888,1.64,0.118115542285,0.127884457715,0.00976891543,0.0,1.0,8000,0.000125,True,9517.209307150486,2.6684083541265537e-06,0.2831244185969074,0.5735847450407827,2683.750178983457,4669.829976795058,True,tilde_q_mu,asymptotic,default,sidak_approx,observed,8.2**2 * RBF(length_scale=0.319),0.026318089372443,0.3588830368969509,0.0971859858174404,0.3191505761568883,0.02392553579313,67.18852964057626,1624.7175065011706,394,122,272,416,22,0.04,0.3,0.000625,1.0,1e-08,1e+18,False,False,False,False,12,1.1,15.0,13.339328277385066,8.836531932349143,120.49816271385194,107.15763661745548,study_results/v4p2_followups_20260806/pseudo65/gp_window_ensemble_20260806/runs/window_3p0/draw_03/attempt_01/results_single.csv,1,1,1,1,single_attempt_outside_55_75MeV,False,,,,,,,window_3p0,3
2021,0.124,0.002998164,0.117254131,0.130745869,920037116.668702,1.64,0.1190830110399999,0.12891698896,0.00983397792,0.0,1.0,8000,0.000125,True,9152.27213615344,2.6050844929136003e-06,0.3049614070194021,0.5101836379733468,2347.319026324123,4599.627927860839,True,tilde_q_mu,asymptotic,default,sidak_approx,observed,8.17**2 * RBF(length_scale=0.319),0.0262801704617562,0.3583659608421308,0.0970459609598579,0.3187120447759269,0.023891064056142,66.81924533429114,1630.9896083535268,395,124,271,416,21,0.04,0.3,0.000625,1.0,1e-08,1e+18,False,False,False,False,12,1.1,15.0,13.340219758608471,8.765421258395557,119.52847170539395,106.30240533070469,study_results/v4p2_followups_20260806/pseudo65/gp_window_ensemble_20260806/runs/window_3p0/draw_03/attempt_01/results_single.csv,1,1,1,1,single_attempt_outside_55_75MeV,False,,,,,,,window_3p0,3
2021,0.125,0.003018171875,0.11820911328125,0.13179088671875,898531012.9433209,1.64,0.120050198125,0.129949801875,0.00989960375,0.0,1.0,8000,0.000125,True,9181.76098469518,2.654622804192124e-06,0.29861878983399,0.5283771702884514,2423.9984037382787,4587.811928205795,True,tilde_q_mu,asymptotic,default,sidak_approx,observed,8.08**2 * RBF(length_scale=0.317),0.0262443327457108,0.3578772647142392,0.0969136214228183,0.3170125642864566,0.0238584843142826,65.25118638653797,1626.5264605368338,394,125,269,416,22,0.04,0.3,0.000625,1.0,1e-08,1e+18,False,False,False,False,12,1.1,15.0,13.287204673629692,8.695440098390975,118.57418315987692,105.034629376916,study_results/v4p2_followups_20260806/pseudo65/gp_window_ensemble_20260806/runs/window_3p0/draw_03/attempt_01/results_single.csv,1,1,1,1,single_attempt_outside_55_75MeV,False,,,,,,,window_3p0,3
2021,0.126,0.0030383515,0.119163709125,0.132836290875,877660484.0400469,1.64,0.12101710354,0.13098289646,0.0099657929199999,0.0,1.0,8000,0.000125,True,8738.538908841345,2.5660295669041623e-06,0.3382759745960555,0.4171728953116107,1911.518153396848,4540.109453022128,True,tilde_q_mu,asymptotic,default,sidak_approx,observed,8.06**2 * RBF(length_scale=0.317),0.0262105268429174,0.3574162751306931,0.0967887848534561,0.3171192629520624,0.0238277516753795,64.99246399783651,1625.5650576669914,394,127,267,416,22,0.04,0.3,0.000625,1.0,1e-08,1e+18,False,False,False,False,12,1.1,15.0,13.30882020563156,8.626561753278871,117.63493299925732,104.37214487924204,study_results/v4p2_followups_20260806/pseudo65/gp_window_ensemble_20260806/runs/window_3p0/draw_03/attempt_01/results_single.csv,1,1,1,1,single_attempt_outside_55_75MeV,False,,,,,,,window_3p0,3
2021,0.127,0.003058702875,0.12011791853125,0.13388208146875,857126402.643784,1.64,0.121983727285,0.132016272715,0.0100325454299999,0.0,1.0,8000,0.000125,True,8814.380973154977,2.629439274582025e-06,0.3197684152921586,0.468346485663707,2116.305394995413,4492.446705974745,True,tilde_q_mu,asymptotic,default,sidak_approx,observed,8.06**2 * RBF(length_scale=0.317),0.0261787049162304,0.3569823397667782,0.0966712746014036,0.3171946884893144,0.0237988226511185,64.99086828509309,1625.5822842379102,394,128,266,416,22,0.04,0.3,0.000625,1.0,1e-08,1e+18,False,False,False,False,12,1.1,15.0,13.328167243365977,8.558760358908806,116.71036853057464,103.70235405402508,study_results/v4p2_followups_20260806/pseudo65/gp_window_ensemble_20260806/runs/window_3p0/draw_03/attempt_01/results_single.csv,1,1,1,1,single_attempt_outside_55_75MeV,False,,,,,,,window_3p0,3
2021,0.128,0.003079226,0.1210717415,0.1349282585,836870911.2847852,1.64,0.12295006936,0.13304993064,0.01009986128,0.0,1.0,8000,0.000125,True,8719.52448641025,2.6432867653148103e-06,0.3212041765555429,0.4643341605093973,2100.503241936232,4441.52877257084,True,tilde_q_mu,asymptotic,default,sidak_approx,observed,8.14**2 * RBF(length_scale=0.318),0.0261488206128557,0.3565748265389423,0.0965609194976257,0.3182497811121976,0.0237716551025961,66.25148551758043,1625.6332894291386,394,130,264,416,22,0.04,0.3,0.000625,1.0,1e-08,1e+18,False,False,False,False,12,1.1,15.0,13.387783885415736,8.492010853654708,115.80014800438238,103.35382369212184,study_results/v4p2_followups_20260806/pseudo65/gp_window_ensemble_20260806/runs/window_3p0/draw_03/attempt_01/results_single.csv,1,1,1,1,single_attempt_outside_55_75MeV,False,,,,,,,window_3p0,3
2021,0.129,0.003099920875,0.12202517803125,0.13597482196875,816661383.882061,1.64,0.123916129765,0.134083870235,0.01016774047,0.0,1.0,8000,0.000125,True,8942.80817157844,2.7565260841591155e-06,0.321512017327902,0.463474854644188,2465.7384490400987,4418.392090622695,True,tilde_q_mu,asymptotic,default,sidak_approx,observed,8.13**2 * RBF(length_scale=0.318),0.0261208290072193,0.3561931228257187,0.096457553643445,0.3179924988727822,0.0237462081883812,66.04128281816594,1620.6097247638168,393,131,262,416,23,0.04,0.3,0.000625,1.0,1e-08,1e+18,False,False,False,False,12,1.1,15.0,13.391295837639138,8.426288947526562,114.90394019354402,102.58084373614284,study_results/v4p2_followups_20260806/pseudo65/gp_window_ensemble_20260806/runs/window_3p0/draw_03/attempt_01/results_single.csv,1,1,1,1,single_attempt_outside_55_75MeV,False,,,,,,,window_3p0,3
2021,0.13,0.0031207875,0.122978228125,0.137021771875,796778619.4646972,1.64,0.1248819085,0.1351180915,0.010236183,0.0,1.0,8000,0.000125,True,8706.702591328505,2.7295597644303735e-06,0.2987647100649271,0.5279566558599699,2295.4566017838124,4347.039410841148,True,tilde_q_mu,asymptotic,default,sidak_approx,observed,8.14**2 * RBF(length_scale=0.318),0.0260946865464589,0.3558366347244401,0.0963610162092589,0.3182171186038045,0.0237224423149626,66.27998436478234,1626.260936000435,394,133,261,416,22,0.04,0.3,0.000625,1.0,1e-08,1e+18,False,False,False,False,12,1.1,15.0,13.414180309887085,8.36157109269982,114.0214239913612,101.9669293740136,study_results/v4p2_followups_20260806/pseudo65/gp_window_ensemble_20260806/runs/window_3p0/draw_03/attempt_01/results_single.csv,1,1,1,1,single_attempt_outside_55_75MeV,False,,,,,,,window_3p0,3
2021,0.131,0.003141825875,0.12393089178125,0.13806910821875,777717056.7816086,1.64,0.125847405565,0.136152594435,0.0103051888699999,0.0,1.0,8000,0.000125,True,8049.269747707782,2.5655677290913654e-06,0.3695358573117794,0.3330828898082303,1444.1561155199145,4318.188246145702,True,tilde_q_mu,asymptotic,default,sidak_approx,observed,8.21**2 * RBF(length_scale=0.319),0.0260703509983903,0.3555047863416871,0.0962711512423922,0.3192912269674788,0.0237003190894458,67.38097354973692,1619.62938021952,393,134,259,416,23,0.04,0.3,0.000625,1.0,1e-08,1e+18,False,False,False,False,12,1.1,15.0,13.472022286386226,8.297834455383493,113.1522880279567,101.62600973788174,study_results/v4p2_followups_20260806/pseudo65/gp_window_ensemble_20260806/runs/window_3p0/draw_03/attempt_01/results_single.csv,1,1,1,1,single_attempt_outside_55_75MeV,False,,,,,,,window_3p0,3
2021,0.132,0.003163036,0.124883169,0.139116831,758729637.4451472,1.64,0.12681262096,0.13718737904,0.0103747580799999,0.0,1.0,8000,0.000125,True,7119.949348351929,2.308531719191939e-06,0.4846029217164753,0.0386043382707059,162.6376596745231,4266.534320452997,True,tilde_q_mu,asymptotic,default,sidak_approx,observed,8.31**2 * RBF(length_scale=0.321),0.0260477814018274,0.3551970191158293,0.0961878074836403,0.3206801300656662,0.0236798012743886,69.0095448606903,1619.0355909927644,393,136,257,416,23,0.04,0.3,0.000625,1.0,1e-08,1e+18,False,False,False,False,12,1.1,15.0,13.54234887150444,8.235056888959685,112.2962303039957,101.3836485154346,study_results/v4p2_followups_20260806/pseudo65/gp_window_ensemble_20260806/runs/window_3p0/draw_03/attempt_01/results_single.csv,1,1,1,1,single_attempt_outside_55_75MeV,False,,,,,,,window_3p0,3
2021,0.133,0.003184417875,0.12583505978125,0.14016494021875,740120080.2932594,1.64,0.127777554685,0.138222445315,0.0104448906299999,0.0,1.0,8000,0.000125,True,6595.7523694269075,2.175857432729325e-06,0.5,0.0,-628.3978787869582,4226.996154141802,True,tilde_q_mu,asymptotic,default,sidak_approx,observed,8.19**2 * RBF(length_scale=0.319),0.0260269380191233,0.3549127911698635,0.0961108381920171,0.3190734306413089,0.0236608527446575,67.14771085408442,1616.0308458790123,393,137,256,416,23,0.04,0.3,0.000625,1.0,1e-08,1e+18,False,False,False,False,12,1.1,15.0,13.485288720769082,8.173216908325301,111.45295784079954,100.19835435112574,study_results/v4p2_followups_20260806/pseudo65/gp_window_ensemble_20260806/runs/window_3p0/draw_03/attempt_01/results_single.csv,1,1,1,1,single_attempt_outside_55_75MeV,False,,,,,,,window_3p0,3
2021,0.134,0.0032059715,0.126786564125,0.141213435875,721731213.3148873,1.64,0.12874220674,0.13925779326,0.01051558652,0.0,1.0,8000,0.000125,True,6150.959618237257,2.0652969873162217e-06,0.5,0.0,-1419.262376195143,4188.213968702299,True,tilde_q_mu,asymptotic,default,sidak_approx,observed,8.12**2 * RBF(length_scale=0.318),0.0260077822908281,0.3546515766931113,0.0960401009773177,0.3181826439093409,0.0236434384462074,66.01344883287624,1617.7714298474798,393,139,254,416,23,0.04,0.3,0.000625,1.0,1e-08,1e+18,False,False,False,False,12,1.1,15.0,13.457545298804868,8.112293665376676,110.62218634604557,99.24687225364944,study_results/v4p2_followups_20260806/pseudo65/gp_window_ensemble_20260806/runs/window_3p0/draw_03/attempt_01/results_single.csv,1,1,1,1,single_attempt_outside_55_75MeV,False,,,,,,,window_3p0,3
2021,0.135,0.003227696875,0.12773768203125,0.14226231796875,703839749.1336825,1.64,0.129706577125,0.140293422875,0.01058684575,0.0,1.0,8000,0.000125,True,5697.129240724416,1.947011135421144e-06,0.5,0.0,-2456.005235208286,4162.134277960245,True,tilde_q_mu,asymptotic,default,sidak_approx,observed,8.17**2 * RBF(length_scale=0.319),0.025990276792342,0.3544128653501188,0.0959754576400479,0.3187410206868556,0.0236275243566745,66.78488736811825,1612.557087165403,392,140,252,416,24,0.04,0.3,0.000625,1.0,1e-08,1e+18,False,False,False,False,12,1.1,15.0,13.490241968444476,8.052266925574306,109.80363989419509,98.75184474590898,study_results/v4p2_followups_20260806/pseudo65/gp_window_ensemble_20260806/runs/window_3p0/draw_03/attempt_01/results_single.csv,1,1,1,1,single_attempt_outside_55_75MeV,False,,,,,,,window_3p0,3
2021,0.136,0.003249594,0.1286884135,0.1433115865,686424779.2721932,1.64,0.13067066584,0.14132933416,0.01065866832,0.0,1.0,8000,0.000125,True,5400.716330650819,1.878622103152224e-06,0.4999311292015692,0.0001726334915006,-3029.3357161724307,4094.242706158532,True,tilde_q_mu,asymptotic,default,sidak_approx,observed,8.26**2 * RBF(length_scale=0.32),0.0259743851924713,0.3541961617155187,0.0959167740183841,0.319833228543306,0.0236130774477012,68.235889072725,1617.8460347999269,393,142,251,416,23,0.04,0.3,0.000625,1.0,1e-08,1e+18,False,False,False,False,12,1.1,15.0,13.544749906134832,7.993117045535957,108.99705062094486,98.42251941113445,study_results/v4p2_followups_20260806/pseudo65/gp_window_ensemble_20260806/runs/window_3p0/draw_03/attempt_01/results_single.csv,1,1,1,1,single_attempt_outside_55_75MeV,False,,,,,,,window_3p0,3
2021,0.137,0.003271662875,0.12963875853125,0.14436124146875,669116428.5880822,1.64,0.131634472885,0.142365527115,0.0107310542299999,0.0,1.0,8000,0.000125,True,5402.201811641087,1.913676245612354e-06,0.4999311292015692,0.0001726334915006,-2923.3694254900543,4073.732763464591,True,tilde_q_mu,asymptotic,default,sidak_approx,observed,8.23**2 * RBF(length_scale=0.319),0.0259600722137896,0.3540009847334957,0.0958639198417955,0.3194235378144607,0.0236000656488997,67.81270052140613,1613.8596859558525,392,143,249,416,24,0.04,0.3,0.000625,1.0,1e-08,1e+18,False,False,False,False,12,1.1,15.0,13.534858019742538,7.93482495160498,108.20215843097698,97.63339011953076,study_results/v4p2_followups_20260806/pseudo65/gp_window_ensemble_20260806/runs/window_3p0/draw_03/attempt_01/results_single.csv,1,1,1,1,single_attempt_outside_55_75MeV,False,,,,,,,window_3p0,3
2021,0.138,0.0032939035,0.130588717125,0.145411282875,652262296.7982231,1.64,0.13259799826,0.14340200174,0.0108040034799999,0.0,1.0,8000,0.000125,True,5552.549404382215,2.003138562567253e-06,0.4999311292015692,0.0001726334915006,-2295.5431527149603,4034.2595750932146,True,tilde_q_mu,asymptotic,default,sidak_approx,observed,8.19**2 * RBF(length_scale=0.319),0.0259473035947063,0.3538268672005407,0.095816768590974,0.3190752514620096,0.0235884578133693,67.15110163376632,1613.026892441244,392,145,247,416,24,0.04,0.3,0.000625,1.0,1e-08,1e+18,False,False,False,False,12,1.1,15.0,13.526753380255546,7.877372119342997,107.41871071831358,96.86842722077608,study_results/v4p2_followups_20260806/pseudo65/gp_window_ensemble_20260806/runs/window_3p0/draw_03/attempt_01/results_single.csv,1,1,1,1,single_attempt_outside_55_75MeV,False,,,,,,,window_3p0,3
2021,0.139,0.003316315875,0.13153828928125,0.14646171071875,635785521.2448627,1.64,0.133561241965,0.144438758035,0.0108775160699999,0.0,1.0,8000,0.000125,True,5637.892234280096,2.0716255495819e-06,0.5,0.0,-1883.9245230264337,3990.1658396362736,True,tilde_q_mu,asymptotic,default,sidak_approx,observed,8.21**2 * RBF(length_scale=0.319),0.0259360460531648,0.3536733552704296,0.0957751973637809,0.3192256291836934,0.0235782236846953,67.37858889225686,1613.159767221051,392,146,246,416,24,0.04,0.3,0.000625,1.0,1e-08,1e+18,False,False,False,False,12,1.1,15.0,13.539002490289532,7.820740553903008,106.64646209867738,96.2591143956374,study_results/v4p2_followups_20260806/pseudo65/gp_window_ensemble_20260806/runs/window_3p0/draw_03/attempt_01/results_single.csv,1,1,1,1,single_attempt_outside_55_75MeV,False,,,,,,,window_3p0,3
2021,0.14,0.0033389,0.132487475,0.147512525,619834689.867921,1.64,0.134524204,0.145475796,0.010951592,0.0,1.0,8000,0.000125,True,5799.166129657304,2.170109050297026e-06,0.5,0.0,-1339.6743316689249,3949.36962533249,True,tilde_q_mu,asymptotic,default,sidak_approx,observed,8.28**2 * RBF(length_scale=0.32),0.0259262672518869,0.3535400079802764,0.0957390867469023,0.3200330619445626,0.0235693338653517,68.48065099868892,1612.8593889963176,392,148,244,416,24,0.04,0.3,0.000625,1.0,1e-08,1e+18,False,False,False,False,12,1.1,15.0,13.57836686318187,7.764912771238112,105.88517415324698,95.84984933497935,study_results/v4p2_followups_20260806/pseudo65/gp_window_ensemble_20260806/runs/window_3p0/draw_03/attempt_01/results_single.csv,1,1,1,1,single_attempt_outside_55_75MeV,False,,,,,,,window_3p0,3
2021,0.141,0.003361655875,0.13343627428125,0.1485637257187499,604132627.2786524,1.64,0.1354868843649999,0.146513115635,0.01102623127,0.0,1.0,8000,0.000125,True,5814.521105279096,2.2165751977646884e-06,0.5,0.0,-1242.7789829482888,3931.285443225843,True,tilde_q_mu,asymptotic,default,sidak_approx,observed,8.21**2 * RBF(length_scale=0.319),0.0259179357650831,0.3534263967965889,0.0957083206929198,0.3189813157916031,0.0235617597864392,67.38031228275085,1610.1085135130434,391,149,242,416,25,0.04,0.3,0.000625,1.0,1e-08,1e+18,False,False,False,False,12,1.1,15.0,13.53809387256336,7.709871780103963,105.13461518323584,94.88815264043146,study_results/v4p2_followups_20260806/pseudo65/gp_window_ensemble_20260806/runs/window_3p0/draw_03/attempt_01/results_single.csv,1,1,1,1,single_attempt_outside_55_75MeV,False,,,,,,,window_3p0,3
2021,0.142,0.0033845835,0.1343846871249999,0.149615312875,588792286.6909375,1.64,0.1364492830599999,0.14755071694,0.01110143388,0.0,1.0,8000,0.000125,True,5920.5552632291965,2.299492010055523e-06,0.5,0.0,-812.0236775628643,3872.17288020979,True,tilde_q_mu,asymptotic,default,sidak_approx,observed,8.19**2 * RBF(length_scale=0.319),0.0259110210465671,0.3533321051804605,0.0956827864025644,0.3189268530754794,0.0235554736786973,67.0830233521913,1615.154374925835,392,151,241,416,24,0.04,0.3,0.000625,1.0,1e-08,1e+18,False,False,False,False,12,1.1,15.0,13.539394597863858,7.6556010648184945,104.39455997479764,94.22927609127665,study_results/v4p2_followups_20260806/pseudo65/gp_window_ensemble_20260806/runs/window_3p0/draw_03/attempt_01/results_single.csv,1,1,1,1,single_attempt_outside_55_75MeV,False,,,,,,,window_3p0,3
2021,0.143,0.003407682875,0.1353327135312499,0.15066728646875,573696429.0826498,1.64,0.137411400085,0.1485885999149999,0.0111771998299999,0.0,1.0,8000,0.000125,True,6115.0368771918575,2.4204762093052223e-06,0.5,0.0,-318.3007310243955,3830.734213600503,True,tilde_q_mu,asymptotic,default,sidak_approx,observed,8.22**2 * RBF(length_scale=0.319),0.025905493399191,0.3532567281707865,0.0956623742118505,0.3194567630561226,0.0235504485447191,67.60554761247539,1615.7698385837157,392,153,239,416,24,0.04,0.3,0.000625,1.0,1e-08,1e+18,False,False,False,False,12,1.1,15.0,13.56478465577917,7.602084568738228,103.66478957370308,93.74603646359628,study_results/v4p2_followups_20260806/pseudo65/gp_window_ensemble_20260806/runs/window_3p0/draw_03/attempt_01/results_single.csv,1,1,1,1,single_attempt_outside_55_75MeV,False,,,,,,,window_3p0,3
2021,0.144,0.003430954,0.1362803534999999,0.1517196465,559083772.4170778,1.64,0.13837323544,0.14962676456,0.0112535291199999,0.0,1.0,8000,0.000125,True,6176.307234981832,2.4912048143396355e-06,0.5,0.0,-152.1859307924873,3810.348728256812,True,tilde_q_mu,asymptotic,default,sidak_approx,observed,8.19**2 * RBF(length_scale=0.319),0.0259013239455544,0.3531998719848339,0.0956469774839098,0.3190784490561045,0.0235466581323222,67.06434099772153,1610.6085066231208,391,154,237,416,25,0.04,0.3,0.000625,1.0,1e-08,1e+18,False,False,False,False,12,1.1,15.0,13.550901672034245,7.5493066784207805,102.94509106937429,92.99992044664675,study_results/v4p2_followups_20260806/pseudo65/gp_window_ensemble_20260806/runs/window_3p0/draw_03/attempt_01/results_single.csv,1,1,1,1,single_attempt_outside_55_75MeV,False,,,,,,,window_3p0,3
2021,0.145,0.003454396875,0.1372276070312499,0.15277239296875,544779001.7566646,1.64,0.139334789125,0.1506652108749999,0.0113304217499999,0.0,1.0,8000,0.000125,True,6286.487445139199,2.584280275318627e-06,0.4794661727816423,0.0514934192638052,192.948247029464,3748.9752749547574,True,tilde_q_mu,asymptotic,default,sidak_approx,observed,8.21**2 * RBF(length_scale=0.319),0.0258984845999115,0.3531611536351575,0.095636492505252,0.3194925628837602,0.0235440769090105,67.47451976242684,1616.5105542479732,392,156,236,416,24,0.04,0.3,0.000625,1.0,1e-08,1e+18,False,False,False,False,12,1.1,15.0,13.569976182055706,7.49725220843698,102.235257387777,92.48866718123124,study_results/v4p2_followups_20260806/pseudo65/gp_window_ensemble_20260806/runs/window_3p0/draw_03/attempt_01/results_single.csv,1,1,1,1,single_attempt_outside_55_75MeV,False,,,,,,,window_3p0,3
2021,0.146,0.0034780115,0.138174474125,0.1538255258749999,530723198.11642635,1.64,0.1402960611399999,0.15170393886,0.01140787772,0.0,1.0,8000,0.000125,True,6214.332764508581,2.6043149268720568e-06,0.4860270061979659,0.0350322656407674,130.26283645449053,3729.279897829622,True,tilde_q_mu,asymptotic,default,sidak_approx,observed,8.19**2 * RBF(length_scale=0.319),0.0258969480412312,0.3531402005622441,0.0956308183862839,0.3190430478054119,0.0235426800374829,67.00417165670531,1611.4272393523806,391,157,234,416,25,0.04,0.3,0.000625,1.0,1e-08,1e+18,False,False,False,False,12,1.1,15.0,13.55168771344022,7.445906386805,101.53508709279544,91.73145281590124,study_results/v4p2_followups_20260806/pseudo65/gp_window_ensemble_20260806/runs/window_3p0/draw_03/attempt_01/results_single.csv,1,1,1,1,single_attempt_outside_55_75MeV,False,,,,,,,window_3p0,3
2021,0.147,0.0035017978749999,0.13912095478125,0.1548790452187499,517058895.8195766,1.64,0.141257051485,0.1527429485149999,0.0114858970299999,0.0,1.0,8000,0.000125,True,6115.312971988796,2.6126501646011207e-06,0.4927310250083366,0.0182216265388497,72.2776672987715,3690.381170868237,True,tilde_q_mu,asymptotic,default,sidak_approx,observed,8.17**2 * RBF(length_scale=0.319),0.025896687687343,0.353136650281951,0.0956298569658356,0.3188033293428262,0.02354244335213,66.68443064640188,1612.5901959841003,391,159,232,416,25,0.04,0.3,0.000625,1.0,1e-08,1e+18,False,False,False,False,12,1.1,15.0,13.541641560920716,7.3952548410130845,100.84438419563295,91.03990028060264,study_results/v4p2_followups_20260806/pseudo65/gp_window_ensemble_20260806/runs/window_3p0/draw_03/attempt_01/results_single.csv,1,1,1,1,single_attempt_outside_55_75MeV,False,,,,,,,window_3p0,3
2021,0.148,0.0035257559999999,0.140067049,0.155932951,503681799.08701915,1.64,0.1422177601599999,0.15378223984,0.01156447968,0.0,1.0,8000,0.000125,True,5884.814340520778,2.5635082234464126e-06,0.5,0.0,-202.69778750466048,3650.358753457941,True,tilde_q_mu,asymptotic,default,sidak_approx,observed,8.13**2 * RBF(length_scale=0.318),0.0258976776701328,0.3531501500472667,0.0956335127195648,0.3183409123211915,0.0235433433364844,66.11419130899894,1613.2049503369103,391,160,231,416,25,0.04,0.3,0.000625,1.0,1e-08,1e+18,False,False,False,False,12,1.1,15.0,13.521482814544346,7.345283584607923,100.16295797192622,90.2901143247552,study_results/v4p2_followups_20260806/pseudo65/gp_window_ensemble_20260806/runs/window_3p0/draw_03/attempt_01/results_single.csv,1,1,1,1,single_attempt_outside_55_75MeV,False,,,,,,,window_3p0,3
2021,0.149,0.003549885875,0.14101275678125,0.15698724321875,490644352.2917579,1.64,0.143178187165,0.154821812835,0.0116436256699999,0.0,1.0,8000,0.000125,True,5657.90646050014,2.513174316085554e-06,0.5,0.0,-499.83145023806634,3613.206507415842,True,tilde_q_mu,asymptotic,default,sidak_approx,observed,8.11**2 * RBF(length_scale=0.318),0.0258998928117245,0.353180356523517,0.0956416926720024,0.318024918836009,0.0235453571015678,65.80534824919718,1612.1561146926988,391,162,229,416,25,0.04,0.3,0.000625,1.0,1e-08,1e+18,False,False,False,False,12,1.1,15.0,13.50690573365026,7.295979004317872,99.49062278615278,89.58736422364815,study_results/v4p2_followups_20260806/pseudo65/gp_window_ensemble_20260806/runs/window_3p0/draw_03/attempt_01/results_single.csv,1,1,1,1,single_attempt_outside_55_75MeV,False,,,,,,,window_3p0,3
2021,0.15,0.0035741875,0.141958078125,0.158041921875,477946931.2512179,1.64,0.1441383325,0.1558616675,0.011723335,0.0,1.0,8000,0.000125,True,5551.7631540108905,2.5146637179212223e-06,0.5,0.0,-623.2941073206173,3588.3159900707124,True,tilde_q_mu,asymptotic,default,sidak_approx,observed,8.14**2 * RBF(length_scale=0.318),0.0259033086016125,0.3532269354765349,0.0956543063121079,0.3184823739788885,0.0235484623651023,66.3172234770481,1607.2894371804402,390,163,227,416,26,0.04,0.3,0.000625,1.0,1e-08,1e+18,False,False,False,False,12,1.1,15.0,13.524550734610337,7.247327847689178,98.82719792303423,89.10623015129691,study_results/v4p2_followups_20260806/pseudo65/gp_window_ensemble_20260806/runs/window_3p0/draw_03/attempt_01/results_single.csv,1,1,1,1,single_attempt_outside_55_75MeV,False,,,,,,,window_3p0,3
2021,0.151,0.003598660875,0.14290301303125,0.15909698696875,465470649.96646106,1.64,0.145098196165,0.156901803835,0.0118036076699999,0.0,1.0,8000,0.000125,True,5538.12041592312,2.558662871881395e-06,0.5,0.0,-512.422545010059,3544.3530322165893,True,tilde_q_mu,asymptotic,default,sidak_approx,observed,8.24**2 * RBF(length_scale=0.32),0.0259079011746969,0.3532895614731401,0.0956712655121596,0.3196947587675413,0.0235526374315426,67.83624337409374,1608.4185486470467,390,165,225,416,26,0.04,0.3,0.000625,1.0,1e-08,1e+18,False,False,False,False,12,1.1,15.0,13.573628842916447,7.199317211210392,98.17250742559624,88.83714522490015,study_results/v4p2_followups_20260806/pseudo65/gp_window_ensemble_20260806/runs/window_3p0/draw_03/attempt_01/results_single.csv,1,1,1,1,single_attempt_outside_55_75MeV,False,,,,,,,window_3p0,3
2021,0.152,0.003623306,0.1438475615,0.1601524385,453362715.5960102,1.64,0.1460577781599999,0.15794222184,0.01188444368,0.0,1.0,8000,0.000125,True,5276.4251870632925,2.4863961111879604e-06,0.5,0.0,-916.5551084041832,3508.581361182188,True,tilde_q_mu,asymptotic,default,sidak_approx,observed,8.17**2 * RBF(length_scale=0.319),0.0259136472901786,0.3533679175933457,0.0956924844498192,0.318884185168128,0.0235578611728897,66.81759992743088,1608.7857193904963,390,166,224,416,26,0.04,0.3,0.000625,1.0,1e-08,1e+18,False,False,False,False,12,1.1,15.0,13.53621123869677,7.151934528902247,97.5263799395761,88.00917868050009,study_results/v4p2_followups_20260806/pseudo65/gp_window_ensemble_20260806/runs/window_3p0/draw_03/attempt_01/results_single.csv,1,1,1,1,single_attempt_outside_55_75MeV,False,,,,,,,window_3p0,3
2021,0.153,0.003648122875,0.14479172353125,0.16120827646875,441644549.5313737,1.64,0.147017078485,0.158982921515,0.0119658430299999,0.0,1.0,8000,0.000125,True,5306.110441051213,2.5499513888130796e-06,0.5,0.0,-727.5601899798619,3470.209527159772,True,tilde_q_mu,asymptotic,default,sidak_approx,observed,8.21**2 * RBF(length_scale=0.319),0.0259205243112793,0.3534616951538094,0.0957178795332425,0.3193510299207108,0.0235641130102539,67.4333841890043,1607.8845006595243,390,168,222,416,26,0.04,0.3,0.000625,1.0,1e-08,1e+18,False,False,False,False,12,1.1,15.0,13.55243160571097,7.105167561352867,96.88864856390272,87.5384522021372,study_results/v4p2_followups_20260806/pseudo65/gp_window_ensemble_20260806/runs/window_3p0/draw_03/attempt_01/results_single.csv,1,1,1,1,single_attempt_outside_55_75MeV,False,,,,,,,window_3p0,3
2021,0.154,0.0036731115,0.145735499125,0.162264500875,430164399.9517347,1.64,0.1479760971399999,0.16002390286,0.01204780572,0.0,1.0,8000,0.000125,True,5544.743597922819,2.7179796681796053e-06,0.4999026019832914,0.000244140625,-221.07078789319937,3447.971838568634,True,tilde_q_mu,asymptotic,default,sidak_approx,observed,8.23**2 * RBF(length_scale=0.319),0.0259285101857464,0.3535705934419964,0.0957473693290902,0.3194742025180092,0.023571372896133,67.72524592439916,1604.8795539719874,389,169,220,416,27,0.04,0.3,0.000625,1.0,1e-08,1e+18,False,False,False,False,12,1.1,15.0,13.553483029001644,7.0590043851776345,96.25915070696774,86.9764510328666,study_results/v4p2_followups_20260806/pseudo65/gp_window_ensemble_20260806/runs/window_3p0/draw_03/attempt_01/results_single.csv,1,1,1,1,single_attempt_outside_55_75MeV,False,,,,,,,window_3p0,3
2021,0.155,0.003698271875,0.14667888828125,0.16332111171875,419006242.6242384,1.64,0.148934834125,0.161065165875,0.01213033175,0.0,1.0,8000,0.000125,True,5881.7261700043,2.9408476873639893e-06,0.4458202363074102,0.1362287186267511,462.5625222625039,3398.349209746918,True,tilde_q_mu,asymptotic,default,sidak_approx,observed,8.2**2 * RBF(length_scale=0.319),0.0259375834271065,0.3536943194605435,0.0957808744933012,0.3190401632902861,0.0235796212973695,67.26287630082008,1610.2378719255569,390,171,219,416,26,0.04,0.3,0.000625,1.0,1e-08,1e+18,False,False,False,False,12,1.1,15.0,13.53033448954826,7.01343338288414,95.63772794842008,86.26736326416946,study_results/v4p2_followups_20260806/pseudo65/gp_window_ensemble_20260806/runs/window_3p0/draw_03/attempt_01/results_single.csv,1,1,1,1,single_attempt_outside_55_75MeV,False,,,,,,,window_3p0,3
2021,0.156,0.003723604,0.147621891,0.164378109,408018948.64312065,1.64,0.14989328944,0.16210671056,0.01221342112,0.0,1.0,8000,0.000125,True,6529.398338705155,3.3311037214485014e-06,0.3290156254395612,0.4426329455046313,1465.908464001348,3378.1753173919265,True,tilde_q_mu,asymptotic,default,sidak_approx,observed,8.21**2 * RBF(length_scale=0.319),0.0259477230966391,0.353832587681443,0.0958183177045254,0.3191054134548816,0.0235888391787628,67.33230254394611,1606.2286421099532,389,172,217,416,27,0.04,0.3,0.000625,1.0,1e-08,1e+18,False,False,False,False,12,1.1,15.0,13.527813345820492,6.968443233125529,95.0242259062572,85.69799942606184,study_results/v4p2_followups_20260806/pseudo65/gp_window_ensemble_20260806/runs/window_3p0/draw_03/attempt_01/results_single.csv,1,1,1,1,single_attempt_outside_55_75MeV,False,,,,,,,window_3p0,3
2021,0.157,0.003749107875,0.14856450728125,0.16543549271875,397354285.67265946,1.64,0.150851463085,0.163148536915,0.01229707383,0.0,1.0,8000,0.000125,True,7280.03149682886,3.7894451601563415e-06,0.224456286349114,0.7572291773883025,2529.950877281632,3341.3062537343435,True,tilde_q_mu,asymptotic,default,sidak_approx,observed,8.28**2 * RBF(length_scale=0.32),0.0259589087860322,0.3539851198095312,0.0958596236000764,0.3200650706782877,0.023599007987302,68.54568462988988,1604.8824427809916,389,174,215,416,27,0.04,0.3,0.000625,1.0,1e-08,1e+18,False,False,False,False,12,1.1,15.0,13.56264936435062,6.924022901323501,94.41849410895684,85.37099527398573,study_results/v4p2_followups_20260806/pseudo65/gp_window_ensemble_20260806/runs/window_3p0/draw_03/attempt_01/results_single.csv,1,1,1,1,single_attempt_outside_55_75MeV,False,,,,,,,window_3p0,3
2021,0.158,0.0037747835,0.149506737125,0.166493262875,387039666.85970527,1.64,0.15180935506,0.16419064494,0.0123812898799999,0.0,1.0,8000,0.000125,True,7853.207530668198,4.170176458442501e-06,0.1595791777002397,0.996188933368774,3294.493379061865,3307.3305069741436,True,tilde_q_mu,asymptotic,default,sidak_approx,observed,8.25**2 * RBF(length_scale=0.32),0.0259711206006934,0.3541516445549109,0.0959047187143026,0.319739935697802,0.023610109636994,68.11936758202175,1604.914106624776,389,175,214,416,27,0.04,0.3,0.000625,1.0,1e-08,1e+18,False,False,False,False,12,1.1,15.0,13.542501098631494,6.880161630645431,93.82038587243768,84.70417858343454,study_results/v4p2_followups_20260806/pseudo65/gp_window_ensemble_20260806/runs/window_3p0/draw_03/attempt_01/results_single.csv,1,1,1,1,single_attempt_outside_55_75MeV,False,,,,,,,window_3p0,3
2021,0.159,0.003800630875,0.15044858053125,0.16755141946875,376812670.72105056,1.64,0.152766965365,0.165233034635,0.0124660692699999,0.0,1.0,8000,0.000125,True,8361.705846440236,4.532023835950695e-06,0.1153896199760774,1.1983539805846397,3931.316597053893,3278.504906942323,True,tilde_q_mu,asymptotic,default,sidak_approx,observed,8.19**2 * RBF(length_scale=0.319),0.0259843391436889,0.3543318974139398,0.0959535314192792,0.3189376812347618,0.0236221264942626,67.09152846703621,1604.6504354828237,389,177,212,416,27,0.04,0.3,0.000625,1.0,1e-08,1e+18,False,False,False,False,12,1.1,15.0,13.50164987526527,6.836848933320556,93.22975818164392,83.91703686161361,study_results/v4p2_followups_20260806/pseudo65/gp_window_ensemble_20260806/runs/window_3p0/draw_03/attempt_01/results_single.csv,1,1,1,1,single_attempt_outside_55_75MeV,False,,,,,,,window_3p0,3
2021,0.16,0.00382665,0.1513900375,0.1686099625,367005424.0565123,1.64,0.153724294,0.166275706,0.0125514119999999,0.0,1.0,8000,0.000125,True,8561.856937842102,4.734732236795828e-06,0.0990032786077799,1.287251743900009,4194.703693385315,3258.510894474851,True,tilde_q_mu,asymptotic,default,sidak_approx,observed,8.23**2 * RBF(length_scale=0.319),0.0259985455002782,0.3545256204583391,0.0960059918676979,0.3194181993730782,0.0236350413638892,67.65538442786794,1599.885811273977,388,178,210,416,28,0.04,0.3,0.000625,1.0,1e-08,1e+18,False,False,False,False,12,1.1,15.0,13.514602934484405,6.7940745822790705,92.64647157653278,83.47201844252237,study_results/v4p2_followups_20260806/pseudo65/gp_window_ensemble_20260806/runs/window_3p0/draw_03/attempt_01/results_single.csv,1,1,1,1,single_attempt_outside_55_75MeV,False,,,,,,,window_3p0,3
2021,0.161,0.003852840875,0.15233110803125,0.16966889196875,357410945.39902496,1.64,0.154681340965,0.167318659035,0.01263731807,0.0,1.0,8000,0.000125,True,8201.256336347651,4.628141026153326e-06,0.1144190775267387,1.2033571168001262,3864.894969855204,3212.821631026786,True,tilde_q_mu,asymptotic,default,sidak_approx,observed,8.2**2 * RBF(length_scale=0.319),0.0260137212230255,0.3547325621321662,0.0960620319378876,0.3191694350601481,0.0236488374754777,67.24764716312893,1605.1600994236458,389,180,209,416,27,0.04,0.3,0.000625,1.0,1e-08,1e+18,False,False,False,False,12,1.1,15.0,13.496199776885664,6.751828603101996,92.07039004229992,82.84002516977763,study_results/v4p2_followups_20260806/pseudo65/gp_window_ensemble_20260806/runs/window_3p0/draw_03/attempt_01/results_single.csv,1,1,1,1,single_attempt_outside_55_75MeV,False,,,,,,,window_3p0,3
2021,0.162,0.0038792035,0.153271792125,0.170728207875,348034765.9525295,1.64,0.15563810626,0.16836189374,0.01272378748,0.0,1.0,8000,0.000125,True,7783.159809542249,4.482685048192174e-06,0.1427306210548739,1.0681314033374398,3413.0754101124476,3195.017980392737,True,tilde_q_mu,asymptotic,default,sidak_approx,observed,8.21**2 * RBF(length_scale=0.319),0.0260298483174566,0.3549524770562273,0.0961215851808485,0.3192048712802683,0.0236634984704151,67.32587332704662,1600.4069294711942,388,181,207,416,28,0.04,0.3,0.000625,1.0,1e-08,1e+18,False,False,False,False,12,1.1,15.0,13.489335555321553,6.710101266266818,91.50138090363842,82.2861887189647,study_results/v4p2_followups_20260806/pseudo65/gp_window_ensemble_20260806/runs/window_3p0/draw_03/attempt_01/results_single.csv,1,1,1,1,single_attempt_outside_55_75MeV,False,,,,,,,window_3p0,3
2021,0.163,0.003905737875,0.15421208978125,0.17178791021875,338899709.6922806,1.64,0.156594589885,0.169405410115,0.01281082023,0.0,1.0,8000,0.000125,True,7121.814832624132,4.1865067778200016e-06,0.197548865264692,0.8504090064904779,2683.8620421444843,3163.9869777942663,True,tilde_q_mu,asymptotic,default,sidak_approx,observed,8.22**2 * RBF(length_scale=0.319),0.0260469092282431,0.3551851258396787,0.0961845867692335,0.3193526152638442,0.0236790083893119,67.63537577951908,1600.6835084667557,388,183,205,416,28,0.04,0.3,0.000625,1.0,1e-08,1e+18,False,False,False,False,12,1.1,15.0,13.486739394373943,6.668883079677514,90.93931472287518,81.7649892246914,study_results/v4p2_followups_20260806/pseudo65/gp_window_ensemble_20260806/runs/window_3p0/draw_03/attempt_01/results_single.csv,1,1,1,1,single_attempt_outside_55_75MeV,False,,,,,,,window_3p0,3
2021,0.164,0.003932444,0.155152001,0.172847999,329984866.4340829,1.64,0.15755079184,0.17044920816,0.0128984163199999,0.0,1.0,8000,0.000125,True,6307.488852859058,3.7847617216237446e-06,0.299182478115961,0.526753243329999,1666.774369139217,3146.2516418886808,True,tilde_q_mu,asymptotic,default,sidak_approx,observed,8.2**2 * RBF(length_scale=0.319),0.0260648868258862,0.3554302748984483,0.096250973448177,0.3190127003199259,0.0236953516598965,67.18559657565717,1595.8297037641707,387,184,203,416,29,0.04,0.3,0.000625,1.0,1e-08,1e+18,False,False,False,False,12,1.1,15.0,13.463092040108537,6.6281647814657285,90.38406520180536,81.1232659180718,study_results/v4p2_followups_20260806/pseudo65/gp_window_ensemble_20260806/runs/window_3p0/draw_03/attempt_01/results_single.csv,1,1,1,1,single_attempt_outside_55_75MeV,False,,,,,,,window_3p0,3
2021,0.165,0.003959321875,0.15609152578125,0.17390847421875,321257494.71634173,1.64,0.158506712125,0.171493287875,0.01298657575,0.0,1.0,8000,0.000125,True,5616.479351406124,3.4407005442909412e-06,0.3992300097053284,0.2553406327061654,792.9949416107171,3102.3473161083593,True,tilde_q_mu,asymptotic,default,sidak_approx,observed,8.18**2 * RBF(length_scale=0.319),0.0260837643938859,0.3556876962802624,0.0963206834879114,0.3187286972295562,0.0237125130853508,66.8867934762902,1601.2556088978383,388,186,202,416,28,0.04,0.3,0.000625,1.0,1e-08,1e+18,False,False,False,False,12,1.1,15.0,13.441371485271262,6.587937333053001,89.83550908708638,80.50083001386601,study_results/v4p2_followups_20260806/pseudo65/gp_window_ensemble_20260806/runs/window_3p0/draw_03/attempt_01/results_single.csv,1,1,1,1,single_attempt_outside_55_75MeV,False,,,,,,,window_3p0,3
2021,0.166,0.0039863715,0.157030664125,0.174969335875,312800005.7109213,1.64,0.15946235074,0.17253764926,0.01307529852,0.0,1.0,8000,0.000125,True,4907.197444179708,3.0688708649995956e-06,0.5,0.0,-277.2983257640871,3082.1417312568265,True,tilde_q_mu,asymptotic,default,sidak_approx,observed,8.22**2 * RBF(length_scale=0.319),0.0261035256163684,0.3559571674959338,0.09639365663808,0.3192418760904263,0.0237304778330622,67.49037085543766,1598.3772954098883,387,187,200,416,29,0.04,0.3,0.000625,1.0,1e-08,1e+18,False,False,False,False,12,1.1,15.0,13.45282123420396,6.548191912461868,89.29352607902545,80.08332291419057,study_results/v4p2_followups_20260806/pseudo65/gp_window_ensemble_20260806/runs/window_3p0/draw_03/attempt_01/results_single.csv,1,1,1,1,single_attempt_outside_55_75MeV,False,,,,,,,window_3p0,3
2021,0.167,0.004013592875,0.15796941603125,0.17603058396875,304614329.32244956,1.64,0.160417707685,0.173582292315,0.0131645846299999,0.0,1.0,8000,0.000125,True,4252.781423831988,2.7147271360407412e-06,0.4999513009912829,0.0001220703125,-1574.2801456190823,3046.6532132642046,True,tilde_q_mu,asymptotic,default,sidak_approx,observed,8.33**2 * RBF(length_scale=0.321),0.0261241545661564,0.3562384713566791,0.0964698340836822,0.3207627088179814,0.0237492314237786,69.39206644856824,1602.0128470285538,387,189,198,416,29,0.04,0.3,0.000625,1.0,1e-08,1e+18,False,False,False,False,12,1.1,15.0,13.506235342707637,6.508919907865958,88.7579987436267,79.9190946386114,study_results/v4p2_followups_20260806/pseudo65/gp_window_ensemble_20260806/runs/window_3p0/draw_03/attempt_01/results_single.csv,1,1,1,1,single_attempt_outside_55_75MeV,False,,,,,,,window_3p0,3
2021,0.168,0.004040986,0.1589077815,0.1770922185,296547392.151297,1.64,0.16137278296,0.17462721704,0.0132544340799999,0.0,1.0,8000,0.000125,True,3904.7109102804743,2.5451033175616134e-06,0.5,0.0,-2457.8420036720404,3012.4230660888848,True,tilde_q_mu,asymptotic,default,sidak_approx,observed,8.35**2 * RBF(length_scale=0.321),0.0261456356932645,0.3565313958172433,0.0965491584025916,0.3209946861988786,0.0237687597211495,69.67368091181862,1602.144228935597,387,190,197,416,29,0.04,0.3,0.000625,1.0,1e-08,1e+18,False,False,False,False,12,1.1,15.0,13.504898445048273,6.470112911369777,88.22881242776968,79.43474345094948,study_results/v4p2_followups_20260806/pseudo65/gp_window_ensemble_20260806/runs/window_3p0/draw_03/attempt_01/results_single.csv,1,1,1,1,single_attempt_outside_55_75MeV,False,,,,,,,window_3p0,3
2021,0.169,0.004068550875,0.15984576053125,0.17815423946875,288615660.9608933,1.64,0.162327576565,0.175672423435,0.0133448468699999,0.0,1.0,8000,0.000125,True,3614.947261484355,2.4066630486282456e-06,0.5,0.0,-3370.437698564618,2979.2965052187083,True,tilde_q_mu,asymptotic,default,sidak_approx,observed,8.41**2 * RBF(length_scale=0.322),0.026167953813799,0.356835733824532,0.0966315735245651,0.3217317615973705,0.0237890489216354,70.77660420467511,1602.8771430019904,387,192,195,416,29,0.04,0.3,0.000625,1.0,1e-08,1e+18,False,False,False,False,12,1.1,15.0,13.524364200401662,6.431762713007495,87.70585517737493,79.07772852843347,study_results/v4p2_followups_20260806/pseudo65/gp_window_ensemble_20260806/runs/window_3p0/draw_03/attempt_01/results_single.csv,1,1,1,1,single_attempt_outside_55_75MeV,False,,,,,,,window_3p0,3
2021,0.17,0.0040962875,0.160783353125,0.179216646875,280901072.63455325,1.64,0.1632820885,0.1767179115,0.013435823,0.0,1.0,8000,0.000125,True,3501.4097820465354,2.3810062961116865e-06,0.5,0.0,-3756.17141990873,2961.0328328217624,True,tilde_q_mu,asymptotic,default,sidak_approx,observed,8.34**2 * RBF(length_scale=0.321),0.026191094099248,0.3571512831715639,0.0967170246916933,0.3209090645291846,0.0238100855447709,69.53901426134018,1599.435368147791,386,193,193,416,30,0.04,0.3,0.000625,1.0,1e-08,1e+18,False,False,False,False,12,1.1,15.0,13.477862728622632,6.39386129495257,87.18901765844413,78.34144076293099,study_results/v4p2_followups_20260806/pseudo65/gp_window_ensemble_20260806/runs/window_3p0/draw_03/attempt_01/results_single.csv,1,1,1,1,single_attempt_outside_55_75MeV,False,,,,,,,window_3p0,3
2021,0.171,0.004124195875,0.16172055928125,0.18027944071875,273501986.67337126,1.64,0.164236318765,0.177763681235,0.01352736247,0.0,1.0,8000,0.000125,True,3372.3942437409464,2.3415404558274227e-06,0.5,0.0,-4075.2234706914473,2917.496006393202,True,tilde_q_mu,asymptotic,default,sidak_approx,observed,8.32**2 * RBF(length_scale=0.321),0.0262150420661463,0.3574778463565409,0.0968054584202363,0.3206583947545673,0.0238318564237693,69.1661041840494,1605.0320616108363,387,195,192,416,29,0.04,0.3,0.000625,1.0,1e-08,1e+18,False,False,False,False,12,1.1,15.0,13.455032165884877,6.356400825929815,86.67819308086109,77.7505250655844,study_results/v4p2_followups_20260806/pseudo65/gp_window_ensemble_20260806/runs/window_3p0/draw_03/attempt_01/results_single.csv,1,1,1,1,single_attempt_outside_55_75MeV,False,,,,,,,window_3p0,3
2021,0.172,0.004152276,0.162657379,0.1813426209999999,266350991.61926585,1.64,0.1651902673599999,0.17880973264,0.01361946528,0.0,1.0,8000,0.000125,True,3231.4059143499135,2.29049143788107e-06,0.5,0.0,-4672.035883447948,2896.041324109457,True,tilde_q_mu,asymptotic,default,sidak_approx,observed,8.37**2 * RBF(length_scale=0.321),0.0262397835660971,0.3578152304467796,0.0968968224637768,0.3213548062894403,0.0238543486964519,70.13733047893776,1600.9439683677538,386,196,190,416,30,0.04,0.3,0.000625,1.0,1e-08,1e+18,False,False,False,False,12,1.1,15.0,13.471539733853128,6.31937365582085,86.17327712482977,77.39244845223207,study_results/v4p2_followups_20260806/pseudo65/gp_window_ensemble_20260806/runs/window_3p0/draw_03/attempt_01/results_single.csv,1,1,1,1,single_attempt_outside_55_75MeV,False,,,,,,,window_3p0,3
2021,0.173,0.004180527875,0.1635938122812499,0.18240618771875,259386988.21142492,1.64,0.166143934285,0.1798560657149999,0.0137121314299999,0.0,1.0,8000,0.000125,True,3197.3262907131275,2.313729538988883e-06,0.5,0.0,-4629.724613352744,2866.519545641806,True,tilde_q_mu,asymptotic,default,sidak_approx,observed,8.36**2 * RBF(length_scale=0.321),0.0262653047761392,0.3581632469473539,0.0969910657776472,0.3212060828841462,0.0238775497964902,69.86220102057766,1601.89773518202,386,198,188,416,30,0.04,0.3,0.000625,1.0,1e-08,1e+18,False,False,False,False,12,1.1,15.0,13.45222125476878,6.282772310455958,85.67416786985397,76.83385746689854,study_results/v4p2_followups_20260806/pseudo65/gp_window_ensemble_20260806/runs/window_3p0/draw_03/attempt_01/results_single.csv,1,1,1,1,single_attempt_outside_55_75MeV,False,,,,,,,window_3p0,3
2021,0.174,0.0042089515,0.1645298591249999,0.183470140875,252502277.02987137,1.64,0.1670973195399999,0.18090268046,0.01380536092,0.0,1.0,8000,0.000125,True,3289.95126339142,2.4316151432090364e-06,0.5,0.0,-3999.4259447676914,2849.8807091419485,True,tilde_q_mu,asymptotic,default,sidak_approx,observed,8.27**2 * RBF(length_scale=0.32),0.0262915921894454,0.3585217116742556,0.0970881384845824,0.3201327126934553,0.0239014474449503,68.35666550397919,1597.40570170093,385,199,186,416,31,0.04,0.3,0.000625,1.0,1e-08,1e+18,False,False,False,False,12,1.1,15.0,13.393863004773348,6.246589486584821,85.18076572615664,76.05996711852234,study_results/v4p2_followups_20260806/pseudo65/gp_window_ensemble_20260806/runs/window_3p0/draw_03/attempt_01/results_single.csv,1,1,1,1,single_attempt_outside_55_75MeV,False,,,,,,,window_3p0,3
2021,0.175,0.0042375468749999,0.16546551953125,0.1845344804687499,245918579.9416027,1.64,0.168050423125,0.181949576875,0.01389915375,0.0,1.0,8000,0.000125,True,3436.0288651172473,2.592670550106699e-06,0.4997768331173693,0.0005593964471381,-3067.3993165207485,2810.7895134037813,True,tilde_q_mu,asymptotic,default,sidak_approx,observed,8.21**2 * RBF(length_scale=0.319),0.0263186326063351,0.358890444631843,0.0971879918415323,0.3194260086573965,0.0239260296421228,67.39807477726768,1603.013130959985,386,201,185,416,30,0.04,0.3,0.000625,1.0,1e-08,1e+18,False,False,False,False,12,1.1,15.0,13.350564779667096,6.210818047018103,84.69297336842865,75.37993515585514,study_results/v4p2_followups_20260806/pseudo65/gp_window_ensemble_20260806/runs/window_3p0/draw_03/attempt_01/results_single.csv,1,1,1,1,single_attempt_outside_55_75MeV,False,,,,,,,window_3p0,3
2021,0.176,0.004266314,0.1664007934999999,0.1855992065,239463041.25493088,1.64,0.16900324504,0.1829967549599999,0.0139935099199999,0.0,1.0,8000,0.000125,True,3621.300620127163,2.7901871827829535e-06,0.5,0.0,-2264.16779036955,2791.3076100288617,True,tilde_q_mu,asymptotic,default,sidak_approx,observed,8.25**2 * RBF(length_scale=0.32),0.0263464131255956,0.3592692698944855,0.0972905782076107,0.3198857252183966,0.0239512846596323,68.0495301426944,1599.258407903209,385,202,183,416,31,0.04,0.3,0.000625,1.0,1e-08,1e+18,False,False,False,False,12,1.1,15.0,13.35568132416437,6.175451015934506,84.21069567183416,74.97941436528032,study_results/v4p2_followups_20260806/pseudo65/gp_window_ensemble_20260806/runs/window_3p0/draw_03/attempt_01/results_single.csv,1,1,1,1,single_attempt_outside_55_75MeV,False,,,,,,,window_3p0,3
2021,0.177,0.004295252875,0.16733568103125,0.18666431896875,233151670.99112496,1.64,0.169955785285,0.184044214715,0.0140884294299999,0.0,1.0,8000,0.000125,True,4029.991661701053,3.17111703674795e-06,0.5,0.0,-999.7131132055796,2763.3607749561443,True,tilde_q_mu,asymptotic,default,sidak_approx,observed,8.24**2 * RBF(length_scale=0.32),0.026374921136093,0.359658015492178,0.0973958510131203,0.3198383182755674,0.0239772010328118,67.95810845866274,1599.6290841561458,385,204,181,416,31,0.04,0.3,0.000625,1.0,1e-08,1e+18,False,False,False,False,12,1.1,15.0,13.339268325684934,6.140481574345738,83.73383965016914,74.4632103355655,study_results/v4p2_followups_20260806/pseudo65/gp_window_ensemble_20260806/runs/window_3p0/draw_03/attempt_01/results_single.csv,1,1,1,1,single_attempt_outside_55_75MeV,False,,,,,,,window_3p0,3
2021,0.178,0.0043243635,0.168270182125,0.1877298178749999,227019370.79188985,1.64,0.17090804386,0.1850919561399999,0.0141839122799999,0.0,1.0,8000,0.000125,True,4790.856680315621,3.849906507910515e-06,0.4462407220192559,0.1351649683968332,459.5137824233819,2735.3047207147933,True,tilde_q_mu,asymptotic,default,sidak_approx,observed,8.2**2 * RBF(length_scale=0.319),0.0264041443086661,0.3600565132999933,0.0975037647296154,0.3193357371281831,0.0240037675533328,67.30024618652104,1599.407960655722,385,205,180,416,31,0.04,0.3,0.000625,1.0,1e-08,1e+18,False,False,False,False,12,1.1,15.0,13.303567301202424,6.105903055713559,83.26231439609397,73.84572021482077,study_results/v4p2_followups_20260806/pseudo65/gp_window_ensemble_20260806/runs/window_3p0/draw_03/attempt_01/results_single.csv,1,1,1,1,single_attempt_outside_55_75MeV,False,,,,,,,window_3p0,3
2021,0.179,0.004353645875,0.1692042967812499,0.18879570321875,220993245.42708975,1.64,0.1718600207649999,0.186139979235,0.01427995847,0.0,1.0,8000,0.000125,True,5591.890560738279,4.590357969870015e-06,0.2711048864169161,0.6094747975132568,1651.8119629282662,2709.65037172491,True,tilde_q_mu,asymptotic,default,sidak_approx,observed,8.19**2 * RBF(length_scale=0.319),0.0264340705882899,0.3604645989312272,0.0976142748409662,0.3191754922209985,0.0240309732620818,67.1030327175398,1599.9710875026954,385,207,178,416,31,0.04,0.3,0.000625,1.0,1e-08,1e+18,False,False,False,False,12,1.1,15.0,13.28183793224146,6.0717089417131325,82.79603102336088,73.31223103234102,study_results/v4p2_followups_20260806/pseudo65/gp_window_ensemble_20260806/runs/window_3p0/draw_03/attempt_01/results_single.csv,1,1,1,1,single_attempt_outside_55_75MeV,False,,,,,,,window_3p0,3
2021,0.18,0.0043831,0.170138025,0.189861975,215155115.9948604,1.64,0.172811716,0.1871882839999999,0.0143765679999999,0.0,1.0,8000,0.000125,True,6412.005563363979,5.376375955825503e-06,0.1578241328756411,1.0034407193094537,2703.343795348713,2693.2039412930594,True,tilde_q_mu,asymptotic,default,sidak_approx,observed,8.2**2 * RBF(length_scale=0.319),0.0264646881865,0.360882111634091,0.0977273378153825,0.3192437694929169,0.0240588074422727,67.16130406256669,1596.3716420453534,384,208,176,416,32,0.04,0.3,0.000625,1.0,1e-08,1e+18,False,False,False,False,12,1.1,15.0,13.269309805106422,6.037892858136936,82.33490261095821,72.83515536787134,study_results/v4p2_followups_20260806/pseudo65/gp_window_ensemble_20260806/runs/window_3p0/draw_03/attempt_01/results_single.csv,1,1,1,1,single_attempt_outside_55_75MeV,False,,,,,,,window_3p0,3
2021,0.181,0.004412725875,0.1710713667812499,0.19092863321875,209423665.4643851,1.64,0.173763129565,0.1882368704349999,0.0144737408699999,0.0,1.0,8000,0.000125,True,7079.5219827218425,6.064842474747055e-06,0.0916595389902388,1.3306048130476864,3532.9354356322738,2657.4938643848022,True,tilde_q_mu,asymptotic,default,sidak_approx,observed,8.17**2 * RBF(length_scale=0.319),0.0264959855740647,0.3613088941917919,0.0978429110783556,0.3188774583294156,0.0240872596127861,66.68195471407572,1601.689165527902,385,210,175,416,31,0.04,0.3,0.000625,1.0,1e-08,1e+18,False,False,False,False,12,1.1,15.0,13.238428258569828,6.004448570933435,81.87884414909227,72.26314694415854,study_results/v4p2_followups_20260806/pseudo65/gp_window_ensemble_20260806/runs/window_3p0/draw_03/attempt_01/results_single.csv,1,1,1,1,single_attempt_outside_55_75MeV,False,,,,,,,window_3p0,3
2021,0.182,0.0044425235,0.172004322125,0.191995677875,203890389.41582435,1.64,0.17471426146,0.18928573854,0.01457147708,0.0,1.0,8000,0.000125,True,7246.3996587477695,6.341238118791473e-06,0.0787567712766648,1.4134837278084589,3737.9506379837994,2642.4333345666096,True,tilde_q_mu,asymptotic,default,sidak_approx,observed,8.19**2 * RBF(length_scale=0.319),0.0265279514739,0.3617447928259099,0.0979609529864923,0.319225488161775,0.0241163195217273,67.15581251125609,1597.2592792806822,384,211,173,416,32,0.04,0.3,0.000625,1.0,1e-08,1e+18,False,False,False,False,12,1.1,15.0,13.236907392696152,5.971369982376021,81.42777248694574,71.8567922402155,study_results/v4p2_followups_20260806/pseudo65/gp_window_ensemble_20260806/runs/window_3p0/draw_03/attempt_01/results_single.csv,1,1,1,1,single_attempt_outside_55_75MeV,False,,,,,,,window_3p0,3
2021,0.183,0.004472492875,0.1729368910312499,0.19306310896875,198621214.40460417,1.64,0.1756651116849999,0.190334888315,0.01466977663,0.0,1.0,8000,0.000125,True,7058.522640042205,6.306044214408102e-06,0.0869038518209786,1.360070220706928,3565.4195906315376,2619.098521647194,True,tilde_q_mu,asymptotic,default,sidak_approx,observed,8.21**2 * RBF(length_scale=0.319),0.0265605748542153,0.3621896571029359,0.098081422802206,0.3193656593334285,0.0241459771401957,67.37176169325069,1598.001648577139,384,213,171,416,32,0.04,0.3,0.000625,1.0,1e-08,1e+18,False,False,False,False,12,1.1,15.0,13.226454140958392,5.938651127357089,80.98160628214212,71.40663345012673,study_results/v4p2_followups_20260806/pseudo65/gp_window_ensemble_20260806/runs/window_3p0/draw_03/attempt_01/results_single.csv,1,1,1,1,single_attempt_outside_55_75MeV,False,,,,,,,window_3p0,3
2021,0.184,0.004502634,0.1738690735,0.1941309265,193360941.65798712,1.64,0.17661568024,0.19138431976,0.01476863952,0.0,1.0,8000,0.000125,True,6533.728711746773,5.963406917086008e-06,0.1249273716801357,1.150702267517686,2998.603403354985,2604.9450266148033,True,tilde_q_mu,asymptotic,default,sidak_approx,observed,8.22**2 * RBF(length_scale=0.319),0.026593844921878,0.3626433398437911,0.0982042806692136,0.3194680659789153,0.0241762226562527,67.56123787713577,1596.3181799589393,383,214,169,416,33,0.04,0.3,0.000625,1.0,1e-08,1e+18,False,False,False,False,12,1.1,15.0,13.214143107516866,5.906286169801502,80.54026595183866,70.95137334700429,study_results/v4p2_followups_20260806/pseudo65/gp_window_ensemble_20260806/runs/window_3p0/draw_03/attempt_01/results_single.csv,1,1,1,1,single_attempt_outside_55_75MeV,False,,,,,,,window_3p0,3
2021,0.185,0.004532946875,0.1748008695312499,0.19519913046875,188216407.4390779,1.64,0.177565967125,0.192434032875,0.0148680657499999,0.0,1.0,8000,0.000125,True,5964.024410195151,5.5619890093658205e-06,0.1761059473084453,0.930307502130904,2389.678827021169,2571.8886233772823,True,tilde_q_mu,asymptotic,default,sidak_approx,observed,8.18**2 * RBF(length_scale=0.319),0.0266277511159985,0.3631056970363433,0.0983294875888454,0.3190534902680088,0.0242070464690895,66.97553736820596,1599.5090003671426,384,216,168,416,32,0.04,0.3,0.000625,1.0,1e-08,1e+18,False,False,False,False,12,1.1,15.0,13.180190762859665,5.874269399197075,80.10367362541467,70.38544661258771,study_results/v4p2_followups_20260806/pseudo65/gp_window_ensemble_20260806/runs/window_3p0/draw_03/attempt_01/results_single.csv,1,1,1,1,single_attempt_outside_55_75MeV,False,,,,,,,window_3p0,3
2021,0.186,0.0045634315,0.175732279125,0.196267720875,183203373.0638776,1.64,0.17851597234,0.19348402766,0.01496805532,0.0,1.0,8000,0.000125,True,5198.2666930873775,4.953727003795744e-06,0.2862118773219936,0.5644855159982719,1444.9119339607082,2560.5409257633114,True,tilde_q_mu,asymptotic,default,sidak_approx,observed,8.1**2 * RBF(length_scale=0.318),0.0266622831017154,0.3635765877506647,0.0984570053970965,0.3179809142965397,0.0242384391833776,65.64998360914382,1593.4991907973058,383,217,166,416,33,0.04,0.3,0.000625,1.0,1e-08,1e+18,False,False,False,False,12,1.1,15.0,13.118869242810243,5.84259522723534,79.67175309866373,69.68022074978876,study_results/v4p2_followups_20260806/pseudo65/gp_window_ensemble_20260806/runs/window_3p0/draw_03/attempt_01/results_single.csv,1,1,1,1,single_attempt_outside_55_75MeV,False,,,,,,,window_3p0,3
2021,0.187,0.004594087875,0.17666330228125,0.19733669771875,178278504.14348978,1.64,0.179465695885,0.194534304115,0.01506860823,0.0,1.0,8000,0.000125,True,4440.171045658204,4.324929520260016e-06,0.4345541418587951,0.164791259724934,418.19998156814927,2538.109262995125,True,tilde_q_mu,asymptotic,default,sidak_approx,observed,8.08**2 * RBF(length_scale=0.318),0.0266974307641825,0.3640558740570343,0.0985867967424219,0.3177327512027574,0.0242703916038022,65.32348318543224,1593.6968177867052,383,219,164,416,33,0.04,0.3,0.000625,1.0,1e-08,1e+18,False,False,False,False,12,1.1,15.0,13.091373076690706,5.811258184560199,79.24442978945724,69.16122630822717,study_results/v4p2_followups_20260806/pseudo65/gp_window_ensemble_20260806/runs/window_3p0/draw_03/attempt_01/results_single.csv,1,1,1,1,single_attempt_outside_55_75MeV,False,,,,,,,window_3p0,3
2021,0.188,0.004624916,0.177593939,0.198406061,173567784.67781383,1.64,0.18041513776,0.19558486224,0.0151697244799999,0.0,1.0,8000,0.000125,True,3828.9660833074186,3.81043424676642e-06,0.5,0.0,-551.6085211940494,2512.4546082946754,True,tilde_q_mu,asymptotic,default,sidak_approx,observed,8.09**2 * RBF(length_scale=0.318),0.0267331842027451,0.3645434209465248,0.0987188250642313,0.3178886008621398,0.0243028947297683,65.47921641264901,1594.2560546659174,383,220,163,416,33,0.04,0.3,0.000625,1.0,1e-08,1e+18,False,False,False,False,12,1.1,15.0,13.080277242560818,5.78025291761951,78.8216306948115,68.73391881325841,study_results/v4p2_followups_20260806/pseudo65/gp_window_ensemble_20260806/runs/window_3p0/draw_03/attempt_01/results_single.csv,1,1,1,1,single_attempt_outside_55_75MeV,False,,,,,,,window_3p0,3
2021,0.189,0.004655915875,0.17852418928125,0.19947581071875,168874228.16818193,1.64,0.181364297965,0.196635702035,0.0152714040699999,0.0,1.0,8000,0.000125,True,3471.7225312024166,3.5321549632031236e-06,0.5,0.0,-1291.9697990566626,2488.6597493766712,True,tilde_q_mu,asymptotic,default,sidak_approx,observed,8.13**2 * RBF(length_scale=0.318),0.0267695337253012,0.3650390962541072,0.0988530545720656,0.3183842087839093,0.0243359397502738,66.08179501366571,1595.4999763565584,383,222,161,416,33,0.04,0.3,0.000625,1.0,1e-08,1e+18,False,False,False,False,12,1.1,15.0,13.082881205782364,5.749574185616315,78.40328434931338,68.38272368568283,study_results/v4p2_followups_20260806/pseudo65/gp_window_ensemble_20260806/runs/window_3p0/draw_03/attempt_01/results_single.csv,1,1,1,1,single_attempt_outside_55_75MeV,False,,,,,,,window_3p0,3
2021,0.19,0.0046870875,0.179454053125,0.200545946875,164378838.92039412,1.64,0.1823131765,0.1976868235,0.0153736469999999,0.0,1.0,8000,0.000125,True,3299.4328394028053,3.430518022189495e-06,0.5,0.0,-1711.633310604053,2472.026856336915,True,tilde_q_mu,asymptotic,default,sidak_approx,observed,8.2**2 * RBF(length_scale=0.319),0.0268064698428396,0.3655427705841774,0.0989894502254296,0.3192685107705851,0.0243695180389451,67.25170771059135,1592.1235251873504,382,223,159,416,34,0.04,0.3,0.000625,1.0,1e-08,1e+18,False,False,False,False,12,1.1,15.0,13.101141773110122,5.719216857555929,77.98932078485358,68.11660989272872,study_results/v4p2_followups_20260806/pseudo65/gp_window_ensemble_20260806/runs/window_3p0/draw_03/attempt_01/results_single.csv,1,1,1,1,single_attempt_outside_55_75MeV,False,,,,,,,window_3p0,3
2021,0.191,0.004718430875,0.18038353053125,0.20161646946875,160024504.07567304,1.64,0.183261773365,0.198738226635,0.01547645327,0.0,1.0,8000,0.000125,True,3117.173127084423,3.311776258163756e-06,0.5,0.0,-2207.5701617757873,2450.896255557789,True,tilde_q_mu,asymptotic,default,sidak_approx,observed,8.13**2 * RBF(length_scale=0.318),0.026843983264149,0.3660543172383967,0.099127977714251,0.3183644784760028,0.0244036211492264,66.09635448225937,1593.4657486380647,382,225,157,416,34,0.04,0.3,0.000625,1.0,1e-08,1e+18,False,False,False,False,12,1.1,15.0,13.045788431529324,5.68917590938515,77.57967149161568,67.47253205781101,study_results/v4p2_followups_20260806/pseudo65/gp_window_ensemble_20260806/runs/window_3p0/draw_03/attempt_01/results_single.csv,1,1,1,1,single_attempt_outside_55_75MeV,False,,,,,,,window_3p0,3
2021,0.192,0.004749946,0.1813126215,0.2026873785,155718995.1526329,1.64,0.18421008856,0.19978991144,0.0155798228799999,0.0,1.0,8000,0.000125,True,3017.2710585266077,3.2771130832937816e-06,0.5,0.0,-2439.547351625348,2425.7795507916912,True,tilde_q_mu,asymptotic,default,sidak_approx,observed,8.13**2 * RBF(length_scale=0.318),0.0268820648906906,0.3665736121457819,0.0992686034399486,0.3183201160445239,0.0244382408097187,66.10972496897357,1592.9026397631592,382,226,156,416,34,0.04,0.3,0.000625,1.0,1e-08,1e+18,False,False,False,False,12,1.1,15.0,13.025492240748028,5.659446421220509,77.17426938027965,67.01552313321538,study_results/v4p2_followups_20260806/pseudo65/gp_window_ensemble_20260806/runs/window_3p0/draw_03/attempt_01/results_single.csv,1,1,1,1,single_attempt_outside_55_75MeV,False,,,,,,,window_3p0,3
2021,0.193,0.004781632875,0.18224132603125,0.20375867396875,151601184.85939226,1.64,0.185158122085,0.200841877915,0.0156837558299999,0.0,1.0,8000,0.000125,True,3013.275826896037,3.344251303770327e-06,0.4999513009912829,0.0001220703125,-2319.3056385554737,2401.651087626142,True,tilde_q_mu,asymptotic,default,sidak_approx,observed,8.15**2 * RBF(length_scale=0.318),0.0269207058116312,0.3671005337949717,0.0994112944970904,0.3184815028869335,0.0244733689196647,66.35163221327757,1592.7778779706623,382,228,154,416,34,0.04,0.3,0.000625,1.0,1e-08,1e+18,False,False,False,False,12,1.1,15.0,13.013390348193054,5.630023574662507,76.77304874539782,66.60517676964766,study_results/v4p2_followups_20260806/pseudo65/gp_window_ensemble_20260806/runs/window_3p0/draw_03/attempt_01/results_single.csv,1,1,1,1,single_attempt_outside_55_75MeV,False,,,,,,,window_3p0,3
2021,0.194,0.0048134915,0.183169644125,0.204830355875,147523768.56605715,1.64,0.18610587394,0.20189412606,0.01578825212,0.0,1.0,8000,0.000125,True,3020.3720933924756,3.427020031633741e-06,0.5,0.0,-2209.705868238071,2387.6838213754704,True,tilde_q_mu,asymptotic,default,sidak_approx,observed,8.1**2 * RBF(length_scale=0.318),0.0269598972990275,0.3676349631685571,0.0995560186556095,0.3177645789806357,0.0245089975445704,65.54707273691028,1588.9639411735752,381,229,152,416,35,0.04,0.3,0.000625,1.0,1e-08,1e+18,False,False,False,False,12,1.1,15.0,12.965221380546865,5.600902650192177,76.37594522989332,66.01540253693929,study_results/v4p2_followups_20260806/pseudo65/gp_window_ensemble_20260806/runs/window_3p0/draw_03/attempt_01/results_single.csv,1,1,1,1,single_attempt_outside_55_75MeV,False,,,,,,,window_3p0,3
2021,0.195,0.004845521875,0.18409757578125,0.20590242421875,143578408.5209931,1.64,0.187053344125,0.202946655875,0.0158933117499999,0.0,1.0,8000,0.000125,True,3037.265055182996,3.52272603437857e-06,0.5,0.0,-1976.2770286585524,2354.975631681061,True,tilde_q_mu,asymptotic,default,sidak_approx,observed,8.06**2 * RBF(length_scale=0.317),0.0269996308031587,0.368176783679438,0.09970274434357,0.3171797649588969,0.0245451189119625,64.98908602803962,1593.029469601283,382,231,151,416,34,0.04,0.3,0.000625,1.0,1e-08,1e+18,False,False,False,False,12,1.1,15.0,12.922315271583924,5.572079024647637,75.9828957906496,65.45832897697873,study_results/v4p2_followups_20260806/pseudo65/gp_window_ensemble_20260806/runs/window_3p0/draw_03/attempt_01/results_single.csv,1,1,1,1,single_attempt_outside_55_75MeV,False,,,,,,,window_3p0,3
2021,0.196,0.004877724,0.185025121,0.206974879,139755894.5302579,1.64,0.18800053264,0.20399946736,0.01599893472,0.0,1.0,8000,0.000125,True,3170.19944699499,3.75820358289304e-06,0.5,0.0,-1468.8835363698006,2337.722260166031,True,tilde_q_mu,asymptotic,default,sidak_approx,observed,8.08**2 * RBF(length_scale=0.317),0.0270398979480013,0.3687258811091098,0.0998514406304547,0.3174431390561376,0.0245817254072739,65.25576103064255,1588.628473139359,381,232,149,416,35,0.04,0.3,0.000625,1.0,1e-08,1e+18,False,False,False,False,12,1.1,15.0,12.913785903824428,5.543548168777362,75.59383866514584,65.08017654466255,study_results/v4p2_followups_20260806/pseudo65/gp_window_ensemble_20260806/runs/window_3p0/draw_03/attempt_01/results_single.csv,1,1,1,1,single_attempt_outside_55_75MeV,False,,,,,,,window_3p0,3
2021,0.197,0.004910097875,0.18595227978125,0.20804772021875,136004179.86803293,1.64,0.188947439485,0.205052560515,0.01610512103,0.0,1.0,8000,0.000125,True,3308.317552196877,4.009669980152447e-06,0.4999655646006563,8.631674575031098e-05,-988.5641393537562,2311.5188998489452,True,tilde_q_mu,asymptotic,default,sidak_approx,observed,8.11**2 * RBF(length_scale=0.318),0.0270806905268411,0.3692821435478344,0.1000020772109632,0.317876032550797,0.0246188095698556,65.7096420759332,1588.0638332795274,381,234,147,416,35,0.04,0.3,0.000625,1.0,1e-08,1e+18,False,False,False,False,12,1.1,15.0,12.911917274018752,5.51530564486786,75.20871333910718,64.7392456613295,study_results/v4p2_followups_20260806/pseudo65/gp_window_ensemble_20260806/runs/window_3p0/draw_03/attempt_01/results_single.csv,1,1,1,1,single_attempt_outside_55_75MeV,False,,,,,,,window_3p0,3
2021,0.198,0.0049426435,0.186879052125,0.209120947875,132354320.73115931,1.64,0.18989406466,0.20610593534,0.01621187068,0.0,1.0,8000,0.000125,True,3515.796894949015,4.3565267651347495e-06,0.5,0.0,-461.3446971731269,2292.5751529886243,True,tilde_q_mu,asymptotic,default,sidak_approx,observed,8.16**2 * RBF(length_scale=0.319),0.0271220004980165,0.3698454613365898,0.1001546243892919,0.3185641902507614,0.0246563640891059,66.55371840741233,1584.6509016112554,380,235,145,416,36,0.04,0.3,0.000625,1.0,1e-08,1e+18,False,False,False,False,12,1.1,15.0,12.920160859869592,5.487347104442508,74.82746051512511,64.45218843939712,study_results/v4p2_followups_20260806/pseudo65/gp_window_ensemble_20260806/runs/window_3p0/draw_03/attempt_01/results_single.csv,1,1,1,1,single_attempt_outside_55_75MeV,False,,,,,,,window_3p0,3
2021,0.199,0.004975360875,0.18780543803125,0.21019456196875,128788002.15036236,1.64,0.190840408165,0.207159591835,0.01631918367,0.0,1.0,8000,0.000125,True,3800.878786736148,4.8158778093905425e-06,0.4797498867365985,0.0507813233595098,121.64819860087135,2264.4228872859894,True,tilde_q_mu,asymptotic,default,sidak_approx,observed,8.22**2 * RBF(length_scale=0.319),0.0271638199807916,0.3704157270107955,0.100309053063895,0.3192599518359138,0.0246943818007197,67.49664101890434,1587.558871607033,380,236,144,416,36,0.04,0.3,0.000625,1.0,1e-08,1e+18,False,False,False,False,12,1.1,15.0,12.928444794135691,5.459668286029939,74.45002208222643,64.16820002748318,study_results/v4p2_followups_20260806/pseudo65/gp_window_ensemble_20260806/runs/window_3p0/draw_03/attempt_01/results_single.csv,1,1,1,1,single_attempt_outside_55_75MeV,False,,,,,,,window_3p0,3
2021,0.2,0.00500825,0.1887314375,0.2112685625,125353032.55969112,1.64,0.19178647,0.20821353,0.0164270599999999,0.0,1.0,8000,0.000125,True,3935.5806451844383,5.097578208065868e-06,0.4308049016221109,0.1743253176679278,390.7651483103985,2241.5494956659045,True,tilde_q_mu,asymptotic,default,sidak_approx,observed,8.21**2 * RBF(length_scale=0.319),0.027206141251351,0.3709928352456959,0.1004653347126938,0.3192139124395385,0.0247328556830463,67.35675805436026,1588.493129554195,380,238,142,416,36,0.04,0.3,0.000625,1.0,1e-08,1e+18,False,False,False,False,12,1.1,15.0,12.906472124783786,5.432265012998759,74.0763410863467,63.73761542246064,study_results/v4p2_followups_20260806/pseudo65/gp_window_ensemble_20260806/runs/window_3p0/draw_03/attempt_01/results_single.csv,1,1,1,1,single_attempt_outside_55_75MeV,False,,,,,,,window_3p0,3
2021,0.201,0.005041310875,0.18965705053125,0.21234294946875,122019355.53382406,1.64,0.192732250165,0.209267749835,0.01653549967,0.0,1.0,8000,0.000125,True,4099.169958683438,5.427390411654126e-06,0.3808661916368395,0.3032066476131219,674.6608676278361,2225.0522911858548,True,tilde_q_mu,asymptotic,default,sidak_approx,observed,8.22**2 * RBF(length_scale=0.319),0.027248956738914,0.3715766828033728,0.1006234413787278,0.3193703296544989,0.0247717788535581,67.55267580974379,1584.610494119745,379,239,140,416,37,0.04,0.3,0.000625,1.0,1e-08,1e+18,False,False,False,False,12,1.1,15.0,12.89250689433734,5.405133191456678,73.70636170168197,63.3506517596971,study_results/v4p2_followups_20260806/pseudo65/gp_window_ensemble_20260806/runs/window_3p0/draw_03/attempt_01/results_single.csv,1,1,1,1,single_attempt_outside_55_75MeV,False,,,,,,,window_3p0,3
2021,0.202,0.0050745435,0.190582277125,0.213417722875,118808713.66471364,1.64,0.19367774866,0.21032225134,0.01664450268,0.0,1.0,8000,0.000125,True,4112.1972566942995,5.56409066170889e-06,0.3643994925377982,0.3467235913482333,761.0245661612506,2196.192544895932,True,tilde_q_mu,asymptotic,default,sidak_approx,observed,8.16**2 * RBF(length_scale=0.319),0.0272922590219629,0.3721671684813132,0.100783345656227,0.3185678004729628,0.0248111445654208,66.5239008456332,1589.1238746883205,380,241,139,416,36,0.04,0.3,0.000625,1.0,1e-08,1e+18,False,False,False,False,12,1.1,15.0,12.839705948791597,5.37826880821161,73.34002920288559,62.77762728272263,study_results/v4p2_followups_20260806/pseudo65/gp_window_ensemble_20260806/runs/window_3p0/draw_03/attempt_01/results_single.csv,1,1,1,1,single_attempt_outside_55_75MeV,False,,,,,,,window_3p0,3
2021,0.203,0.005107947875,0.19150711728125,0.21449288271875,115574322.00533302,1.64,0.194622965485,0.211377034515,0.0167540690299999,0.0,1.0,8000,0.000125,True,4409.6611601227705,6.103342602419186e-06,0.2893305411666231,0.5553415230555107,1209.7054626319227,2179.505213943771,True,tilde_q_mu,asymptotic,default,sidak_approx,observed,8.21**2 * RBF(length_scale=0.319),0.0273360408245852,0.3727641930625258,0.1009450206771031,0.3192715684731484,0.0248509462041683,67.4360097314998,1584.9522410238133,379,242,137,416,37,0.04,0.3,0.000625,1.0,1e-08,1e+18,False,False,False,False,12,1.1,15.0,12.847461253591836,5.351667928793269,72.97728993809002,62.50486032478326,study_results/v4p2_followups_20260806/pseudo65/gp_window_ensemble_20260806/runs/window_3p0/draw_03/attempt_01/results_single.csv,1,1,1,1,single_attempt_outside_55_75MeV,False,,,,,,,window_3p0,3
2021,0.204,0.005141524,0.192431571,0.2155684289999999,112452833.18684237,1.64,0.19556790064,0.21243209936,0.01686419872,0.0,1.0,8000,0.000125,True,4774.182381303508,6.758002663911281e-06,0.2119055179746463,0.7998270024690417,1724.1754199349516,2157.4362641085004,True,tilde_q_mu,asymptotic,default,sidak_approx,observed,8.26**2 * RBF(length_scale=0.32),0.0273802950129184,0.3733676592670698,0.1011084400978236,0.3198084780793811,0.0248911772844713,68.23147997037425,1587.2331585835873,379,244,135,416,37,0.04,0.3,0.000625,1.0,1e-08,1e+18,False,False,False,False,12,1.1,15.0,12.84826645298524,5.325326695531998,72.61809130270905,62.20110575762772,study_results/v4p2_followups_20260806/pseudo65/gp_window_ensemble_20260806/runs/window_3p0/draw_03/attempt_01/results_single.csv,1,1,1,1,single_attempt_outside_55_75MeV,False,,,,,,,window_3p0,3
2021,0.205,0.005175271875,0.19335563828125,0.2166443617187499,109447447.25856656,1.64,0.196512554125,0.213487445875,0.01697489175,0.0,1.0,8000,0.000125,True,5022.680469541624,7.269356615423733e-06,0.1687511669016599,0.959111984060209,2054.5065646065837,2143.3396840410483,True,tilde_q_mu,asymptotic,default,sidak_approx,observed,8.28**2 * RBF(length_scale=0.32),0.0274250145917023,0.3739774717050326,0.1012735780866781,0.3200124483503248,0.0249318314470021,68.48231708872403,1585.9752241098588,378,245,133,416,38,0.04,0.3,0.000625,1.0,1e-08,1e+18,False,False,False,False,12,1.1,15.0,12.835497024379388,5.2992413256941004,72.26238171401046,61.83490569764991,study_results/v4p2_followups_20260806/pseudo65/gp_window_ensemble_20260806/runs/window_3p0/draw_03/attempt_01/results_single.csv,1,1,1,1,single_attempt_outside_55_75MeV,False,,,,,,,window_3p0,3
2021,0.206,0.0052091915,0.194279319125,0.217720680875,106491864.68179588,1.64,0.19745692594,0.2145430740599999,0.0170861481199999,0.0,1.0,8000,0.000125,True,5253.699108385761,7.776809598546697e-06,0.1299620505050794,1.1265705391415803,2379.352034051218,2114.84915424433,True,tilde_q_mu,asymptotic,default,sidak_approx,observed,8.3**2 * RBF(length_scale=0.32),0.0274701927009294,0.3745935368308561,0.1014404093114096,0.3203081033827992,0.0249729024553904,68.90455937939925,1588.4331085757262,379,247,132,416,37,0.04,0.3,0.000625,1.0,1e-08,1e+18,False,False,False,False,12,1.1,15.0,12.826226505107764,5.273408109671041,71.91011058642329,61.489024425920846,study_results/v4p2_followups_20260806/pseudo65/gp_window_ensemble_20260806/runs/window_3p0/draw_03/attempt_01/results_single.csv,1,1,1,1,single_attempt_outside_55_75MeV,False,,,,,,,window_3p0,3
2021,0.207,0.005243282875,0.1952026135312499,0.21879738646875,103594993.30477582,1.64,0.198401016085,0.215598983915,0.0171979678299999,0.0,1.0,8000,0.000125,True,5382.038157527092,8.149999505994158e-06,0.1131250468584703,1.210075055914659,2544.1895902336723,2103.5021215374654,True,tilde_q_mu,asymptotic,default,sidak_approx,observed,8.28**2 * RBF(length_scale=0.32),0.0275158226125923,0.375215762898986,0.1016089089272047,0.3200773133520467,0.0250143841932657,68.55473088246204,1584.2358052924194,378,248,130,416,38,0.04,0.3,0.000625,1.0,1e-08,1e+18,False,False,False,False,12,1.1,15.0,12.79573028378674,5.247823409220947,71.56122830755837,61.04521174666676,study_results/v4p2_followups_20260806/pseudo65/gp_window_ensemble_20260806/runs/window_3p0/draw_03/attempt_01/results_single.csv,1,1,1,1,single_attempt_outside_55_75MeV,False,,,,,,,window_3p0,3
2021,0.208,0.005277546,0.1961255214999999,0.2198744785,100755569.91566654,1.64,0.19934482456,0.21665517544,0.0173103508799999,0.0,1.0,8000,0.000125,True,5467.575450499862,8.471929011166402e-06,0.0999529041040594,1.28181996693762,2672.0346421407244,2084.890786476229,True,tilde_q_mu,asymptotic,default,sidak_approx,observed,8.33**2 * RBF(length_scale=0.321),0.0275618977275242,0.3758440599207857,0.1017790525650254,0.3206448577208552,0.0250562706613857,69.3697312694595,1584.9084299310896,378,250,128,416,38,0.04,0.3,0.000625,1.0,1e-08,1e+18,False,False,False,False,12,1.1,15.0,12.796990504057808,5.222483655760516,71.21568621491612,60.75643068214948,study_results/v4p2_followups_20260806/pseudo65/gp_window_ensemble_20260806/runs/window_3p0/draw_03/attempt_01/results_single.csv,1,1,1,1,single_attempt_outside_55_75MeV,False,,,,,,,window_3p0,3
2021,0.209,0.005311980875,0.1970480430312499,0.22095195696875,97975291.24730824,1.64,0.200288351365,0.2177116486349999,0.0174232972699999,0.0,1.0,8000,0.000125,True,5510.072706245235,8.738047521087141e-06,0.0933931870497209,1.3201457093204394,2737.7232016379294,2073.995757329979,True,tilde_q_mu,asymptotic,default,sidak_approx,observed,8.32**2 * RBF(length_scale=0.321),0.0276084115723308,0.3764783396226934,0.101950816320278,0.320586978146308,0.0250985559748462,69.29164925649793,1581.1350677991002,377,251,126,416,39,0.04,0.3,0.000625,1.0,1e-08,1e+18,False,False,False,False,12,1.1,15.0,12.773124416703508,5.197385348705882,70.87343657326201,60.351681545974685,study_results/v4p2_followups_20260806/pseudo65/gp_window_ensemble_20260806/runs/window_3p0/draw_03/attempt_01/results_single.csv,1,1,1,1,single_attempt_outside_55_75MeV,False,,,,,,,window_3p0,3
2021,0.21,0.0053465875,0.197970178125,0.2220298218749999,95309478.67396852,1.64,0.2012315965,0.2187684034999999,0.0175368069999999,0.0,1.0,8000,0.000125,True,5227.325804882019,8.480942184874621e-06,0.1151696549288213,1.1994852676959735,2459.361013134165,2050.226275445737,True,tilde_q_mu,asymptotic,default,sidak_approx,observed,8.29**2 * RBF(length_scale=0.32),0.0276553577964078,0.3771185154055612,0.1021241767418025,0.320197547823463,0.0251412343603707,68.68742945018559,1586.0422920866251,378,253,125,416,38,0.04,0.3,0.000625,1.0,1e-08,1e+18,False,False,False,False,12,1.1,15.0,12.73595175295686,5.172525053860584,70.53443255264432,59.888208660844526,study_results/v4p2_followups_20260806/pseudo65/gp_window_ensemble_20260806/runs/window_3p0/draw_03/attempt_01/results_single.csv,1,1,1,1,single_attempt_outside_55_75MeV,False,,,,,,,window_3p0,3
2021,0.211,0.005381365875,0.19889192678125,0.2231080732187499,92716703.49811862,1.64,0.202174559965,0.2198254400349999,0.0176508800699999,0.0,1.0,8000,0.000125,True,4849.121637150542,8.049011778785548e-06,0.1595466210345668,0.9963229794497636,2034.295051347561,2041.9361139991704,True,tilde_q_mu,asymptotic,default,sidak_approx,observed,8.23**2 * RBF(length_scale=0.32),0.0277027301690448,0.3777645023051568,0.1022991108211761,0.3195647418017375,0.0251843001536771,67.76622430100731,1579.9336624929413,377,254,123,416,39,0.04,0.3,0.000625,1.0,1e-08,1e+18,False,False,False,False,12,1.1,15.0,12.689045947345033,5.147899401849318,70.19862820703615,59.38357458397819,study_results/v4p2_followups_20260806/pseudo65/gp_window_ensemble_20260806/runs/window_3p0/draw_03/attempt_01/results_single.csv,1,1,1,1,single_attempt_outside_55_75MeV,False,,,,,,,window_3p0,3
2021,0.212,0.005416316,0.199813289,0.2241867109999999,90185144.73372865,1.64,0.2031172417599999,0.22088275824,0.01776551648,0.0,1.0,8000,0.000125,True,4532.795952099839,7.69866148544143e-06,0.2033450147013463,0.8297325222637698,1681.1524275730656,2026.0952924994776,True,tilde_q_mu,asymptotic,default,sidak_approx,observed,8.23**2 * RBF(length_scale=0.32),0.0277505225766093,0.3784162169537641,0.1024755959823144,0.3195570679814878,0.0252277477969176,67.75828628887483,1580.3015217505906,377,256,121,416,39,0.04,0.3,0.000625,1.0,1e-08,1e+18,False,False,False,False,12,1.1,15.0,12.666888481441536,5.123505086595644,69.86597845357696,58.99897051455044,study_results/v4p2_followups_20260806/pseudo65/gp_window_ensemble_20260806/runs/window_3p0/draw_03/attempt_01/results_single.csv,1,1,1,1,single_attempt_outside_55_75MeV,False,,,,,,,window_3p0,3
2021,0.213,0.005451437875,0.20073426478125,0.2252657352187499,87692400.078589,1.64,0.204059641885,0.2219403581149999,0.0178807162299999,0.0,1.0,8000,0.000125,True,4124.696171150709,7.170844841300732e-06,0.275437978315687,0.5964480385895105,1194.6486692014078,2008.9550313176535,True,tilde_q_mu,asymptotic,default,sidak_approx,observed,8.19**2 * RBF(length_scale=0.319),0.0277987290198092,0.3790735775428533,0.1026536100713629,0.3190651645202563,0.0252715718361902,67.07463800630943,1579.3735028191506,377,257,120,416,39,0.04,0.3,0.000625,1.0,1e-08,1e+18,False,False,False,False,12,1.1,15.0,12.625457830182851,5.0993388638422745,69.53643905239464,58.52862526113925,study_results/v4p2_followups_20260806/pseudo65/gp_window_ensemble_20260806/runs/window_3p0/draw_03/attempt_01/results_single.csv,1,1,1,1,single_attempt_outside_55_75MeV,False,,,,,,,window_3p0,3
2021,0.214,0.0054867315,0.201654854125,0.226345145875,85297275.72952412,1.64,0.20500176034,0.2229982396599999,0.0179964793199999,0.0,1.0,8000,0.000125,True,3775.766333329624,6.717011592193903e-06,0.3520880274463159,0.3796893119768775,756.4106655681148,1991.8109573225747,True,tilde_q_mu,asymptotic,default,sidak_approx,observed,8.26**2 * RBF(length_scale=0.32),0.0278473436110351,0.3797365037868427,0.1028331313468833,0.3198416742123541,0.0253157669191228,68.18877544782806,1578.3988791712443,377,259,118,416,39,0.04,0.3,0.000625,1.0,1e-08,1e+18,False,False,False,False,12,1.1,15.0,12.634089863213044,5.075397549713366,69.20996658700044,58.29366248600904,study_results/v4p2_followups_20260806/pseudo65/gp_window_ensemble_20260806/runs/window_3p0/draw_03/attempt_01/results_single.csv,1,1,1,1,single_attempt_outside_55_75MeV,False,,,,,,,window_3p0,3
2021,0.215,0.005522196875,0.20257505703125,0.22742494296875,82936171.06195708,1.64,0.205943597125,0.224056402875,0.01811280575,0.0,1.0,8000,0.000125,True,3250.959332364763,5.920372294578085e-06,0.5,0.0,-15.243228721847212,1981.7453798243785,True,tilde_q_mu,asymptotic,default,sidak_approx,observed,8.29**2 * RBF(length_scale=0.32),0.0278963605717713,0.380404916887791,0.1030141384702921,0.3201385827900145,0.0253603277925194,68.67175073402827,1575.656733347729,376,260,116,416,40,0.04,0.3,0.000625,1.0,1e-08,1e+18,False,False,False,False,12,1.1,15.0,12.62359798379446,5.051678019315698,68.88651844521407,57.97304769037494,study_results/v4p2_followups_20260806/pseudo65/gp_window_ensemble_20260806/runs/window_3p0/draw_03/attempt_01/results_single.csv,1,1,1,1,single_attempt_outside_55_75MeV,False,,,,,,,window_3p0,3
2021,0.216,0.0055578339999999,0.2034948735,0.2285051265,80666190.61149085,1.64,0.20688515224,0.22511484776,0.0182296955199999,0.0,1.0,8000,0.000125,True,2865.4980572733375,5.34041172820363e-06,0.5,0.0,-714.0698507393716,1965.5286704454988,True,tilde_q_mu,asymptotic,default,sidak_approx,observed,8.28**2 * RBF(length_scale=0.32),0.0279457742300831,0.3810787395011339,0.1031966104965824,0.3200744427534612,0.0254052493000755,68.59698619087546,1576.69051596061,376,262,114,416,40,0.04,0.3,0.000625,1.0,1e-08,1e+18,False,False,False,False,12,1.1,15.0,12.598752288272518,5.028177205379499,68.56605280062952,57.5897809746497,study_results/v4p2_followups_20260806/pseudo65/gp_window_ensemble_20260806/runs/window_3p0/draw_03/attempt_01/results_single.csv,1,1,1,1,single_attempt_outside_55_75MeV,False,,,,,,,window_3p0,3
2021,0.217,0.005593642875,0.20441430353125,0.22958569646875,78431109.94118327,1.64,0.207826425685,0.226173574315,0.0183471486299999,0.0,1.0,8000,0.000125,True,2654.6410058225833,5.064978727426114e-06,0.5,0.0,-1179.2321027538048,1946.8388063920224,True,tilde_q_mu,asymptotic,default,sidak_approx,observed,8.25**2 * RBF(length_scale=0.32),0.0279955790181704,0.3817578957023249,0.1033805268652899,0.3197740497806556,0.0254505263801549,68.12336300254319,1578.1839618471483,376,263,113,416,40,0.04,0.3,0.000625,1.0,1e-08,1e+18,False,False,False,False,12,1.1,15.0,12.564535797970724,5.0048920969361115,68.24852859458333,57.16740537903139,study_results/v4p2_followups_20260806/pseudo65/gp_window_ensemble_20260806/runs/window_3p0/draw_03/attempt_01/results_single.csv,1,1,1,1,single_attempt_outside_55_75MeV,False,,,,,,,window_3p0,3
2021,0.218,0.0056296235,0.205333347125,0.230666652875,76236851.52538474,1.64,0.20876741746,0.22723258254,0.01846516508,0.0,1.0,8000,0.000125,True,2493.026754111339,4.8710817176686e-06,0.5,0.0,-1600.060812093726,1929.3604027314536,True,tilde_q_mu,asymptotic,default,sidak_approx,observed,8.25**2 * RBF(length_scale=0.32),0.0280457694699898,0.3824423109544073,0.103565867391711,0.3197606672898217,0.0254961540636271,68.11764265372135,1578.3815798814765,376,265,111,416,40,0.04,0.3,0.000625,1.0,1e-08,1e+18,False,False,False,False,12,1.1,15.0,12.541525537217897,4.981819738032192,67.93390551862079,56.799654060315355,study_results/v4p2_followups_20260806/pseudo65/gp_window_ensemble_20260806/runs/window_3p0/draw_03/attempt_01/results_single.csv,1,1,1,1,single_attempt_outside_55_75MeV,False,,,,,,,window_3p0,3
2021,0.219,0.005665775875,0.20625200428125,0.23174799571875,74103158.47642389,1.64,0.209708127565,0.228291872435,0.0185837448699999,0.0,1.0,8000,0.000125,True,2333.599772553609,4.669447123259563e-06,0.5,0.0,-2132.5292656342694,1916.8069410454352,True,tilde_q_mu,asymptotic,default,sidak_approx,observed,8.3**2 * RBF(length_scale=0.32),0.0280963402189413,0.3831319120764731,0.1037526122583625,0.3202176667948789,0.0255421274717648,68.85590269077225,1575.567616044799,375,266,109,416,41,0.04,0.3,0.000625,1.0,1e-08,1e+18,False,False,False,False,12,1.1,15.0,12.536843970763918,4.958957226478954,67.62214399744026,56.51788455096256,study_results/v4p2_followups_20260806/pseudo65/gp_window_ensemble_20260806/runs/window_3p0/draw_03/attempt_01/results_single.csv,1,1,1,1,single_attempt_outside_55_75MeV,False,,,,,,,window_3p0,3
2021,0.22,0.0057021,0.207170275,0.232829725,72056230.15568508,1.64,0.210648556,0.229351444,0.018702888,0.0,1.0,8000,0.000125,True,2291.201888178261,4.693416143882634e-06,0.5,0.0,-2238.480842957695,1904.900990679547,True,tilde_q_mu,asymptotic,default,sidak_approx,observed,8.22**2 * RBF(length_scale=0.319),0.0281472859956161,0.3838266272129476,0.1039407420066625,0.3193943055313478,0.0255884418141965,67.61804067846177,1573.8641610444586,374,267,107,416,42,0.04,0.3,0.000625,1.0,1e-08,1e+18,False,False,False,False,12,1.1,15.0,12.481975567349606,4.936301712635021,67.31320517229574,56.01345215470577,study_results/v4p2_followups_20260806/pseudo65/gp_window_ensemble_20260806/runs/window_3p0/draw_03/attempt_01/results_single.csv,1,1,1,1,single_attempt_outside_55_75MeV,False,,,,,,,window_3p0,3
2021,0.221,0.005738595875,0.20808815928125,0.23391184071875,70072537.02592257,1.64,0.211588702765,0.230411297235,0.01882259447,0.0,1.0,8000,0.000125,True,2214.9429410785956,4.644536171904923e-06,0.5,0.0,-2404.279453207588,1877.6352024861776,True,tilde_q_mu,asymptotic,default,sidak_approx,observed,8.25**2 * RBF(length_scale=0.32),0.0281986016256085,0.3845263858037528,0.1041302375288517,0.3197307738520569,0.0256350923869168,68.13206617396325,1579.3013967735817,375,269,106,416,41,0.04,0.3,0.000625,1.0,1e-08,1e+18,False,False,False,False,12,1.1,15.0,12.472386251872251,4.913850398222813,67.00705088485654,55.71585468231928,study_results/v4p2_followups_20260806/pseudo65/gp_window_ensemble_20260806/runs/window_3p0/draw_03/attempt_01/results_single.csv,1,1,1,1,single_attempt_outside_55_75MeV,False,,,,,,,window_3p0,3
2021,0.222,0.0057752635,0.209005657125,0.234994342875,68109664.16035153,1.64,0.21252856786,0.23147143214,0.01894286428,0.0,1.0,8000,0.000125,True,2159.270502762207,4.637300728639723e-06,0.5,0.0,-2570.1425745217466,1862.671578431216,True,tilde_q_mu,asymptotic,default,sidak_approx,observed,8.32**2 * RBF(length_scale=0.32),0.0282502820273846,0.3852311185552448,0.1043210800601226,0.3203361276847308,0.0256820745703496,69.14533113525592,1577.6364247460845,374,270,104,416,42,0.04,0.3,0.000625,1.0,1e-08,1e+18,False,False,False,False,12,1.1,15.0,12.47314062605222,4.891600535176381,66.7036436614961,55.46692851066117,study_results/v4p2_followups_20260806/pseudo65/gp_window_ensemble_20260806/runs/window_3p0/draw_03/attempt_01/results_single.csv,1,1,1,1,single_attempt_outside_55_75MeV,False,,,,,,,window_3p0,3
2021,0.223,0.005812102875,0.20992276853125,0.23607723146875,66214738.059975564,1.64,0.213468151285,0.232531848715,0.01906369743,0.0,1.0,8000,0.000125,True,2150.038966544645,4.72831851803986e-06,0.5,0.0,-2480.615702875304,1843.3784396899464,True,tilde_q_mu,asymptotic,default,sidak_approx,observed,8.3**2 * RBF(length_scale=0.32),0.0283023222102076,0.3859407574119222,0.1045132511709582,0.320113228801314,0.0257293838274614,68.90315903075889,1576.186550094298,374,272,102,416,42,0.04,0.3,0.000625,1.0,1e-08,1e+18,False,False,False,False,12,1.1,15.0,12.441542749253513,4.869549424520059,66.40294669800079,55.07700666797195,study_results/v4p2_followups_20260806/pseudo65/gp_window_ensemble_20260806/runs/window_3p0/draw_03/attempt_01/results_single.csv,1,1,1,1,single_attempt_outside_55_75MeV,False,,,,,,,window_3p0,3
2021,0.224,0.005849114,0.2108394935,0.2371605065,64362913.74671155,1.64,0.21440745304,0.23359254696,0.01918509392,0.0,1.0,8000,0.000125,True,2172.495112650953,4.8932230763836656e-06,0.5,0.0,-2216.7979548825742,1820.2949647112544,True,tilde_q_mu,asymptotic,default,sidak_approx,observed,8.31**2 * RBF(length_scale=0.32),0.0283547172721207,0.3866552355289188,0.1047067327596833,0.3202077080450435,0.0257770157019279,69.00913470168994,1575.8966739668117,374,273,101,416,42,0.04,0.3,0.000625,1.0,1e-08,1e+18,False,False,False,False,12,1.1,15.0,12.422217984725611,4.847694415277375,66.10492384469147,54.74465159082956,study_results/v4p2_followups_20260806/pseudo65/gp_window_ensemble_20260806/runs/window_3p0/draw_03/attempt_01/results_single.csv,1,1,1,1,single_attempt_outside_55_75MeV,False,,,,,,,window_3p0,3
2021,0.225,0.005886296875,0.21175583203125,0.23824416796875,62544678.25081808,1.64,0.215346473125,0.234653526875,0.01930705375,0.0,1.0,8000,0.000125,True,2249.8906530533995,5.191686416212275e-06,0.5,0.0,-1772.3068469309585,1800.390378248997,True,tilde_q_mu,asymptotic,default,sidak_approx,observed,8.26**2 * RBF(length_scale=0.32),0.0284074623979809,0.3873744872451945,0.1049015070452041,0.3197425645055228,0.0258249658163463,68.17824635518318,1576.2652209511914,374,275,99,416,42,0.04,0.3,0.000625,1.0,1e-08,1e+18,False,False,False,False,12,1.1,15.0,12.381141829165053,4.82603290340855,65.80953959193478,54.31981622665315,study_results/v4p2_followups_20260806/pseudo65/gp_window_ensemble_20260806/runs/window_3p0/draw_03/attempt_01/results_single.csv,1,1,1,1,single_attempt_outside_55_75MeV,False,,,,,,,window_3p0,3
2021,0.226,0.0059236515,0.212671784125,0.239328215875,60771554.15297639,1.64,0.21628521154,0.23571478846,0.01942957692,0.0,1.0,8000,0.000125,True,2293.672513391424,5.423036782120502e-06,0.5,0.0,-1524.819681974676,1784.7757742395204,True,tilde_q_mu,asymptotic,default,sidak_approx,observed,8.29**2 * RBF(length_scale=0.32),0.0284605528575465,0.3880984480574534,0.1050975565599455,0.3200341411480791,0.0258732298704968,68.66599097483991,1573.31547899837,373,276,97,416,43,0.04,0.3,0.000625,1.0,1e-08,1e+18,False,False,False,False,12,1.1,15.0,12.369315417902747,4.804562330776309,65.51675905604058,54.02649719486015,study_results/v4p2_followups_20260806/pseudo65/gp_window_ensemble_20260806/runs/window_3p0/draw_03/attempt_01/results_single.csv,1,1,1,1,single_attempt_outside_55_75MeV,False,,,,,,,window_3p0,3
2021,0.227,0.005961177875,0.21358734978125,0.24041265021875,59077484.03982016,1.64,0.217223668285,0.236776331715,0.01955266343,0.0,1.0,8000,0.000125,True,2326.5894691753647,5.633675543577337e-06,0.5,0.0,-1307.897554139153,1763.8509787656446,True,tilde_q_mu,asymptotic,default,sidak_approx,observed,8.32**2 * RBF(length_scale=0.32),0.0285139840036164,0.3888270545947703,0.1052948641429799,0.3203840484036483,0.0259218036396513,69.23619964572937,1574.3688547678385,373,278,95,416,43,0.04,0.3,0.000625,1.0,1e-08,1e+18,False,False,False,False,12,1.1,15.0,12.35963565103055,4.783280184139193,65.22654796553445,53.74509117523158,study_results/v4p2_followups_20260806/pseudo65/gp_window_ensemble_20260806/runs/window_3p0/draw_03/attempt_01/results_single.csv,1,1,1,1,single_attempt_outside_55_75MeV,False,,,,,,,window_3p0,3
2021,0.228,0.005998876,0.214502529,0.241497471,57436780.43420136,1.64,0.21816184336,0.23783815664,0.01967631328,0.0,1.0,8000,0.000125,True,2391.3988457262644,5.9298949859439925e-06,0.5,0.0,-1013.3321841869772,1742.1431707429413,True,tilde_q_mu,asymptotic,default,sidak_approx,observed,8.32**2 * RBF(length_scale=0.32),0.0285677512702127,0.3895602445938106,0.1054934129333165,0.3203925891707183,0.0259706829729207,69.27075940351844,1574.667831558074,373,279,94,416,43,0.04,0.3,0.000625,1.0,1e-08,1e+18,False,False,False,False,12,1.1,15.0,12.336702485059304,4.762183994170372,64.9388726477778,53.40877010471933,study_results/v4p2_followups_20260806/pseudo65/gp_window_ensemble_20260806/runs/window_3p0/draw_03/attempt_01/results_single.csv,1,1,1,1,single_attempt_outside_55_75MeV,False,,,,,,,window_3p0,3
2021,0.229,0.006036745875,0.21541732178125,0.24258267821875,55831675.293223605,1.64,0.219099736765,0.238900263235,0.01980052647,0.0,1.0,8000,0.000125,True,2479.175279163782,6.29667115680616e-06,0.5,0.0,-706.8612251862731,1723.2376744786302,True,tilde_q_mu,asymptotic,default,sidak_approx,observed,8.33**2 * RBF(length_scale=0.32),0.0286218501708174,0.3902979568747833,0.1056931863633896,0.3204383399863202,0.0260198637916522,69.40072814931389,1574.7345680574572,373,281,92,416,43,0.04,0.3,0.000625,1.0,1e-08,1e+18,False,False,False,False,12,1.1,15.0,12.315142867470517,4.741271334503118,64.6537000159516,53.08130350713498,study_results/v4p2_followups_20260806/pseudo65/gp_window_ensemble_20260806/runs/window_3p0/draw_03/attempt_01/results_single.csv,1,1,1,1,single_attempt_outside_55_75MeV,False,,,,,,,window_3p0,3
2021,0.23,0.0060747875,0.216331728125,0.243668271875,54262302.35414737,1.64,0.2200373485,0.2399626515,0.019925303,0.0,1.0,8000,0.000125,True,2481.8535494692787,6.4575833418817395e-06,0.5,0.0,-649.5220017614174,1709.3294687647965,True,tilde_q_mu,asymptotic,default,sidak_approx,observed,8.41**2 * RBF(length_scale=0.321),0.0286762762966508,0.3910401313179656,0.1058941681527014,0.3211168598594576,0.0260693420878643,70.70021863822812,1572.5299159374354,372,282,90,416,44,0.04,0.3,0.000625,1.0,1e-08,1e+18,False,False,False,False,12,1.1,15.0,12.317796850306468,4.720539820800449,64.37099755636976,52.86059139672911,study_results/v4p2_followups_20260806/pseudo65/gp_window_ensemble_20260806/runs/window_3p0/draw_03/attempt_01/results_single.csv,1,1,1,1,single_attempt_outside_55_75MeV,False,,,,,,,window_3p0,3
2021,0.231,0.006113000875,0.21724574803125,0.24475425196875,52721717.822498925,1.64,0.220974678565,0.241025321435,0.02005064287,0.0,1.0,8000,0.000125,True,2609.367069962748,6.957505640955698e-06,0.5,0.0,-314.51812452120777,1692.292480090975,True,tilde_q_mu,asymptotic,default,sidak_approx,observed,8.33**2 * RBF(length_scale=0.32),0.0287310253149946,0.3917867088408355,0.1060963423016291,0.3204559580039468,0.0261191139227223,69.32849007586793,1570.1298084615587,372,284,88,416,44,0.04,0.3,0.000625,1.0,1e-08,1e+18,False,False,False,False,12,1.1,15.0,12.269021030042124,4.699987109848828,64.09073331612038,52.422036992420146,study_results/v4p2_followups_20260806/pseudo65/gp_window_ensemble_20260806/runs/window_3p0/draw_03/attempt_01/results_single.csv,1,1,1,1,single_attempt_outside_55_75MeV,False,,,,,,,window_3p0,3
2021,0.232,0.006151386,0.2181593815,0.2458406185,51251552.38699205,1.64,0.22191172696,0.24208827304,0.02017654608,0.0,1.0,8000,0.000125,True,2618.5480165687977,7.151307531782469e-06,0.5,0.0,-239.88233626307783,1674.0277919874902,True,tilde_q_mu,asymptotic,default,sidak_approx,observed,8.33**2 * RBF(length_scale=0.32),0.0287860929675617,0.3925376313758422,0.1062996930854058,0.3204966024464261,0.0261691754250561,69.35363536953099,1570.932529628004,372,285,87,416,44,0.04,0.3,0.000625,1.0,1e-08,1e+18,False,False,False,False,12,1.1,15.0,12.247103595765608,4.679610898675804,63.81287589103368,52.10152678541488,study_results/v4p2_followups_20260806/pseudo65/gp_window_ensemble_20260806/runs/window_3p0/draw_03/attempt_01/results_single.csv,1,1,1,1,single_attempt_outside_55_75MeV,False,,,,,,,window_3p0,3
2021,0.233,0.006189942875,0.21907262853125,0.24692737146875,49805482.399550624,1.64,0.222848493685,0.243151506315,0.02030301263,0.0,1.0,8000,0.000125,True,2629.425790301909,7.357796439116161e-06,0.5,0.0,-173.93546809739055,1659.1259678202632,True,tilde_q_mu,asymptotic,default,sidak_approx,observed,8.3**2 * RBF(length_scale=0.32),0.0288414750689017,0.3932928418486603,0.1065042050482311,0.3202552431059429,0.0262195227899106,68.90882331762319,1571.9459978710074,372,287,85,416,44,0.04,0.3,0.000625,1.0,1e-08,1e+18,False,False,False,False,12,1.1,15.0,12.214381080542688,4.659408923689259,63.53739441394444,51.73799654911077,study_results/v4p2_followups_20260806/pseudo65/gp_window_ensemble_20260806/runs/window_3p0/draw_03/attempt_01/results_single.csv,1,1,1,1,single_attempt_outside_55_75MeV,False,,,,,,,window_3p0,3
2021,0.234,0.0062286715,0.219985489125,0.248014510875,48395595.20414742,1.64,0.22378497874,0.24421502126,0.02043004252,0.0,1.0,8000,0.000125,True,2707.9319191118284,7.764901850917881e-06,0.5,0.0,-12.206978075043532,1650.4173546156171,True,tilde_q_mu,asymptotic,default,sidak_approx,observed,8.24**2 * RBF(length_scale=0.32),0.0288971675048537,0.394052284157097,0.1067098629975592,0.3195884511737989,0.0262701522771398,67.8789646587043,1568.1753636132505,371,288,83,416,45,0.04,0.3,0.000625,1.0,1e-08,1e+18,False,False,False,False,12,1.1,15.0,12.165458646842476,4.639378959839796,63.26425854326993,51.30924807542008,study_results/v4p2_followups_20260806/pseudo65/gp_window_ensemble_20260806/runs/window_3p0/draw_03/attempt_01/results_single.csv,1,1,1,1,single_attempt_outside_55_75MeV,False,,,,,,,window_3p0,3
2021,0.235,0.006267571875,0.22089796328125,0.2491020367187499,47012739.219878465,1.64,0.2247211821249999,0.245278817875,0.02055763575,0.0,1.0,8000,0.000125,True,2632.8946887176207,7.738735297018152e-06,0.5,0.0,-116.46329939670188,1642.071608144447,True,tilde_q_mu,asymptotic,default,sidak_approx,observed,8.26**2 * RBF(length_scale=0.32),0.0289531662310341,0.394815903150465,0.1069166519985136,0.3197959791171061,0.026321060210031,68.19127680538601,1565.4101073565744,370,289,81,416,46,0.04,0.3,0.000625,1.0,1e-08,1e+18,False,False,False,False,12,1.1,15.0,12.1498137447834,4.619518819803578,62.993438451866965,51.02390295557736,study_results/v4p2_followups_20260806/pseudo65/gp_window_ensemble_20260806/runs/window_3p0/draw_03/attempt_01/results_single.csv,1,1,1,1,single_attempt_outside_55_75MeV,False,,,,,,,window_3p0,3
2021,0.236,0.006306644,0.2218100509999999,0.2501899489999999,45679826.44124699,1.64,0.2256571038399999,0.24634289616,0.02068579232,0.0,1.0,8000,0.000125,True,2630.412948674848,7.923323858720113e-06,0.5,0.0,-67.83245201590687,1624.0092590838449,True,tilde_q_mu,asymptotic,default,sidak_approx,observed,8.22**2 * RBF(length_scale=0.319),0.0290094672713634,0.3955836446095018,0.1071245573684485,0.3194420871294208,0.0263722429739667,67.63982250083052,1569.800293237513,371,291,80,416,45,0.04,0.3,0.000625,1.0,1e-08,1e+18,False,False,False,False,12,1.1,15.0,12.112814501396649,4.599826353186174,62.7249048161751,50.65167577707268,study_results/v4p2_followups_20260806/pseudo65/gp_window_ensemble_20260806/runs/window_3p0/draw_03/attempt_01/results_single.csv,1,1,1,1,single_attempt_outside_55_75MeV,False,,,,,,,window_3p0,3
2021,0.237,0.006345887875,0.22272175228125,0.25127824771875,44384391.87212218,1.64,0.226592743885,0.2474072561149999,0.0208145122299999,0.0,1.0,8000,0.000125,True,2718.6732002065464,8.392634468157895e-06,0.4776100377247627,0.0561528081460076,90.3948416763927,1618.2898489651711,True,tilde_q_mu,asymptotic,default,sidak_approx,observed,8.19**2 * RBF(length_scale=0.319),0.0290660667166324,0.3963554552268056,0.1073335646716512,0.3189766421373499,0.0264236970151203,67.04450065553033,1568.11651903759,370,292,78,416,46,0.04,0.3,0.000625,1.0,1e-08,1e+18,False,False,False,False,12,1.1,15.0,12.071612914529812,4.580299445746575,62.458628805635115,50.2650926742619,study_results/v4p2_followups_20260806/pseudo65/gp_window_ensemble_20260806/runs/window_3p0/draw_03/attempt_01/results_single.csv,1,1,1,1,single_attempt_outside_55_75MeV,False,,,,,,,window_3p0,3
2021,0.238,0.0063853035,0.223633067125,0.252366932875,43150069.97440755,1.64,0.2275281022599999,0.24847189774,0.02094379548,0.0,1.0,8000,0.000125,True,2740.897000861722,8.666708236096143e-06,0.4626757019370695,0.0936950482807109,149.90088259798026,1609.116737654624,True,tilde_q_mu,asymptotic,default,sidak_approx,observed,8.18**2 * RBF(length_scale=0.319),0.0291229607231004,0.3971312825877338,0.1075436597141695,0.3189376571389212,0.0264754188391822,66.99024170310066,1569.0799792553762,370,294,76,416,46,0.04,0.3,0.000625,1.0,1e-08,1e+18,False,False,False,False,12,1.1,15.0,12.046557566330549,4.560936018640379,62.1945820723688,49.94870754991071,study_results/v4p2_followups_20260806/pseudo65/gp_window_ensemble_20260806/runs/window_3p0/draw_03/attempt_01/results_single.csv,1,1,1,1,single_attempt_outside_55_75MeV,False,,,,,,,window_3p0,3
2021,0.239,0.006424890875,0.2245439955312499,0.25345600446875,41910564.95451811,1.64,0.2284631789649999,0.249536821035,0.02107364207,0.0,1.0,8000,0.000125,True,2702.1885736792137,8.760202777652368e-06,0.4755199992081981,0.0614008211449067,98.2813915906657,1605.397643642052,True,tilde_q_mu,asymptotic,default,sidak_approx,observed,8.2**2 * RBF(length_scale=0.319),0.0291801455111333,0.3979110751518178,0.1077548285387784,0.31914083738499,0.0265274050101211,67.2433666224739,1565.5841416845396,369,295,74,416,47,0.04,0.3,0.000625,1.0,1e-08,1e+18,False,False,False,False,12,1.1,15.0,12.03060899711924,4.541734027682346,61.9327367411229,49.67256932359804,study_results/v4p2_followups_20260806/pseudo65/gp_window_ensemble_20260806/runs/window_3p0/draw_03/attempt_01/results_single.csv,1,1,1,1,single_attempt_outside_55_75MeV,False,,,,,,,window_3p0,3
2021,0.24,0.00646465,0.2254545375,0.2545454625,40722504.22475857,1.64,0.229397974,0.250602026,0.0212040519999999,0.0,1.0,8000,0.000125,True,2681.132168764686,8.908250620143425e-06,0.4739486934450428,0.0653474205150111,103.3918478501138,1591.237170144498,True,tilde_q_mu,asymptotic,default,sidak_approx,observed,8.18**2 * RBF(length_scale=0.319),0.0292376173638717,0.3986947822346143,0.1079670574200659,0.318948563511017,0.0265796521489742,66.9504118325329,1570.0957080165108,370,297,73,416,46,0.04,0.3,0.000625,1.0,1e-08,1e+18,False,False,False,False,12,1.1,15.0,11.999726773073112,4.522691462627012,61.673065399459254,49.33732893675868,study_results/v4p2_followups_20260806/pseudo65/gp_window_ensemble_20260806/runs/window_3p0/draw_03/attempt_01/results_single.csv,1,1,1,1,single_attempt_outside_55_75MeV,False,,,,,,,window_3p0,3
2021,0.241,0.006504580875,0.2263646930312499,0.25563530696875,39555789.66735767,1.64,0.230332487365,0.251667512635,0.0213350252699999,0.0,1.0,8000,0.000125,True,2751.2289296948397,9.37172529623848e-06,0.445125179042152,0.1379874221980195,218.85143569672871,1588.4978805591848,True,tilde_q_mu,asymptotic,default,sidak_approx,observed,8.2**2 * RBF(length_scale=0.319),0.0292953726259335,0.3994823539900027,0.1081803328596386,0.3191742485087675,0.0266321569326668,67.30726393934303,1567.0313108974497,369,298,71,416,47,0.04,0.3,0.000625,1.0,1e-08,1e+18,False,False,False,False,12,1.1,15.0,11.984543697144945,4.503806346467102,61.41554108818776,49.06914905701246,study_results/v4p2_followups_20260806/pseudo65/gp_window_ensemble_20260806/runs/window_3p0/draw_03/attempt_01/results_single.csv,1,1,1,1,single_attempt_outside_55_75MeV,False,,,,,,,window_3p0,3
2021,0.242,0.0065446835,0.227274462125,0.256725537875,38433549.77614895,1.64,0.23126671906,0.2527332809399999,0.0214665618799999,0.0,1.0,8000,0.000125,True,2877.0583245494663,1.0044833070259283e-05,0.3944093797034674,0.2678448329378907,424.1596629769272,1581.7801152444492,True,tilde_q_mu,asymptotic,default,sidak_approx,observed,8.18**2 * RBF(length_scale=0.319),0.0293534077021493,0.4002737413929458,0.1083946415814538,0.3188852500116806,0.026684916092863,66.96848654265689,1568.5623073321945,369,300,69,416,47,0.04,0.3,0.000625,1.0,1e-08,1e+18,False,False,False,False,12,1.1,15.0,11.950018838431625,4.4850767347495655,61.16013729203953,48.72431952006245,study_results/v4p2_followups_20260806/pseudo65/gp_window_ensemble_20260806/runs/window_3p0/draw_03/attempt_01/results_single.csv,1,1,1,1,single_attempt_outside_55_75MeV,False,,,,,,,window_3p0,3
2021,0.243,0.006584957875,0.22818384478125,0.25781615521875,37332878.58161166,1.64,0.232200669085,0.253799330915,0.02159866183,0.0,1.0,8000,0.000125,True,2923.092899666226,1.0463206308842353e-05,0.3767353467761193,0.3140662876299304,496.9220435227146,1579.6883319534315,True,tilde_q_mu,asymptotic,default,sidak_approx,observed,8.2**2 * RBF(length_scale=0.319),0.0294117190563266,0.4010688962226361,0.108609970527255,0.3190542538993839,0.0267379264148424,67.21210553805874,1564.88445710633,368,301,67,416,48,0.04,0.3,0.000625,1.0,1e-08,1e+18,False,False,False,False,12,1.1,15.0,11.93264761631907,4.466500714908013,60.90682793056381,48.451981008213195,study_results/v4p2_followups_20260806/pseudo65/gp_window_ensemble_20260806/runs/window_3p0/draw_03/attempt_01/results_single.csv,1,1,1,1,single_attempt_outside_55_75MeV,False,,,,,,,window_3p0,3
2021,0.244,0.006625404,0.229092841,0.258907159,36240747.78783116,1.64,0.23313433744,0.25486566256,0.0217313251199999,0.0,1.0,8000,0.000125,True,3058.0385718340713,1.1229900399155515e-05,0.322105304841261,0.4618197177406046,721.667708180697,1564.7487397581742,True,tilde_q_mu,asymptotic,default,sidak_approx,observed,8.25**2 * RBF(length_scale=0.32),0.029470303210048,0.4018677710461094,0.1088263068521347,0.3195415578525606,0.0267911847364072,68.08730288596254,1569.9642497279265,369,303,66,416,47,0.04,0.3,0.000625,1.0,1e-08,1e+18,False,False,False,False,12,1.1,15.0,11.927115616441055,4.448076405612099,60.65558734925589,48.22974687318096,study_results/v4p2_followups_20260806/pseudo65/gp_window_ensemble_20260806/runs/window_3p0/draw_03/attempt_01/results_single.csv,1,1,1,1,single_attempt_outside_55_75MeV,False,,,,,,,window_3p0,3
2021,0.245,0.006666021875,0.23000145078125,0.25999854921875,35231160.94273463,1.64,0.234067724125,0.255932275875,0.02186455175,0.0,1.0,8000,0.000125,True,3244.4767430956103,1.2205948936291632e-05,0.2653720336053214,0.6268705896020842,977.9149876118472,1561.8298973611688,True,tilde_q_mu,asymptotic,default,sidak_approx,observed,8.27**2 * RBF(length_scale=0.32),0.0295291567414944,0.4026703192021974,0.1090436379201891,0.319666766383274,0.0268446879468131,68.43347146095161,1569.314685265399,368,304,64,416,48,0.04,0.3,0.000625,1.0,1e-08,1e+18,False,False,False,False,12,1.1,15.0,11.90800828143815,4.429801956132116,60.40639031089249,47.954653071592865,study_results/v4p2_followups_20260806/pseudo65/gp_window_ensemble_20260806/runs/window_3p0/draw_03/attempt_01/results_single.csv,1,1,1,1,single_attempt_outside_55_75MeV,False,,,,,,,window_3p0,3
2021,0.246,0.0067068115,0.230909674125,0.261090325875,34231611.46534635,1.64,0.23500082914,0.25699917086,0.02199834172,0.0,1.0,8000,0.000125,True,3394.4970369548387,1.3089796795923942e-05,0.2245327551550325,0.7569738816096525,1178.4796693228552,1558.0051780755805,True,tilde_q_mu,asymptotic,default,sidak_approx,observed,8.29**2 * RBF(length_scale=0.32),0.0295882762843003,0.4034764947859137,0.1092619513002888,0.3197994763758732,0.0268984329857275,68.71587697474571,1565.8468760271926,367,305,62,416,49,0.04,0.3,0.000625,1.0,1e-08,1e+18,False,False,False,False,12,1.1,15.0,11.88914895323308,4.411675545719503,60.159211987084134,47.68278881490454,study_results/v4p2_followups_20260806/pseudo65/gp_window_ensemble_20260806/runs/window_3p0/draw_03/attempt_01/results_single.csv,1,1,1,1,single_attempt_outside_55_75MeV,False,,,,,,,window_3p0,3
2021,0.247,0.006747772875,0.23181751103125,0.26218248896875,33240766.184267055,1.64,0.235933652485,0.258066347515,0.02213269503,0.0,1.0,8000,0.000125,True,3621.7480261859055,1.4324193377638493e-05,0.1666702571359866,0.9674071957561114,1488.8427568251304,1540.9883230028177,True,tilde_q_mu,asymptotic,default,sidak_approx,observed,8.31**2 * RBF(length_scale=0.32),0.0296476585264336,0.4042862526331858,0.1094812347619452,0.3197881959733663,0.0269524168422123,69.04959758121895,1570.4985377822477,368,307,61,416,48,0.04,0.3,0.000625,1.0,1e-08,1e+18,False,False,False,False,12,1.1,15.0,11.864917266807767,4.393695383001999,59.91402795002726,47.391665649885454,study_results/v4p2_followups_20260806/pseudo65/gp_window_ensemble_20260806/runs/window_3p0/draw_03/attempt_01/results_single.csv,1,1,1,1,single_attempt_outside_55_75MeV,False,,,,,,,window_3p0,3
2021,0.248,0.006788906,0.2327249615,0.2632750385,32306957.309929177,1.64,0.23686619416,0.25913380584,0.02226761168,0.0,1.0,8000,0.000125,True,3766.460494836325,1.5265309011854547e-05,0.1380755947618395,1.0890061140172314,1670.2532388058064,1535.1611820296655,True,tilde_q_mu,asymptotic,default,sidak_approx,observed,8.34**2 * RBF(length_scale=0.32),0.0297073002091074,0.4050995483060104,0.1097014762712903,0.320028023027623,0.027006636553734,69.52405287572168,1566.8573276752932,367,308,59,416,49,0.04,0.3,0.000625,1.0,1e-08,1e+18,False,False,False,False,12,1.1,15.0,11.849977037713526,4.375859705393982,59.67081416446339,47.13985184470414,study_results/v4p2_followups_20260806/pseudo65/gp_window_ensemble_20260806/runs/window_3p0/draw_03/attempt_01/results_single.csv,1,1,1,1,single_attempt_outside_55_75MeV,False,,,,,,,window_3p0,3
2021,0.249,0.006830210875,0.23363202553125,0.26436797446875,31367919.80580777,1.64,0.237798454165,0.260201545835,0.0224030916699999,0.0,1.0,8000,0.000125,True,3839.2509593081095,1.5961781351052207e-05,0.1219350919215059,1.1653677052361924,1774.789715385267,1523.7267424299057,True,tilde_q_mu,asymptotic,default,sidak_approx,observed,8.34**2 * RBF(length_scale=0.32),0.029767198125712,0.4059163380778918,0.1099226639871329,0.3201532667219947,0.0270610892051927,69.58107630409592,1565.3134797880284,367,310,57,416,49,0.04,0.3,0.000625,1.0,1e-08,1e+18,False,False,False,False,12,1.1,15.0,11.830760554181984,4.358166778520153,59.429546979820266,46.87311601078417,study_results/v4p2_followups_20260806/pseudo65/gp_window_ensemble_20260806/runs/window_3p0/draw_03/attempt_01/results_single.csv,1,1,1,1,single_attempt_outside_55_75MeV,False,,,,,,,window_3p0,3
2021,0.25,0.0068716875,0.234538703125,0.265461296875,30463229.35640608,1.64,0.2387304325,0.2612695675,0.022539135,0.0,1.0,8000,0.000125,True,2211.6020969473666,9.429984223351654e-06,0.5,0.0,-97.68625826089789,1378.810351965487,True,tilde_q_mu,asymptotic,default,sidak_approx,observed,6.19**2 * RBF(length_scale=0.358),0.0298273491207752,0.4067365789196631,0.1101447862571196,0.3583526758105649,0.0271157719279775,38.3410646409956,1534.5289925877048,366,311,55,416,50,0.04,0.3,0.000625,1.0,1e-08,1e+18,False,False,False,False,12,1.1,15.0,13.215654592551852,4.3406148956534025,59.19020312254639,52.14915198203715,study_results/v4p2_followups_20260806/pseudo65/gp_window_ensemble_20260806/runs/window_3p0/draw_03/attempt_01/results_single.csv,1,1,1,1,single_attempt_outside_55_75MeV,False,,,,,,,window_3p0,3
2021,0.05,0.0019941875,0.045513078125,0.054486921875,432274745.5035101,1.64,0.0467295325,0.0532704675,0.0065409349999999,0.0,1.0,8000,0.000125,True,22536.580900290748,3.3859308344448114e-05,0.0002184515118278,3.5167269209001883,16488.56121724341,4697.080058557175,True,tilde_q_mu,asymptotic,default,sidak_approx,observed,7.28**2 * RBF(length_scale=0.327),0.0430198208653474,0.586633920891102,0.1588612167593829,0.3268246355261682,0.0391089280594068,53.03628956704514,1680.1792249350335,402,9,393,416,14,0.04,0.3,0.000625,1.0,1e-08,1e+18,False,False,False,False,12,1.1,15.0,8.356778151263025,21.57260581833327,294.1718975227264,163.8886190622337,study_results/v4p2_followups_20260806/pseudo65/gp_window_ensemble_20260806/runs/window_3p0/draw_04/attempt_01/results_single.csv,1,1,1,1,single_attempt_outside_55_75MeV,False,,,,,,,window_3p0,4
2021,0.051,0.002001485875,0.04649665678125,0.0555033432187499,505722115.71658146,1.64,0.047717563165,0.0542824368349999,0.0065648736699999,0.0,1.0,8000,0.000125,True,17643.15898784072,2.221335449892955e-05,0.0103558210910931,2.313200061742858,11305.69321922908,4905.921588733938,True,tilde_q_mu,asymptotic,default,sidak_approx,observed,7.28**2 * RBF(length_scale=0.327),0.0423437473933882,0.5774147371825666,0.1563646500091317,0.327295123436393,0.0384943158121711,53.05745759956571,1674.087191409213,401,10,391,416,15,0.04,0.3,0.000625,1.0,1e-08,1e+18,False,False,False,False,12,1.1,15.0,8.50242734624495,21.15615599504954,288.4930362961301,163.52607206703024,study_results/v4p2_followups_20260806/pseudo65/gp_window_ensemble_20260806/runs/window_3p0/draw_04/attempt_01/results_single.csv,1,1,1,1,single_attempt_outside_55_75MeV,False,,,,,,,window_3p0,4
2021,0.052,0.002008956,0.047479849,0.056520151,582496150.2912881,1.64,0.04870531216,0.0552946878399999,0.0065893756799999,0.0,1.0,8000,0.000125,True,7846.981292455292,8.412520512583927e-06,0.4999513009912829,0.0001220703125,-397.22286942190465,4925.605460326293,True,tilde_q_mu,asymptotic,default,sidak_approx,observed,7.64**2 * RBF(length_scale=0.321),0.0416967826910809,0.5685924912420126,0.1539755745145915,0.3211970980183174,0.0379061660828008,58.444725698075054,1671.32873665204,402,12,390,416,14,0.04,0.3,0.000625,1.0,1e-08,1e+18,False,False,False,False,12,1.1,15.0,8.473478887754204,20.75544844739304,283.02884246445046,159.8825947498688,study_results/v4p2_followups_20260806/pseudo65/gp_window_ensemble_20260806/runs/window_3p0/draw_04/attempt_01/results_single.csv,1,1,1,1,single_attempt_outside_55_75MeV,False,,,,,,,window_3p0,4
2021,0.053,0.002016597875,0.0484626547812499,0.05753734521875,661992830.0519445,1.64,0.049692779485,0.056307220515,0.00661444103,0.0,1.0,8000,0.000125,True,5735.529082683466,5.308407486778369e-06,0.5,0.0,-7589.4195643852145,5065.927921581722,True,tilde_q_mu,asymptotic,default,sidak_approx,observed,7.63**2 * RBF(length_scale=0.32),0.0410773062694674,0.5601450854927381,0.1516880062237032,0.3200551052772251,0.0373430056995158,58.17431375295774,1667.4311071390468,402,14,388,416,14,0.04,0.3,0.000625,1.0,1e-08,1e+18,False,False,False,False,12,1.1,15.0,8.570684102200547,20.369607039017364,277.76736871387317,158.71042474307131,study_results/v4p2_followups_20260806/pseudo65/gp_window_ensemble_20260806/runs/window_3p0/draw_04/attempt_01/results_single.csv,1,1,1,1,single_attempt_outside_55_75MeV,False,,,,,,,window_3p0,4
2021,0.054,0.0020244115,0.049445074125,0.058554925875,743432117.467634,1.64,0.05067996514,0.05732003486,0.00664006972,0.0,1.0,8000,0.000125,True,5318.133440022112,4.301739160852839e-06,0.5,0.0,-14426.248205050915,5460.049810617761,True,tilde_q_mu,asymptotic,default,sidak_approx,observed,7.4**2 * RBF(length_scale=0.318),0.0404838157112043,0.552052032425514,0.1494963970927404,0.3181763450806575,0.0368034688283676,54.803893346572146,1661.952590059808,401,15,386,416,15,0.04,0.3,0.000625,1.0,1e-08,1e+18,False,False,False,False,12,1.1,15.0,8.645281415305385,19.99781947059892,272.6975382354398,157.16979728709182,study_results/v4p2_followups_20260806/pseudo65/gp_window_ensemble_20260806/runs/window_3p0/draw_04/attempt_01/results_single.csv,1,1,1,1,single_attempt_outside_55_75MeV,False,,,,,,,window_3p0,4
2021,0.055,0.002032396875,0.05042710703125,0.05957289296875,825863093.242175,1.64,0.051666869125,0.058333130875,0.0066662617499999,0.0,1.0,8000,0.000125,True,5372.917764877737,3.8411332002918085e-06,0.4999026019832914,0.000244140625,-15034.297414501243,5558.210654593138,True,tilde_q_mu,asymptotic,default,sidak_approx,observed,7.48**2 * RBF(length_scale=0.32),0.0399149161083646,0.5442943105686093,0.1473955960828078,0.3196445710527741,0.0362862873712406,55.883226077313424,1666.5328979600642,402,17,385,416,14,0.04,0.3,0.000625,1.0,1e-08,1e+18,False,False,False,False,12,1.1,15.0,8.8089632257643,19.639331569216612,267.8090668529538,157.27468142892818,study_results/v4p2_followups_20260806/pseudo65/gp_window_ensemble_20260806/runs/window_3p0/draw_04/attempt_01/results_single.csv,2,2,1,2,stable_reproduced,False,attempt_01_full,False,1666.5328979600642,1666.532897398026,study_results/v4p2_followups_20260806/pseudo65/gp_window_ensemble_20260806/runs/window_3p0/draw_04/attempt_01/results_single.csv|study_results/v4p2_followups_20260806/pseudo65/gp_window_ensemble_20260806/central_repeat/window_3p0/draw_04/attempt_02/results_single.csv,1666.53289796|1666.5328974,window_3p0,4
2021,0.056,0.002040554,0.0514087535,0.0605912465,908477291.1443444,1.64,0.05265349144,0.05934650856,0.00669301712,0.0,1.0,8000,0.000125,True,5948.808079894874,3.797062774535037e-06,0.5,0.0,-12561.839437709345,5788.363669736221,True,tilde_q_mu,asymptotic,default,sidak_approx,observed,7.51**2 * RBF(length_scale=0.323),0.0393693106142212,0.5368542356484718,0.1453808142699889,0.3231135212438688,0.0357902823765647,56.46542908804554,1662.9335057072617,401,18,383,416,15,0.04,0.3,0.000625,1.0,1e-08,1e+18,False,False,False,False,12,1.1,15.0,9.027967922808042,19.293442180026243,263.0923933639942,158.34597920166232,study_results/v4p2_followups_20260806/pseudo65/gp_window_ensemble_20260806/central_repeat/window_3p0/draw_04/attempt_02/results_single.csv,2,2,1,2,stable_reproduced,False,attempt_02_55_75MeV,False,1662.9335052803792,1662.9335057072617,study_results/v4p2_followups_20260806/pseudo65/gp_window_ensemble_20260806/runs/window_3p0/draw_04/attempt_01/results_single.csv|study_results/v4p2_followups_20260806/pseudo65/gp_window_ensemble_20260806/central_repeat/window_3p0/draw_04/attempt_02/results_single.csv,1662.93350528|1662.93350571,window_3p0,4
2021,0.057,0.002048882875,0.05239001353125,0.06160998646875,990446973.9234211,1.64,0.053639832085,0.060360167915,0.0067203358299999,0.0,1.0,8000,0.000125,True,8120.165715808573,4.6706651114803145e-06,0.5,0.0,-3205.3930837842095,5877.790458659306,True,tilde_q_mu,asymptotic,default,sidak_approx,observed,7.73**2 * RBF(length_scale=0.32),0.0388457919743114,0.5297153451042469,0.1434475935717297,0.3199154119860519,0.0353143563402831,59.67622713284363,1661.4811876895722,401,20,381,416,15,0.04,0.3,0.000625,1.0,1e-08,1e+18,False,False,False,False,12,1.1,15.0,9.059075263991833,18.959498587400432,258.53861710091496,156.1413860643703,study_results/v4p2_followups_20260806/pseudo65/gp_window_ensemble_20260806/runs/window_3p0/draw_04/attempt_01/results_single.csv,2,2,1,2,stable_reproduced,False,attempt_01_full,False,1661.4811876895722,1661.481187298111,study_results/v4p2_followups_20260806/pseudo65/gp_window_ensemble_20260806/runs/window_3p0/draw_04/attempt_01/results_single.csv|study_results/v4p2_followups_20260806/pseudo65/gp_window_ensemble_20260806/central_repeat/window_3p0/draw_04/attempt_02/results_single.csv,1661.48118769|1661.4811873,window_3p0,4
2021,0.058,0.0020573835,0.053370887125,0.062629112875,1071802328.7919573,1.64,0.05462589106,0.06137410894,0.00674821788,0.0,1.0,8000,0.000125,True,13903.496093314385,7.262752613851616e-06,0.1736505744798663,0.939837054120166,5620.794108151761,5980.293991676746,True,tilde_q_mu,asymptotic,default,sidak_approx,observed,7.77**2 * RBF(length_scale=0.318),0.0383432349203511,0.5228622943684247,0.1415917786595051,0.317571081509796,0.0348574862912283,60.32481444796998,1659.5237419521911,401,21,380,416,15,0.04,0.3,0.000625,1.0,1e-08,1e+18,False,False,False,False,12,1.1,15.0,9.11055601819776,18.63689240258374,254.13944185341464,154.3567747626031,study_results/v4p2_followups_20260806/pseudo65/gp_window_ensemble_20260806/runs/window_3p0/draw_04/attempt_01/results_single.csv,2,2,1,2,stable_reproduced,False,attempt_01_full,False,1659.5237419521911,1659.523741523318,study_results/v4p2_followups_20260806/pseudo65/gp_window_ensemble_20260806/runs/window_3p0/draw_04/attempt_01/results_single.csv|study_results/v4p2_followups_20260806/pseudo65/gp_window_ensemble_20260806/central_repeat/window_3p0/draw_04/attempt_02/results_single.csv,1659.52374195|1659.52374152,window_3p0,4
2021,0.059,0.002066055875,0.0543513742812499,0.0636486257187499,1150834740.9495528,1.64,0.055611668365,0.0623883316349999,0.0067766632699999,0.0,1.0,8000,0.000125,True,19111.84115561636,9.14023735885623e-06,0.0317252615549961,1.856021292882898,11237.343820582171,6056.836059640726,True,tilde_q_mu,asymptotic,default,sidak_approx,observed,7.66**2 * RBF(length_scale=0.317),0.0378605893261601,0.516280763538548,0.139809491685398,0.3168541768444252,0.0344187175692365,58.616747834208944,1658.6574926085257,401,23,378,416,15,0.04,0.3,0.000625,1.0,1e-08,1e+18,False,False,False,False,12,1.1,15.0,9.205868179342906,18.325055863341635,249.88712540920412,153.36186241547082,study_results/v4p2_followups_20260806/pseudo65/gp_window_ensemble_20260806/runs/window_3p0/draw_04/attempt_01/results_single.csv,2,2,1,2,stable_reproduced,False,attempt_01_full,False,1658.6574926085257,1658.6574915473982,study_results/v4p2_followups_20260806/pseudo65/gp_window_ensemble_20260806/runs/window_3p0/draw_04/attempt_01/results_single.csv|study_results/v4p2_followups_20260806/pseudo65/gp_window_ensemble_20260806/central_repeat/window_3p0/draw_04/attempt_02/results_single.csv,1658.65749261|1658.65749155,window_3p0,4
2021,0.06,0.0020749,0.055331475,0.064668525,1227326536.1292758,1.64,0.056597164,0.063402836,0.006805672,0.0,1.0,8000,0.000125,True,21656.722347112725,9.549953920459548e-06,0.0111780952715901,2.284261101050183,13836.890205965216,6071.695902847635,True,tilde_q_mu,asymptotic,default,sidak_approx,observed,7.63**2 * RBF(length_scale=0.316),0.0373968740379758,0.5099573732451246,0.1380971094990222,0.316071386917876,0.0339971582163416,58.2669431304421,1663.1675432122968,402,25,377,416,14,0.04,0.3,0.000625,1.0,1e-08,1e+18,False,False,False,False,12,1.1,15.0,9.296994322482751,18.023458498229218,245.77443406676204,152.33090120867317,study_results/v4p2_followups_20260806/pseudo65/gp_window_ensemble_20260806/runs/window_3p0/draw_04/attempt_01/results_single.csv,2,2,1,2,stable_reproduced,False,attempt_01_full,False,1663.1675432122968,1663.167542947842,study_results/v4p2_followups_20260806/pseudo65/gp_window_ensemble_20260806/runs/window_3p0/draw_04/attempt_01/results_single.csv|study_results/v4p2_followups_20260806/pseudo65/gp_window_ensemble_20260806/central_repeat/window_3p0/draw_04/attempt_02/results_single.csv,1663.16754321|1663.16754295,window_3p0,4
2021,0.061,0.002083915875,0.05631118928125,0.06568881071875,1300383617.6172478,1.64,0.057582377965,0.064417622035,0.0068352440699999,0.0,1.0,8000,0.000125,True,20729.06566255601,8.485908110677267e-06,0.0239175632462996,1.9788302051919255,12527.66300112094,6332.202792868382,True,tilde_q_mu,asymptotic,default,sidak_approx,observed,7.64**2 * RBF(length_scale=0.315),0.0369511713028735,0.5038796086755482,0.136451243073103,0.3153354331767763,0.0335919739117032,58.36218049386488,1657.7602408062255,401,26,375,416,15,0.04,0.3,0.000625,1.0,1e-08,1e+18,False,False,False,False,12,1.1,15.0,9.38722547253812,17.731604114236877,241.7946015577755,151.31869619102372,study_results/v4p2_followups_20260806/pseudo65/gp_window_ensemble_20260806/central_repeat/window_3p0/draw_04/attempt_02/results_single.csv,2,2,1,2,stable_reproduced,False,attempt_02_55_75MeV,False,1657.7602394821215,1657.7602408062255,study_results/v4p2_followups_20260806/pseudo65/gp_window_ensemble_20260806/runs/window_3p0/draw_04/attempt_01/results_single.csv|study_results/v4p2_followups_20260806/pseudo65/gp_window_ensemble_20260806/central_repeat/window_3p0/draw_04/attempt_02/results_single.csv,1657.76023948|1657.76024081,window_3p0,4
2021,0.062,0.0020931035,0.057290517125,0.066709482875,1369575878.699156,1.64,0.05856731026,0.06543268974,0.0068653794799999,0.0,1.0,8000,0.000125,True,14670.943532701143,5.6104820803241435e-06,0.1836607766650073,0.9015018449342356,5764.401705207834,6393.625926499037,True,tilde_q_mu,asymptotic,default,sidak_approx,observed,7.92**2 * RBF(length_scale=0.318),0.0365226217287332,0.4980357508463617,0.1348687188919183,0.3180942937845326,0.0332023833897574,62.65032130176921,1655.7039958715598,401,28,373,416,15,0.04,0.3,0.000625,1.0,1e-08,1e+18,False,False,False,False,12,1.1,15.0,9.580465656651052,17.449028071824063,237.9412918885099,151.97255834913685,study_results/v4p2_followups_20260806/pseudo65/gp_window_ensemble_20260806/central_repeat/window_3p0/draw_04/attempt_02/results_single.csv,2,2,1,2,stable_reproduced,False,attempt_02_55_75MeV,False,1655.7039955714338,1655.7039958715598,study_results/v4p2_followups_20260806/pseudo65/gp_window_ensemble_20260806/runs/window_3p0/draw_04/attempt_01/results_single.csv|study_results/v4p2_followups_20260806/pseudo65/gp_window_ensemble_20260806/central_repeat/window_3p0/draw_04/attempt_02/results_single.csv,1655.70399557|1655.70399587,window_3p0,4
2021,0.063,0.002102462875,0.05826945853125,0.06773054146875,1434992707.9816594,1.64,0.059551960885,0.066448039115,0.0068960782299999,0.0,1.0,8000,0.000125,True,9864.173689412422,3.5431569388160465e-06,0.5,0.0,-1369.0708977955276,6467.497040677806,True,tilde_q_mu,asymptotic,default,sidak_approx,observed,7.92**2 * RBF(length_scale=0.319),0.0361104197174945,0.4924148143294715,0.133346562087477,0.3189697287155651,0.0328276542886314,62.67646388452629,1655.8279412684776,401,29,372,416,15,0.04,0.3,0.000625,1.0,1e-08,1e+18,False,False,False,False,12,1.1,15.0,9.716494694110011,17.17529481584524,234.20856567061688,151.7124190435777,study_results/v4p2_followups_20260806/pseudo65/gp_window_ensemble_20260806/runs/window_3p0/draw_04/attempt_01/results_single.csv,2,2,1,2,stable_reproduced,False,attempt_01_full,False,1655.8279412684776,1655.8279411329224,study_results/v4p2_followups_20260806/pseudo65/gp_window_ensemble_20260806/runs/window_3p0/draw_04/attempt_01/results_single.csv|study_results/v4p2_followups_20260806/pseudo65/gp_window_ensemble_20260806/central_repeat/window_3p0/draw_04/attempt_02/results_single.csv,1655.82794127|1655.82794113,window_3p0,4
2021,0.064,0.002111994,0.0592480135,0.0687519865,1496067721.4293623,1.64,0.06053632984,0.06746367016,0.00692734032,0.0,1.0,8000,0.000125,True,7637.220671871441,2.590144746034388e-06,0.5,0.0,-8590.847394879205,6502.712296513535,True,tilde_q_mu,asymptotic,default,sidak_approx,observed,8.09**2 * RBF(length_scale=0.319),0.0357138093206567,0.4870064907362281,0.1318819811349368,0.3191994235505965,0.0324670993824152,65.50540678010363,1655.8161739454729,401,31,370,416,15,0.04,0.3,0.000625,1.0,1e-08,1e+18,False,False,False,False,12,1.1,15.0,9.831473387594365,16.909995634768247,230.59084956502153,151.13652006141896,study_results/v4p2_followups_20260806/pseudo65/gp_window_ensemble_20260806/central_repeat/window_3p0/draw_04/attempt_02/results_single.csv,2,2,1,2,stable_reproduced,False,attempt_02_55_75MeV,False,1655.816172182201,1655.8161739454729,study_results/v4p2_followups_20260806/pseudo65/gp_window_ensemble_20260806/runs/window_3p0/draw_04/attempt_01/results_single.csv|study_results/v4p2_followups_20260806/pseudo65/gp_window_ensemble_20260806/central_repeat/window_3p0/draw_04/attempt_02/results_single.csv,1655.81617218|1655.81617395,window_3p0,4
2021,0.065,0.002121696875,0.06022618203125,0.06977381796875,1551593755.2343814,1.64,0.061520417125,0.068479582875,0.0069591657499999,0.0,1.0,8000,0.000125,True,7421.150053787491,2.389459948598515e-06,0.5,0.0,-10021.425093548603,6592.712409513967,True,tilde_q_mu,asymptotic,default,sidak_approx,observed,8.16**2 * RBF(length_scale=0.32),0.0353320804721528,0.4818010973475384,0.1304723539415717,0.3203142182779407,0.0321200731565025,66.56245441729526,1650.492739142553,400,32,368,416,16,0.04,0.3,0.000625,1.0,1e-08,1e+18,False,False,False,False,12,1.1,15.0,9.972400022790566,16.652746623927047,227.08290850809607,150.97077346543236,study_results/v4p2_followups_20260806/pseudo65/gp_window_ensemble_20260806/central_repeat/window_3p0/draw_04/attempt_02/results_single.csv,2,2,1,2,stable_reproduced,False,attempt_02_55_75MeV,False,1650.4927382723474,1650.492739142553,study_results/v4p2_followups_20260806/pseudo65/gp_window_ensemble_20260806/runs/window_3p0/draw_04/attempt_01/results_single.csv|study_results/v4p2_followups_20260806/pseudo65/gp_window_ensemble_20260806/central_repeat/window_3p0/draw_04/attempt_02/results_single.csv,1650.49273827|1650.49273914,window_3p0,4
2021,0.066,0.0021315715,0.061203964125,0.070796035875,1602490883.9205377,1.64,0.06250422274,0.06949577726,0.0069915545199999,0.0,1.0,8000,0.000125,True,7884.415298508191,2.4207498345014207e-06,0.5,0.0,-7558.351875483112,6536.701197262942,True,tilde_q_mu,asymptotic,default,sidak_approx,observed,8.14**2 * RBF(length_scale=0.319),0.0349645655591176,0.4767895303516045,0.1291152151834926,0.3185415338060431,0.0317859686901069,66.33308363018338,1651.7138981339288,401,34,367,416,15,0.04,0.3,0.000625,1.0,1e-08,1e+18,False,False,False,False,12,1.1,15.0,10.021451191612911,16.403186831461046,223.67982042901423,149.43976019854043,study_results/v4p2_followups_20260806/pseudo65/gp_window_ensemble_20260806/central_repeat/window_3p0/draw_04/attempt_02/results_single.csv,2,2,1,2,stable_reproduced,False,attempt_02_55_75MeV,False,1651.7138972231926,1651.7138981339288,study_results/v4p2_followups_20260806/pseudo65/gp_window_ensemble_20260806/runs/window_3p0/draw_04/attempt_01/results_single.csv|study_results/v4p2_followups_20260806/pseudo65/gp_window_ensemble_20260806/central_repeat/window_3p0/draw_04/attempt_02/results_single.csv,1651.71389722|1651.71389813,window_3p0,4
2021,0.067,0.002141617875,0.06218135978125,0.07181864021875,1648307875.0584216,1.64,0.063487746685,0.070512253315,0.00702450663,0.0,1.0,8000,0.000125,True,9987.272931840736,2.936660246484312e-06,0.5,0.0,-1598.239071409518,6647.289390225515,True,tilde_q_mu,asymptotic,default,sidak_approx,observed,8.03**2 * RBF(length_scale=0.318),0.034610636295701,0.4719632222141046,0.1278082447614374,0.3175600917027796,0.0314642148142736,64.51884707190273,1646.5666987106567,400,35,365,416,16,0.04,0.3,0.000625,1.0,1e-08,1e+18,False,False,False,False,12,1.1,15.0,10.09273848329816,16.16097656810088,220.37695320137564,148.28046376050142,study_results/v4p2_followups_20260806/pseudo65/gp_window_ensemble_20260806/runs/window_3p0/draw_04/attempt_01/results_single.csv,2,2,1,2,stable_reproduced,False,attempt_01_full,False,1646.5666987106567,1646.5666982886548,study_results/v4p2_followups_20260806/pseudo65/gp_window_ensemble_20260806/runs/window_3p0/draw_04/attempt_01/results_single.csv|study_results/v4p2_followups_20260806/pseudo65/gp_window_ensemble_20260806/central_repeat/window_3p0/draw_04/attempt_02/results_single.csv,1646.56669871|1646.56669829,window_3p0,4
2021,0.068,0.002151836,0.063158369,0.072841631,1688578941.0283756,1.64,0.06447098896,0.07152901104,0.00705802208,0.0,1.0,8000,0.000125,True,13671.756074153316,3.8664637421080375e-06,0.2748347220363302,0.5982555301982939,3975.8338433121944,6653.807713110813,True,tilde_q_mu,asymptotic,default,sidak_approx,observed,8.02**2 * RBF(length_scale=0.318),0.0342697008691363,0.4673141027609495,0.1265492572619316,0.3183604556957948,0.0311542735173966,64.388130484166,1647.783047123709,400,37,363,416,16,0.04,0.3,0.000625,1.0,1e-08,1e+18,False,False,False,False,12,1.1,15.0,10.218837409834686,15.92579586415336,217.1699436020912,147.94828959818258,study_results/v4p2_followups_20260806/pseudo65/gp_window_ensemble_20260806/central_repairs/window_3p0/draw_04/m068/attempt_03/results_single.csv,3,3,2,2,resolved_reproduced_max_lml,False,attempt_03_targeted,False,1647.783045954027,1647.7830445735638,study_results/v4p2_followups_20260806/pseudo65/gp_window_ensemble_20260806/runs/window_3p0/draw_04/attempt_01/results_single.csv|study_results/v4p2_followups_20260806/pseudo65/gp_window_ensemble_20260806/central_repeat/window_3p0/draw_04/attempt_02/results_single.csv|study_results/v4p2_followups_20260806/pseudo65/gp_window_ensemble_20260806/central_repairs/window_3p0/draw_04/m068/attempt_03/results_single.csv,1647.78304595|1647.78304457|1647.78304712,window_3p0,4
2021,0.069,0.002162225875,0.06413499178125,0.07386500821875,1724084149.3320065,1.64,0.065453949565,0.072546050435,0.00709210087,0.0,1.0,8000,0.000125,True,15067.33217932804,4.1129055388828154e-06,0.181994185356847,0.9077915366505034,5923.582562346233,6553.50593758234,True,tilde_q_mu,asymptotic,default,sidak_approx,observed,8.2**2 * RBF(length_scale=0.321),0.0339412013307978,0.4628345636017883,0.1253361923231284,0.3214825912727666,0.0308556375734525,67.16505895880763,1652.8437262105074,401,39,362,416,15,0.04,0.3,0.000625,1.0,1e-08,1e+18,False,False,False,False,12,1.1,15.0,10.41892556935406,15.697343058942815,214.05467807649293,148.6813172434016,study_results/v4p2_followups_20260806/pseudo65/gp_window_ensemble_20260806/central_repeat/window_3p0/draw_04/attempt_02/results_single.csv,2,2,1,2,stable_reproduced,False,attempt_02_55_75MeV,False,1652.8437261438323,1652.8437262105074,study_results/v4p2_followups_20260806/pseudo65/gp_window_ensemble_20260806/runs/window_3p0/draw_04/attempt_01/results_single.csv|study_results/v4p2_followups_20260806/pseudo65/gp_window_ensemble_20260806/central_repeat/window_3p0/draw_04/attempt_02/results_single.csv,1652.84372614|1652.84372621,window_3p0,4
2021,0.07,0.0021727875,0.065111228125,0.074888771875,1753970248.515488,1.64,0.0664366285,0.0735633715,0.0071267429999999,0.0,1.0,8000,0.000125,True,13873.826849205268,3.6694073762108553e-06,0.2602122199900842,0.6426912805241468,4232.503440216065,6656.378101170883,True,tilde_q_mu,asymptotic,default,sidak_approx,observed,8.27**2 * RBF(length_scale=0.322),0.0336246112080568,0.4585174255644109,0.1241671058160028,0.321533423086086,0.0305678283709607,68.39471018747642,1647.1528533830344,400,40,360,416,16,0.04,0.3,0.000625,1.0,1e-08,1e+18,False,False,False,False,12,1.1,15.0,10.518687136818036,15.475333509630737,211.02727513132825,147.98199229611086,study_results/v4p2_followups_20260806/pseudo65/gp_window_ensemble_20260806/runs/window_3p0/draw_04/attempt_01/results_single.csv,2,2,1,2,stable_reproduced,False,attempt_01_full,False,1647.1528533830344,1647.1528530582657,study_results/v4p2_followups_20260806/pseudo65/gp_window_ensemble_20260806/runs/window_3p0/draw_04/attempt_01/results_single.csv|study_results/v4p2_followups_20260806/pseudo65/gp_window_ensemble_20260806/central_repeat/window_3p0/draw_04/attempt_02/results_single.csv,1647.15285338|1647.15285306,window_3p0,4
2021,0.071,0.002183520875,0.06608707803125,0.0759129219687499,1779363728.184681,1.64,0.0674190257649999,0.074580974235,0.00716194847,0.0,1.0,8000,0.000125,True,10311.540516042493,2.6504547402776125e-06,0.5,0.0,-788.3159266537123,6548.15530915813,True,tilde_q_mu,asymptotic,default,sidak_approx,observed,8.42**2 * RBF(length_scale=0.324),0.0333194333154327,0.4543559088468107,0.1230401617614922,0.3238064503547024,0.0302903939231207,70.87732233535581,1652.917799448344,401,42,359,416,15,0.04,0.3,0.000625,1.0,1e-08,1e+18,False,False,False,False,12,1.1,15.0,10.690070626897338,15.259498407787282,208.08406919709927,148.2955597366123,study_results/v4p2_followups_20260806/pseudo65/gp_window_ensemble_20260806/central_repeat/window_3p0/draw_04/attempt_02/results_single.csv,2,2,1,2,stable_reproduced,False,attempt_02_55_75MeV,False,1652.917799375705,1652.917799448344,study_results/v4p2_followups_20260806/pseudo65/gp_window_ensemble_20260806/runs/window_3p0/draw_04/attempt_01/results_single.csv|study_results/v4p2_followups_20260806/pseudo65/gp_window_ensemble_20260806/central_repeat/window_3p0/draw_04/attempt_02/results_single.csv,1652.91779938|1652.91779945,window_3p0,4
2021,0.072,0.002194426,0.0670625414999999,0.0769374585,1799969135.2870493,1.64,0.06840114136,0.0755988586399999,0.0071977172799999,0.0,1.0,8000,0.000125,True,8670.341212804848,2.1724938540235766e-06,0.5,0.0,-5111.3573580600405,6626.0485580210525,True,tilde_q_mu,asymptotic,default,sidak_approx,observed,8.38**2 * RBF(length_scale=0.323),0.0330251977459068,0.4503436056260024,0.1219536249129291,0.3229949125800905,0.0300229070417334,70.26428296471808,1647.207209601918,400,43,357,416,16,0.04,0.3,0.000625,1.0,1e-08,1e+18,False,False,False,False,12,1.1,15.0,10.758282405201795,15.049583693369856,205.22159581867984,147.18879223090252,study_results/v4p2_followups_20260806/pseudo65/gp_window_ensemble_20260806/runs/window_3p0/draw_04/attempt_01/results_single.csv,2,2,1,2,stable_reproduced,False,attempt_01_full,False,1647.207209601918,1647.2072088221669,study_results/v4p2_followups_20260806/pseudo65/gp_window_ensemble_20260806/runs/window_3p0/draw_04/attempt_01/results_single.csv|study_results/v4p2_followups_20260806/pseudo65/gp_window_ensemble_20260806/central_repeat/window_3p0/draw_04/attempt_02/results_single.csv,1647.2072096|1647.20720882,window_3p0,4
2021,0.073,0.002205502875,0.06803761853125,0.07796238146875,1816625606.7437809,1.64,0.069382975285,0.076617024715,0.00723404943,0.0,1.0,8000,0.000125,True,8430.368122988588,2.064325462368695e-06,0.4999026019832914,0.000244140625,-5940.761254723706,6615.880029820716,True,tilde_q_mu,asymptotic,default,sidak_approx,observed,8.24**2 * RBF(length_scale=0.321),0.0327414600253253,0.4464744548907995,0.1209058539407253,0.3205987249030194,0.0297649636593866,67.88492901648169,1646.984927413431,400,45,355,416,16,0.04,0.3,0.000625,1.0,1e-08,1e+18,False,False,False,False,12,1.1,15.0,10.771010123572449,14.845349056879057,202.43657804835075,145.36309543600998,study_results/v4p2_followups_20260806/pseudo65/gp_window_ensemble_20260806/central_repeat/window_3p0/draw_04/attempt_02/results_single.csv,2,2,1,2,stable_reproduced,False,attempt_02_55_75MeV,False,1646.9849272893105,1646.984927413431,study_results/v4p2_followups_20260806/pseudo65/gp_window_ensemble_20260806/runs/window_3p0/draw_04/attempt_01/results_single.csv|study_results/v4p2_followups_20260806/pseudo65/gp_window_ensemble_20260806/central_repeat/window_3p0/draw_04/attempt_02/results_single.csv,1646.98492729|1646.98492741,window_3p0,4
2021,0.074,0.0022167515,0.0690123091249999,0.078987690875,1829397023.7013748,1.64,0.07036452754,0.07763547246,0.0072709449199999,0.0,1.0,8000,0.000125,True,8130.081183792672,1.9501818779769985e-06,0.5,0.0,-6580.184432392761,6546.937789474927,True,tilde_q_mu,asymptotic,default,sidak_approx,observed,8.37**2 * RBF(length_scale=0.324),0.0324677994146582,0.442742719290794,0.1198952951630456,0.3238703600490563,0.0295161812860529,69.99272561922264,1647.9068614756354,400,46,354,416,16,0.04,0.3,0.000625,1.0,1e-08,1e+18,False,False,False,False,12,1.1,15.0,10.972637581748844,14.646567021453794,199.72591392891536,146.1013379483701,study_results/v4p2_followups_20260806/pseudo65/gp_window_ensemble_20260806/central_repeat/window_3p0/draw_04/attempt_02/results_single.csv,2,2,1,2,stable_reproduced,False,attempt_02_55_75MeV,False,1647.9068606654298,1647.9068614756354,study_results/v4p2_followups_20260806/pseudo65/gp_window_ensemble_20260806/runs/window_3p0/draw_04/attempt_01/results_single.csv|study_results/v4p2_followups_20260806/pseudo65/gp_window_ensemble_20260806/central_repeat/window_3p0/draw_04/attempt_02/results_single.csv,1647.90686067|1647.90686148,window_3p0,4
2021,0.075,0.002228171875,0.06998661328125,0.08001338671875,1838368958.6354597,1.64,0.071345798125,0.078654201875,0.0073084037499999,0.0,1.0,8000,0.000125,True,8789.748309339415,2.070152883482727e-06,0.5,0.0,-4189.520819389695,6510.697066535423,True,tilde_q_mu,asymptotic,default,sidak_approx,observed,8.37**2 * RBF(length_scale=0.324),0.032203817346461,0.4391429638153776,0.1189204767720596,0.3241124423387467,0.0292761975876918,70.08203056900602,1647.45495283607,400,48,352,416,16,0.04,0.3,0.000625,1.0,1e-08,1e+18,False,False,False,False,12,1.1,15.0,11.070851717267017,14.45302209752604,197.08666496626415,145.461149552813,study_results/v4p2_followups_20260806/pseudo65/gp_window_ensemble_20260806/central_repeat/window_3p0/draw_04/attempt_02/results_single.csv,2,2,1,2,stable_reproduced,False,attempt_02_55_75MeV,False,1647.4549528295213,1647.45495283607,study_results/v4p2_followups_20260806/pseudo65/gp_window_ensemble_20260806/runs/window_3p0/draw_04/attempt_01/results_single.csv|study_results/v4p2_followups_20260806/pseudo65/gp_window_ensemble_20260806/central_repeat/window_3p0/draw_04/attempt_02/results_single.csv,1647.45495283|1647.45495284,window_3p0,4
2021,0.076,0.002239764,0.070960531,0.081039469,1844398591.748667,1.64,0.0723267870399999,0.07967321296,0.00734642592,0.0,1.0,8000,0.000125,True,9885.574196001962,2.2900947327399746e-06,0.5,0.0,-1436.0841126385428,6467.037265151343,True,tilde_q_mu,asymptotic,default,sidak_approx,observed,8.33**2 * RBF(length_scale=0.324),0.0319491359833398,0.4356700361364529,0.1179800035107226,0.3237132276005796,0.0290446690757635,69.3843826815258,1647.522921920505,400,50,350,416,16,0.04,0.3,0.000625,1.0,1e-08,1e+18,False,False,False,False,12,1.1,15.0,11.14535775071728,14.264510003437811,194.51604550142468,144.53006102454526,study_results/v4p2_followups_20260806/pseudo65/gp_window_ensemble_20260806/runs/window_3p0/draw_04/attempt_01/results_single.csv,1,1,1,1,single_attempt_outside_55_75MeV,False,,,,,,,window_3p0,4
2021,0.077,0.002251527875,0.07193406228125,0.08206593771875,1847461207.5520144,1.64,0.073307494285,0.080692505715,0.00738501143,0.0,1.0,8000,0.000125,True,11844.422457138182,2.7037576295763727e-06,0.382290995063942,0.2994693035768274,1935.4643627205317,6463.662773981886,True,tilde_q_mu,asymptotic,default,sidak_approx,observed,8.12**2 * RBF(length_scale=0.321),0.0317033968874435,0.4323190484651396,0.1170725517595489,0.3210880422894081,0.0288212698976759,66.01113665912018,1647.5620113223815,400,51,349,416,16,0.04,0.3,0.000625,1.0,1e-08,1e+18,False,False,False,False,12,1.1,15.0,11.14066255336304,14.080836946086476,192.0114129011792,142.60895716843305,study_results/v4p2_followups_20260806/pseudo65/gp_window_ensemble_20260806/runs/window_3p0/draw_04/attempt_01/results_single.csv,1,1,1,1,single_attempt_outside_55_75MeV,False,,,,,,,window_3p0,4
2021,0.078,0.0022634635,0.072907207125,0.083092792875,1847769944.3645077,1.64,0.07428791986,0.08171208014,0.00742416028,0.0,1.0,8000,0.000125,True,13332.529654118944,3.0039311818249615e-06,0.2712268619368686,0.6091066894628616,3961.0486332272194,6440.884029686055,True,tilde_q_mu,asymptotic,default,sidak_approx,observed,8.07**2 * RBF(length_scale=0.32),0.0314662597911359,0.4290853607882172,0.1161968649970184,0.3203124537410978,0.0286056907192144,65.04896739578848,1647.0008977071222,400,53,347,416,16,0.04,0.3,0.000625,1.0,1e-08,1e+18,False,False,False,False,12,1.1,15.0,11.1975081072223,13.901818956274722,189.57025849465532,141.5143004254753,study_results/v4p2_followups_20260806/pseudo65/gp_window_ensemble_20260806/runs/window_3p0/draw_04/attempt_01/results_single.csv,1,1,1,1,single_attempt_outside_55_75MeV,False,,,,,,,window_3p0,4
2021,0.079,0.002275570875,0.07387996553125,0.08412003446875,1845689661.7151537,1.64,0.075268063765,0.082731936235,0.0074638724699999,0.0,1.0,8000,0.000125,True,14390.275728453526,3.204817228041628e-06,0.2114232017886624,0.8014928121928644,5230.977656149929,6485.07861180338,True,tilde_q_mu,asymptotic,default,sidak_approx,observed,8.02**2 * RBF(length_scale=0.319),0.0312374014599871,0.4259645653634614,0.1153517496008941,0.3194955226651489,0.0283976376908974,64.27271656917995,1640.790603635625,399,54,345,416,17,0.04,0.3,0.000625,1.0,1e-08,1e+18,False,False,False,False,12,1.1,15.0,11.25077818594608,13.727281273973578,187.1901991905488,140.40236064506183,study_results/v4p2_followups_20260806/pseudo65/gp_window_ensemble_20260806/runs/window_3p0/draw_04/attempt_01/results_single.csv,1,1,1,1,single_attempt_outside_55_75MeV,False,,,,,,,window_3p0,4
2021,0.08,0.00228785,0.0748523375,0.0851476625,1840971776.2432177,1.64,0.076247926,0.083752074,0.0075041479999999,0.0,1.0,8000,0.000125,True,14461.2243847686,3.188510631842107e-06,0.1924635374408784,0.8688538496121075,5532.252585285133,6376.634459879827,True,tilde_q_mu,asymptotic,default,sidak_approx,observed,8.16**2 * RBF(length_scale=0.321),0.0310165146400847,0.4229524723647926,0.1145360709609101,0.3211988521495377,0.0281968314909861,66.52700280902096,1645.887710984631,400,56,344,416,16,0.04,0.3,0.000625,1.0,1e-08,1e+18,False,False,False,False,12,1.1,15.0,11.391310128310588,13.55705777917468,184.8689697160183,140.3933178090949,study_results/v4p2_followups_20260806/pseudo65/gp_window_ensemble_20260806/runs/window_3p0/draw_04/attempt_01/results_single.csv,1,1,1,1,single_attempt_outside_55_75MeV,False,,,,,,,window_3p0,4
2021,0.081,0.002300300875,0.07582432303125,0.08617567696875,1834117166.8439004,1.64,0.077227506565,0.084772493435,0.0075449868699999,0.0,1.0,8000,0.000125,True,14807.11163138918,3.236519127293328e-06,0.1781688166563511,0.922366124598582,5935.37984426852,6406.976935410582,True,tilde_q_mu,asymptotic,default,sidak_approx,observed,8.06**2 * RBF(length_scale=0.321),0.030803307082474,0.4200450965791913,0.113748749876279,0.3206712690692128,0.0280030064386127,64.89619121225613,1639.4939956286782,399,57,342,416,17,0.04,0.3,0.000625,1.0,1e-08,1e+18,False,False,False,False,12,1.1,15.0,11.451315763976185,13.390990464442623,182.6044154242176,139.40405472793327,study_results/v4p2_followups_20260806/pseudo65/gp_window_ensemble_20260806/runs/window_3p0/draw_04/attempt_01/results_single.csv,1,1,1,1,single_attempt_outside_55_75MeV,False,,,,,,,window_3p0,4
2021,0.082,0.0023129235,0.076795922125,0.087204077875,1825600864.265104,1.64,0.07820680546,0.08579319454,0.00758638908,0.0,1.0,8000,0.000125,True,13398.961450488368,2.9065070092637745e-06,0.2521996005786292,0.6675839570640603,4248.864903706429,6354.344626167032,True,tilde_q_mu,asymptotic,default,sidak_approx,observed,8.2**2 * RBF(length_scale=0.322),0.0305975006382008,0.4172386450663756,0.1129887592139169,0.3221249845759385,0.0278159096710917,67.2295763540754,1638.7877532629411,399,59,340,416,17,0.04,0.3,0.000625,1.0,1e-08,1e+18,False,False,False,False,12,1.1,15.0,11.580602194387838,13.228928945639955,180.39448562236305,139.27178507025351,study_results/v4p2_followups_20260806/pseudo65/gp_window_ensemble_20260806/runs/window_3p0/draw_04/attempt_01/results_single.csv,1,1,1,1,single_attempt_outside_55_75MeV,False,,,,,,,window_3p0,4
2021,0.083,0.002325717875,0.07776713478125,0.08823286521875,1815668681.2943528,1.64,0.079185822685,0.086814177315,0.00762835463,0.0,1.0,8000,0.000125,True,10954.013933712768,2.3603614676226823e-06,0.4191813515413024,0.2039882217447755,877.519497883978,6332.9483764742,True,tilde_q_mu,asymptotic,default,sidak_approx,observed,8.12**2 * RBF(length_scale=0.32),0.030398830418065,0.4145295057008868,0.1122551208056255,0.3198799499798646,0.0276353003800591,65.98358033450889,1641.771082036026,399,60,339,416,17,0.04,0.3,0.000625,1.0,1e-08,1e+18,False,False,False,False,12,1.1,15.0,11.5750487811119,13.070730007639057,178.2372273768962,137.5403067665138,study_results/v4p2_followups_20260806/pseudo65/gp_window_ensemble_20260806/runs/window_3p0/draw_04/attempt_01/results_single.csv,1,1,1,1,single_attempt_outside_55_75MeV,False,,,,,,,window_3p0,4
2021,0.084,0.002338684,0.078737961,0.089262039,1803665927.1918256,1.64,0.08016455824,0.08783544176,0.00767088352,0.0,1.0,8000,0.000125,True,10079.299121184788,2.160303994591251e-06,0.5,0.0,-379.29382565498145,6277.621571643255,True,tilde_q_mu,asymptotic,default,sidak_approx,observed,8.15**2 * RBF(length_scale=0.321),0.0302070440117673,0.4119142365241002,0.111546902564603,0.3210452328180797,0.0274609491016066,66.34768205834924,1641.7393866719333,399,62,337,416,17,0.04,0.3,0.000625,1.0,1e-08,1e+18,False,False,False,False,12,1.1,15.0,11.690973667013424,12.916257182144893,176.13077975652126,137.27602053893543,study_results/v4p2_followups_20260806/pseudo65/gp_window_ensemble_20260806/runs/window_3p0/draw_04/attempt_01/results_single.csv,1,1,1,1,single_attempt_outside_55_75MeV,False,,,,,,,window_3p0,4
2021,0.085,0.002351821875,0.07970840078125,0.09029159921875,1790440672.4133158,1.64,0.081143012125,0.088856987875,0.0077139757499999,0.0,1.0,8000,0.000125,True,8825.278217187264,1.8830830180437408e-06,0.5,0.0,-2624.589103496696,6172.794482926468,True,tilde_q_mu,asymptotic,default,sidak_approx,observed,8.11**2 * RBF(length_scale=0.32),0.0300219007615834,0.4093895558397742,0.1108632158033061,0.3203099783696552,0.0272926370559849,65.82664393329577,1647.3892759752157,400,64,336,416,16,0.04,0.3,0.000625,1.0,1e-08,1e+18,False,False,False,False,12,1.1,15.0,11.736131532933536,12.76538035499965,174.07336847726796,136.19652992200153,study_results/v4p2_followups_20260806/pseudo65/gp_window_ensemble_20260806/runs/window_3p0/draw_04/attempt_01/results_single.csv,1,1,1,1,single_attempt_outside_55_75MeV,False,,,,,,,window_3p0,4
2021,0.086,0.0023651315,0.080678454125,0.091321545875,1775696555.8627672,1.64,0.0821211843399999,0.08987881566,0.00775763132,0.0,1.0,8000,0.000125,True,8359.334485534951,1.7775606253077831e-06,0.5,0.0,-4005.9857200940114,6189.783338847317,True,tilde_q_mu,asymptotic,default,sidak_approx,observed,8.1**2 * RBF(length_scale=0.32),0.0298431710861948,0.4069523329935665,0.1102032127365311,0.3200958669395675,0.0271301555329044,65.65769005262901,1641.654495040182,399,65,334,416,17,0.04,0.3,0.000625,1.0,1e-08,1e+18,False,False,False,False,12,1.1,15.0,11.798526792496403,12.61797540060452,172.0633009173344,135.33956439190274,study_results/v4p2_followups_20260806/pseudo65/gp_window_ensemble_20260806/runs/window_3p0/draw_04/attempt_01/results_single.csv,1,1,1,1,single_attempt_outside_55_75MeV,False,,,,,,,window_3p0,4
2021,0.087,0.002378612875,0.0816481210312499,0.09235187896875,1760136602.064715,1.64,0.083099074885,0.0909009251149999,0.0078018502299999,0.0,1.0,8000,0.000125,True,7885.886265713717,1.6722638610257578e-06,0.5,0.0,-5331.968267604999,6155.162837332015,True,tilde_q_mu,asymptotic,default,sidak_approx,observed,8.04**2 * RBF(length_scale=0.319),0.0296706358506726,0.4045995797818991,0.1095660841549239,0.3185980852284641,0.0269733053187932,64.61845403716754,1640.9972453705716,399,67,332,416,17,0.04,0.3,0.000625,1.0,1e-08,1e+18,False,False,False,False,12,1.1,15.0,11.811607122783183,12.47392384129452,170.098961472198,133.94280699353575,study_results/v4p2_followups_20260806/pseudo65/gp_window_ensemble_20260806/runs/window_3p0/draw_04/attempt_01/results_single.csv,1,1,1,1,single_attempt_outside_55_75MeV,False,,,,,,,window_3p0,4
2021,0.088,0.002392266,0.0826174014999999,0.0933825985,1743632625.119082,1.64,0.0840766837599999,0.09192331624,0.00784663248,0.0,1.0,8000,0.000125,True,7859.349867909949,1.663293482277164e-06,0.5,0.0,-5263.615273140415,6115.346491903143,True,tilde_q_mu,asymptotic,default,sidak_approx,observed,8.01**2 * RBF(length_scale=0.318),0.0295040857789749,0.4023284424405671,0.1089510572554845,0.3181650322571064,0.0268218961627044,64.09441893254647,1641.0330683144118,399,68,331,416,17,0.04,0.3,0.000625,1.0,1e-08,1e+18,False,False,False,False,12,1.1,15.0,11.862137946067776,12.33311252969984,168.17880722317963,132.9973473924331,study_results/v4p2_followups_20260806/pseudo65/gp_window_ensemble_20260806/runs/window_3p0/draw_04/attempt_01/results_single.csv,1,1,1,1,single_attempt_outside_55_75MeV,False,,,,,,,window_3p0,4
2021,0.089,0.002406090875,0.08358629553125,0.09441370446875,1725874782.225614,1.64,0.085054010965,0.092945989035,0.00789197807,0.0,1.0,8000,0.000125,True,8454.167665028555,1.7872754459565818e-06,0.5,0.0,-3105.619834357649,6054.916634051707,True,tilde_q_mu,asymptotic,default,sidak_approx,observed,8.2**2 * RBF(length_scale=0.321),0.0293433209056615,0.4001361941681125,0.1083573936168872,0.3207665912834295,0.0266757462778741,67.1928754882209,1640.0457928802014,399,70,329,416,17,0.04,0.3,0.000625,1.0,1e-08,1e+18,False,False,False,False,12,1.1,15.0,12.024652954113789,12.1954333523091,166.3013638951241,133.31441244231038,study_results/v4p2_followups_20260806/pseudo65/gp_window_ensemble_20260806/runs/window_3p0/draw_04/attempt_01/results_single.csv,1,1,1,1,single_attempt_outside_55_75MeV,False,,,,,,,window_3p0,4
2021,0.09,0.0024200875,0.084554803125,0.095445196875,1707421799.183081,1.64,0.0860310565,0.0939689435,0.007937887,0.0,1.0,8000,0.000125,True,9699.301356170285,2.049637431339354e-06,0.5,0.0,-465.3847893166178,6059.302075376954,True,tilde_q_mu,asymptotic,default,sidak_approx,observed,8.26**2 * RBF(length_scale=0.321),0.0291881500637943,0.3980202281426503,0.1077843873084286,0.321333178646042,0.0265346818761766,68.26005358419197,1635.2136656457114,398,71,327,416,18,0.04,0.3,0.000625,1.0,1e-08,1e+18,False,False,False,False,12,1.1,15.0,12.109931452938978,12.060782952597524,164.46522208087532,132.7775043861191,study_results/v4p2_followups_20260806/pseudo65/gp_window_ensemble_20260806/runs/window_3p0/draw_04/attempt_01/results_single.csv,1,1,1,1,single_attempt_outside_55_75MeV,False,,,,,,,window_3p0,4
2021,0.091,0.002434255875,0.08552292428125,0.09647707571875,1688209960.037576,1.64,0.087007820365,0.094992179635,0.0079843592699999,0.0,1.0,8000,0.000125,True,11828.991406792986,2.5003441403264436e-06,0.3171221984606489,0.4757613655532834,2938.5228767521367,5973.061444670302,True,tilde_q_mu,asymptotic,default,sidak_approx,observed,8.26**2 * RBF(length_scale=0.321),0.0290383904062669,0.3959780509945498,0.1072313631224206,0.3208587040178998,0.0263985367329699,68.16231200472883,1641.9912485292195,399,73,326,416,17,0.04,0.3,0.000625,1.0,1e-08,1e+18,False,False,False,False,12,1.1,15.0,12.154412468520231,11.929062472229626,162.66903371222216,131.80976877293142,study_results/v4p2_followups_20260806/pseudo65/gp_window_ensemble_20260806/runs/window_3p0/draw_04/attempt_01/results_single.csv,1,1,1,1,single_attempt_outside_55_75MeV,False,,,,,,,window_3p0,4
2021,0.092,0.002448596,0.086490659,0.097509341,1668257878.789034,1.64,0.08798430256,0.0960156974399999,0.0080313948799999,0.0,1.0,8000,0.000125,True,12806.01440748895,2.7094609503921657e-06,0.237507801178354,0.7143422019284551,4254.0335990368,5975.3402021920165,True,tilde_q_mu,asymptotic,default,sidak_approx,observed,8.2**2 * RBF(length_scale=0.321),0.0288938669580575,0.3940072767007851,0.1066976749207735,0.3213748503025708,0.0262671517800523,67.29228918870702,1638.730324391725,398,74,324,416,18,0.04,0.3,0.000625,1.0,1e-08,1e+18,False,False,False,False,12,1.1,15.0,12.234857170415694,11.800177308979343,160.9115087588092,131.24862178267497,study_results/v4p2_followups_20260806/pseudo65/gp_window_ensemble_20260806/runs/window_3p0/draw_04/attempt_01/results_single.csv,1,1,1,1,single_attempt_outside_55_75MeV,False,,,,,,,window_3p0,4
2021,0.093,0.002463107875,0.08745800728125,0.09854199271875,1647188801.3305027,1.64,0.088960503085,0.097039496915,0.0080789938299999,0.0,1.0,8000,0.000125,True,12686.956599018507,2.6893730385647976e-06,0.2395330302865138,0.7078054836169643,4192.478163544473,5927.799415031912,True,tilde_q_mu,asymptotic,default,sidak_approx,observed,8.22**2 * RBF(length_scale=0.322),0.0287544121970801,0.3921056208692741,0.106182704087187,0.3220225656915669,0.0261403747246182,67.54346700668445,1639.440937758619,398,76,322,416,18,0.04,0.3,0.000625,1.0,1e-08,1e+18,False,False,False,False,12,1.1,15.0,12.318972818254784,11.674036890113918,159.19141213791704,130.7383119351063,study_results/v4p2_followups_20260806/pseudo65/gp_window_ensemble_20260806/runs/window_3p0/draw_04/attempt_01/results_single.csv,1,1,1,1,single_attempt_outside_55_75MeV,False,,,,,,,window_3p0,4
2021,0.094,0.0024777915,0.088424969125,0.099575030875,1625450307.8031468,1.64,0.08993642194,0.09806357806,0.00812715612,0.0,1.0,8000,0.000125,True,11271.951989947813,2.3956176366518444e-06,0.3393340201736157,0.4142813913702337,2432.356137493717,5870.795121562811,True,tilde_q_mu,asymptotic,default,sidak_approx,observed,8.38**2 * RBF(length_scale=0.323),0.0286198656615447,0.3902708953847011,0.1056858580772325,0.3232598433623924,0.0260180596923134,70.18445696409097,1635.9001664120633,398,77,321,416,18,0.04,0.3,0.000625,1.0,1e-08,1e+18,False,False,False,False,12,1.1,15.0,12.42444083783442,11.550554460108833,157.50756081966588,130.4628913943697,study_results/v4p2_followups_20260806/pseudo65/gp_window_ensemble_20260806/runs/window_3p0/draw_04/attempt_01/results_single.csv,1,1,1,1,single_attempt_outside_55_75MeV,False,,,,,,,window_3p0,4
2021,0.095,0.002492646875,0.08939154453125,0.10060845546875,1603496027.5520115,1.64,0.090912059125,0.099087940875,0.00817588175,0.0,1.0,8000,0.000125,True,9641.581168334716,2.055306946896041e-06,0.4968140614833176,0.007986048454002,49.53154932598956,5844.431734590176,True,tilde_q_mu,asymptotic,default,sidak_approx,observed,8.22**2 * RBF(length_scale=0.321),0.0284900735818755,0.3885010033892122,0.1052065690591188,0.3209462980826068,0.0259000668926141,67.61735351287203,1636.2728934647848,398,79,319,416,18,0.04,0.3,0.000625,1.0,1e-08,1e+18,False,False,False,False,12,1.1,15.0,12.391716956303698,11.429646881640853,155.85882111328436,128.75722642526603,study_results/v4p2_followups_20260806/pseudo65/gp_window_ensemble_20260806/runs/window_3p0/draw_04/attempt_01/results_single.csv,1,1,1,1,single_attempt_outside_55_75MeV,False,,,,,,,window_3p0,4
2021,0.096,0.002507674,0.0903577335,0.1016422665,1581239228.7143855,1.64,0.09188741464,0.10011258536,0.00822517072,0.0,1.0,8000,0.000125,True,8047.440431886927,1.7215073431234966e-06,0.4998622584051908,0.0003452669830012,-3087.8525865893143,5788.270980368844,True,tilde_q_mu,asymptotic,default,sidak_approx,observed,8.28**2 * RBF(length_scale=0.322),0.0283648885354218,0.3867939345739346,0.1047442926386298,0.3216673893844554,0.0257862623049289,68.55794937822405,1636.6168203353473,398,81,317,416,18,0.04,0.3,0.000625,1.0,1e-08,1e+18,False,False,False,False,12,1.1,15.0,12.4743704838126,11.311234448904392,154.24410612142353,128.2732083135429,study_results/v4p2_followups_20260806/pseudo65/gp_window_ensemble_20260806/runs/window_3p0/draw_04/attempt_01/results_single.csv,1,1,1,1,single_attempt_outside_55_75MeV,False,,,,,,,window_3p0,4
2021,0.097,0.002522872875,0.09132353603125,0.10267646396875,1558363770.3660083,1.64,0.092862488485,0.101137511515,0.0082750230299999,0.0,1.0,8000,0.000125,True,7356.642035029296,1.5803706995718688e-06,0.5,0.0,-4938.677191649847,5737.112501354105,True,tilde_q_mu,asymptotic,default,sidak_approx,observed,8.31**2 * RBF(length_scale=0.322),0.02824416912233,0.3851477607590459,0.104298506662201,0.3222578614108887,0.0256765173839363,68.98988564238607,1636.56291426373,398,82,316,416,18,0.04,0.3,0.000625,1.0,1e-08,1e+18,False,False,False,False,12,1.1,15.0,12.550684214382516,11.195240712368449,152.66237335047882,127.73448262266832,study_results/v4p2_followups_20260806/pseudo65/gp_window_ensemble_20260806/runs/window_3p0/draw_04/attempt_01/results_single.csv,1,1,1,1,single_attempt_outside_55_75MeV,False,,,,,,,window_3p0,4
2021,0.098,0.0025382435,0.092288952125,0.103711047875,1534811175.2125387,1.64,0.09383728066,0.10216271934,0.0083254386799999,0.0,1.0,8000,0.000125,True,7279.00605155949,1.5714876563635072e-06,0.4999026019832914,0.000244140625,-4941.751518936546,5684.21491314213,True,tilde_q_mu,asymptotic,default,sidak_approx,observed,8.33**2 * RBF(length_scale=0.323),0.0281277796610786,0.3835606317419815,0.1038687100926096,0.3228022889638807,0.0255707087827987,69.425962401399,1636.8468696738246,398,84,314,416,18,0.04,0.3,0.000625,1.0,1e-08,1e+18,False,False,False,False,12,1.1,15.0,12.62390853948591,11.081592314164752,151.11262246588296,127.17546167807804,study_results/v4p2_followups_20260806/pseudo65/gp_window_ensemble_20260806/runs/window_3p0/draw_04/attempt_01/results_single.csv,1,1,1,1,single_attempt_outside_55_75MeV,False,,,,,,,window_3p0,4
2021,0.099,0.002553785875,0.09325398178125,0.10474601821875,1511028905.8514876,1.64,0.094811791165,0.103188208835,0.0083764176699999,0.0,1.0,8000,0.000125,True,7784.456818470223,1.6898193112158072e-06,0.5,0.0,-3311.1256962715,5676.686086166425,True,tilde_q_mu,asymptotic,default,sidak_approx,observed,8.32**2 * RBF(length_scale=0.323),0.0280155899022987,0.3820307713949833,0.1034544219521848,0.3225764580808204,0.0254687180929988,69.1660121279166,1631.428938866009,397,85,312,416,19,0.04,0.3,0.000625,1.0,1e-08,1e+18,False,False,False,False,12,1.1,15.0,12.665594589524854,10.970218833361969,149.59389318220866,126.31304027430274,study_results/v4p2_followups_20260806/pseudo65/gp_window_ensemble_20260806/runs/window_3p0/draw_04/attempt_01/results_single.csv,1,1,1,1,single_attempt_outside_55_75MeV,False,,,,,,,window_3p0,4
2021,0.1,0.0025695,0.094218625,0.105781375,1487397833.440122,1.64,0.09578602,0.10421398,0.00842796,0.0,1.0,8000,0.000125,True,8455.987851726488,1.846108100235806e-06,0.4999026019832914,0.000244140625,-1364.7623554115617,5589.037542995275,True,tilde_q_mu,asymptotic,default,sidak_approx,observed,8.28**2 * RBF(length_scale=0.322),0.027907474759607,0.3805564739946421,0.1030551803288439,0.3224285548203754,0.0253704315996428,68.60771985001355,1637.8311479379336,398,87,311,416,18,0.04,0.3,0.000625,1.0,1e-08,1e+18,False,False,False,False,12,1.1,15.0,12.708832073038716,10.861052640438642,148.10526327870872,125.48299467615313,study_results/v4p2_followups_20260806/pseudo65/gp_window_ensemble_20260806/runs/window_3p0/draw_04/attempt_01/results_single.csv,1,1,1,1,single_attempt_outside_55_75MeV,False,,,,,,,window_3p0,4
2021,0.101,0.002585385875,0.09518288178125,0.10681711821875,1463545807.7925766,1.64,0.096759967165,0.105240032835,0.00848006567,0.0,1.0,8000,0.000125,True,9414.281027000758,2.0681373911789738e-06,0.4701693628832317,0.0748441348135657,417.2758836011775,5579.639966819217,True,tilde_q_mu,asymptotic,default,sidak_approx,observed,8.3**2 * RBF(length_scale=0.323),0.0278033140562975,0.3791361007676941,0.1026705414406892,0.3228840841844143,0.0252757400511796,68.88783251242134,1632.1512589333945,397,88,309,416,19,0.04,0.3,0.000625,1.0,1e-08,1e+18,False,False,False,False,12,1.1,15.0,12.7744660900382,10.754028760328694,146.64584673175492,124.88815975464952,study_results/v4p2_followups_20260806/pseudo65/gp_window_ensemble_20260806/runs/window_3p0/draw_04/attempt_01/results_single.csv,1,1,1,1,single_attempt_outside_55_75MeV,False,,,,,,,window_3p0,4
2021,0.102,0.0026014435,0.096146752125,0.1078532478749999,1439773239.9828668,1.64,0.09773363266,0.1062663673399999,0.0085327346799999,0.0,1.0,8000,0.000125,True,9877.544378401435,2.1841106799196887e-06,0.4040479735239657,0.2428831139670345,1242.033339954422,5529.278008511217,True,tilde_q_mu,asymptotic,default,sidak_approx,observed,8.4**2 * RBF(length_scale=0.324),0.0277029922867878,0.3777680766380165,0.1023000787550902,0.3237378613401292,0.0251845384425344,70.53610706837509,1632.6155449937924,397,90,307,416,19,0.04,0.3,0.000625,1.0,1e-08,1e+18,False,False,False,False,12,1.1,15.0,12.854627535812408,10.649084743446428,145.21479195608765,124.44547088573296,study_results/v4p2_followups_20260806/pseudo65/gp_window_ensemble_20260806/runs/window_3p0/draw_04/attempt_01/results_single.csv,1,1,1,1,single_attempt_outside_55_75MeV,False,,,,,,,window_3p0,4
2021,0.103,0.002617672875,0.0971102360312499,0.10888976396875,1415306075.6792226,1.64,0.098707016485,0.107292983515,0.00858596703,0.0,1.0,8000,0.000125,True,11056.984549019297,2.4630261854681297e-06,0.2949837702913902,0.5388830687950344,2957.185216999062,5496.543234157303,True,tilde_q_mu,asymptotic,default,sidak_approx,observed,8.21**2 * RBF(length_scale=0.321),0.0276063983918545,0.3764508871616523,0.1019433821586847,0.3214262820360208,0.0250967258107768,67.330726109263,1630.6892805181046,397,91,306,416,19,0.04,0.3,0.000625,1.0,1e-08,1e+18,False,False,False,False,12,1.1,15.0,12.807498653788404,10.546160544164444,143.81128014769695,122.79085179274772,study_results/v4p2_followups_20260806/pseudo65/gp_window_ensemble_20260806/runs/window_3p0/draw_04/attempt_01/results_single.csv,1,1,1,1,single_attempt_outside_55_75MeV,False,,,,,,,window_3p0,4
2021,0.104,0.002634074,0.0980733335,0.1099266664999999,1390650623.4117515,1.64,0.09968011864,0.10831988136,0.00863976272,0.0,1.0,8000,0.000125,True,11800.641234416138,2.649562417815627e-06,0.2315917839695859,0.733614751253153,4011.800062503613,5462.743716454515,True,tilde_q_mu,asymptotic,default,sidak_approx,observed,8.08**2 * RBF(length_scale=0.32),0.0275134255467139,0.3751830756370089,0.1016000571748166,0.3199330854995078,0.0250122050424672,65.22151753111268,1630.978565179537,397,93,304,416,19,0.04,0.3,0.000625,1.0,1e-08,1e+18,False,False,False,False,12,1.1,15.0,12.7910787935852,10.445198406238394,142.4345237214326,121.45941438984164,study_results/v4p2_followups_20260806/pseudo65/gp_window_ensemble_20260806/runs/window_3p0/draw_04/attempt_01/results_single.csv,1,1,1,1,single_attempt_outside_55_75MeV,False,,,,,,,window_3p0,4
2021,0.105,0.002650646875,0.0990360445312499,0.11096395546875,1366191403.4118524,1.64,0.100652939125,0.109347060875,0.00869412175,0.0,1.0,8000,0.000125,True,11668.443777454946,2.6413868578566196e-06,0.2412069227590798,0.7024255028182205,3874.26490378098,5451.877899882506,True,tilde_q_mu,asymptotic,default,sidak_approx,observed,8.07**2 * RBF(length_scale=0.32),0.0274239709611162,0.3739632403788584,0.1012697242253318,0.3198113125431708,0.0249308826919238,65.08461119790836,1625.6333187109449,396,94,302,416,20,0.04,0.3,0.000625,1.0,1e-08,1e+18,False,False,False,False,12,1.1,15.0,12.827917747443834,10.346142754725216,141.08376483716202,120.65406205538822,study_results/v4p2_followups_20260806/pseudo65/gp_window_ensemble_20260806/runs/window_3p0/draw_04/attempt_01/results_single.csv,1,1,1,1,single_attempt_outside_55_75MeV,False,,,,,,,window_3p0,4
2021,0.106,0.0026673915,0.099998369125,0.112001630875,1341676381.151068,1.64,0.10162547794,0.11037452206,0.0087490441199999,0.0,1.0,8000,0.000125,True,10929.94999675684,2.495654478164735e-06,0.2807985462548695,0.5804709186744481,3093.506926855516,5361.000899861384,True,tilde_q_mu,asymptotic,default,sidak_approx,observed,8.24**2 * RBF(length_scale=0.322),0.0273379356906521,0.3727900321452559,0.1009520179337844,0.3218851786604428,0.0248526688096837,67.87165866871439,1628.9224560563898,397,96,301,416,19,0.04,0.3,0.000625,1.0,1e-08,1e+18,False,False,False,False,12,1.1,15.0,12.951734927358054,10.248940093965247,139.758274008617,120.67414125764547,study_results/v4p2_followups_20260806/pseudo65/gp_window_ensemble_20260806/runs/window_3p0/draw_04/attempt_01/results_single.csv,1,1,1,1,single_attempt_outside_55_75MeV,False,,,,,,,window_3p0,4
2021,0.107,0.002684307875,0.10096030728125,0.11303969271875,1317225676.2626095,1.64,0.102597735085,0.111402264915,0.0088045298299999,0.0,1.0,8000,0.000125,True,10442.00211068531,2.405801178779696e-06,0.3173848416231172,0.4750242578435926,2525.7404249208994,5317.056853201861,True,tilde_q_mu,asymptotic,default,sidak_approx,observed,8.21**2 * RBF(length_scale=0.322),0.0272552244585561,0.3716621517075835,0.1006465864674015,0.3215408715690492,0.0247774767805055,67.48558013159526,1629.2042148654318,397,98,299,416,19,0.04,0.3,0.000625,1.0,1e-08,1e+18,False,False,False,False,12,1.1,15.0,12.977143492755935,10.153538911238387,138.45734878961437,119.78539219129222,study_results/v4p2_followups_20260806/pseudo65/gp_window_ensemble_20260806/runs/window_3p0/draw_04/attempt_01/results_single.csv,1,1,1,1,single_attempt_outside_55_75MeV,False,,,,,,,window_3p0,4
2021,0.108,0.002701396,0.101921859,0.114078141,1292640439.8447058,1.64,0.10356971056,0.11243028944,0.0088605788799999,0.0,1.0,8000,0.000125,True,9589.14481348394,2.2304798556781786e-06,0.4192252051167218,0.2038759874124665,1331.3997347217028,5308.292661480203,True,tilde_q_mu,asymptotic,default,sidak_approx,observed,8.19**2 * RBF(length_scale=0.321),0.0271757454873275,0.3705783475544666,0.1003530909153006,0.3210776771310837,0.0247052231702977,67.06433547387866,1625.1444552728872,396,99,297,416,20,0.04,0.3,0.000625,1.0,1e-08,1e+18,False,False,False,False,12,1.1,15.0,12.996347975399152,10.059889585728104,137.18031253265593,118.8562051365604,study_results/v4p2_followups_20260806/pseudo65/gp_window_ensemble_20260806/runs/window_3p0/draw_04/attempt_01/results_single.csv,1,1,1,1,single_attempt_outside_55_75MeV,False,,,,,,,window_3p0,4
2021,0.109,0.002718655875,0.10288302428125,0.11511697571875,1268214292.8765628,1.64,0.104541404365,0.1134585956349999,0.0089171912699999,0.0,1.0,8000,0.000125,True,8969.117673805631,2.1069319195350855e-06,0.4548864832575243,0.1133249132918054,592.3670945842895,5224.043203301933,True,tilde_q_mu,asymptotic,default,sidak_approx,observed,8.19**2 * RBF(length_scale=0.321),0.0270994103395402,0.3695374137210039,0.1000712047006427,0.3213677633706165,0.0246358275814002,67.10822479164999,1631.2371120359255,397,101,296,416,19,0.04,0.3,0.000625,1.0,1e-08,1e+18,False,False,False,False,12,1.1,15.0,13.044731795949296,9.967944302454349,135.92651321528655,118.20832725679804,study_results/v4p2_followups_20260806/pseudo65/gp_window_ensemble_20260806/runs/window_3p0/draw_04/attempt_01/results_single.csv,1,1,1,1,single_attempt_outside_55_75MeV,False,,,,,,,window_3p0,4
2021,0.11,0.0027360875,0.103843803125,0.116156196875,1243647528.4440663,1.64,0.1055128165,0.1144871835,0.008974367,0.0,1.0,8000,0.000125,True,8192.08235750831,1.9445729291124724e-06,0.4998622584051908,0.0003452669830012,-663.2863880409467,5213.554440657702,True,tilde_q_mu,asymptotic,default,sidak_approx,observed,8.17**2 * RBF(length_scale=0.321),0.0270261337672677,0.3685381877354698,0.0998006130245964,0.3208936710761623,0.0245692125156979,66.77931395859198,1625.6561210818577,396,102,294,416,20,0.04,0.3,0.000625,1.0,1e-08,1e+18,False,False,False,False,12,1.1,15.0,13.060804080356013,9.87765697086361,134.69532232995832,117.28194769946586,study_results/v4p2_followups_20260806/pseudo65/gp_window_ensemble_20260806/runs/window_3p0/draw_04/attempt_01/results_single.csv,1,1,1,1,single_attempt_outside_55_75MeV,False,,,,,,,window_3p0,4
2021,0.111,0.002753690875,0.10480419553125,0.11719580446875,1219296431.1209323,1.64,0.106483946965,0.115516053035,0.0090321060699999,0.0,1.0,8000,0.000125,True,7652.593026874563,1.83609969447832e-06,0.4999026019832914,0.000244140625,-1604.9167216382473,5165.167784080261,True,tilde_q_mu,asymptotic,default,sidak_approx,observed,8.16**2 * RBF(length_scale=0.321),0.0269558335695793,0.3675795486760824,0.0995410123401082,0.320587162710719,0.0245053032450721,66.54281438471186,1625.5232447145268,396,104,292,416,20,0.04,0.3,0.000625,1.0,1e-08,1e+18,False,False,False,False,12,1.1,15.0,13.082358520708643,9.788983147783204,133.4861338334073,116.42089735679536,study_results/v4p2_followups_20260806/pseudo65/gp_window_ensemble_20260806/runs/window_3p0/draw_04/attempt_01/results_single.csv,1,1,1,1,single_attempt_outside_55_75MeV,False,,,,,,,window_3p0,4
2021,0.112,0.002771466,0.1057642015,0.1182357985,1195083180.8359652,1.64,0.10745479576,0.11654520424,0.00909040848,0.0,1.0,8000,0.000125,True,31201.948328224506,7.569818704213174e-06,0.397686068188296,0.2593410147956956,4464.702482561837,17221.861722102618,True,tilde_q_mu,asymptotic,default,sidak_approx,observed,1**2 * RBF(length_scale=0.0993),0.0268884304576102,0.3666604153310482,0.0992921098536402,0.0992921098536402,0.0244440276887365,1.0,887.1094122929908,396,105,291,416,20,0.04,0.3,0.000625,1.0,1e-08,1e+18,False,False,False,False,12,1.1,15.0,4.0620192023179795,9.70187996447014,132.29836315186554,35.82656610387435,study_results/v4p2_followups_20260806/pseudo65/gp_window_ensemble_20260806/runs/window_3p0/draw_04/attempt_01/results_single.csv,1,1,1,1,single_attempt_outside_55_75MeV,False,,,,,,,window_3p0,4
2021,0.113,0.002789412875,0.10672382103125,0.11927617896875,1171074447.656905,1.64,0.108425362885,0.117574637115,0.00914927423,0.0,1.0,8000,0.000125,True,6842.3778092565335,1.6790515274551106e-06,0.4999026019832914,0.000244140625,-3288.9146140334296,5072.63509992154,True,tilde_q_mu,asymptotic,default,sidak_approx,observed,8.13**2 * RBF(length_scale=0.32),0.0268238479267369,0.3657797444555033,0.0990536230531478,0.3199601804639596,0.0243853162970335,66.17618464255679,1626.5702316588367,396,107,289,416,20,0.04,0.3,0.000625,1.0,1e-08,1e+18,False,False,False,False,12,1.1,15.0,13.121018262243428,9.616306057502122,131.1314462386653,114.70520672346132,study_results/v4p2_followups_20260806/pseudo65/gp_window_ensemble_20260806/runs/window_3p0/draw_04/attempt_01/results_single.csv,1,1,1,1,single_attempt_outside_55_75MeV,False,,,,,,,window_3p0,4
2021,0.114,0.0028075315,0.107683054125,0.120316945875,1146935681.7505815,1.64,0.10939564834,0.11860435166,0.00920870332,0.0,1.0,8000,0.000125,True,6709.829817648269,1.6664316747511232e-06,0.4998622584051908,0.0003452669830012,-3598.1760014295473,5053.1959099747955,True,tilde_q_mu,asymptotic,default,sidak_approx,observed,8.11**2 * RBF(length_scale=0.32),0.0267620121354335,0.3649365291195483,0.0988252792607253,0.3199157871583257,0.0243291019413032,65.84942263218986,1621.3980493038985,395,108,287,416,21,0.04,0.3,0.000625,1.0,1e-08,1e+18,False,False,False,False,12,1.1,15.0,13.149510735339083,9.532221503279144,129.9848386810792,113.94913544454468,study_results/v4p2_followups_20260806/pseudo65/gp_window_ensemble_20260806/runs/window_3p0/draw_04/attempt_01/results_single.csv,1,1,1,1,single_attempt_outside_55_75MeV,False,,,,,,,window_3p0,4
2021,0.115,0.002825821875,0.10864190078125,0.12135809921875,1123372222.1676126,1.64,0.110365652125,0.119634347875,0.00926869575,0.0,1.0,8000,0.000125,True,6606.021998067512,1.6604982279575814e-06,0.5,0.0,-3536.435965259492,4973.458446868139,True,tilde_q_mu,asymptotic,default,sidak_approx,observed,8.15**2 * RBF(length_scale=0.32),0.026702851790388,0.3641297971416546,0.0986068152083701,0.3203150863998261,0.0242753198094436,66.34970644881153,1626.4674262824465,396,110,286,416,20,0.04,0.3,0.000625,1.0,1e-08,1e+18,False,False,False,False,12,1.1,15.0,13.195092337165272,9.4495877559119,128.85801485334406,113.3528936249126,study_results/v4p2_followups_20260806/pseudo65/gp_window_ensemble_20260806/runs/window_3p0/draw_04/attempt_01/results_single.csv,1,1,1,1,single_attempt_outside_55_75MeV,False,,,,,,,window_3p0,4
2021,0.116,0.002844284,0.109600361,0.122399639,1099793946.70252,1.64,0.11133537424,0.12066462576,0.0093292515199999,0.0,1.0,8000,0.000125,True,6589.344152982105,1.67723068263658e-06,0.5,0.0,-3531.0866644513244,4961.3482683429775,True,tilde_q_mu,asymptotic,default,sidak_approx,observed,8.07**2 * RBF(length_scale=0.319),0.0266462980375249,0.3633586096026131,0.0983979766355584,0.3192835987652404,0.0242239073068408,65.147463299119,1620.9135890999332,395,111,284,416,21,0.04,0.3,0.000625,1.0,1e-08,1e+18,False,False,False,False,12,1.1,15.0,13.180516038181592,9.368367588301648,127.75046711320428,112.2544720447186,study_results/v4p2_followups_20260806/pseudo65/gp_window_ensemble_20260806/runs/window_3p0/draw_04/attempt_01/results_single.csv,1,1,1,1,single_attempt_outside_55_75MeV,False,,,,,,,window_3p0,4
2021,0.117,0.002862917875,0.11055843478125,0.12344156521875,1076409135.485572,1.64,0.112304814685,0.121695185315,0.00939037063,0.0,1.0,8000,0.000125,True,6946.405964524542,1.7910876786057877e-06,0.5,0.0,-2268.824610758977,4904.769201195375,True,tilde_q_mu,asymptotic,default,sidak_approx,observed,8.2**2 * RBF(length_scale=0.321),0.0265922843585697,0.3626220594350426,0.0981985179072823,0.3210386136648029,0.0241748039623361,67.31643440563255,1621.822186172668,395,113,282,416,21,0.04,0.3,0.000625,1.0,1e-08,1e+18,False,False,False,False,12,1.1,15.0,13.279884882002523,9.288525036216694,126.66170503931852,112.13685745868727,study_results/v4p2_followups_20260806/pseudo65/gp_window_ensemble_20260806/runs/window_3p0/draw_04/attempt_01/results_single.csv,1,1,1,1,single_attempt_outside_55_75MeV,False,,,,,,,window_3p0,4
2021,0.118,0.0028817235,0.1115161221249999,0.124483877875,1053178929.4199272,1.64,0.11327397346,0.1227260265399999,0.0094520530799999,0.0,1.0,8000,0.000125,True,7472.506614886323,1.952549538093582e-06,0.5,0.0,-910.4767485211958,4856.890014113498,True,tilde_q_mu,asymptotic,default,sidak_approx,observed,8.23**2 * RBF(length_scale=0.321),0.0265407464728296,0.3619192700840412,0.0980082016513522,0.3211294166618472,0.024127951338936,67.70514353974782,1623.0692969334343,395,114,281,416,21,0.04,0.3,0.000625,1.0,1e-08,1e+18,False,False,False,False,12,1.1,15.0,13.309435689371186,9.21002534519002,125.59125470713664,111.43658184480476,study_results/v4p2_followups_20260806/pseudo65/gp_window_ensemble_20260806/runs/window_3p0/draw_04/attempt_01/results_single.csv,1,1,1,1,single_attempt_outside_55_75MeV,False,,,,,,,window_3p0,4
2021,0.119,0.002900700875,0.1124734230312499,0.12552657696875,1030627124.242168,1.64,0.114242850565,0.1237571494349999,0.0095142988699999,0.0,1.0,8000,0.000125,True,8118.2378956066,2.1494788005798365e-06,0.4778970362948854,0.0554322888528061,316.52735868299544,4814.504866485832,True,tilde_q_mu,asymptotic,default,sidak_approx,observed,8.2**2 * RBF(length_scale=0.321),0.0264916222438949,0.3612493942349304,0.0978267984138683,0.3209913217066663,0.0240832929489953,67.24529327157546,1625.4856294559822,395,116,279,416,21,0.04,0.3,0.000625,1.0,1e-08,1e+18,False,False,False,False,12,1.1,15.0,13.328381728631362,9.13283492007596,124.53865800103584,110.65991825395172,study_results/v4p2_followups_20260806/pseudo65/gp_window_ensemble_20260806/runs/window_3p0/draw_04/attempt_01/results_single.csv,1,1,1,1,single_attempt_outside_55_75MeV,False,,,,,,,window_3p0,4
2021,0.12,0.00291985,0.1134303374999999,0.1265696624999999,1008026180.837055,1.64,0.115211446,0.124788554,0.009577108,0.0,1.0,8000,0.000125,True,8743.76345050233,2.3472819761255585e-06,0.3911087243873318,0.2764304799640287,1320.566919349668,4794.753960606052,True,tilde_q_mu,asymptotic,default,sidak_approx,observed,8.18**2 * RBF(length_scale=0.321),0.0264448515909636,0.3606116126040493,0.0976540863317667,0.3208993447768883,0.0240407741736032,66.95609718423265,1620.2743057332357,394,117,277,416,22,0.04,0.3,0.000625,1.0,1e-08,1e+18,False,False,False,False,12,1.1,15.0,13.34812857770758,9.05692127710794,123.5034719605628,109.902681568193,study_results/v4p2_followups_20260806/pseudo65/gp_window_ensemble_20260806/runs/window_3p0/draw_04/attempt_01/results_single.csv,1,1,1,1,single_attempt_outside_55_75MeV,False,,,,,,,window_3p0,4
2021,0.121,0.002939170875,0.1143868655312499,0.12761313446875,985440224.1699862,1.64,0.116179759765,0.125820240235,0.0096404804699999,0.0,1.0,8000,0.000125,True,9284.407216579304,2.5284737349684867e-06,0.3159714215794388,0.4789940758181507,2259.449865893964,4721.250777220609,True,tilde_q_mu,asymptotic,default,sidak_approx,observed,8.24**2 * RBF(length_scale=0.321),0.0264003764045369,0.3600051327891407,0.0974898508215015,0.3214956662541655,0.0240003421859427,67.8503677597296,1624.5873805101303,395,119,276,416,21,0.04,0.3,0.000625,1.0,1e-08,1e+18,False,False,False,False,12,1.1,15.0,13.395461771477132,8.982252998317762,122.48526815887854,109.3831151460922,study_results/v4p2_followups_20260806/pseudo65/gp_window_ensemble_20260806/runs/window_3p0/draw_04/attempt_01/results_single.csv,1,1,1,1,single_attempt_outside_55_75MeV,False,,,,,,,window_3p0,4
2021,0.122,0.0029586635,0.115343007125,0.128656992875,963312661.4875358,1.64,0.11714779186,0.12685220814,0.00970441628,0.0,1.0,8000,0.000125,True,9734.735037179156,2.689781226573773e-06,0.2600629188970254,0.6431514420184821,2969.654977701192,4679.661625584215,True,tilde_q_mu,asymptotic,default,sidak_approx,observed,8.19**2 * RBF(length_scale=0.321),0.0263581404662262,0.3594291881758127,0.0973338842829142,0.3207575606874203,0.0239619458783875,67.14995259403163,1625.515131848243,395,121,274,416,21,0.04,0.3,0.000625,1.0,1e-08,1e+18,False,False,False,False,12,1.1,15.0,13.38612324371902,8.908799688178892,121.48363211153033,108.41299143597112,study_results/v4p2_followups_20260806/pseudo65/gp_window_ensemble_20260806/runs/window_3p0/draw_04/attempt_01/results_single.csv,1,1,1,1,single_attempt_outside_55_75MeV,False,,,,,,,window_3p0,4
2021,0.123,0.002978327875,0.11629876228125,0.12970123771875,941612336.1342888,1.64,0.118115542285,0.127884457715,0.00976891543,0.0,1.0,8000,0.000125,True,9553.585738528716,2.6786074755549385e-06,0.2762470430277132,0.5940269527003934,2761.3009597886344,4655.734402615848,True,tilde_q_mu,asymptotic,default,sidak_approx,observed,8.26**2 * RBF(length_scale=0.322),0.026318089372443,0.3588830368969509,0.0971859858174404,0.321740286896438,0.02392553579313,68.18764601463364,1621.1510167542815,394,122,272,416,22,0.04,0.3,0.000625,1.0,1e-08,1e+18,False,False,False,False,12,1.1,15.0,13.447568726499409,8.836531932349143,120.49816271385194,108.02715496742884,study_results/v4p2_followups_20260806/pseudo65/gp_window_ensemble_20260806/runs/window_3p0/draw_04/attempt_01/results_single.csv,1,1,1,1,single_attempt_outside_55_75MeV,False,,,,,,,window_3p0,4
2021,0.124,0.002998164,0.117254131,0.130745869,920037116.668702,1.64,0.1190830110399999,0.12891698896,0.00983397792,0.0,1.0,8000,0.000125,True,9098.17409629942,2.5896861347109387e-06,0.3077019332412583,0.502374850388671,2305.2513972721144,4585.298997594992,True,tilde_q_mu,asymptotic,default,sidak_approx,observed,8.25**2 * RBF(length_scale=0.321),0.0262801704617562,0.3583659608421308,0.0970459609598579,0.3214565450464051,0.023891064056142,68.00456636495754,1627.4127787193147,395,124,271,416,21,0.04,0.3,0.000625,1.0,1e-08,1e+18,False,False,False,False,12,1.1,15.0,13.455095356615695,8.765421258395557,119.52847170539395,107.21779897510778,study_results/v4p2_followups_20260806/pseudo65/gp_window_ensemble_20260806/runs/window_3p0/draw_04/attempt_01/results_single.csv,1,1,1,1,single_attempt_outside_55_75MeV,False,,,,,,,window_3p0,4
2021,0.125,0.003018171875,0.11820911328125,0.13179088671875,898531012.9433209,1.64,0.120050198125,0.129949801875,0.00989960375,0.0,1.0,8000,0.000125,True,9018.447648090389,2.607405793391861e-06,0.312752068070446,0.4880645270992452,2230.964312507542,4570.835420725493,True,tilde_q_mu,asymptotic,default,sidak_approx,observed,8.19**2 * RBF(length_scale=0.32),0.0262443327457108,0.3578772647142392,0.0969136214228183,0.3202682548770193,0.0238584843142826,67.00728763470195,1622.9029577577876,394,125,269,416,22,0.04,0.3,0.000625,1.0,1e-08,1e+18,False,False,False,False,12,1.1,15.0,13.423663073403802,8.695440098390975,118.57418315987692,106.11332559615056,study_results/v4p2_followups_20260806/pseudo65/gp_window_ensemble_20260806/runs/window_3p0/draw_04/attempt_01/results_single.csv,1,1,1,1,single_attempt_outside_55_75MeV,False,,,,,,,window_3p0,4
2021,0.126,0.0030383515,0.119163709125,0.132836290875,877660484.0400469,1.64,0.12101710354,0.13098289646,0.0099657929199999,0.0,1.0,8000,0.000125,True,8522.050753217207,2.502458870016375e-06,0.3596233929405371,0.3594656290964958,1641.5625574434714,4524.758686560225,True,tilde_q_mu,asymptotic,default,sidak_approx,observed,8.14**2 * RBF(length_scale=0.32),0.0262105268429174,0.3574162751306931,0.0967887848534561,0.3200274838856362,0.0238277516753795,66.32369820264907,1621.8953566234986,394,127,267,416,22,0.04,0.3,0.000625,1.0,1e-08,1e+18,False,False,False,False,12,1.1,15.0,13.430872045569892,8.626561753278871,117.63493299925732,105.32931554681416,study_results/v4p2_followups_20260806/pseudo65/gp_window_ensemble_20260806/runs/window_3p0/draw_04/attempt_01/results_single.csv,1,1,1,1,single_attempt_outside_55_75MeV,False,,,,,,,window_3p0,4
2021,0.127,0.003058702875,0.12011791853125,0.13388208146875,857126402.643784,1.64,0.121983727285,0.132016272715,0.0100325454299999,0.0,1.0,8000,0.000125,True,8542.284995502796,2.5482696663845306e-06,0.3469770100095568,0.3934948594122293,1773.5265862622743,4477.374178693478,True,tilde_q_mu,asymptotic,default,sidak_approx,observed,8.14**2 * RBF(length_scale=0.32),0.0261787049162304,0.3569823397667782,0.0966712746014036,0.320038448358884,0.0237988226511185,66.2377237539631,1621.9059925767406,394,128,266,416,22,0.04,0.3,0.000625,1.0,1e-08,1e+18,False,False,False,False,12,1.1,15.0,13.447658863235496,8.558760358908806,116.71036853057464,104.6320814534442,study_results/v4p2_followups_20260806/pseudo65/gp_window_ensemble_20260806/runs/window_3p0/draw_04/attempt_01/results_single.csv,1,1,1,1,single_attempt_outside_55_75MeV,False,,,,,,,window_3p0,4
2021,0.128,0.003079226,0.1210717415,0.1349282585,836870911.2847852,1.64,0.12295006936,0.13304993064,0.01009986128,0.0,1.0,8000,0.000125,True,8393.05333812422,2.544318425141382e-06,0.3491275614731036,0.3876769400214195,1693.1281359592335,4426.151172527169,True,tilde_q_mu,asymptotic,default,sidak_approx,observed,8.22**2 * RBF(length_scale=0.321),0.0261488206128557,0.3565748265389423,0.0965609194976257,0.3211513107944764,0.0237716551025961,67.57011689512547,1622.0293583788716,394,130,264,416,22,0.04,0.3,0.000625,1.0,1e-08,1e+18,False,False,False,False,12,1.1,15.0,13.50984226417633,8.492010853654708,115.80014800438238,104.29611558049862,study_results/v4p2_followups_20260806/pseudo65/gp_window_ensemble_20260806/runs/window_3p0/draw_04/attempt_01/results_single.csv,1,1,1,1,single_attempt_outside_55_75MeV,False,,,,,,,window_3p0,4
2021,0.129,0.003099920875,0.12202517803125,0.13597482196875,816661383.882061,1.64,0.123916129765,0.134083870235,0.01016774047,0.0,1.0,8000,0.000125,True,8566.385818494906,2.640497872994639e-06,0.3201164606069366,0.4673731610409148,1985.9135355075064,4401.9021904557085,True,tilde_q_mu,asymptotic,default,sidak_approx,observed,8.22**2 * RBF(length_scale=0.321),0.0261208290072193,0.3561931228257187,0.096457553643445,0.3210644773461985,0.0237462081883812,67.59693560293844,1617.0043838507372,393,131,262,416,23,0.04,0.3,0.000625,1.0,1e-08,1e+18,False,False,False,False,12,1.1,15.0,13.520662953813895,8.426288947526562,114.90394019354402,103.57182982813988,study_results/v4p2_followups_20260806/pseudo65/gp_window_ensemble_20260806/runs/window_3p0/draw_04/attempt_01/results_single.csv,1,1,1,1,single_attempt_outside_55_75MeV,False,,,,,,,window_3p0,4
2021,0.13,0.0031207875,0.122978228125,0.137021771875,796778619.4646972,1.64,0.1248819085,0.1351180915,0.010236183,0.0,1.0,8000,0.000125,True,28867.56911105107,9.050011105342592e-06,0.2987778261772124,0.5279188622858304,7599.975578266116,14384.63416034118,True,tilde_q_mu,asymptotic,default,sidak_approx,observed,1**2 * RBF(length_scale=0.0964),0.0260946865464589,0.3558366347244401,0.0963610162092589,0.0963610162092589,0.0237224423149626,1.0,858.9366937764216,394,133,261,416,22,0.04,0.3,0.000625,1.0,1e-08,1e+18,False,False,False,False,12,1.1,15.0,4.06201920231798,8.36157109269982,114.0214239913612,30.87714758190328,study_results/v4p2_followups_20260806/pseudo65/gp_window_ensemble_20260806/runs/window_3p0/draw_04/attempt_01/results_single.csv,1,1,1,1,single_attempt_outside_55_75MeV,False,,,,,,,window_3p0,4
2021,0.131,0.003141825875,0.12393089178125,0.13806910821875,777717056.7816086,1.64,0.125847405565,0.136152594435,0.0103051888699999,0.0,1.0,8000,0.000125,True,7675.025390710868,2.446283710143031e-06,0.4147940532008402,0.2152298665483179,930.0183250625802,4303.325297262545,True,tilde_q_mu,asymptotic,default,sidak_approx,observed,8.29**2 * RBF(length_scale=0.322),0.0260703509983903,0.3555047863416871,0.0962711512423922,0.3221312604170488,0.0237003190894458,68.68348988145269,1616.0799897737616,393,134,259,416,23,0.04,0.3,0.000625,1.0,1e-08,1e+18,False,False,False,False,12,1.1,15.0,13.59185330802149,8.297834455383493,113.1522880279567,102.52995335619892,study_results/v4p2_followups_20260806/pseudo65/gp_window_ensemble_20260806/runs/window_3p0/draw_04/attempt_01/results_single.csv,1,1,1,1,single_attempt_outside_55_75MeV,False,,,,,,,window_3p0,4
2021,0.132,0.003163036,0.124883169,0.139116831,758729637.4451472,1.64,0.12681262096,0.13718737904,0.0103747580799999,0.0,1.0,8000,0.000125,True,27244.538831120328,8.833613694310363e-06,0.3490933287931141,0.3877694469841048,5554.477761988629,14320.162193714414,True,tilde_q_mu,asymptotic,default,sidak_approx,observed,1**2 * RBF(length_scale=0.0962),0.0260477814018274,0.3551970191158293,0.0961878074836403,0.0961878074836403,0.0236798012743886,1.0,851.7074741657343,393,136,257,416,23,0.04,0.3,0.000625,1.0,1e-08,1e+18,False,False,False,False,12,1.1,15.0,4.0620192023179795,8.235056888959685,112.2962303039957,30.40996292285018,study_results/v4p2_followups_20260806/pseudo65/gp_window_ensemble_20260806/runs/window_3p0/draw_04/attempt_01/results_single.csv,1,1,1,1,single_attempt_outside_55_75MeV,False,,,,,,,window_3p0,4
2021,0.133,0.003184417875,0.12583505978125,0.14016494021875,740120080.2932594,1.64,0.127777554685,0.138222445315,0.0104448906299999,0.0,1.0,8000,0.000125,True,6321.167606361555,2.08527530287264e-06,0.5,0.0,-1131.236785108382,4212.407838124728,True,tilde_q_mu,asymptotic,default,sidak_approx,observed,8.28**2 * RBF(length_scale=0.322),0.0260269380191233,0.3549127911698635,0.0961108381920171,0.3219841594290938,0.0236608527446575,68.56711094108702,1612.4736649122297,393,137,256,416,23,0.04,0.3,0.000625,1.0,1e-08,1e+18,False,False,False,False,12,1.1,15.0,13.608307481724015,8.173216908325301,111.45295784079954,101.11240800301492,study_results/v4p2_followups_20260806/pseudo65/gp_window_ensemble_20260806/runs/window_3p0/draw_04/attempt_01/results_single.csv,1,1,1,1,single_attempt_outside_55_75MeV,False,,,,,,,window_3p0,4
2021,0.134,0.0032059715,0.126786564125,0.141213435875,721731213.3148873,1.64,0.12874220674,0.13925779326,0.01051558652,0.0,1.0,8000,0.000125,True,5934.20135786617,1.9925164441318715e-06,0.5,0.0,-1881.1664577802871,4174.253581786971,True,tilde_q_mu,asymptotic,default,sidak_approx,observed,8.2**2 * RBF(length_scale=0.321),0.0260077822908281,0.3546515766931113,0.0960401009773177,0.3209944184928061,0.0236434384462074,67.28767908803023,1614.1475066002404,393,139,254,416,23,0.04,0.3,0.000625,1.0,1e-08,1e+18,False,False,False,False,12,1.1,15.0,13.576469396493216,8.112293665376676,110.62218634604557,100.12391516668382,study_results/v4p2_followups_20260806/pseudo65/gp_window_ensemble_20260806/runs/window_3p0/draw_04/attempt_01/results_single.csv,1,1,1,1,single_attempt_outside_55_75MeV,False,,,,,,,window_3p0,4
2021,0.135,0.003227696875,0.12773768203125,0.14226231796875,703839749.1336825,1.64,0.129706577125,0.140293422875,0.01058684575,0.0,1.0,8000,0.000125,True,5524.216273706423,1.8879176063791496e-06,0.5,0.0,-2893.37358611573,4147.989450301378,True,tilde_q_mu,asymptotic,default,sidak_approx,observed,8.26**2 * RBF(length_scale=0.322),0.025990276792342,0.3544128653501188,0.0959754576400479,0.3216668043167321,0.0236275243566745,68.22052822989134,1608.982830860405,392,140,252,416,24,0.04,0.3,0.000625,1.0,1e-08,1e+18,False,False,False,False,12,1.1,15.0,13.614071430461305,8.052266925574306,109.80363989419509,99.65830645628152,study_results/v4p2_followups_20260806/pseudo65/gp_window_ensemble_20260806/runs/window_3p0/draw_04/attempt_01/results_single.csv,1,1,1,1,single_attempt_outside_55_75MeV,False,,,,,,,window_3p0,4
2021,0.136,0.003249594,0.1286884135,0.1433115865,686424779.2721932,1.64,0.13067066584,0.14132933416,0.01065866832,0.0,1.0,8000,0.000125,True,5259.441769354879,1.8294801935952556e-06,0.5,0.0,-3430.0424559582766,4080.8216301284633,True,tilde_q_mu,asymptotic,default,sidak_approx,observed,8.35**2 * RBF(length_scale=0.323),0.0259743851924713,0.3541961617155187,0.0959167740183841,0.3228081360306015,0.0236130774477012,69.75042081058581,1614.351271310135,393,142,251,416,23,0.04,0.3,0.000625,1.0,1e-08,1e+18,False,False,False,False,12,1.1,15.0,13.67073549585241,7.993117045535957,108.99705062094486,99.33798992446486,study_results/v4p2_followups_20260806/pseudo65/gp_window_ensemble_20260806/runs/window_3p0/draw_04/attempt_01/results_single.csv,1,1,1,1,single_attempt_outside_55_75MeV,False,,,,,,,window_3p0,4
2021,0.137,0.003271662875,0.12963875853125,0.14436124146875,669116428.5880822,1.64,0.131634472885,0.142365527115,0.0107310542299999,0.0,1.0,8000,0.000125,True,5272.92890730798,1.8678826053802363e-06,0.5,0.0,-3274.601792640045,4059.980459179586,True,tilde_q_mu,asymptotic,default,sidak_approx,observed,8.33**2 * RBF(length_scale=0.323),0.0259600722137896,0.3540009847334957,0.0958639198417955,0.3225001971223613,0.0236000656488997,69.42772392445929,1610.3520888954513,392,143,249,416,24,0.04,0.3,0.000625,1.0,1e-08,1e+18,False,False,False,False,12,1.1,15.0,13.665224576923878,7.93482495160498,108.20215843097698,98.57378631114652,study_results/v4p2_followups_20260806/pseudo65/gp_window_ensemble_20260806/runs/window_3p0/draw_04/attempt_01/results_single.csv,1,1,1,1,single_attempt_outside_55_75MeV,False,,,,,,,window_3p0,4
2021,0.138,0.0032939035,0.130588717125,0.145411282875,652262296.7982231,1.64,0.13259799826,0.14340200174,0.0108040034799999,0.0,1.0,8000,0.000125,True,5436.260348161628,1.961186105064369e-06,0.5,0.0,-2574.1789952993213,4022.137065455112,True,tilde_q_mu,asymptotic,default,sidak_approx,observed,8.27**2 * RBF(length_scale=0.322),0.0259473035947063,0.3538268672005407,0.095816768590974,0.3218210220615969,0.0235884578133693,68.38046369760687,1609.463608496848,392,145,247,416,24,0.04,0.3,0.000625,1.0,1e-08,1e+18,False,False,False,False,12,1.1,15.0,13.643156522051068,7.877372119342997,107.41871071831358,97.70201891512512,study_results/v4p2_followups_20260806/pseudo65/gp_window_ensemble_20260806/runs/window_3p0/draw_04/attempt_01/results_single.csv,1,1,1,1,single_attempt_outside_55_75MeV,False,,,,,,,window_3p0,4
2021,0.139,0.003316315875,0.13153828928125,0.14646171071875,635785521.2448627,1.64,0.133561241965,0.144438758035,0.0108775160699999,0.0,1.0,8000,0.000125,True,5534.085212678643,2.033481990031754e-06,0.4999026019832914,0.000244140625,-2106.4984221089007,3978.3001761849096,True,tilde_q_mu,asymptotic,default,sidak_approx,observed,8.28**2 * RBF(length_scale=0.322),0.0259360460531648,0.3536733552704296,0.0957751973637809,0.3219938818297171,0.0235782236846953,68.64094278554686,1609.6108738057965,392,146,246,416,24,0.04,0.3,0.000625,1.0,1e-08,1e+18,False,False,False,False,12,1.1,15.0,13.65640966578514,7.820740553903008,106.64646209867738,97.0938517217444,study_results/v4p2_followups_20260806/pseudo65/gp_window_ensemble_20260806/runs/window_3p0/draw_04/attempt_01/results_single.csv,1,1,1,1,single_attempt_outside_55_75MeV,False,,,,,,,window_3p0,4
2021,0.14,0.0033389,0.132487475,0.147512525,619834689.867921,1.64,0.134524204,0.145475796,0.010951592,0.0,1.0,8000,0.000125,True,5706.3384534129855,2.1353719560610756e-06,0.5,0.0,-1510.1182054959452,3937.532380228095,True,tilde_q_mu,asymptotic,default,sidak_approx,observed,8.35**2 * RBF(length_scale=0.323),0.0259262672518869,0.3535400079802764,0.0957390867469023,0.3228445384668289,0.0235693338653517,69.79834462881975,1609.3701743139736,392,148,244,416,24,0.04,0.3,0.000625,1.0,1e-08,1e+18,False,False,False,False,12,1.1,15.0,13.697652225183525,7.764912771238112,105.88517415324698,96.69188609027788,study_results/v4p2_followups_20260806/pseudo65/gp_window_ensemble_20260806/runs/window_3p0/draw_04/attempt_01/results_single.csv,1,1,1,1,single_attempt_outside_55_75MeV,False,,,,,,,window_3p0,4
2021,0.141,0.003361655875,0.13343627428125,0.1485637257187499,604132627.2786524,1.64,0.1354868843649999,0.146513115635,0.01102623127,0.0,1.0,8000,0.000125,True,5754.257895663186,2.193602035684144e-06,0.5,0.0,-1330.7987789497345,3918.094378464752,True,tilde_q_mu,asymptotic,default,sidak_approx,observed,8.31**2 * RBF(length_scale=0.322),0.0259179357650831,0.3534263967965889,0.0957083206929198,0.3221062830994794,0.0235617597864392,69.04429712601869,1606.5875520575269,391,149,242,416,25,0.04,0.3,0.000625,1.0,1e-08,1e+18,False,False,False,False,12,1.1,15.0,13.670722646313733,7.709871780103963,105.13461518323584,95.81774431312944,study_results/v4p2_followups_20260806/pseudo65/gp_window_ensemble_20260806/runs/window_3p0/draw_04/attempt_01/results_single.csv,1,1,1,1,single_attempt_outside_55_75MeV,False,,,,,,,window_3p0,4
2021,0.142,0.0033845835,0.1343846871249999,0.149615312875,588792286.6909375,1.64,0.1364492830599999,0.14755071694,0.01110143388,0.0,1.0,8000,0.000125,True,5890.253295847962,2.2877229902956923e-06,0.5,0.0,-834.2649581618773,3860.332319283524,True,tilde_q_mu,asymptotic,default,sidak_approx,observed,8.27**2 * RBF(length_scale=0.322),0.0259110210465671,0.3533321051804605,0.0956827864025644,0.3217656920355287,0.0235554736786973,68.38602014171359,1611.5975133065083,392,151,241,416,24,0.04,0.3,0.000625,1.0,1e-08,1e+18,False,False,False,False,12,1.1,15.0,13.659911765073984,7.6556010648184945,104.39455997479764,95.06803186729732,study_results/v4p2_followups_20260806/pseudo65/gp_window_ensemble_20260806/runs/window_3p0/draw_04/attempt_01/results_single.csv,1,1,1,1,single_attempt_outside_55_75MeV,False,,,,,,,window_3p0,4
2021,0.143,0.003407682875,0.1353327135312499,0.15066728646875,573696429.0826498,1.64,0.137411400085,0.1485885999149999,0.0111771998299999,0.0,1.0,8000,0.000125,True,6114.2920245504265,2.420181379014869e-06,0.5,0.0,-287.1352512943741,3819.698091927874,True,tilde_q_mu,asymptotic,default,sidak_approx,observed,8.28**2 * RBF(length_scale=0.322),0.025905493399191,0.3532567281707865,0.0956623742118505,0.3220658599566866,0.0235504485447191,68.63456108515597,1612.2224373960553,392,153,239,416,24,0.04,0.3,0.000625,1.0,1e-08,1e+18,False,False,False,False,12,1.1,15.0,13.675572222971772,7.602084568738228,103.66478957370308,94.51168778628984,study_results/v4p2_followups_20260806/pseudo65/gp_window_ensemble_20260806/runs/window_3p0/draw_04/attempt_01/results_single.csv,1,1,1,1,single_attempt_outside_55_75MeV,False,,,,,,,window_3p0,4
2021,0.144,0.003430954,0.1362803534999999,0.1517196465,559083772.4170778,1.64,0.13837323544,0.14962676456,0.0112535291199999,0.0,1.0,8000,0.000125,True,6213.973519703077,2.5063974571706765e-06,0.5,0.0,-58.94084670335939,3799.217503077401,True,tilde_q_mu,asymptotic,default,sidak_approx,observed,8.25**2 * RBF(length_scale=0.322),0.0259013239455544,0.3531998719848339,0.0956469774839098,0.3216290723960928,0.0235466581323222,68.0045240651611,1607.0310834318166,391,154,237,416,25,0.04,0.3,0.000625,1.0,1e-08,1e+18,False,False,False,False,12,1.1,15.0,13.65922376707019,7.5493066784207805,102.94509106937429,93.74333564253348,study_results/v4p2_followups_20260806/pseudo65/gp_window_ensemble_20260806/runs/window_3p0/draw_04/attempt_01/results_single.csv,1,1,1,1,single_attempt_outside_55_75MeV,False,,,,,,,window_3p0,4
2021,0.145,0.003454396875,0.1372276070312499,0.15277239296875,544779001.7566646,1.64,0.139334789125,0.1506652108749999,0.0113304217499999,0.0,1.0,8000,0.000125,True,6354.548376703729,2.612259098866271e-06,0.4650012139132151,0.0878417833040915,328.0822878282983,3738.4755720898497,True,tilde_q_mu,asymptotic,default,sidak_approx,observed,8.26**2 * RBF(length_scale=0.322),0.0258984845999115,0.3531611536351575,0.095636492505252,0.3219155141195294,0.0235440769090105,68.27505855507889,1612.9448358699065,392,156,236,416,24,0.04,0.3,0.000625,1.0,1e-08,1e+18,False,False,False,False,12,1.1,15.0,13.672887468199267,7.49725220843698,102.235257387777,93.19007796969753,study_results/v4p2_followups_20260806/pseudo65/gp_window_ensemble_20260806/runs/window_3p0/draw_04/attempt_01/results_single.csv,1,1,1,1,single_attempt_outside_55_75MeV,False,,,,,,,window_3p0,4
2021,0.146,0.0034780115,0.138174474125,0.1538255258749999,530723198.11642635,1.64,0.1402960611399999,0.15170393886,0.01140787772,0.0,1.0,8000,0.000125,True,6317.453116361534,2.647530808893814e-06,0.4652033731869864,0.0873330976783931,323.8749439767902,3717.9108123944247,True,tilde_q_mu,asymptotic,default,sidak_approx,observed,8.24**2 * RBF(length_scale=0.322),0.0258969480412312,0.3531402005622441,0.0956308183862839,0.3216052822552463,0.0235426800374829,67.95385538066273,1607.846000958064,391,157,234,416,25,0.04,0.3,0.000625,1.0,1e-08,1e+18,False,False,False,False,12,1.1,15.0,13.660521306121897,7.445906386805,101.53508709279544,92.46814803667164,study_results/v4p2_followups_20260806/pseudo65/gp_window_ensemble_20260806/runs/window_3p0/draw_04/attempt_01/results_single.csv,1,1,1,1,single_attempt_outside_55_75MeV,False,,,,,,,window_3p0,4
2021,0.147,0.0035017978749999,0.13912095478125,0.1548790452187499,517058895.8195766,1.64,0.141257051485,0.1527429485149999,0.0114858970299999,0.0,1.0,8000,0.000125,True,6245.453292666265,2.6682501202855893e-06,0.4645424623972116,0.0889962066742098,310.51859568971634,3678.893844566077,True,tilde_q_mu,asymptotic,default,sidak_approx,observed,8.22**2 * RBF(length_scale=0.321),0.025896687687343,0.353136650281951,0.0956298569658356,0.3213685094354485,0.02354244335213,67.63223006103881,1608.9926238445078,391,159,232,416,25,0.04,0.3,0.000625,1.0,1e-08,1e+18,False,False,False,False,12,1.1,15.0,13.65060136828881,7.3952548410130845,100.84438419563295,91.77243259234332,study_results/v4p2_followups_20260806/pseudo65/gp_window_ensemble_20260806/runs/window_3p0/draw_04/attempt_01/results_single.csv,1,1,1,1,single_attempt_outside_55_75MeV,False,,,,,,,window_3p0,4
2021,0.148,0.0035257559999999,0.140067049,0.155932951,503681799.08701915,1.64,0.1422177601599999,0.15378223984,0.01156447968,0.0,1.0,8000,0.000125,True,6029.968159543714,2.626739276662107e-06,0.4931491632861839,0.017173345112372,70.79321012534298,3638.7858878730062,True,tilde_q_mu,asymptotic,default,sidak_approx,observed,8.19**2 * RBF(length_scale=0.321),0.0258976776701328,0.3531501500472667,0.0956335127195648,0.3209198814759657,0.0235433433364844,67.06828342880782,1609.5799299645023,391,160,231,416,25,0.04,0.3,0.000625,1.0,1e-08,1e+18,False,False,False,False,12,1.1,15.0,13.631024145098598,7.345283584607923,100.16295797192622,91.02157990398815,study_results/v4p2_followups_20260806/pseudo65/gp_window_ensemble_20260806/runs/window_3p0/draw_04/attempt_01/results_single.csv,1,1,1,1,single_attempt_outside_55_75MeV,False,,,,,,,window_3p0,4
2021,0.149,0.003549885875,0.14101275678125,0.15698724321875,490644352.2917579,1.64,0.143178187165,0.154821812835,0.0116436256699999,0.0,1.0,8000,0.000125,True,5809.748838493541,2.5806208826080833e-06,0.5,0.0,-191.49994119423545,3601.0771084459325,True,tilde_q_mu,asymptotic,default,sidak_approx,observed,8.18**2 * RBF(length_scale=0.321),0.0258998928117245,0.353180356523517,0.0956416926720024,0.3207417220006184,0.0235453571015678,66.94111153751479,1608.5222351152495,391,162,229,416,25,0.04,0.3,0.000625,1.0,1e-08,1e+18,False,False,False,False,12,1.1,15.0,13.622291673769578,7.295979004317872,99.49062278615278,90.35268549319726,study_results/v4p2_followups_20260806/pseudo65/gp_window_ensemble_20260806/runs/window_3p0/draw_04/attempt_01/results_single.csv,1,1,1,1,single_attempt_outside_55_75MeV,False,,,,,,,window_3p0,4
2021,0.15,0.0035741875,0.141958078125,0.158041921875,477946931.2512179,1.64,0.1441383325,0.1558616675,0.011723335,0.0,1.0,8000,0.000125,True,5708.350525111164,2.5855897588684207e-06,0.5,0.0,-296.54999883586623,3576.293421747829,True,tilde_q_mu,asymptotic,default,sidak_approx,observed,8.21**2 * RBF(length_scale=0.321),0.0259033086016125,0.3532269354765349,0.0956543063121079,0.321153256498513,0.0235484623651023,67.39112886970511,1603.6782667286,390,163,227,416,26,0.04,0.3,0.000625,1.0,1e-08,1e+18,False,False,False,False,12,1.1,15.0,13.63797141058545,7.247327847689178,98.82719792303423,89.85349999084072,study_results/v4p2_followups_20260806/pseudo65/gp_window_ensemble_20260806/runs/window_3p0/draw_04/attempt_01/results_single.csv,1,1,1,1,single_attempt_outside_55_75MeV,False,,,,,,,window_3p0,4
2021,0.151,0.003598660875,0.14290301303125,0.15909698696875,465470649.96646106,1.64,0.145098196165,0.156901803835,0.0118036076699999,0.0,1.0,8000,0.000125,True,5707.331257318234,2.63683984617626e-06,0.5,0.0,-174.05175622529455,3532.6532759763227,True,tilde_q_mu,asymptotic,default,sidak_approx,observed,8.3**2 * RBF(length_scale=0.322),0.0259079011746969,0.3532895614731401,0.0956712655121596,0.3223843832785744,0.0235526374315426,68.96861324325036,1604.88062479731,390,165,225,416,26,0.04,0.3,0.000625,1.0,1e-08,1e+18,False,False,False,False,12,1.1,15.0,13.687825162494274,7.199317211210392,98.17250742559624,89.58454116034882,study_results/v4p2_followups_20260806/pseudo65/gp_window_ensemble_20260806/runs/window_3p0/draw_04/attempt_01/results_single.csv,1,1,1,1,single_attempt_outside_55_75MeV,False,,,,,,,window_3p0,4
2021,0.152,0.003623306,0.1438475615,0.1601524385,453362715.5960102,1.64,0.1460577781599999,0.15794222184,0.01188444368,0.0,1.0,8000,0.000125,True,5428.05473353782,2.557848107820038e-06,0.5,0.0,-574.0117840546701,3496.967841460427,True,tilde_q_mu,asymptotic,default,sidak_approx,observed,8.24**2 * RBF(length_scale=0.322),0.0259136472901786,0.3533679175933457,0.0956924844498192,0.321589435204636,0.0235578611728897,67.93950740642991,1605.2001298120192,390,166,224,416,26,0.04,0.3,0.000625,1.0,1e-08,1e+18,False,False,False,False,12,1.1,15.0,13.651045519137352,7.151934528902247,97.5263799395761,88.7558034581225,study_results/v4p2_followups_20260806/pseudo65/gp_window_ensemble_20260806/runs/window_3p0/draw_04/attempt_01/results_single.csv,1,1,1,1,single_attempt_outside_55_75MeV,False,,,,,,,window_3p0,4
2021,0.153,0.003648122875,0.14479172353125,0.16120827646875,441644549.5313737,1.64,0.147017078485,0.158982921515,0.0119658430299999,0.0,1.0,8000,0.000125,True,5466.156290014072,2.6268644382813375e-06,0.4999311292015692,0.0001726334915006,-385.93398408996006,3458.829542583062,True,tilde_q_mu,asymptotic,default,sidak_approx,observed,8.29**2 * RBF(length_scale=0.322),0.0259205243112793,0.3534616951538094,0.0957178795332425,0.32210982787673,0.0235641130102539,68.64996018502993,1604.331039162206,390,168,222,416,26,0.04,0.3,0.000625,1.0,1e-08,1e+18,False,False,False,False,12,1.1,15.0,13.669507854446438,7.105167561352867,96.88864856390272,88.29467617006459,study_results/v4p2_followups_20260806/pseudo65/gp_window_ensemble_20260806/runs/window_3p0/draw_04/attempt_01/results_single.csv,1,1,1,1,single_attempt_outside_55_75MeV,False,,,,,,,window_3p0,4
2021,0.154,0.0036731115,0.145735499125,0.162264500875,430164399.9517347,1.64,0.1479760971399999,0.16002390286,0.01204780572,0.0,1.0,8000,0.000125,True,5732.634949548294,2.810082190961026e-06,0.485550135255249,0.0362283628936514,123.8231599906815,3435.8553162721973,True,tilde_q_mu,asymptotic,default,sidak_approx,observed,8.33**2 * RBF(length_scale=0.323),0.0259285101857464,0.3535705934419964,0.0957473693290902,0.3225130536253643,0.023571372896133,69.31645517757607,1601.355930074971,389,169,220,416,27,0.04,0.3,0.000625,1.0,1e-08,1e+18,False,False,False,False,12,1.1,15.0,13.682404289580983,7.0590043851776345,96.25915070696774,87.80377443629585,study_results/v4p2_followups_20260806/pseudo65/gp_window_ensemble_20260806/runs/window_3p0/draw_04/attempt_01/results_single.csv,1,1,1,1,single_attempt_outside_55_75MeV,False,,,,,,,window_3p0,4
2021,0.155,0.003698271875,0.14667888828125,0.16332111171875,419006242.6242384,1.64,0.148934834125,0.161065165875,0.01213033175,0.0,1.0,8000,0.000125,True,6066.438151088054,3.033203194352541e-06,0.4088527960723119,0.2304970028903758,780.0897732857869,3386.581825095911,True,tilde_q_mu,asymptotic,default,sidak_approx,observed,8.3**2 * RBF(length_scale=0.322),0.0259375834271065,0.3536943194605435,0.0957808744933012,0.3221418100917311,0.0235796212973695,68.88415233876252,1606.6952397566026,390,171,219,416,26,0.04,0.3,0.000625,1.0,1e-08,1e+18,False,False,False,False,12,1.1,15.0,13.66187378622861,7.01343338288414,95.63772794842008,87.10603789553224,study_results/v4p2_followups_20260806/pseudo65/gp_window_ensemble_20260806/runs/window_3p0/draw_04/attempt_01/results_single.csv,1,1,1,1,single_attempt_outside_55_75MeV,False,,,,,,,window_3p0,4
2021,0.156,0.003723604,0.147621891,0.164378109,408018948.64312065,1.64,0.14989328944,0.16210671056,0.01221342112,0.0,1.0,8000,0.000125,True,6722.98857959163,3.4298676715708847e-06,0.2985786376702361,0.528492897599495,1756.1452923023862,3366.703138103706,True,tilde_q_mu,asymptotic,default,sidak_approx,observed,8.3**2 * RBF(length_scale=0.322),0.0259477230966391,0.353832587681443,0.0958183177045254,0.3221993044224734,0.0235888391787628,68.96657978081723,1602.690011748816,389,172,217,416,27,0.04,0.3,0.000625,1.0,1e-08,1e+18,False,False,False,False,12,1.1,15.0,13.65897244797662,6.968443233125529,95.0242259062572,86.52888556959157,study_results/v4p2_followups_20260806/pseudo65/gp_window_ensemble_20260806/runs/window_3p0/draw_04/attempt_01/results_single.csv,1,1,1,1,single_attempt_outside_55_75MeV,False,,,,,,,window_3p0,4
2021,0.157,0.003749107875,0.14856450728125,0.16543549271875,397354285.67265946,1.64,0.150851463085,0.163148536915,0.01229707383,0.0,1.0,8000,0.000125,True,7473.64624534506,3.890226657052226e-06,0.2009003645070179,0.838409547684628,2792.152707292511,3330.6272883710894,True,tilde_q_mu,asymptotic,default,sidak_approx,observed,8.37**2 * RBF(length_scale=0.323),0.0259589087860322,0.3539851198095312,0.0958596236000764,0.3230898497212964,0.023599007987302,70.12877818692931,1601.3962317701332,389,174,215,416,27,0.04,0.3,0.000625,1.0,1e-08,1e+18,False,False,False,False,12,1.1,15.0,13.690823355589416,6.924022901323501,94.41849410895684,86.17779495643252,study_results/v4p2_followups_20260806/pseudo65/gp_window_ensemble_20260806/runs/window_3p0/draw_04/attempt_01/results_single.csv,1,1,1,1,single_attempt_outside_55_75MeV,False,,,,,,,window_3p0,4
2021,0.158,0.0037747835,0.149506737125,0.166493262875,387039666.85970527,1.64,0.15180935506,0.16419064494,0.0123812898799999,0.0,1.0,8000,0.000125,True,8025.991813100342,4.2619276243417296e-06,0.143064385609608,1.0666525280407817,3516.5720088917574,3297.0296990568368,True,tilde_q_mu,asymptotic,default,sidak_approx,observed,8.35**2 * RBF(length_scale=0.323),0.0259711206006934,0.3541516445549109,0.0959047187143026,0.3227461128392871,0.023610109636994,69.66013532135011,1601.408212396225,389,175,214,416,27,0.04,0.3,0.000625,1.0,1e-08,1e+18,False,False,False,False,12,1.1,15.0,13.669826942844212,6.880161630645431,93.82038587243768,85.50056257247262,study_results/v4p2_followups_20260806/pseudo65/gp_window_ensemble_20260806/runs/window_3p0/draw_04/attempt_01/results_single.csv,1,1,1,1,single_attempt_outside_55_75MeV,False,,,,,,,window_3p0,4
2021,0.159,0.003800630875,0.15044858053125,0.16755141946875,376812670.72105056,1.64,0.152766965365,0.165233034635,0.0124660692699999,0.0,1.0,8000,0.000125,True,8494.653627590345,4.604081203690504e-06,0.1048159402836366,1.2545783122475416,4102.310563881855,3268.5056697707064,True,tilde_q_mu,asymptotic,default,sidak_approx,observed,8.28**2 * RBF(length_scale=0.322),0.0259843391436889,0.3543318974139398,0.0959535314192792,0.3219088539084222,0.0236221264942626,68.56061033014032,1601.0960723242358,389,177,212,416,27,0.04,0.3,0.000625,1.0,1e-08,1e+18,False,False,False,False,12,1.1,15.0,13.627429096470529,6.836848933320556,93.22975818164392,84.69879462009638,study_results/v4p2_followups_20260806/pseudo65/gp_window_ensemble_20260806/runs/window_3p0/draw_04/attempt_01/results_single.csv,1,1,1,1,single_attempt_outside_55_75MeV,False,,,,,,,window_3p0,4
2021,0.16,0.00382665,0.1513900375,0.1686099625,367005424.0565123,1.64,0.153724294,0.166275706,0.0125514119999999,0.0,1.0,8000,0.000125,True,8671.511322594117,4.795371436231253e-06,0.0912019447032042,1.3333898870077483,4332.463575443934,3248.9358758399662,True,tilde_q_mu,asymptotic,default,sidak_approx,observed,8.31**2 * RBF(length_scale=0.322),0.0259985455002782,0.3545256204583391,0.0960059918676979,0.322278655769157,0.0236350413638892,69.00314805208333,1596.351082017123,388,178,210,416,28,0.04,0.3,0.000625,1.0,1e-08,1e+18,False,False,False,False,12,1.1,15.0,13.63562901402616,6.7940745822790705,92.64647157653278,84.21952772507468,study_results/v4p2_followups_20260806/pseudo65/gp_window_ensemble_20260806/runs/window_3p0/draw_04/attempt_01/results_single.csv,1,1,1,1,single_attempt_outside_55_75MeV,False,,,,,,,window_3p0,4
2021,0.161,0.003852840875,0.15233110803125,0.16966889196875,357410945.39902496,1.64,0.154681340965,0.167318659035,0.01263731807,0.0,1.0,8000,0.000125,True,8272.119175660015,4.668130413193668e-06,0.1081573772437712,1.2363869772066651,3960.18624058895,3204.0343128526356,True,tilde_q_mu,asymptotic,default,sidak_approx,observed,8.27**2 * RBF(length_scale=0.322),0.0260137212230255,0.3547325621321662,0.0960620319378876,0.3218578878760599,0.0236488374754777,68.3805578007608,1601.5968973352208,389,180,209,416,27,0.04,0.3,0.000625,1.0,1e-08,1e+18,False,False,False,False,12,1.1,15.0,13.609882016813929,6.751828603101996,92.07039004229992,83.53780971451614,study_results/v4p2_followups_20260806/pseudo65/gp_window_ensemble_20260806/runs/window_3p0/draw_04/attempt_01/results_single.csv,1,1,1,1,single_attempt_outside_55_75MeV,False,,,,,,,window_3p0,4
2021,0.162,0.0038792035,0.153271792125,0.170728207875,348034765.9525295,1.64,0.15563810626,0.16836189374,0.01272378748,0.0,1.0,8000,0.000125,True,7821.297301981171,4.504650210326183e-06,0.1378744005971149,1.0899190569054995,3473.1562401274355,3186.0256167451,True,tilde_q_mu,asymptotic,default,sidak_approx,observed,8.28**2 * RBF(length_scale=0.322),0.0260298483174566,0.3549524770562273,0.0961215851808485,0.321930028785472,0.0236634984704151,68.49863060929576,1596.8496883259838,388,181,207,416,28,0.04,0.3,0.000625,1.0,1e-08,1e+18,False,False,False,False,12,1.1,15.0,13.604498472107116,6.710101266266818,91.50138090363842,82.98869311328268,study_results/v4p2_followups_20260806/pseudo65/gp_window_ensemble_20260806/runs/window_3p0/draw_04/attempt_01/results_single.csv,1,1,1,1,single_attempt_outside_55_75MeV,False,,,,,,,window_3p0,4
2021,0.163,0.003905737875,0.15421208978125,0.17178791021875,338899709.6922806,1.64,0.156594589885,0.169405410115,0.01281082023,0.0,1.0,8000,0.000125,True,10294.653912167816,6.0516370323435475e-06,0.1758847941786638,0.9311623535258348,4131.434749212289,4437.113739522945,True,tilde_q_mu,asymptotic,default,sidak_approx,observed,2.82**2 * RBF(length_scale=0.173),0.0260469092282431,0.3551851258396787,0.0961845867692335,0.1733944879207707,0.0236790083893119,7.960818194749411,1520.0599345446028,388,183,205,416,28,0.04,0.3,0.000625,1.0,1e-08,1e+18,False,False,False,False,12,1.1,15.0,7.322709003263687,6.668883079677514,90.93931472287518,44.39480924478853,study_results/v4p2_followups_20260806/pseudo65/gp_window_ensemble_20260806/runs/window_3p0/draw_04/attempt_01/results_single.csv,1,1,1,1,single_attempt_outside_55_75MeV,False,,,,,,,window_3p0,4
2021,0.164,0.003932444,0.155152001,0.172847999,329984866.4340829,1.64,0.15755079184,0.17044920816,0.0128984163199999,0.0,1.0,8000,0.000125,True,6282.491831285899,3.7697624449525208e-06,0.3001770600430661,0.5238913376321576,1653.8539976568093,3136.4904771775396,True,tilde_q_mu,asymptotic,default,sidak_approx,observed,8.28**2 * RBF(length_scale=0.322),0.0260648868258862,0.3554302748984483,0.096250973448177,0.3219102294513348,0.0236953516598965,68.55550820790545,1592.2769195977164,387,184,203,416,29,0.04,0.3,0.000625,1.0,1e-08,1e+18,False,False,False,False,12,1.1,15.0,13.585374636838798,6.6281647814657285,90.38406520180536,81.86009246446606,study_results/v4p2_followups_20260806/pseudo65/gp_window_ensemble_20260806/runs/window_3p0/draw_04/attempt_01/results_single.csv,1,1,1,1,single_attempt_outside_55_75MeV,False,,,,,,,window_3p0,4
2021,0.165,0.003959321875,0.15609152578125,0.17390847421875,321257494.71634173,1.64,0.158506712125,0.171493287875,0.01298657575,0.0,1.0,8000,0.000125,True,5567.123782923727,3.4104649250148446e-06,0.4050492715088714,0.2402989060484567,743.952979194143,3092.340920794879,True,tilde_q_mu,asymptotic,default,sidak_approx,observed,8.27**2 * RBF(length_scale=0.322),0.0260837643938859,0.3556876962802624,0.0963206834879114,0.321720139665564,0.0237125130853508,68.35158359146997,1597.6944556329329,388,186,202,416,28,0.04,0.3,0.000625,1.0,1e-08,1e+18,False,False,False,False,12,1.1,15.0,13.567526078217202,6.587937333053001,89.83550908708638,81.25637415259753,study_results/v4p2_followups_20260806/pseudo65/gp_window_ensemble_20260806/runs/window_3p0/draw_04/attempt_01/results_single.csv,1,1,1,1,single_attempt_outside_55_75MeV,False,,,,,,,window_3p0,4
2021,0.166,0.0039863715,0.157030664125,0.174969335875,312800005.7109213,1.64,0.15946235074,0.17253764926,0.01307529852,0.0,1.0,8000,0.000125,True,4850.614195413171,3.033484743784398e-06,0.5,0.0,-349.5121474213725,3072.024112682645,True,tilde_q_mu,asymptotic,default,sidak_approx,observed,8.3**2 * RBF(length_scale=0.322),0.0261035256163684,0.3559571674959338,0.09639365663808,0.3221563554677819,0.0237304778330622,68.85035436128612,1594.8377364430532,387,187,200,416,29,0.04,0.3,0.000625,1.0,1e-08,1e+18,False,False,False,False,12,1.1,15.0,13.575637108281937,6.548191912461868,89.29352607902545,80.81443374451726,study_results/v4p2_followups_20260806/pseudo65/gp_window_ensemble_20260806/runs/window_3p0/draw_04/attempt_01/results_single.csv,1,1,1,1,single_attempt_outside_55_75MeV,False,,,,,,,window_3p0,4
2021,0.167,0.004013592875,0.15796941603125,0.17603058396875,304614329.32244956,1.64,0.160417707685,0.173582292315,0.0131645846299999,0.0,1.0,8000,0.000125,True,4208.862584522993,2.68669191556423e-06,0.4999513009912829,0.0001220703125,-1653.1622348203773,3037.485950760966,True,tilde_q_mu,asymptotic,default,sidak_approx,observed,8.39**2 * RBF(length_scale=0.323),0.0261241545661564,0.3562384713566791,0.0964698340836822,0.32332027280818,0.0237492314237786,70.39131132116151,1598.5316769580702,387,189,198,416,29,0.04,0.3,0.000625,1.0,1e-08,1e+18,False,False,False,False,12,1.1,15.0,13.613925732538014,6.508919907865958,88.7579987436267,80.55632020429574,study_results/v4p2_followups_20260806/pseudo65/gp_window_ensemble_20260806/runs/window_3p0/draw_04/attempt_01/results_single.csv,1,1,1,1,single_attempt_outside_55_75MeV,False,,,,,,,window_3p0,4
2021,0.168,0.004040986,0.1589077815,0.1770922185,296547392.151297,1.64,0.16137278296,0.17462721704,0.0132544340799999,0.0,1.0,8000,0.000125,True,3862.8891703252257,2.517843770939081e-06,0.5,0.0,-2555.20440881193,3003.6217466063003,True,tilde_q_mu,asymptotic,default,sidak_approx,observed,8.4**2 * RBF(length_scale=0.323),0.0261456356932645,0.3565313958172433,0.0965491584025916,0.3234091260476057,0.0237687597211495,70.49665278835292,1598.6669590938077,387,190,197,416,29,0.04,0.3,0.000625,1.0,1e-08,1e+18,False,False,False,False,12,1.1,15.0,13.606478833636183,6.470112911369777,88.22881242776968,80.03223125435369,study_results/v4p2_followups_20260806/pseudo65/gp_window_ensemble_20260806/runs/window_3p0/draw_04/attempt_01/results_single.csv,1,1,1,1,single_attempt_outside_55_75MeV,False,,,,,,,window_3p0,4
2021,0.169,0.004068550875,0.15984576053125,0.17815423946875,288615660.9608933,1.64,0.162327576565,0.175672423435,0.0133448468699999,0.0,1.0,8000,0.000125,True,3576.0237092208417,2.3807495654767703e-06,0.5,0.0,-3483.3050418637595,2970.6439149348403,True,tilde_q_mu,asymptotic,default,sidak_approx,observed,8.46**2 * RBF(length_scale=0.324),0.026167953813799,0.356835733824532,0.0966315735245651,0.3240751890903712,0.0237890489216354,71.51506072301662,1599.4388343018802,387,192,195,416,29,0.04,0.3,0.000625,1.0,1e-08,1e+18,False,False,False,False,12,1.1,15.0,13.622872867171834,6.431762713007495,87.70585517737493,79.65371431919755,study_results/v4p2_followups_20260806/pseudo65/gp_window_ensemble_20260806/runs/window_3p0/draw_04/attempt_01/results_single.csv,1,1,1,1,single_attempt_outside_55_75MeV,False,,,,,,,window_3p0,4
2021,0.17,0.0040962875,0.160783353125,0.179216646875,280901072.63455325,1.64,0.1632820885,0.1767179115,0.013435823,0.0,1.0,8000,0.000125,True,3458.7950336825857,2.3520276873575655e-06,0.5,0.0,-3896.432502848368,2952.058767856923,True,tilde_q_mu,asymptotic,default,sidak_approx,observed,8.39**2 * RBF(length_scale=0.323),0.026191094099248,0.3571512831715639,0.0967170246916933,0.3233006401297326,0.0238100855447709,70.33429414453472,1595.9508835087704,386,193,193,416,30,0.04,0.3,0.000625,1.0,1e-08,1e+18,False,False,False,False,12,1.1,15.0,13.57830653408696,6.39386129495257,87.18901765844413,78.92528054481834,study_results/v4p2_followups_20260806/pseudo65/gp_window_ensemble_20260806/runs/window_3p0/draw_04/attempt_01/results_single.csv,1,1,1,1,single_attempt_outside_55_75MeV,False,,,,,,,window_3p0,4
2021,0.171,0.004124195875,0.16172055928125,0.18027944071875,273501986.67337126,1.64,0.164236318765,0.177763681235,0.01352736247,0.0,1.0,8000,0.000125,True,3329.2040739351387,2.3115524050287797e-06,0.5,0.0,-4232.21238387797,2908.612217031221,True,tilde_q_mu,asymptotic,default,sidak_approx,observed,8.37**2 * RBF(length_scale=0.323),0.0262150420661463,0.3574778463565409,0.0968054584202363,0.3230792164959142,0.0238318564237693,70.00120211580135,1601.534125733251,387,195,192,416,29,0.04,0.3,0.000625,1.0,1e-08,1e+18,False,False,False,False,12,1.1,15.0,13.556611400766991,6.356400825929815,86.67819308086109,78.33750536785894,study_results/v4p2_followups_20260806/pseudo65/gp_window_ensemble_20260806/runs/window_3p0/draw_04/attempt_01/results_single.csv,1,1,1,1,single_attempt_outside_55_75MeV,False,,,,,,,window_3p0,4
2021,0.172,0.004152276,0.162657379,0.1813426209999999,266350991.61926585,1.64,0.1651902673599999,0.17880973264,0.01361946528,0.0,1.0,8000,0.000125,True,3192.252958244864,2.2627389632296797e-06,0.5,0.0,-4834.1383107658885,2887.856113305828,True,tilde_q_mu,asymptotic,default,sidak_approx,observed,8.41**2 * RBF(length_scale=0.324),0.0262397835660971,0.3578152304467796,0.0968968224637768,0.3235505748565443,0.0238543486964519,70.69191147317984,1597.4728239188237,386,196,190,416,30,0.04,0.3,0.000625,1.0,1e-08,1e+18,False,False,False,False,12,1.1,15.0,13.563588718088464,6.31937365582085,86.17327712482977,77.92125929407013,study_results/v4p2_followups_20260806/pseudo65/gp_window_ensemble_20260806/runs/window_3p0/draw_04/attempt_01/results_single.csv,1,1,1,1,single_attempt_outside_55_75MeV,False,,,,,,,window_3p0,4
2021,0.173,0.004180527875,0.1635938122812499,0.18240618771875,259386988.21142492,1.64,0.166143934285,0.1798560657149999,0.0137121314299999,0.0,1.0,8000,0.000125,True,3156.863605909085,2.2844489149469035e-06,0.5,0.0,-4802.6710385776205,2858.6758252384434,True,tilde_q_mu,asymptotic,default,sidak_approx,observed,8.39**2 * RBF(length_scale=0.323),0.0262653047761392,0.3581632469473539,0.0969910657776472,0.3233374292833198,0.0238775497964902,70.35380891391566,1598.4133951309557,386,198,188,416,30,0.04,0.3,0.000625,1.0,1e-08,1e+18,False,False,False,False,12,1.1,15.0,13.541482775206982,6.282772310455958,85.67416786985397,77.34368456598793,study_results/v4p2_followups_20260806/pseudo65/gp_window_ensemble_20260806/runs/window_3p0/draw_04/attempt_01/results_single.csv,1,1,1,1,single_attempt_outside_55_75MeV,False,,,,,,,window_3p0,4
2021,0.174,0.0042089515,0.1645298591249999,0.183470140875,252502277.02987137,1.64,0.1670973195399999,0.18090268046,0.01380536092,0.0,1.0,8000,0.000125,True,3242.030599812578,2.3961968035735675e-06,0.5,0.0,-4187.671871597582,2841.742184061785,True,tilde_q_mu,asymptotic,default,sidak_approx,observed,8.3**2 * RBF(length_scale=0.322),0.0262915921894454,0.3585217116742556,0.0970881384845824,0.3223540992740586,0.0239014474449503,68.9279178192492,1593.8641931653096,385,199,186,416,31,0.04,0.3,0.000625,1.0,1e-08,1e+18,False,False,False,False,12,1.1,15.0,13.486802421338796,6.246589486584821,85.18076572615664,76.58774382980147,study_results/v4p2_followups_20260806/pseudo65/gp_window_ensemble_20260806/runs/window_3p0/draw_04/attempt_01/results_single.csv,1,1,1,1,single_attempt_outside_55_75MeV,False,,,,,,,window_3p0,4
2021,0.175,0.0042375468749999,0.16546551953125,0.1845344804687499,245918579.9416027,1.64,0.168050423125,0.181949576875,0.01389915375,0.0,1.0,8000,0.000125,True,3378.5531316639645,2.549301985021893e-06,0.5,0.0,-3261.494351389338,2802.8627140063754,True,tilde_q_mu,asymptotic,default,sidak_approx,observed,8.25**2 * RBF(length_scale=0.322),0.0263186326063351,0.358890444631843,0.0971879918415323,0.3216772764199515,0.0239260296421228,68.00351501791849,1599.4329577188914,386,201,185,416,30,0.04,0.3,0.000625,1.0,1e-08,1e+18,False,False,False,False,12,1.1,15.0,13.444657606443148,6.210818047018103,84.69297336842865,75.91120190734209,study_results/v4p2_followups_20260806/pseudo65/gp_window_ensemble_20260806/runs/window_3p0/draw_04/attempt_01/results_single.csv,1,1,1,1,single_attempt_outside_55_75MeV,False,,,,,,,window_3p0,4
2021,0.176,0.004266314,0.1664007934999999,0.1855992065,239463041.25493088,1.64,0.16900324504,0.1829967549599999,0.0139935099199999,0.0,1.0,8000,0.000125,True,3550.3056348580467,2.73548603567609e-06,0.5,0.0,-2468.135287999657,2783.261218898495,True,tilde_q_mu,asymptotic,default,sidak_approx,observed,8.29**2 * RBF(length_scale=0.322),0.0263464131255956,0.3592692698944855,0.0972905782076107,0.3222568892954172,0.0239512846596323,68.80524105526861,1595.7108818279412,385,202,183,416,31,0.04,0.3,0.000625,1.0,1e-08,1e+18,False,False,False,False,12,1.1,15.0,13.454680777042029,6.175451015934506,84.21069567183416,75.53520188514423,study_results/v4p2_followups_20260806/pseudo65/gp_window_ensemble_20260806/runs/window_3p0/draw_04/attempt_01/results_single.csv,1,1,1,1,single_attempt_outside_55_75MeV,False,,,,,,,window_3p0,4
2021,0.177,0.004295252875,0.16733568103125,0.18666431896875,233151670.99112496,1.64,0.169955785285,0.184044214715,0.0140884294299999,0.0,1.0,8000,0.000125,True,3932.24597892181,3.094202981844178e-06,0.4999513009912829,0.0001220703125,-1204.5255310976509,2755.846256907752,True,tilde_q_mu,asymptotic,default,sidak_approx,observed,8.29**2 * RBF(length_scale=0.322),0.026374921136093,0.359658015492178,0.0973958510131203,0.322161486202053,0.0239772010328118,68.66176010920911,1596.0759464060409,385,204,181,416,31,0.04,0.3,0.000625,1.0,1e-08,1e+18,False,False,False,False,12,1.1,15.0,13.436159031289248,6.140481574345738,83.73383965016914,75.00407905600973,study_results/v4p2_followups_20260806/pseudo65/gp_window_ensemble_20260806/runs/window_3p0/draw_04/attempt_01/results_single.csv,1,1,1,1,single_attempt_outside_55_75MeV,False,,,,,,,window_3p0,4
2021,0.178,0.0043243635,0.168270182125,0.1877298178749999,227019370.79188985,1.64,0.17090804386,0.1850919561399999,0.0141839122799999,0.0,1.0,8000,0.000125,True,4648.115155704749,3.735200191020179e-06,0.463859069467164,0.0907161484469147,256.9412782079101,2727.981174520139,True,tilde_q_mu,asymptotic,default,sidak_approx,observed,8.25**2 * RBF(length_scale=0.322),0.0264041443086661,0.3600565132999933,0.0975037647296154,0.3216673713662979,0.0240037675533328,67.99711028995375,1595.8269422263606,385,205,180,416,31,0.04,0.3,0.000625,1.0,1e-08,1e+18,False,False,False,False,12,1.1,15.0,13.400703479218404,6.105903055713559,83.26231439609397,74.38490574770088,study_results/v4p2_followups_20260806/pseudo65/gp_window_ensemble_20260806/runs/window_3p0/draw_04/attempt_01/results_single.csv,1,1,1,1,single_attempt_outside_55_75MeV,False,,,,,,,window_3p0,4
2021,0.179,0.004353645875,0.1692042967812499,0.18879570321875,220993245.42708975,1.64,0.1718600207649999,0.186139979235,0.01427995847,0.0,1.0,8000,0.000125,True,5430.68211119395,4.458022674116568e-06,0.2954605501297388,0.5375017155021082,1452.8860140737952,2702.4464652392153,True,tilde_q_mu,asymptotic,default,sidak_approx,observed,8.24**2 * RBF(length_scale=0.322),0.0264340705882899,0.3604645989312272,0.0976142748409662,0.3215842721373643,0.0240309732620818,67.89417805261822,1596.3857635178106,385,207,178,416,31,0.04,0.3,0.000625,1.0,1e-08,1e+18,False,False,False,False,12,1.1,15.0,13.38207440165515,6.0717089417131325,82.79603102336088,73.86550982109088,study_results/v4p2_followups_20260806/pseudo65/gp_window_ensemble_20260806/runs/window_3p0/draw_04/attempt_01/results_single.csv,1,1,1,1,single_attempt_outside_55_75MeV,False,,,,,,,window_3p0,4
2021,0.18,0.0043831,0.170138025,0.189861975,215155115.9948604,1.64,0.172811716,0.1871882839999999,0.0143765679999999,0.0,1.0,8000,0.000125,True,6243.146504406655,5.234790023697089e-06,0.1747647328492588,0.9355023638304466,2514.0016404362755,2686.4529054221384,True,tilde_q_mu,asymptotic,default,sidak_approx,observed,8.24**2 * RBF(length_scale=0.322),0.0264646881865,0.360882111634091,0.0977273378153825,0.3215669350449321,0.0240588074422727,67.86400311753903,1592.7853564535965,384,208,176,416,32,0.04,0.3,0.000625,1.0,1e-08,1e+18,False,False,False,False,12,1.1,15.0,13.36587176303345,6.037892858136936,82.33490261095821,73.36518332799436,study_results/v4p2_followups_20260806/pseudo65/gp_window_ensemble_20260806/runs/window_3p0/draw_04/attempt_01/results_single.csv,1,1,1,1,single_attempt_outside_55_75MeV,False,,,,,,,window_3p0,4
2021,0.181,0.004412725875,0.1710713667812499,0.19092863321875,209423665.4643851,1.64,0.173763129565,0.1882368704349999,0.0144737408699999,0.0,1.0,8000,0.000125,True,6918.080910738292,5.926540104484748e-06,0.1024171815206439,1.2678980430965665,3362.733285171999,2651.27662298614,True,tilde_q_mu,asymptotic,default,sidak_approx,observed,8.2**2 * RBF(length_scale=0.321),0.0264959855740647,0.3613088941917919,0.0978429110783556,0.3211210113227674,0.0240872596127861,67.2688882153778,1598.0779079109657,385,210,175,416,31,0.04,0.3,0.000625,1.0,1e-08,1e+18,False,False,False,False,12,1.1,15.0,13.331570983371982,6.004448570933435,81.87884414909227,72.77157485400502,study_results/v4p2_followups_20260806/pseudo65/gp_window_ensemble_20260806/runs/window_3p0/draw_04/attempt_01/results_single.csv,1,1,1,1,single_attempt_outside_55_75MeV,False,,,,,,,window_3p0,4
2021,0.182,0.0044425235,0.172004322125,0.191995677875,203890389.41582435,1.64,0.17471426146,0.18928573854,0.01457147708,0.0,1.0,8000,0.000125,True,7092.403847758061,6.206478216941e-06,0.0875292411965149,1.3561278837575743,3578.1367252817167,2636.1672754089686,True,tilde_q_mu,asymptotic,default,sidak_approx,observed,8.24**2 * RBF(length_scale=0.322),0.0265279514739,0.3617447928259099,0.0979609529864923,0.3215631067444159,0.0241163195217273,67.8573981640218,1593.673501364327,384,211,173,416,32,0.04,0.3,0.000625,1.0,1e-08,1e+18,False,False,False,False,12,1.1,15.0,13.333838376735194,5.971369982376021,81.42777248694574,72.38298384789995,study_results/v4p2_followups_20260806/pseudo65/gp_window_ensemble_20260806/runs/window_3p0/draw_04/attempt_01/results_single.csv,1,1,1,1,single_attempt_outside_55_75MeV,False,,,,,,,window_3p0,4
2021,0.183,0.004472492875,0.1729368910312499,0.19306310896875,198621214.40460417,1.64,0.1756651116849999,0.190334888315,0.01466977663,0.0,1.0,8000,0.000125,True,6920.951759482732,6.183139167606708e-06,0.0953501769816719,1.3085100915841807,3422.62240512558,2612.741218412069,True,tilde_q_mu,asymptotic,default,sidak_approx,observed,8.26**2 * RBF(length_scale=0.322),0.0265605748542153,0.3621896571029359,0.098081422802206,0.3218232256608651,0.0241459771401957,68.21525431409671,1594.4316701496482,384,213,171,416,32,0.04,0.3,0.000625,1.0,1e-08,1e+18,False,False,False,False,12,1.1,15.0,13.328233676040677,5.938651127357089,80.98160628214212,71.95611813263427,study_results/v4p2_followups_20260806/pseudo65/gp_window_ensemble_20260806/runs/window_3p0/draw_04/attempt_01/results_single.csv,1,1,1,1,single_attempt_outside_55_75MeV,False,,,,,,,window_3p0,4
2021,0.184,0.004502634,0.1738690735,0.1941309265,193360941.65798712,1.64,0.17661568024,0.19138431976,0.01476863952,0.0,1.0,8000,0.000125,True,6416.011399351768,5.8559650158428395e-06,0.1344166669757047,1.105753252063879,2874.3683765036913,2598.2638639633715,True,tilde_q_mu,asymptotic,default,sidak_approx,observed,8.28**2 * RBF(length_scale=0.322),0.026593844921878,0.3626433398437911,0.0982042806692136,0.3220846214103365,0.0241762226562527,68.59385614185524,1592.7649971366905,383,214,169,416,33,0.04,0.3,0.000625,1.0,1e-08,1e+18,False,False,False,False,12,1.1,15.0,13.322371571021048,5.906286169801502,80.54026595183866,71.53248996261665,study_results/v4p2_followups_20260806/pseudo65/gp_window_ensemble_20260806/runs/window_3p0/draw_04/attempt_01/results_single.csv,1,1,1,1,single_attempt_outside_55_75MeV,False,,,,,,,window_3p0,4
2021,0.185,0.004532946875,0.1748008695312499,0.19519913046875,188216407.4390779,1.64,0.177565967125,0.192434032875,0.0148680657499999,0.0,1.0,8000,0.000125,True,5878.784093395926,5.482494749687456e-06,0.1848525222030993,0.8970259981279068,2298.0894335132502,2565.683975630602,True,tilde_q_mu,asymptotic,default,sidak_approx,observed,8.24**2 * RBF(length_scale=0.322),0.0266277511159985,0.3631056970363433,0.0983294875888454,0.3215183299539804,0.0242070464690895,67.83890562477066,1595.9228645760763,384,216,168,416,32,0.04,0.3,0.000625,1.0,1e-08,1e+18,False,False,False,False,12,1.1,15.0,13.282013993922533,5.874269399197075,80.10367362541467,70.92920760382404,study_results/v4p2_followups_20260806/pseudo65/gp_window_ensemble_20260806/runs/window_3p0/draw_04/attempt_01/results_single.csv,1,1,1,1,single_attempt_outside_55_75MeV,False,,,,,,,window_3p0,4
2021,0.186,0.0045634315,0.175732279125,0.196267720875,183203373.0638776,1.64,0.17851597234,0.19348402766,0.01496805532,0.0,1.0,8000,0.000125,True,5146.142953056567,4.904055297095352e-06,0.2892631076243359,0.5555387466258743,1388.794851435754,2554.2115999897665,True,tilde_q_mu,asymptotic,default,sidak_approx,observed,8.15**2 * RBF(length_scale=0.32),0.0266622831017154,0.3635765877506647,0.0984570053970965,0.3204352199789225,0.0242384391833776,66.44789222455358,1589.8543530758666,383,217,166,416,33,0.04,0.3,0.000625,1.0,1e-08,1e+18,False,False,False,False,12,1.1,15.0,13.22012599716702,5.84259522723534,79.67175309866373,70.21804095863442,study_results/v4p2_followups_20260806/pseudo65/gp_window_ensemble_20260806/runs/window_3p0/draw_04/attempt_01/results_single.csv,1,1,1,1,single_attempt_outside_55_75MeV,False,,,,,,,window_3p0,4
2021,0.187,0.004594087875,0.17666330228125,0.19733669771875,178278504.14348978,1.64,0.179465695885,0.194534304115,0.01506860823,0.0,1.0,8000,0.000125,True,4413.340235440432,4.298795084903791e-06,0.4383879346711482,0.1550576491975202,392.5448969976717,2531.950962207546,True,tilde_q_mu,asymptotic,default,sidak_approx,observed,8.12**2 * RBF(length_scale=0.32),0.0266974307641825,0.3640558740570343,0.0985867967424219,0.3200717419050788,0.0242703916038022,65.98035600469,1590.0313462352988,383,219,164,416,33,0.04,0.3,0.000625,1.0,1e-08,1e+18,False,False,False,False,12,1.1,15.0,13.187745263036266,5.811258184560199,79.24442978945724,69.67035690519499,study_results/v4p2_followups_20260806/pseudo65/gp_window_ensemble_20260806/runs/window_3p0/draw_04/attempt_01/results_single.csv,1,1,1,1,single_attempt_outside_55_75MeV,False,,,,,,,window_3p0,4
2021,0.188,0.004624916,0.177593939,0.198406061,173567784.67781383,1.64,0.18041513776,0.19558486224,0.0151697244799999,0.0,1.0,8000,0.000125,True,3818.1943336099753,3.7997146313267138e-06,0.5,0.0,-553.4552543459356,2506.408299697394,True,tilde_q_mu,asymptotic,default,sidak_approx,observed,8.13**2 * RBF(length_scale=0.32),0.0267331842027451,0.3645434209465248,0.0987188250642313,0.3201361197548295,0.0243028947297683,66.02565819178359,1590.5932034240946,383,220,163,416,33,0.04,0.3,0.000625,1.0,1e-08,1e+18,False,False,False,False,12,1.1,15.0,13.172756715384144,5.78025291761951,78.8216306948115,69.2198776701738,study_results/v4p2_followups_20260806/pseudo65/gp_window_ensemble_20260806/runs/window_3p0/draw_04/attempt_01/results_single.csv,1,1,1,1,single_attempt_outside_55_75MeV,False,,,,,,,window_3p0,4
2021,0.189,0.004655915875,0.17852418928125,0.19947581071875,168874228.16818193,1.64,0.181364297965,0.196635702035,0.0152714040699999,0.0,1.0,8000,0.000125,True,3469.2453837151934,3.5296346958969255e-06,0.5,0.0,-1272.676067010885,2482.5347134530266,True,tilde_q_mu,asymptotic,default,sidak_approx,observed,8.16**2 * RBF(length_scale=0.321),0.0267695337253012,0.3650390962541072,0.0988530545720656,0.3205906266825167,0.0243359397502738,66.60815435398449,1591.860999304764,383,222,161,416,33,0.04,0.3,0.000625,1.0,1e-08,1e+18,False,False,False,False,12,1.1,15.0,13.173546202542251,5.749574185616315,78.40328434931338,68.85661925378251,study_results/v4p2_followups_20260806/pseudo65/gp_window_ensemble_20260806/runs/window_3p0/draw_04/attempt_01/results_single.csv,1,1,1,1,single_attempt_outside_55_75MeV,False,,,,,,,window_3p0,4
2021,0.19,0.0046870875,0.179454053125,0.200545946875,164378838.92039412,1.64,0.1823131765,0.1976868235,0.0153736469999999,0.0,1.0,8000,0.000125,True,3301.0195945284477,3.4321678184788187e-06,0.5,0.0,-1676.4699693871164,2465.7090911354544,True,tilde_q_mu,asymptotic,default,sidak_approx,observed,8.23**2 * RBF(length_scale=0.321),0.0268064698428396,0.3655427705841774,0.0989894502254296,0.3214418734798483,0.0243695180389451,67.76572630737475,1588.5306671677345,382,223,159,416,34,0.04,0.3,0.000625,1.0,1e-08,1e+18,False,False,False,False,12,1.1,15.0,13.190325428929246,5.719216857555929,77.98932078485358,68.58030140889163,study_results/v4p2_followups_20260806/pseudo65/gp_window_ensemble_20260806/runs/window_3p0/draw_04/attempt_01/results_single.csv,1,1,1,1,single_attempt_outside_55_75MeV,False,,,,,,,window_3p0,4
2021,0.191,0.004718430875,0.18038353053125,0.20161646946875,160024504.07567304,1.64,0.183261773365,0.198738226635,0.01547645327,0.0,1.0,8000,0.000125,True,3125.011532949814,3.320104010710222e-06,0.5,0.0,-2142.208754554272,2444.0553882536524,True,tilde_q_mu,asymptotic,default,sidak_approx,observed,8.17**2 * RBF(length_scale=0.321),0.026843983264149,0.3660543172383967,0.099127977714251,0.3206484814686907,0.0244036211492264,66.70883986767164,1589.8308552692674,382,225,157,416,34,0.04,0.3,0.000625,1.0,1e-08,1e+18,False,False,False,False,12,1.1,15.0,13.139381221661637,5.68917590938515,77.57967149161568,67.9565919186409,study_results/v4p2_followups_20260806/pseudo65/gp_window_ensemble_20260806/runs/window_3p0/draw_04/attempt_01/results_single.csv,1,1,1,1,single_attempt_outside_55_75MeV,False,,,,,,,window_3p0,4
2021,0.192,0.004749946,0.1813126215,0.2026873785,155718995.1526329,1.64,0.18421008856,0.19978991144,0.0155798228799999,0.0,1.0,8000,0.000125,True,3028.6399746477914,3.2894610702796755e-06,0.5,0.0,-2352.6841935941047,2418.3410623112445,True,tilde_q_mu,asymptotic,default,sidak_approx,observed,8.18**2 * RBF(length_scale=0.321),0.0268820648906906,0.3665736121457819,0.0992686034399486,0.3207594004424604,0.0244382408097187,66.88325949975307,1589.2749063526476,382,226,156,416,34,0.04,0.3,0.000625,1.0,1e-08,1e+18,False,False,False,False,12,1.1,15.0,13.125306479298557,5.659446421220509,77.17426938027965,67.52906252880778,study_results/v4p2_followups_20260806/pseudo65/gp_window_ensemble_20260806/runs/window_3p0/draw_04/attempt_01/results_single.csv,1,1,1,1,single_attempt_outside_55_75MeV,False,,,,,,,window_3p0,4
2021,0.193,0.004781632875,0.18224132603125,0.20375867396875,151601184.85939226,1.64,0.185158122085,0.200841877915,0.0156837558299999,0.0,1.0,8000,0.000125,True,3028.9080754562588,3.3616005842981024e-06,0.5,0.0,-2213.6816941158177,2393.619049299325,True,tilde_q_mu,asymptotic,default,sidak_approx,observed,8.2**2 * RBF(length_scale=0.321),0.0269207058116312,0.3671005337949717,0.0994112944970904,0.3210653875640158,0.0244733689196647,67.31287609917464,1589.1677133330418,382,228,154,416,34,0.04,0.3,0.000625,1.0,1e-08,1e+18,False,False,False,False,12,1.1,15.0,13.118969791937149,5.630023574662507,76.77304874539782,67.14555382171949,study_results/v4p2_followups_20260806/pseudo65/gp_window_ensemble_20260806/runs/window_3p0/draw_04/attempt_01/results_single.csv,1,1,1,1,single_attempt_outside_55_75MeV,False,,,,,,,window_3p0,4
2021,0.194,0.0048134915,0.183169644125,0.204830355875,147523768.56605715,1.64,0.18610587394,0.20189412606,0.01578825212,0.0,1.0,8000,0.000125,True,3042.304199948606,3.4519049683831606e-06,0.5,0.0,-2082.742761445641,2378.98386369219,True,tilde_q_mu,asymptotic,default,sidak_approx,observed,8.16**2 * RBF(length_scale=0.32),0.0269598972990275,0.3676349631685571,0.0995560186556095,0.3204757486138943,0.0245089975445704,66.6244680030484,1585.3246558643668,381,229,152,416,35,0.04,0.3,0.000625,1.0,1e-08,1e+18,False,False,False,False,12,1.1,15.0,13.075840740980851,5.600902650192177,76.37594522989332,66.57864641786408,study_results/v4p2_followups_20260806/pseudo65/gp_window_ensemble_20260806/runs/window_3p0/draw_04/attempt_01/results_single.csv,1,1,1,1,single_attempt_outside_55_75MeV,False,,,,,,,window_3p0,4
2021,0.195,0.004845521875,0.18409757578125,0.20590242421875,143578408.5209931,1.64,0.187053344125,0.202946655875,0.0158933117499999,0.0,1.0,8000,0.000125,True,3065.558641744916,3.555541923731899e-06,0.5,0.0,-1831.4803862744468,2345.50991579229,True,tilde_q_mu,asymptotic,default,sidak_approx,observed,8.15**2 * RBF(length_scale=0.32),0.0269996308031587,0.368176783679438,0.09970274434357,0.3201572642094363,0.0245451189119625,66.3449537262597,1589.3768641086513,382,231,151,416,34,0.04,0.3,0.000625,1.0,1e-08,1e+18,False,False,False,False,12,1.1,15.0,13.043622455355129,5.572079024647637,75.9828957906496,66.07281371718837,study_results/v4p2_followups_20260806/pseudo65/gp_window_ensemble_20260806/runs/window_3p0/draw_04/attempt_01/results_single.csv,1,1,1,1,single_attempt_outside_55_75MeV,False,,,,,,,window_3p0,4
2021,0.196,0.004877724,0.185025121,0.206974879,139755894.5302579,1.64,0.18800053264,0.20399946736,0.01599893472,0.0,1.0,8000,0.000125,True,3208.3886587858797,3.803476075990099e-06,0.5,0.0,-1318.5902428676768,2328.2047752068224,True,tilde_q_mu,asymptotic,default,sidak_approx,observed,8.16**2 * RBF(length_scale=0.32),0.0270398979480013,0.3687258811091098,0.0998514406304547,0.320373393248749,0.0245817254072739,66.57761964492751,1584.9856163571048,381,232,149,416,35,0.04,0.3,0.000625,1.0,1e-08,1e+18,False,False,False,False,12,1.1,15.0,13.032990481373906,5.543548168777362,75.59383866514584,65.68091865155736,study_results/v4p2_followups_20260806/pseudo65/gp_window_ensemble_20260806/runs/window_3p0/draw_04/attempt_01/results_single.csv,1,1,1,1,single_attempt_outside_55_75MeV,False,,,,,,,window_3p0,4
2021,0.197,0.004910097875,0.18595227978125,0.20804772021875,136004179.86803293,1.64,0.188947439485,0.205052560515,0.01610512103,0.0,1.0,8000,0.000125,True,3356.9125221917984,4.0685669237803815e-06,0.4999655646006563,8.631674575031098e-05,-837.2804294504948,2302.3455995775007,True,tilde_q_mu,asymptotic,default,sidak_approx,observed,8.18**2 * RBF(length_scale=0.321),0.0270806905268411,0.3692821435478344,0.1000020772109632,0.3206940490811317,0.0246188095698556,66.91499579876287,1584.435506720874,381,234,147,416,35,0.04,0.3,0.000625,1.0,1e-08,1e+18,False,False,False,False,12,1.1,15.0,13.026383268905246,5.51530564486786,75.20871333910718,65.31316834109577,study_results/v4p2_followups_20260806/pseudo65/gp_window_ensemble_20260806/runs/window_3p0/draw_04/attempt_01/results_single.csv,1,1,1,1,single_attempt_outside_55_75MeV,False,,,,,,,window_3p0,4
2021,0.198,0.0049426435,0.186879052125,0.209120947875,132354320.73115931,1.64,0.18989406466,0.20610593534,0.01621187068,0.0,1.0,8000,0.000125,True,3580.8415923670564,4.437125552180409e-06,0.4999655646006563,8.631674575031098e-05,-306.242802168702,2283.3075883712168,True,tilde_q_mu,asymptotic,default,sidak_approx,observed,8.24**2 * RBF(length_scale=0.321),0.0271220004980165,0.3698454613365898,0.1001546243892919,0.3214386986214706,0.0246563640891059,67.865488715383,1581.0612868905632,380,235,145,416,36,0.04,0.3,0.000625,1.0,1e-08,1e+18,False,False,False,False,12,1.1,15.0,13.036743676391971,5.487347104442508,74.82746051512511,65.03376151273515,study_results/v4p2_followups_20260806/pseudo65/gp_window_ensemble_20260806/runs/window_3p0/draw_04/attempt_01/results_single.csv,1,1,1,1,single_attempt_outside_55_75MeV,False,,,,,,,window_3p0,4
2021,0.199,0.004975360875,0.18780543803125,0.21019456196875,128788002.15036236,1.64,0.190840408165,0.207159591835,0.01631918367,0.0,1.0,8000,0.000125,True,3885.242000347722,4.922769649714062e-06,0.4507956061294536,0.1236515025012476,278.6173492520064,2255.1494498142138,True,tilde_q_mu,asymptotic,default,sidak_approx,observed,8.3**2 * RBF(length_scale=0.322),0.0271638199807916,0.3704157270107955,0.100309053063895,0.3222475046481908,0.0246943818007197,68.97299157207232,1584.0124719610808,380,236,144,416,36,0.04,0.3,0.000625,1.0,1e-08,1e+18,False,False,False,False,12,1.1,15.0,13.049425867336316,5.459668286029939,74.45002208222643,64.76866959890437,study_results/v4p2_followups_20260806/pseudo65/gp_window_ensemble_20260806/runs/window_3p0/draw_04/attempt_01/results_single.csv,1,1,1,1,single_attempt_outside_55_75MeV,False,,,,,,,window_3p0,4
2021,0.2,0.00500825,0.1887314375,0.2112685625,125353032.55969112,1.64,0.19178647,0.20821353,0.0164270599999999,0.0,1.0,8000,0.000125,True,4023.672024907888,5.211678956616446e-06,0.4036521837363929,0.2439050377003699,544.5866161097995,2232.92860605639,True,tilde_q_mu,asymptotic,default,sidak_approx,observed,8.29**2 * RBF(length_scale=0.322),0.027206141251351,0.3709928352456959,0.1004653347126938,0.3220434667662306,0.0247328556830463,68.65793754798314,1584.9344426841867,380,238,142,416,36,0.04,0.3,0.000625,1.0,1e-08,1e+18,False,False,False,False,12,1.1,15.0,13.02087680020635,5.432265012998759,74.0763410863467,64.30259407302562,study_results/v4p2_followups_20260806/pseudo65/gp_window_ensemble_20260806/runs/window_3p0/draw_04/attempt_01/results_single.csv,1,1,1,1,single_attempt_outside_55_75MeV,False,,,,,,,window_3p0,4
2021,0.201,0.005041310875,0.18965705053125,0.21234294946875,122019355.53382406,1.64,0.192732250165,0.209267749835,0.01653549967,0.0,1.0,8000,0.000125,True,4191.916142227803,5.550188381086911e-06,0.3544751369433841,0.3732662754081116,827.22333258824,2216.7686468304364,True,tilde_q_mu,asymptotic,default,sidak_approx,observed,8.3**2 * RBF(length_scale=0.322),0.027248956738914,0.3715766828033728,0.1006234413787278,0.3221581139754459,0.0247717788535581,68.82207436638377,1581.0573444835609,379,239,140,416,37,0.04,0.3,0.000625,1.0,1e-08,1e+18,False,False,False,False,12,1.1,15.0,13.005045615816629,5.405133191456678,73.70636170168197,63.90363974041691,study_results/v4p2_followups_20260806/pseudo65/gp_window_ensemble_20260806/runs/window_3p0/draw_04/attempt_01/results_single.csv,1,1,1,1,single_attempt_outside_55_75MeV,False,,,,,,,window_3p0,4
2021,0.202,0.0050745435,0.190582277125,0.213417722875,118808713.66471364,1.64,0.19367774866,0.21032225134,0.01664450268,0.0,1.0,8000,0.000125,True,4204.040809834398,5.688361416360331e-06,0.3387456686749867,0.4158888520696259,909.5310393453232,2188.123508356575,True,tilde_q_mu,asymptotic,default,sidak_approx,observed,8.23**2 * RBF(length_scale=0.321),0.0272922590219629,0.3721671684813132,0.100783345656227,0.3214084644547478,0.0248111445654208,67.80352763986873,1585.531819356646,380,241,139,416,36,0.04,0.3,0.000625,1.0,1e-08,1e+18,False,False,False,False,12,1.1,15.0,12.954197401384397,5.37826880821161,73.34002920288559,63.337414381165075,study_results/v4p2_followups_20260806/pseudo65/gp_window_ensemble_20260806/runs/window_3p0/draw_04/attempt_01/results_single.csv,1,1,1,1,single_attempt_outside_55_75MeV,False,,,,,,,window_3p0,4
2021,0.203,0.005107947875,0.19150711728125,0.21449288271875,115574322.00533302,1.64,0.194622965485,0.211377034515,0.0167540690299999,0.0,1.0,8000,0.000125,True,4508.1381244695585,6.239643018716462e-06,0.2688552800109965,0.6162787519522032,1356.4059278137147,2171.685022359515,True,tilde_q_mu,asymptotic,default,sidak_approx,observed,8.3**2 * RBF(length_scale=0.322),0.0273360408245852,0.3727641930625258,0.1009450206771031,0.32217741833163,0.0248509462041683,68.83659348843022,1581.4009492776622,379,242,137,416,37,0.04,0.3,0.000625,1.0,1e-08,1e+18,False,False,False,False,12,1.1,15.0,12.96439240923508,5.351667928793269,72.97728993809002,63.07374824799479,study_results/v4p2_followups_20260806/pseudo65/gp_window_ensemble_20260806/runs/window_3p0/draw_04/attempt_01/results_single.csv,1,1,1,1,single_attempt_outside_55_75MeV,False,,,,,,,window_3p0,4
2021,0.204,0.005141524,0.192431571,0.2155684289999999,112452833.18684237,1.64,0.19556790064,0.21243209936,0.01686419872,0.0,1.0,8000,0.000125,True,4879.102269262934,6.906520006923527e-06,0.1921909977651547,0.8698507087145485,1868.4125086728743,2149.73484735385,True,tilde_q_mu,asymptotic,default,sidak_approx,observed,8.36**2 * RBF(length_scale=0.323),0.0273802950129184,0.3733676592670698,0.1011084400978236,0.3228836834154578,0.0248911772844713,69.84362386055024,1583.720842039142,379,244,135,416,37,0.04,0.3,0.000625,1.0,1e-08,1e+18,False,False,False,False,12,1.1,15.0,12.9718124508676,5.325326695531998,72.61809130270905,62.799217394581426,study_results/v4p2_followups_20260806/pseudo65/gp_window_ensemble_20260806/runs/window_3p0/draw_04/attempt_01/results_single.csv,1,1,1,1,single_attempt_outside_55_75MeV,False,,,,,,,window_3p0,4
2021,0.205,0.005175271875,0.19335563828125,0.2166443617187499,109447447.25856656,1.64,0.196512554125,0.213487445875,0.01697489175,0.0,1.0,8000,0.000125,True,5126.2562314170755,7.41926245839996e-06,0.1524364846514987,1.026039492254648,2190.474115960432,2136.1880784197742,True,tilde_q_mu,asymptotic,default,sidak_approx,observed,8.37**2 * RBF(length_scale=0.323),0.0274250145917023,0.3739774717050326,0.1012735780866781,0.323003359335445,0.0249318314470021,70.0247289057575,1582.4688563985385,378,245,133,416,38,0.04,0.3,0.000625,1.0,1e-08,1e+18,False,False,False,False,12,1.1,15.0,12.955460573446292,5.2992413256941004,72.26238171401046,62.41282914927925,study_results/v4p2_followups_20260806/pseudo65/gp_window_ensemble_20260806/runs/window_3p0/draw_04/attempt_01/results_single.csv,1,1,1,1,single_attempt_outside_55_75MeV,False,,,,,,,window_3p0,4
2021,0.206,0.0052091915,0.194279319125,0.217720680875,106491864.68179588,1.64,0.19745692594,0.2145430740599999,0.0170861481199999,0.0,1.0,8000,0.000125,True,5356.914273213472,7.929594268545499e-06,0.1171924245177324,1.1891393169247766,2506.526182946918,2108.191208307104,True,tilde_q_mu,asymptotic,default,sidak_approx,observed,8.39**2 * RBF(length_scale=0.323),0.0274701927009294,0.3745935368308561,0.1014404093114096,0.3233136854661727,0.0249729024553904,70.46487579794417,1584.9435746523418,379,247,132,416,37,0.04,0.3,0.000625,1.0,1e-08,1e+18,False,False,False,False,12,1.1,15.0,12.946580240070787,5.273408109671041,71.91011058642329,62.06600111863285,study_results/v4p2_followups_20260806/pseudo65/gp_window_ensemble_20260806/runs/window_3p0/draw_04/attempt_01/results_single.csv,1,1,1,1,single_attempt_outside_55_75MeV,False,,,,,,,window_3p0,4
2021,0.207,0.005243282875,0.1952026135312499,0.21879738646875,103594993.30477582,1.64,0.198401016085,0.215598983915,0.0171979678299999,0.0,1.0,8000,0.000125,True,5475.351807218595,8.291304003775293e-06,0.1022116604284686,1.269049749763575,2660.305907541396,2097.1878748411227,True,tilde_q_mu,asymptotic,default,sidak_approx,observed,8.37**2 * RBF(length_scale=0.323),0.0275158226125923,0.375215762898986,0.1016089089272047,0.3230339602025501,0.0250143841932657,70.04717882429364,1580.731025496538,378,248,130,416,38,0.04,0.3,0.000625,1.0,1e-08,1e+18,False,False,False,False,12,1.1,15.0,12.913928150568498,5.247823409220947,71.56122830755837,61.60910404868249,study_results/v4p2_followups_20260806/pseudo65/gp_window_ensemble_20260806/runs/window_3p0/draw_04/attempt_01/results_single.csv,1,1,1,1,single_attempt_outside_55_75MeV,False,,,,,,,window_3p0,4
2021,0.208,0.005277546,0.1961255214999999,0.2198744785,100755569.91566654,1.64,0.19934482456,0.21665517544,0.0173103508799999,0.0,1.0,8000,0.000125,True,5554.12141549794,8.60603073107949e-06,0.0907253399346539,1.336301703750805,2777.949028815563,2079.201217823915,True,tilde_q_mu,asymptotic,default,sidak_approx,observed,8.41**2 * RBF(length_scale=0.323),0.0275618977275242,0.3758440599207857,0.1017790525650254,0.3234482997710162,0.0250562706613857,70.70840022876276,1581.4257459044204,378,250,128,416,38,0.04,0.3,0.000625,1.0,1e-08,1e+18,False,False,False,False,12,1.1,15.0,12.90887635044122,5.222483655760516,71.21568621491612,61.28763250401157,study_results/v4p2_followups_20260806/pseudo65/gp_window_ensemble_20260806/runs/window_3p0/draw_04/attempt_01/results_single.csv,1,1,1,1,single_attempt_outside_55_75MeV,False,,,,,,,window_3p0,4
2021,0.209,0.005311980875,0.1970480430312499,0.22095195696875,97975291.24730824,1.64,0.200288351365,0.2177116486349999,0.0174232972699999,0.0,1.0,8000,0.000125,True,5588.835616199585,8.862952234104841e-06,0.085250998232609,1.370592582704575,2834.401658336465,2068.248926617218,True,tilde_q_mu,asymptotic,default,sidak_approx,observed,8.41**2 * RBF(length_scale=0.324),0.0276084115723308,0.3764783396226934,0.101950816320278,0.3235174476086691,0.0250985559748462,70.77393193010995,1577.657035653039,377,251,126,416,39,0.04,0.3,0.000625,1.0,1e-08,1e+18,False,False,False,False,12,1.1,15.0,12.88988290533122,5.197385348705882,70.87343657326201,60.90335323518444,study_results/v4p2_followups_20260806/pseudo65/gp_window_ensemble_20260806/runs/window_3p0/draw_04/attempt_01/results_single.csv,1,1,1,1,single_attempt_outside_55_75MeV,False,,,,,,,window_3p0,4
2021,0.21,0.0053465875,0.197970178125,0.2220298218749999,95309478.67396852,1.64,0.2012315965,0.2187684034999999,0.0175368069999999,0.0,1.0,8000,0.000125,True,5290.133194015839,8.582842440552078e-06,0.107177693709224,1.241678007471961,2539.3638339535732,2045.009896140309,True,tilde_q_mu,asymptotic,default,sidak_approx,observed,8.36**2 * RBF(length_scale=0.323),0.0276553577964078,0.3771185154055612,0.1021241767418025,0.3229335158543383,0.0251412343603707,69.91164727862787,1582.5316098787123,378,253,125,416,38,0.04,0.3,0.000625,1.0,1e-08,1e+18,False,False,False,False,12,1.1,15.0,12.844775687042924,5.172525053860584,70.53443255264432,60.39993095677165,study_results/v4p2_followups_20260806/pseudo65/gp_window_ensemble_20260806/runs/window_3p0/draw_04/attempt_01/results_single.csv,1,1,1,1,single_attempt_outside_55_75MeV,False,,,,,,,window_3p0,4
2021,0.211,0.005381365875,0.19889192678125,0.2231080732187499,92716703.49811862,1.64,0.202174559965,0.2198254400349999,0.0176508800699999,0.0,1.0,8000,0.000125,True,4895.106258023737,8.12534122208424e-06,0.1515580781254165,1.0297738984000415,2097.5448433012416,2037.063766501891,True,tilde_q_mu,asymptotic,default,sidak_approx,observed,8.29**2 * RBF(length_scale=0.322),0.0277027301690448,0.3777645023051568,0.1022991108211761,0.3220890221584213,0.0251843001536771,68.72132746500222,1576.3769609491198,377,254,123,416,39,0.04,0.3,0.000625,1.0,1e-08,1e+18,False,False,False,False,12,1.1,15.0,12.789278248472336,5.147899401849318,70.19862820703615,59.85265258672293,study_results/v4p2_followups_20260806/pseudo65/gp_window_ensemble_20260806/runs/window_3p0/draw_04/attempt_01/results_single.csv,1,1,1,1,single_attempt_outside_55_75MeV,False,,,,,,,window_3p0,4
2021,0.212,0.005416316,0.199813289,0.2241867109999999,90185144.73372865,1.64,0.2031172417599999,0.22088275824,0.01776551648,0.0,1.0,8000,0.000125,True,4566.446241915131,7.755814331700685e-06,0.1957546677308153,0.8568833860811961,1731.9886964180694,2021.2403147661553,True,tilde_q_mu,asymptotic,default,sidak_approx,observed,8.29**2 * RBF(length_scale=0.322),0.0277505225766093,0.3784162169537641,0.1024755959823144,0.3220771230018605,0.0252277477969176,68.70198846216194,1576.7446507284014,377,256,121,416,39,0.04,0.3,0.000625,1.0,1e-08,1e+18,False,False,False,False,12,1.1,15.0,12.766780673192423,5.123505086595644,69.86597845357696,59.464241562320304,study_results/v4p2_followups_20260806/pseudo65/gp_window_ensemble_20260806/runs/window_3p0/draw_04/attempt_01/results_single.csv,1,1,1,1,single_attempt_outside_55_75MeV,False,,,,,,,window_3p0,4
2021,0.213,0.005451437875,0.20073426478125,0.2252657352187499,87692400.078589,1.64,0.204059641885,0.2219403581149999,0.0178807162299999,0.0,1.0,8000,0.000125,True,4144.301202231682,7.204928475623623e-06,0.2690530095750666,0.6156795767976274,1230.7044595186674,2004.1717200562937,True,tilde_q_mu,asymptotic,default,sidak_approx,observed,8.24**2 * RBF(length_scale=0.322),0.0277987290198092,0.3790735775428533,0.1026536100713629,0.321514405132979,0.0252715718361902,67.90904376195178,1575.786830378482,377,257,120,416,39,0.04,0.3,0.000625,1.0,1e-08,1e+18,False,False,False,False,12,1.1,15.0,12.722374659440591,5.0993388638422745,69.53643905239464,58.977908673861386,study_results/v4p2_followups_20260806/pseudo65/gp_window_ensemble_20260806/runs/window_3p0/draw_04/attempt_01/results_single.csv,1,1,1,1,single_attempt_outside_55_75MeV,False,,,,,,,window_3p0,4
2021,0.214,0.0054867315,0.201654854125,0.226345145875,85297275.72952412,1.64,0.20500176034,0.2229982396599999,0.0179964793199999,0.0,1.0,8000,0.000125,True,3788.085527833071,6.738927188918124e-06,0.3462761810201074,0.3953936942026061,785.6503558291932,1986.6572435414228,True,tilde_q_mu,asymptotic,default,sidak_approx,observed,8.32**2 * RBF(length_scale=0.322),0.0278473436110351,0.3797365037868427,0.1028331313468833,0.3224386157431804,0.0253157669191228,69.21120450154582,1574.862192852113,377,259,118,416,39,0.04,0.3,0.000625,1.0,1e-08,1e+18,False,False,False,False,12,1.1,15.0,12.736671844597328,5.075397549713366,69.20996658700044,58.76697551961135,study_results/v4p2_followups_20260806/pseudo65/gp_window_ensemble_20260806/runs/window_3p0/draw_04/attempt_01/results_single.csv,1,1,1,1,single_attempt_outside_55_75MeV,False,,,,,,,window_3p0,4
2021,0.215,0.005522196875,0.20257505703125,0.22742494296875,82936171.06195708,1.64,0.205943597125,0.224056402875,0.01811280575,0.0,1.0,8000,0.000125,True,3254.9850050431087,5.927703509322805e-06,0.4989698127766378,0.0025822992921516,5.095698704463965,1976.639273753304,True,tilde_q_mu,asymptotic,default,sidak_approx,observed,8.34**2 * RBF(length_scale=0.323),0.0278963605717713,0.380404916887791,0.1030141384702921,0.322572994002354,0.0253603277925194,69.54817606394185,1572.1265747516088,376,260,116,416,40,0.04,0.3,0.000625,1.0,1e-08,1e+18,False,False,False,False,12,1.1,15.0,12.71959087601006,5.051678019315698,68.88651844521407,58.41388876638956,study_results/v4p2_followups_20260806/pseudo65/gp_window_ensemble_20260806/runs/window_3p0/draw_04/attempt_01/results_single.csv,1,1,1,1,single_attempt_outside_55_75MeV,False,,,,,,,window_3p0,4
2021,0.216,0.0055578339999999,0.2034948735,0.2285051265,80666190.61149085,1.64,0.20688515224,0.22511484776,0.0182296955199999,0.0,1.0,8000,0.000125,True,2861.095729195003,5.332207135483261e-06,0.5,0.0,-704.9384338358818,1960.3517809914672,True,tilde_q_mu,asymptotic,default,sidak_approx,observed,8.33**2 * RBF(length_scale=0.322),0.0279457742300831,0.3810787395011339,0.1031966104965824,0.3224210545316118,0.0254052493000755,69.38885282133674,1573.1520596182074,376,262,114,416,40,0.04,0.3,0.000625,1.0,1e-08,1e+18,False,False,False,False,12,1.1,15.0,12.691119489650214,5.028177205379499,68.56605280062952,58.011997935097,study_results/v4p2_followups_20260806/pseudo65/gp_window_ensemble_20260806/runs/window_3p0/draw_04/attempt_01/results_single.csv,1,1,1,1,single_attempt_outside_55_75MeV,False,,,,,,,window_3p0,4
2021,0.217,0.005593642875,0.20441430353125,0.22958569646875,78431109.94118327,1.64,0.207826425685,0.226173574315,0.0183471486299999,0.0,1.0,8000,0.000125,True,2644.892956426991,5.046379729401793e-06,0.5,0.0,-1181.7344789395283,1941.1916894170097,True,tilde_q_mu,asymptotic,default,sidak_approx,observed,8.31**2 * RBF(length_scale=0.322),0.0279955790181704,0.3817578957023249,0.1033805268652899,0.3222398285065512,0.0254505263801549,68.99271040304129,1574.63683533877,376,263,113,416,40,0.04,0.3,0.000625,1.0,1e-08,1e+18,False,False,False,False,12,1.1,15.0,12.661420973902418,5.0048920969361115,68.24852859458333,57.608223425695755,study_results/v4p2_followups_20260806/pseudo65/gp_window_ensemble_20260806/runs/window_3p0/draw_04/attempt_01/results_single.csv,1,1,1,1,single_attempt_outside_55_75MeV,False,,,,,,,window_3p0,4
2021,0.218,0.0056296235,0.205333347125,0.230666652875,76236851.52538474,1.64,0.20876741746,0.22723258254,0.01846516508,0.0,1.0,8000,0.000125,True,2479.699740110264,4.845042296252567e-06,0.4999655646006563,8.631674575031098e-05,-1613.3022555614375,1923.172243630032,True,tilde_q_mu,asymptotic,default,sidak_approx,observed,8.32**2 * RBF(length_scale=0.322),0.0280457694699898,0.3824423109544073,0.103565867391711,0.3223547726094356,0.0254961540636271,69.15501583022586,1574.8406062772503,376,265,111,416,40,0.04,0.3,0.000625,1.0,1e-08,1e+18,False,False,False,False,12,1.1,15.0,12.643270502875858,4.981819738032192,67.93390551862079,57.26044958591558,study_results/v4p2_followups_20260806/pseudo65/gp_window_ensemble_20260806/runs/window_3p0/draw_04/attempt_01/results_single.csv,1,1,1,1,single_attempt_outside_55_75MeV,False,,,,,,,window_3p0,4
2021,0.219,0.005665775875,0.20625200428125,0.23174799571875,74103158.47642389,1.64,0.209708127565,0.228291872435,0.0185837448699999,0.0,1.0,8000,0.000125,True,2319.7695859190526,4.641773429614913e-06,0.5,0.0,-2151.7828402260816,1910.5341543883965,True,tilde_q_mu,asymptotic,default,sidak_approx,observed,8.35**2 * RBF(length_scale=0.323),0.0280963402189413,0.3831319120764731,0.1037526122583625,0.3226848940851137,0.0255421274717648,69.78832351200674,1572.043656435201,375,266,109,416,41,0.04,0.3,0.000625,1.0,1e-08,1e+18,False,False,False,False,12,1.1,15.0,12.633438402569263,4.958957226478954,67.62214399744026,56.9533460560887,study_results/v4p2_followups_20260806/pseudo65/gp_window_ensemble_20260806/runs/window_3p0/draw_04/attempt_01/results_single.csv,1,1,1,1,single_attempt_outside_55_75MeV,False,,,,,,,window_3p0,4
2021,0.22,0.0057021,0.207170275,0.232829725,72056230.15568508,1.64,0.210648556,0.229351444,0.018702888,0.0,1.0,8000,0.000125,True,2273.421295693457,4.656993460990065e-06,0.5,0.0,-2272.5184607976207,1898.0341297455675,True,tilde_q_mu,asymptotic,default,sidak_approx,observed,8.28**2 * RBF(length_scale=0.322),0.0281472859956161,0.3838266272129476,0.1039407420066625,0.3219694750849157,0.0255884418141965,68.61287087987,1570.3031627214125,374,267,107,416,42,0.04,0.3,0.000625,1.0,1e-08,1e+18,False,False,False,False,12,1.1,15.0,12.58261356524986,4.936301712635021,67.31320517229574,56.465069901425025,study_results/v4p2_followups_20260806/pseudo65/gp_window_ensemble_20260806/runs/window_3p0/draw_04/attempt_01/results_single.csv,1,1,1,1,single_attempt_outside_55_75MeV,False,,,,,,,window_3p0,4
2021,0.221,0.005738595875,0.20808815928125,0.23391184071875,70072537.02592257,1.64,0.211588702765,0.230411297235,0.01882259447,0.0,1.0,8000,0.000125,True,2196.565568368411,4.606000473890297e-06,0.5,0.0,-2444.7628058774026,1870.839822366421,True,tilde_q_mu,asymptotic,default,sidak_approx,observed,8.31**2 * RBF(length_scale=0.322),0.0281986016256085,0.3845263858037528,0.1041302375288517,0.3222080344899082,0.0256350923869168,69.01937176928074,1575.752164159922,375,269,106,416,41,0.04,0.3,0.000625,1.0,1e-08,1e+18,False,False,False,False,12,1.1,15.0,12.5690217779106,4.913850398222813,67.00705088485654,56.14753878968837,study_results/v4p2_followups_20260806/pseudo65/gp_window_ensemble_20260806/runs/window_3p0/draw_04/attempt_01/results_single.csv,1,1,1,1,single_attempt_outside_55_75MeV,False,,,,,,,window_3p0,4
2021,0.222,0.0057752635,0.209005657125,0.234994342875,68109664.16035153,1.64,0.21252856786,0.23147143214,0.01894286428,0.0,1.0,8000,0.000125,True,2140.7888454520676,4.597609081483361e-06,0.5,0.0,-2615.455470495913,1856.0159845643416,True,tilde_q_mu,asymptotic,default,sidak_approx,observed,8.36**2 * RBF(length_scale=0.323),0.0282502820273846,0.3852311185552448,0.1043210800601226,0.322657944609339,0.0256820745703496,69.91753251489327,1574.1105180991965,374,270,104,416,42,0.04,0.3,0.000625,1.0,1e-08,1e+18,False,False,False,False,12,1.1,15.0,12.563546754196118,4.891600535176381,66.7036436614961,55.868956387762914,study_results/v4p2_followups_20260806/pseudo65/gp_window_ensemble_20260806/runs/window_3p0/draw_04/attempt_01/results_single.csv,1,1,1,1,single_attempt_outside_55_75MeV,False,,,,,,,window_3p0,4
2021,0.223,0.005812102875,0.20992276853125,0.23607723146875,66214738.059975564,1.64,0.213468151285,0.232531848715,0.01906369743,0.0,1.0,8000,0.000125,True,2130.430233529456,4.685195422657072e-06,0.4999655646006563,8.631674575031098e-05,-2533.6855176568943,1837.185270754628,True,tilde_q_mu,asymptotic,default,sidak_approx,observed,8.33**2 * RBF(length_scale=0.322),0.0283023222102076,0.3859407574119222,0.1045132511709582,0.3221758366127492,0.0257293838274614,69.35397496604335,1572.6371195654435,374,272,102,416,42,0.04,0.3,0.000625,1.0,1e-08,1e+18,False,False,False,False,12,1.1,15.0,12.52170820619826,4.869549424520059,66.40294669800079,55.43188817227348,study_results/v4p2_followups_20260806/pseudo65/gp_window_ensemble_20260806/runs/window_3p0/draw_04/attempt_01/results_single.csv,1,1,1,1,single_attempt_outside_55_75MeV,False,,,,,,,window_3p0,4
2021,0.224,0.005849114,0.2108394935,0.2371605065,64362913.74671155,1.64,0.21440745304,0.23359254696,0.01918509392,0.0,1.0,8000,0.000125,True,2149.5188115877663,4.841472365453349e-06,0.5,0.0,-2278.5346405639903,1813.8071189020784,True,tilde_q_mu,asymptotic,default,sidak_approx,observed,8.34**2 * RBF(length_scale=0.322),0.0283547172721207,0.3866552355289188,0.1047067327596833,0.3223935532293547,0.0257770157019279,69.6177701055616,1572.3568639512066,374,273,101,416,42,0.04,0.3,0.000625,1.0,1e-08,1e+18,False,False,False,False,12,1.1,15.0,12.507016209996808,4.847694415277375,66.10492384469147,55.11835693907738,study_results/v4p2_followups_20260806/pseudo65/gp_window_ensemble_20260806/runs/window_3p0/draw_04/attempt_01/results_single.csv,1,1,1,1,single_attempt_outside_55_75MeV,False,,,,,,,window_3p0,4
2021,0.225,0.005886296875,0.21175583203125,0.23824416796875,62544678.25081808,1.64,0.215346473125,0.234653526875,0.01930705375,0.0,1.0,8000,0.000125,True,2220.7242232952494,5.1243840533266406e-06,0.5,0.0,-1845.973659007784,1793.5100450415282,True,tilde_q_mu,asymptotic,default,sidak_approx,observed,8.3**2 * RBF(length_scale=0.322),0.0284074623979809,0.3873744872451945,0.1049015070452041,0.3220923552859516,0.0258249658163463,68.96931128795661,1572.70923955296,374,275,99,416,42,0.04,0.3,0.000625,1.0,1e-08,1e+18,False,False,False,False,12,1.1,15.0,12.472130944006068,4.82603290340855,65.80953959193478,54.71901301035748,study_results/v4p2_followups_20260806/pseudo65/gp_window_ensemble_20260806/runs/window_3p0/draw_04/attempt_01/results_single.csv,1,1,1,1,single_attempt_outside_55_75MeV,False,,,,,,,window_3p0,4
2021,0.226,0.0059236515,0.212671784125,0.239328215875,60771554.15297639,1.64,0.21628521154,0.23571478846,0.01942957692,0.0,1.0,8000,0.000125,True,2260.971745877462,5.345720834008285e-06,0.5,0.0,-1604.524679063198,1778.002393986265,True,tilde_q_mu,asymptotic,default,sidak_approx,observed,8.33**2 * RBF(length_scale=0.322),0.0284605528575465,0.3880984480574534,0.1050975565599455,0.3223505177684827,0.0258732298704968,69.42354792409765,1569.7729062234844,373,276,97,416,43,0.04,0.3,0.000625,1.0,1e-08,1e+18,False,False,False,False,12,1.1,15.0,12.458843344334728,4.804562330776309,65.51675905604058,54.41753583384888,study_results/v4p2_followups_20260806/pseudo65/gp_window_ensemble_20260806/runs/window_3p0/draw_04/attempt_01/results_single.csv,1,1,1,1,single_attempt_outside_55_75MeV,False,,,,,,,window_3p0,4
2021,0.227,0.005961177875,0.21358734978125,0.24041265021875,59077484.03982016,1.64,0.217223668285,0.236776331715,0.01955266343,0.0,1.0,8000,0.000125,True,2290.026127608273,5.545139939893461e-06,0.5,0.0,-1393.5163766392088,1757.1124892393875,True,tilde_q_mu,asymptotic,default,sidak_approx,observed,8.37**2 * RBF(length_scale=0.323),0.0285139840036164,0.3888270545947703,0.1052948641429799,0.3227668240608031,0.0259218036396513,70.09635786259642,1570.847261878453,373,278,95,416,43,0.04,0.3,0.000625,1.0,1e-08,1e+18,False,False,False,False,12,1.1,15.0,12.451557327865954,4.783280184139193,65.22654796553445,54.1448067527767,study_results/v4p2_followups_20260806/pseudo65/gp_window_ensemble_20260806/runs/window_3p0/draw_04/attempt_01/results_single.csv,1,1,1,1,single_attempt_outside_55_75MeV,False,,,,,,,window_3p0,4
2021,0.228,0.005998876,0.214502529,0.241497471,57436780.43420136,1.64,0.21816184336,0.23783815664,0.01967631328,0.0,1.0,8000,0.000125,True,2350.2154695018708,5.827773544924769e-06,0.5,0.0,-1102.5473347160782,1735.7650141149336,True,tilde_q_mu,asymptotic,default,sidak_approx,observed,8.37**2 * RBF(length_scale=0.323),0.0285677512702127,0.3895602445938106,0.1054934129333165,0.3227193815106624,0.0259706829729207,70.05667848187504,1571.1439799180166,373,279,94,416,43,0.04,0.3,0.000625,1.0,1e-08,1e+18,False,False,False,False,12,1.1,15.0,12.426295521267486,4.762183994170372,64.9388726477778,53.79664148928272,study_results/v4p2_followups_20260806/pseudo65/gp_window_ensemble_20260806/runs/window_3p0/draw_04/attempt_01/results_single.csv,1,1,1,1,single_attempt_outside_55_75MeV,False,,,,,,,window_3p0,4
2021,0.229,0.006036745875,0.21541732178125,0.24258267821875,55831675.293223605,1.64,0.219099736765,0.238900263235,0.01980052647,0.0,1.0,8000,0.000125,True,2433.1038305222874,6.1796577434136935e-06,0.5,0.0,-797.879290407842,1717.398503082367,True,tilde_q_mu,asymptotic,default,sidak_approx,observed,8.37**2 * RBF(length_scale=0.323),0.0286218501708174,0.3902979568747833,0.1056931863633896,0.3226481446725766,0.0260198637916522,70.08376447285195,1571.207952131785,373,281,92,416,43,0.04,0.3,0.000625,1.0,1e-08,1e+18,False,False,False,False,12,1.1,15.0,12.400070471394612,4.741271334503118,64.6537000159516,53.44736242894712,study_results/v4p2_followups_20260806/pseudo65/gp_window_ensemble_20260806/runs/window_3p0/draw_04/attempt_01/results_single.csv,1,1,1,1,single_attempt_outside_55_75MeV,False,,,,,,,window_3p0,4
2021,0.23,0.0060747875,0.216331728125,0.243668271875,54262302.35414737,1.64,0.2200373485,0.2399626515,0.019925303,0.0,1.0,8000,0.000125,True,2434.4837892051246,6.334331035211128e-06,0.5,0.0,-742.2143290627893,1703.7561943322455,True,tilde_q_mu,asymptotic,default,sidak_approx,observed,8.45**2 * RBF(length_scale=0.323),0.0286762762966508,0.3910401313179656,0.1058941681527014,0.3233390775070028,0.0260693420878643,71.42297409149465,1569.0398513943355,372,282,90,416,44,0.04,0.3,0.000625,1.0,1e-08,1e+18,False,False,False,False,12,1.1,15.0,12.40303941761236,4.720539820800449,64.37099755636976,53.226401336178874,study_results/v4p2_followups_20260806/pseudo65/gp_window_ensemble_20260806/runs/window_3p0/draw_04/attempt_01/results_single.csv,1,1,1,1,single_attempt_outside_55_75MeV,False,,,,,,,window_3p0,4
2021,0.231,0.006113000875,0.21724574803125,0.24475425196875,52721717.822498925,1.64,0.220974678565,0.241025321435,0.02005064287,0.0,1.0,8000,0.000125,True,2552.3700349615547,6.805531165189737e-06,0.5,0.0,-411.02772693031426,1686.7568791207173,True,tilde_q_mu,asymptotic,default,sidak_approx,observed,8.38**2 * RBF(length_scale=0.323),0.0287310253149946,0.3917867088408355,0.1060963423016291,0.3228190726789123,0.0261191139227223,70.1903158385969,1566.6105070790354,372,284,88,416,44,0.04,0.3,0.000625,1.0,1e-08,1e+18,False,False,False,False,12,1.1,15.0,12.359495564590162,4.699987109848828,64.09073331612038,52.80860894346138,study_results/v4p2_followups_20260806/pseudo65/gp_window_ensemble_20260806/runs/window_3p0/draw_04/attempt_01/results_single.csv,1,1,1,1,single_attempt_outside_55_75MeV,False,,,,,,,window_3p0,4
2021,0.232,0.006151386,0.2181593815,0.2458406185,51251552.38699205,1.64,0.22191172696,0.24208827304,0.02017654608,0.0,1.0,8000,0.000125,True,2559.7467442127277,6.990720069105589e-06,0.5,0.0,-336.6180536044441,1668.6989080313297,True,tilde_q_mu,asymptotic,default,sidak_approx,observed,8.38**2 * RBF(length_scale=0.323),0.0287860929675617,0.3925376313758422,0.1062996930854058,0.3229503120774418,0.0261691754250561,70.29674927136224,1567.4192370665478,372,285,87,416,44,0.04,0.3,0.000625,1.0,1e-08,1e+18,False,False,False,False,12,1.1,15.0,12.34086694868602,4.679610898675804,63.81287589103368,52.50041406561738,study_results/v4p2_followups_20260806/pseudo65/gp_window_ensemble_20260806/runs/window_3p0/draw_04/attempt_01/results_single.csv,1,1,1,1,single_attempt_outside_55_75MeV,False,,,,,,,window_3p0,4
2021,0.233,0.006189942875,0.21907262853125,0.24692737146875,49805482.399550624,1.64,0.222848493685,0.243151506315,0.02030301263,0.0,1.0,8000,0.000125,True,2569.523026929775,7.190173401166838e-06,0.5,0.0,-269.3026646232036,1654.0370837484695,True,tilde_q_mu,asymptotic,default,sidak_approx,observed,8.36**2 * RBF(length_scale=0.323),0.0288414750689017,0.3932928418486603,0.1065042050482311,0.3227882161493522,0.0262195227899106,69.92046491765062,1568.4237345353604,372,287,85,416,44,0.04,0.3,0.000625,1.0,1e-08,1e+18,False,False,False,False,12,1.1,15.0,12.310987455254589,4.659408923689259,63.53739441394444,52.14720437130886,study_results/v4p2_followups_20260806/pseudo65/gp_window_ensemble_20260806/runs/window_3p0/draw_04/attempt_01/results_single.csv,1,1,1,1,single_attempt_outside_55_75MeV,False,,,,,,,window_3p0,4
2021,0.234,0.0062286715,0.219985489125,0.248014510875,48395595.20414742,1.64,0.22378497874,0.24421502126,0.02043004252,0.0,1.0,8000,0.000125,True,2646.534924663079,7.588848076274885e-06,0.5,0.0,-103.06397999273592,1645.6774307705452,True,tilde_q_mu,asymptotic,default,sidak_approx,observed,8.3**2 * RBF(length_scale=0.322),0.0288971675048537,0.394052284157097,0.1067098629975592,0.3220871872501208,0.0262701522771398,68.81796900825115,1564.6172170058571,371,288,83,416,45,0.04,0.3,0.000625,1.0,1e-08,1e+18,False,False,False,False,12,1.1,15.0,12.26057557079332,4.639378959839796,63.26425854326993,51.7104148533312,study_results/v4p2_followups_20260806/pseudo65/gp_window_ensemble_20260806/runs/window_3p0/draw_04/attempt_01/results_single.csv,1,1,1,1,single_attempt_outside_55_75MeV,False,,,,,,,window_3p0,4
2021,0.235,0.006267571875,0.22089796328125,0.2491020367187499,47012739.219878465,1.64,0.2247211821249999,0.245278817875,0.02055763575,0.0,1.0,8000,0.000125,True,2576.5315533756075,7.573069960386593e-06,0.5,0.0,-204.4531897571792,1637.5284592407834,True,tilde_q_mu,asymptotic,default,sidak_approx,observed,8.32**2 * RBF(length_scale=0.322),0.0289531662310341,0.394815903150465,0.1069166519985136,0.3223856816566202,0.026321060210031,69.20927745125344,1561.8670550659112,370,289,81,416,46,0.04,0.3,0.000625,1.0,1e-08,1e+18,False,False,False,False,12,1.1,15.0,12.248202735152685,4.619518819803578,62.993438451866965,51.43709367618862,study_results/v4p2_followups_20260806/pseudo65/gp_window_ensemble_20260806/runs/window_3p0/draw_04/attempt_01/results_single.csv,1,1,1,1,single_attempt_outside_55_75MeV,False,,,,,,,window_3p0,4
2021,0.236,0.006306644,0.2218100509999999,0.2501899489999999,45679826.44124699,1.64,0.2256571038399999,0.24634289616,0.02068579232,0.0,1.0,8000,0.000125,True,2579.016742698475,7.768508324807293e-06,0.5,0.0,-147.49431757305695,1619.9340923491216,True,tilde_q_mu,asymptotic,default,sidak_approx,observed,8.28**2 * RBF(length_scale=0.322),0.0290094672713634,0.3955836446095018,0.1071245573684485,0.3219613468204312,0.0263722429739667,68.57763751266559,1566.235589926076,371,291,80,416,45,0.04,0.3,0.000625,1.0,1e-08,1e+18,False,False,False,False,12,1.1,15.0,12.208341442108418,4.599826353186174,62.7249048161751,51.05113699464109,study_results/v4p2_followups_20260806/pseudo65/gp_window_ensemble_20260806/runs/window_3p0/draw_04/attempt_01/results_single.csv,1,1,1,1,single_attempt_outside_55_75MeV,False,,,,,,,window_3p0,4
2021,0.237,0.006345887875,0.22272175228125,0.25127824771875,44384391.87212218,1.64,0.226592743885,0.2474072561149999,0.0208145122299999,0.0,1.0,8000,0.000125,True,2668.8688270870007,8.238886714115097e-06,0.4949746287885563,0.0125970707247193,19.91341575394634,1614.6501777632775,True,tilde_q_mu,asymptotic,default,sidak_approx,observed,8.23**2 * RBF(length_scale=0.321),0.0290660667166324,0.3963554552268056,0.1073335646716512,0.3213305748892417,0.0264236970151203,67.75907369646713,1564.5207075351873,370,292,78,416,46,0.04,0.3,0.000625,1.0,1e-08,1e+18,False,False,False,False,12,1.1,15.0,12.160697070715257,4.580299445746575,62.458628805635115,50.6360309571719,study_results/v4p2_followups_20260806/pseudo65/gp_window_ensemble_20260806/runs/window_3p0/draw_04/attempt_01/results_single.csv,1,1,1,1,single_attempt_outside_55_75MeV,False,,,,,,,window_3p0,4
2021,0.238,0.0063853035,0.223633067125,0.252366932875,43150069.97440755,1.64,0.2275281022599999,0.24847189774,0.02094379548,0.0,1.0,8000,0.000125,True,2696.0321852047473,8.524845821257865e-06,0.4780690059956847,0.0550005671081782,87.52555523571242,1605.792492881258,True,tilde_q_mu,asymptotic,default,sidak_approx,observed,8.22**2 * RBF(length_scale=0.321),0.0291229607231004,0.3971312825877338,0.1075436597141695,0.3212138487767042,0.0264754188391822,67.63813347809133,1565.4787772303507,370,294,76,416,46,0.04,0.3,0.000625,1.0,1e-08,1e+18,False,False,False,False,12,1.1,15.0,12.13253133889328,4.560936018640379,62.1945820723688,50.305181073492314,study_results/v4p2_followups_20260806/pseudo65/gp_window_ensemble_20260806/runs/window_3p0/draw_04/attempt_01/results_single.csv,1,1,1,1,single_attempt_outside_55_75MeV,False,,,,,,,window_3p0,4
2021,0.239,0.006424890875,0.2245439955312499,0.25345600446875,41910564.95451811,1.64,0.2284631789649999,0.249536821035,0.02107364207,0.0,1.0,8000,0.000125,True,2661.3382005875883,8.627770291144535e-06,0.4895939389041821,0.0260870855352418,41.55340222428875,1602.0842797449782,True,tilde_q_mu,asymptotic,default,sidak_approx,observed,8.24**2 * RBF(length_scale=0.322),0.0291801455111333,0.3979110751518178,0.1077548285387784,0.3215004449089561,0.0265274050101211,67.97949702141956,1561.9971114541504,369,295,74,416,47,0.04,0.3,0.000625,1.0,1e-08,1e+18,False,False,False,False,12,1.1,15.0,12.1195588029169,4.541734027682346,61.9327367411229,50.039829650640726,study_results/v4p2_followups_20260806/pseudo65/gp_window_ensemble_20260806/runs/window_3p0/draw_04/attempt_01/results_single.csv,1,1,1,1,single_attempt_outside_55_75MeV,False,,,,,,,window_3p0,4
2021,0.24,0.00646465,0.2254545375,0.2545454625,40722504.22475857,1.64,0.229397974,0.250602026,0.0212040519999999,0.0,1.0,8000,0.000125,True,2645.7710045871954,8.790760659602516e-06,0.4858998435217173,0.0353512126420555,55.36164861682228,1587.9418097786722,True,tilde_q_mu,asymptotic,default,sidak_approx,observed,8.23**2 * RBF(length_scale=0.321),0.0292376173638717,0.3986947822346143,0.1079670574200659,0.3213683483019956,0.0265796521489742,67.7375796332442,1566.5018965835857,370,297,73,416,46,0.04,0.3,0.000625,1.0,1e-08,1e+18,False,False,False,False,12,1.1,15.0,12.0907657670154,4.522691462627012,61.673065399459254,49.71163919191226,study_results/v4p2_followups_20260806/pseudo65/gp_window_ensemble_20260806/runs/window_3p0/draw_04/attempt_01/results_single.csv,1,1,1,1,single_attempt_outside_55_75MeV,False,,,,,,,window_3p0,4
2021,0.241,0.006504580875,0.2263646930312499,0.25563530696875,39555789.66735767,1.64,0.230332487365,0.251667512635,0.0213350252699999,0.0,1.0,8000,0.000125,True,2719.90040581899,9.265008506322464e-06,0.4551085878663851,0.1127646109202528,178.4675586482351,1585.266225035639,True,tilde_q_mu,asymptotic,default,sidak_approx,observed,8.25**2 * RBF(length_scale=0.322),0.0292953726259335,0.3994823539900027,0.1081803328596386,0.3215037436761778,0.0266321569326668,68.0207783958507,1563.444692162771,369,298,71,416,47,0.04,0.3,0.000625,1.0,1e-08,1e+18,False,False,False,False,12,1.1,15.0,12.072012961211682,4.503806346467102,61.41554108818776,49.42728053576208,study_results/v4p2_followups_20260806/pseudo65/gp_window_ensemble_20260806/runs/window_3p0/draw_04/attempt_01/results_single.csv,1,1,1,1,single_attempt_outside_55_75MeV,False,,,,,,,window_3p0,4
2021,0.242,0.0065446835,0.227274462125,0.256725537875,38433549.77614895,1.64,0.23126671906,0.2527332809399999,0.0214665618799999,0.0,1.0,8000,0.000125,True,2851.4195758069595,9.955319086809144e-06,0.4015177790715618,0.2494204628645198,394.1354743051636,1578.5815053631172,True,tilde_q_mu,asymptotic,default,sidak_approx,observed,8.22**2 * RBF(length_scale=0.321),0.0293534077021493,0.4002737413929458,0.1083946415814538,0.3210848116656286,0.026684916092863,67.53063828260511,1564.9553500292322,369,300,69,416,47,0.04,0.3,0.000625,1.0,1e-08,1e+18,False,False,False,False,12,1.1,15.0,12.032445991145668,4.4850767347495655,61.16013729203953,49.06040325183464,study_results/v4p2_followups_20260806/pseudo65/gp_window_ensemble_20260806/runs/window_3p0/draw_04/attempt_01/results_single.csv,1,1,1,1,single_attempt_outside_55_75MeV,False,,,,,,,window_3p0,4
2021,0.243,0.006584957875,0.22818384478125,0.25781615521875,37332878.58161166,1.64,0.232200669085,0.253799330915,0.02159866183,0.0,1.0,8000,0.000125,True,2901.8475087948796,1.0387158466563968e-05,0.3819295946035489,0.3004168805279458,474.3136921864453,1576.2056653366776,True,tilde_q_mu,asymptotic,default,sidak_approx,observed,8.24**2 * RBF(length_scale=0.321),0.0294117190563266,0.4010688962226361,0.108609970527255,0.3212975043086981,0.0267379264148424,67.82923745032063,1561.2880072579587,368,301,67,416,48,0.04,0.3,0.000625,1.0,1e-08,1e+18,False,False,False,False,12,1.1,15.0,12.016545311843768,4.466500714908013,60.90682793056381,48.7926438418861,study_results/v4p2_followups_20260806/pseudo65/gp_window_ensemble_20260806/runs/window_3p0/draw_04/attempt_01/results_single.csv,1,1,1,1,single_attempt_outside_55_75MeV,False,,,,,,,window_3p0,4
2021,0.244,0.006625404,0.229092841,0.258907159,36240747.78783116,1.64,0.23313433744,0.25486566256,0.0217313251199999,0.0,1.0,8000,0.000125,True,3040.541808173085,1.1165647804361529e-05,0.3254535913679762,0.4525022749422118,705.5104747747982,1561.1845864582551,True,tilde_q_mu,asymptotic,default,sidak_approx,observed,8.29**2 * RBF(length_scale=0.322),0.029470303210048,0.4018677710461094,0.1088263068521347,0.3216942716853923,0.0267911847364072,68.65399432343659,1566.3879213232858,369,303,66,416,47,0.04,0.3,0.000625,1.0,1e-08,1e+18,False,False,False,False,12,1.1,15.0,12.007467189318914,4.448076405612099,60.65558734925589,48.554664996337166,study_results/v4p2_followups_20260806/pseudo65/gp_window_ensemble_20260806/runs/window_3p0/draw_04/attempt_01/results_single.csv,1,1,1,1,single_attempt_outside_55_75MeV,False,,,,,,,window_3p0,4
2021,0.245,0.006666021875,0.23000145078125,0.25999854921875,35231160.94273463,1.64,0.234067724125,0.255932275875,0.02186455175,0.0,1.0,8000,0.000125,True,3231.4008796684757,1.2156756621497216e-05,0.2667732541197267,0.6226013737360008,968.8798436997776,1557.9764302751948,True,tilde_q_mu,asymptotic,default,sidak_approx,observed,8.3**2 * RBF(length_scale=0.322),0.0295291567414944,0.4026703192021974,0.1090436379201891,0.321768345622642,0.0268446879468131,68.95889873962152,1565.7420963813092,368,304,64,416,48,0.04,0.3,0.000625,1.0,1e-08,1e+18,False,False,False,False,12,1.1,15.0,11.986294877413185,4.429801956132116,60.40639031089249,48.2699204497648,study_results/v4p2_followups_20260806/pseudo65/gp_window_ensemble_20260806/runs/window_3p0/draw_04/attempt_01/results_single.csv,1,1,1,1,single_attempt_outside_55_75MeV,False,,,,,,,window_3p0,4
2021,0.246,0.0067068115,0.230909674125,0.261090325875,34231611.46534635,1.64,0.23500082914,0.25699917086,0.02199834172,0.0,1.0,8000,0.000125,True,3386.0257732693117,1.3057130065318186e-05,0.2243277443401424,0.7576584339838064,1176.327535582001,1553.73087062324,True,tilde_q_mu,asymptotic,default,sidak_approx,observed,8.32**2 * RBF(length_scale=0.322),0.0295882762843003,0.4034764947859137,0.1092619513002888,0.3219026809277684,0.0268984329857275,69.2590824143385,1562.2812391435014,367,305,62,416,49,0.04,0.3,0.000625,1.0,1e-08,1e+18,False,False,False,False,12,1.1,15.0,11.967339550916268,4.411675545719503,60.159211987084134,47.9963811309992,study_results/v4p2_followups_20260806/pseudo65/gp_window_ensemble_20260806/runs/window_3p0/draw_04/attempt_01/results_single.csv,1,1,1,1,single_attempt_outside_55_75MeV,False,,,,,,,window_3p0,4
2021,0.247,0.006747772875,0.23181751103125,0.26218248896875,33240766.184267055,1.64,0.235933652485,0.258066347515,0.02213269503,0.0,1.0,8000,0.000125,True,3618.809838630331,1.4312572699882468e-05,0.1652708107373345,0.9730235023095748,1493.3060041904716,1536.6531423494089,True,tilde_q_mu,asymptotic,default,sidak_approx,observed,8.33**2 * RBF(length_scale=0.322),0.0296476585264336,0.4042862526331858,0.1094812347619452,0.3217228056047587,0.0269524168422123,69.38180067420205,1566.9254979275338,368,307,61,416,48,0.04,0.3,0.000625,1.0,1e-08,1e+18,False,False,False,False,12,1.1,15.0,11.936695973805296,4.393695383001999,59.91402795002726,47.6783690803699,study_results/v4p2_followups_20260806/pseudo65/gp_window_ensemble_20260806/runs/window_3p0/draw_04/attempt_01/results_single.csv,1,1,1,1,single_attempt_outside_55_75MeV,False,,,,,,,window_3p0,4
2021,0.248,0.006788906,0.2327249615,0.2632750385,32306957.309929177,1.64,0.23686619416,0.25913380584,0.02226761168,0.0,1.0,8000,0.000125,True,3767.7073482814976,1.5270362457432738e-05,0.1358857411126701,1.0989921677233745,1680.2626491521485,1530.3084908610365,True,tilde_q_mu,asymptotic,default,sidak_approx,observed,8.37**2 * RBF(length_scale=0.322),0.0297073002091074,0.4050995483060104,0.1097014762712903,0.3220155226837458,0.027006636553734,69.97858140944356,1563.2979051359025,367,308,59,416,49,0.04,0.3,0.000625,1.0,1e-08,1e+18,False,False,False,False,12,1.1,15.0,11.923570047052856,4.375859705393982,59.67081416446339,47.432608830310194,study_results/v4p2_followups_20260806/pseudo65/gp_window_ensemble_20260806/runs/window_3p0/draw_04/attempt_01/results_single.csv,1,1,1,1,single_attempt_outside_55_75MeV,False,,,,,,,window_3p0,4
2021,0.249,0.006830210875,0.23363202553125,0.26436797446875,31367919.80580777,1.64,0.237798454165,0.260201545835,0.0224030916699999,0.0,1.0,8000,0.000125,True,3845.009161719051,1.5985721220790528e-05,0.1189741764127721,1.18013040647136,1790.793040764648,1518.2345619882935,True,tilde_q_mu,asymptotic,default,sidak_approx,observed,8.38**2 * RBF(length_scale=0.322),0.029767198125712,0.4059163380778918,0.1099226639871329,0.3222472028088172,0.0270610892051927,70.16926424132666,1561.7647887540988,367,310,57,416,49,0.04,0.3,0.000625,1.0,1e-08,1e+18,False,False,False,False,12,1.1,15.0,11.9081386697096,4.358166778520153,59.429546979820266,47.1796857675814,study_results/v4p2_followups_20260806/pseudo65/gp_window_ensemble_20260806/runs/window_3p0/draw_04/attempt_01/results_single.csv,1,1,1,1,single_attempt_outside_55_75MeV,False,,,,,,,window_3p0,4
2021,0.25,0.0068716875,0.234538703125,0.265461296875,30463229.35640608,1.64,0.2387304325,0.2612695675,0.022539135,0.0,1.0,8000,0.000125,True,3860.3822546877336,1.6460168765465936e-05,0.113755063599601,1.2067975308699317,1822.2748908809428,1509.7750044012953,True,tilde_q_mu,asymptotic,default,sidak_approx,observed,8.33**2 * RBF(length_scale=0.322),0.0298273491207752,0.4067365789196631,0.1101447862571196,0.3220317829617589,0.0271157719279775,69.43323991335522,1560.519289673592,366,311,55,416,50,0.04,0.3,0.000625,1.0,1e-08,1e+18,False,False,False,False,12,1.1,15.0,11.876179804768627,4.3406148956534025,59.19020312254639,46.86356633094257,study_results/v4p2_followups_20260806/pseudo65/gp_window_ensemble_20260806/runs/window_3p0/draw_04/attempt_01/results_single.csv,1,1,1,1,single_attempt_outside_55_75MeV,False,,,,,,,window_3p0,4
2021,0.05,0.0019941875,0.045513078125,0.054486921875,432274745.5035101,1.64,0.0467295325,0.0532704675,0.0065409349999999,0.0,1.0,8000,0.000125,True,19958.58699926965,2.998609036204982e-05,0.0018590227776643,2.9011426702046155,13818.362398515212,4770.738293690767,True,tilde_q_mu,asymptotic,default,sidak_approx,observed,7.31**2 * RBF(length_scale=0.322),0.0430198208653474,0.586633920891102,0.1588612167593829,0.322033261473711,0.0391089280594068,53.36779369550516,1680.9377138267712,402,9,393,416,14,0.04,0.3,0.000625,1.0,1e-08,1e+18,False,False,False,False,12,1.1,15.0,8.234264590032733,21.57260581833327,294.1718975227264,161.4859492769416,study_results/v4p2_followups_20260806/pseudo65/gp_window_ensemble_20260806/runs/window_3p0/draw_05/attempt_01/results_single.csv,1,1,1,1,single_attempt_outside_55_75MeV,False,,,,,,,window_3p0,5
2021,0.051,0.002001485875,0.04649665678125,0.0555033432187499,505722115.71658146,1.64,0.047717563165,0.0542824368349999,0.0065648736699999,0.0,1.0,8000,0.000125,True,16994.066849276664,2.1396124784776397e-05,0.0156711746183197,2.1526989098598626,10599.044294207128,4943.403939418845,True,tilde_q_mu,asymptotic,default,sidak_approx,observed,7.29**2 * RBF(length_scale=0.323),0.0423437473933882,0.5774147371825666,0.1563646500091317,0.3233968730498012,0.0384943158121711,53.128551061610445,1674.986270912301,401,10,391,416,15,0.04,0.3,0.000625,1.0,1e-08,1e+18,False,False,False,False,12,1.1,15.0,8.401159138086298,21.15615599504954,288.4930362961301,161.5783938768997,study_results/v4p2_followups_20260806/pseudo65/gp_window_ensemble_20260806/runs/window_3p0/draw_05/attempt_01/results_single.csv,1,1,1,1,single_attempt_outside_55_75MeV,False,,,,,,,window_3p0,5
2021,0.052,0.002008956,0.047479849,0.056520151,582496150.2912881,1.64,0.04870531216,0.0552946878399999,0.0065893756799999,0.0,1.0,8000,0.000125,True,8889.58832811186,9.53026920435898e-06,0.4075274851184538,0.2339098447066055,1158.5945019454855,4965.3002642027795,True,tilde_q_mu,asymptotic,default,sidak_approx,observed,7.6**2 * RBF(length_scale=0.317),0.0416967826910809,0.5685924912420126,0.1539755745145915,0.3173803552248015,0.0379061660828008,57.7758967446195,1672.3608535380088,402,12,390,416,14,0.04,0.3,0.000625,1.0,1e-08,1e+18,False,False,False,False,12,1.1,15.0,8.372789654631058,20.75544844739304,283.02884246445046,157.98273094323696,study_results/v4p2_followups_20260806/pseudo65/gp_window_ensemble_20260806/runs/window_3p0/draw_05/attempt_01/results_single.csv,1,1,1,1,single_attempt_outside_55_75MeV,False,,,,,,,window_3p0,5
2021,0.053,0.002016597875,0.0484626547812499,0.05753734521875,661992830.0519445,1.64,0.049692779485,0.056307220515,0.00661444103,0.0,1.0,8000,0.000125,True,6765.7377104084335,6.261897062634591e-06,0.5,0.0,-3684.576475264312,5119.406656855063,True,tilde_q_mu,asymptotic,default,sidak_approx,observed,7.71**2 * RBF(length_scale=0.317),0.0410773062694674,0.5601450854927381,0.1516880062237032,0.3166801539096416,0.0373430056995158,59.47786486318906,1668.5890514570567,402,14,388,416,14,0.04,0.3,0.000625,1.0,1e-08,1e+18,False,False,False,False,12,1.1,15.0,8.480307034142868,20.369607039017364,277.76736871387317,157.03683805064094,study_results/v4p2_followups_20260806/pseudo65/gp_window_ensemble_20260806/runs/window_3p0/draw_05/attempt_01/results_single.csv,1,1,1,1,single_attempt_outside_55_75MeV,False,,,,,,,window_3p0,5
2021,0.054,0.0020244115,0.049445074125,0.058554925875,743432117.467634,1.64,0.05067996514,0.05732003486,0.00664006972,0.0,1.0,8000,0.000125,True,6284.682640179046,5.083562819867454e-06,0.5,0.0,-8334.488938987548,5537.365366588968,True,tilde_q_mu,asymptotic,default,sidak_approx,observed,7.57**2 * RBF(length_scale=0.314),0.0404838157112043,0.552052032425514,0.1494963970927404,0.3144493827455767,0.0368034688283676,57.27705088985989,1662.2927136753,401,15,386,416,15,0.04,0.3,0.000625,1.0,1e-08,1e+18,False,False,False,False,12,1.1,15.0,8.544014810451877,19.99781947059892,272.6975382354398,155.32878703049096,study_results/v4p2_followups_20260806/pseudo65/gp_window_ensemble_20260806/runs/window_3p0/draw_05/attempt_01/results_single.csv,1,1,1,1,single_attempt_outside_55_75MeV,False,,,,,,,window_3p0,5
2021,0.055,0.002032396875,0.05042710703125,0.05957289296875,825863093.242175,1.64,0.051666869125,0.058333130875,0.0066662617499999,0.0,1.0,8000,0.000125,True,6239.219274991807,4.460457678643992e-06,0.5,0.0,-9067.161243890136,5619.2968587831,True,tilde_q_mu,asymptotic,default,sidak_approx,observed,7.5**2 * RBF(length_scale=0.316),0.0399149161083646,0.5442943105686093,0.1473955960828078,0.3159166166757182,0.0362862873712406,56.31579557091259,1668.3869425853438,402,17,385,416,14,0.04,0.3,0.000625,1.0,1e-08,1e+18,False,False,False,False,12,1.1,15.0,8.706225948210504,19.639331569216612,267.8090668529538,155.44041646674853,study_results/v4p2_followups_20260806/pseudo65/gp_window_ensemble_20260806/central_repeat/window_3p0/draw_05/attempt_02/results_single.csv,2,2,1,2,stable_reproduced,False,attempt_02_55_75MeV,False,1668.3869422462706,1668.3869425853438,study_results/v4p2_followups_20260806/pseudo65/gp_window_ensemble_20260806/runs/window_3p0/draw_05/attempt_01/results_single.csv|study_results/v4p2_followups_20260806/pseudo65/gp_window_ensemble_20260806/central_repeat/window_3p0/draw_05/attempt_02/results_single.csv,1668.38694225|1668.38694259,window_3p0,5
2021,0.056,0.002040554,0.0514087535,0.0605912465,908301575.9894192,1.64,0.05265349144,0.05934650856,0.00669301712,0.0,1.0,8000,0.000125,True,6946.245539009049,4.43457452899916e-06,0.5,0.0,-7238.251869756176,5862.00130591923,True,tilde_q_mu,asymptotic,default,sidak_approx,observed,7.51**2 * RBF(length_scale=0.317),0.0393693106142212,0.5368542356484718,0.1453808142699889,0.3174856324455801,0.0357902823765647,56.4331722703736,1662.799855828904,401,18,383,416,15,0.04,0.3,0.000625,1.0,1e-08,1e+18,False,False,False,False,12,1.1,15.0,8.870721641846208,19.293442180026243,263.0923933639942,155.58795917460657,study_results/v4p2_followups_20260806/pseudo65/gp_window_ensemble_20260806/central_repeat/window_3p0/draw_05/attempt_02/results_single.csv,2,2,1,2,stable_reproduced,False,attempt_02_55_75MeV,False,1662.799855672751,1662.799855828904,study_results/v4p2_followups_20260806/pseudo65/gp_window_ensemble_20260806/runs/window_3p0/draw_05/attempt_01/results_single.csv|study_results/v4p2_followups_20260806/pseudo65/gp_window_ensemble_20260806/central_repeat/window_3p0/draw_05/attempt_02/results_single.csv,1662.79985567|1662.79985583,window_3p0,5
2021,0.057,0.002048882875,0.05239001353125,0.06160998646875,990549309.8998244,1.64,0.053639832085,0.060360167915,0.0067203358299999,0.0,1.0,8000,0.000125,True,7817.011790270059,4.495828474699343e-06,0.4999311292015692,0.0001726334915006,-4108.909501407966,5881.201257781921,True,tilde_q_mu,asymptotic,default,sidak_approx,observed,7.87**2 * RBF(length_scale=0.32),0.0388457919743114,0.5297153451042469,0.1434475935717297,0.3203117599730208,0.0353143563402831,62.01067814399014,1660.1186112108555,401,20,381,416,15,0.04,0.3,0.000625,1.0,1e-08,1e+18,False,False,False,False,12,1.1,15.0,9.070298687778738,18.959498587400432,258.53861710091496,156.33483196203727,study_results/v4p2_followups_20260806/pseudo65/gp_window_ensemble_20260806/central_repeat/window_3p0/draw_05/attempt_02/results_single.csv,2,2,1,2,stable_reproduced,False,attempt_02_55_75MeV,False,1660.118610663567,1660.1186112108555,study_results/v4p2_followups_20260806/pseudo65/gp_window_ensemble_20260806/runs/window_3p0/draw_05/attempt_01/results_single.csv|study_results/v4p2_followups_20260806/pseudo65/gp_window_ensemble_20260806/central_repeat/window_3p0/draw_05/attempt_02/results_single.csv,1660.11861066|1660.11861121,window_3p0,5
2021,0.058,0.0020573835,0.053370887125,0.062629112875,1071469978.245291,1.64,0.05462589106,0.06137410894,0.00674821788,0.0,1.0,8000,0.000125,True,9702.781974534666,5.070002742467043e-06,0.5,0.0,-211.1162242821849,5993.853320018902,True,tilde_q_mu,asymptotic,default,sidak_approx,observed,7.87**2 * RBF(length_scale=0.317),0.0383432349203511,0.5228622943684247,0.1415917786595051,0.3169525075032322,0.0348574862912283,61.90790742371993,1658.091536308338,401,21,380,416,15,0.04,0.3,0.000625,1.0,1e-08,1e+18,False,False,False,False,12,1.1,15.0,9.0928102174422,18.63689240258374,254.13944185341464,154.05611423598577,study_results/v4p2_followups_20260806/pseudo65/gp_window_ensemble_20260806/central_repeat/window_3p0/draw_05/attempt_02/results_single.csv,2,2,1,2,stable_reproduced,False,attempt_02_55_75MeV,False,1658.0915357794722,1658.091536308338,study_results/v4p2_followups_20260806/pseudo65/gp_window_ensemble_20260806/runs/window_3p0/draw_05/attempt_01/results_single.csv|study_results/v4p2_followups_20260806/pseudo65/gp_window_ensemble_20260806/central_repeat/window_3p0/draw_05/attempt_02/results_single.csv,1658.09153578|1658.09153631,window_3p0,5
2021,0.059,0.002066055875,0.0543513742812499,0.0636486257187499,1150677928.0281105,1.64,0.055611668365,0.0623883316349999,0.0067766632699999,0.0,1.0,8000,0.000125,True,10049.78233161041,4.806963043306807e-06,0.4908298649455529,0.0229881443483073,138.22564861493186,6065.398299818484,True,tilde_q_mu,asymptotic,default,sidak_approx,observed,7.92**2 * RBF(length_scale=0.317),0.0378605893261601,0.516280763538548,0.139809491685398,0.3173247640943698,0.0344187175692365,62.692992948922054,1656.796930054177,401,23,378,416,15,0.04,0.3,0.000625,1.0,1e-08,1e+18,False,False,False,False,12,1.1,15.0,9.219540601884448,18.325055863341635,249.88712540920412,153.58963323988988,study_results/v4p2_followups_20260806/pseudo65/gp_window_ensemble_20260806/runs/window_3p0/draw_05/attempt_01/results_single.csv,2,2,1,2,stable_reproduced,False,attempt_01_full,False,1656.796930054177,1656.7969299397976,study_results/v4p2_followups_20260806/pseudo65/gp_window_ensemble_20260806/runs/window_3p0/draw_05/attempt_01/results_single.csv|study_results/v4p2_followups_20260806/pseudo65/gp_window_ensemble_20260806/central_repeat/window_3p0/draw_05/attempt_02/results_single.csv,1656.79693005|1656.79692994,window_3p0,5
2021,0.06,0.0020749,0.055331475,0.064668525,1227314114.490384,1.64,0.056597164,0.063402836,0.006805672,0.0,1.0,8000,0.000125,True,10633.356566062328,4.689033334105477e-06,0.4362380735995859,0.1605140596809361,973.706157903289,6099.285811350608,True,tilde_q_mu,asymptotic,default,sidak_approx,observed,7.79**2 * RBF(length_scale=0.315),0.0373968740379758,0.5099573732451246,0.1380971094990222,0.3150843932690545,0.0339971582163416,60.74645574179985,1660.9996538789649,402,25,377,416,14,0.04,0.3,0.000625,1.0,1e-08,1e+18,False,False,False,False,12,1.1,15.0,9.267962670997626,18.023458498229218,245.77443406676204,151.85521869442118,study_results/v4p2_followups_20260806/pseudo65/gp_window_ensemble_20260806/central_repeat/window_3p0/draw_05/attempt_02/results_single.csv,2,2,1,2,stable_reproduced,False,attempt_02_55_75MeV,False,1660.999653394607,1660.9996538789649,study_results/v4p2_followups_20260806/pseudo65/gp_window_ensemble_20260806/runs/window_3p0/draw_05/attempt_01/results_single.csv|study_results/v4p2_followups_20260806/pseudo65/gp_window_ensemble_20260806/central_repeat/window_3p0/draw_05/attempt_02/results_single.csv,1660.99965339|1660.99965388,window_3p0,5
2021,0.061,0.002083915875,0.05631118928125,0.06568881071875,1300687890.3025212,1.64,0.057582377965,0.064417622035,0.0068352440699999,0.0,1.0,8000,0.000125,True,11864.220229828228,4.855748557859813e-06,0.3664906337233992,0.3411624797613203,2101.004277360061,6357.389016680078,True,tilde_q_mu,asymptotic,default,sidak_approx,observed,7.66**2 * RBF(length_scale=0.314),0.0369511713028735,0.5038796086755482,0.136451243073103,0.3140740653350243,0.0335919739117032,58.644575042872496,1655.1350368380806,401,26,375,416,15,0.04,0.3,0.000625,1.0,1e-08,1e+18,False,False,False,False,12,1.1,15.0,9.349675793407398,17.731604114236877,241.7946015577755,150.71340887742136,study_results/v4p2_followups_20260806/pseudo65/gp_window_ensemble_20260806/runs/window_3p0/draw_05/attempt_01/results_single.csv,2,2,1,2,stable_reproduced,False,attempt_01_full,False,1655.1350368380806,1655.1350365331562,study_results/v4p2_followups_20260806/pseudo65/gp_window_ensemble_20260806/runs/window_3p0/draw_05/attempt_01/results_single.csv|study_results/v4p2_followups_20260806/pseudo65/gp_window_ensemble_20260806/central_repeat/window_3p0/draw_05/attempt_02/results_single.csv,1655.13503684|1655.13503653,window_3p0,5
2021,0.062,0.0020931035,0.057290517125,0.066709482875,1370397758.130275,1.64,0.05856731026,0.06543268974,0.0068653794799999,0.0,1.0,8000,0.000125,True,12789.019714548403,4.887861032425111e-06,0.2902916682284225,0.5525328467603668,3344.5272385277954,6402.923370871478,True,tilde_q_mu,asymptotic,default,sidak_approx,observed,7.86**2 * RBF(length_scale=0.317),0.0365226217287332,0.4980357508463617,0.1348687188919183,0.3174286018788911,0.0332023833897574,61.79649966770885,1656.3220409748285,401,28,373,416,15,0.04,0.3,0.000625,1.0,1e-08,1e+18,False,False,False,False,12,1.1,15.0,9.560416134969822,17.449028071824063,237.9412918885099,151.6545177430983,study_results/v4p2_followups_20260806/pseudo65/gp_window_ensemble_20260806/runs/window_3p0/draw_05/attempt_01/results_single.csv,2,2,1,2,stable_reproduced,False,attempt_01_full,False,1656.3220409748285,1656.322040813585,study_results/v4p2_followups_20260806/pseudo65/gp_window_ensemble_20260806/runs/window_3p0/draw_05/attempt_01/results_single.csv|study_results/v4p2_followups_20260806/pseudo65/gp_window_ensemble_20260806/central_repeat/window_3p0/draw_05/attempt_02/results_single.csv,1656.32204097|1656.32204081,window_3p0,5
2021,0.063,0.002102462875,0.05826945853125,0.06773054146875,1436405412.6060505,1.64,0.059551960885,0.066448039115,0.0068960782299999,0.0,1.0,8000,0.000125,True,14026.556705210183,5.0333068956977526e-06,0.235226227189161,0.7217430737318009,4700.839841816918,6504.8039753378935,True,tilde_q_mu,asymptotic,default,sidak_approx,observed,7.82**2 * RBF(length_scale=0.316),0.0361104197174945,0.4924148143294715,0.133346562087477,0.3162281242136074,0.0328276542886314,61.170514340734094,1656.5495244553242,401,29,372,416,15,0.04,0.3,0.000625,1.0,1e-08,1e+18,False,False,False,False,12,1.1,15.0,9.632979604123609,17.17529481584524,234.20856567061688,150.40842241440646,study_results/v4p2_followups_20260806/pseudo65/gp_window_ensemble_20260806/runs/window_3p0/draw_05/attempt_01/results_single.csv,2,2,1,2,stable_reproduced,False,attempt_01_full,False,1656.5495244553242,1656.5495242149093,study_results/v4p2_followups_20260806/pseudo65/gp_window_ensemble_20260806/runs/window_3p0/draw_05/attempt_01/results_single.csv|study_results/v4p2_followups_20260806/pseudo65/gp_window_ensemble_20260806/central_repeat/window_3p0/draw_05/attempt_02/results_single.csv,1656.54952446|1656.54952421,window_3p0,5
2021,0.064,0.002111994,0.0592480135,0.0687519865,1496879923.2041411,1.64,0.06053632984,0.06746367016,0.00692734032,0.0,1.0,8000,0.000125,True,15067.57044571086,5.107356993641119e-06,0.1772736121138744,0.9258052001945524,6032.26849681714,6513.256254021321,True,tilde_q_mu,asymptotic,default,sidak_approx,observed,7.9**2 * RBF(length_scale=0.318),0.0357138093206567,0.4870064907362281,0.1318819811349368,0.3179492353839101,0.0324670993824152,62.41487238113214,1655.1646397177683,401,31,370,416,15,0.04,0.3,0.000625,1.0,1e-08,1e+18,False,False,False,False,12,1.1,15.0,9.792967078423931,16.909995634768247,230.59084956502153,150.54457322507076,study_results/v4p2_followups_20260806/pseudo65/gp_window_ensemble_20260806/runs/window_3p0/draw_05/attempt_01/results_single.csv,2,2,1,2,stable_reproduced,False,attempt_01_full,False,1655.1646397177683,1655.1646385535355,study_results/v4p2_followups_20260806/pseudo65/gp_window_ensemble_20260806/runs/window_3p0/draw_05/attempt_01/results_single.csv|study_results/v4p2_followups_20260806/pseudo65/gp_window_ensemble_20260806/central_repeat/window_3p0/draw_05/attempt_02/results_single.csv,1655.16463972|1655.16463855,window_3p0,5
2021,0.065,0.002121696875,0.06022618203125,0.06977381796875,1553170370.5224998,1.64,0.061520417125,0.068479582875,0.0069591657499999,0.0,1.0,8000,0.000125,True,15469.30641712471,4.97574723651126e-06,0.1693466380285498,0.9567503536374228,6335.301716052929,6588.342067013234,True,tilde_q_mu,asymptotic,default,sidak_approx,observed,8.06**2 * RBF(length_scale=0.321),0.0353320804721528,0.4818010973475384,0.1304723539415717,0.320519744435131,0.0321200731565025,64.9772260711736,1649.917477655922,400,32,368,416,16,0.04,0.3,0.000625,1.0,1e-08,1e+18,False,False,False,False,12,1.1,15.0,9.978798705514258,16.652746623927047,227.08290850809607,151.06764223100012,study_results/v4p2_followups_20260806/pseudo65/gp_window_ensemble_20260806/central_repeat/window_3p0/draw_05/attempt_02/results_single.csv,2,2,1,2,stable_reproduced,False,attempt_02_55_75MeV,False,1649.9174773427997,1649.917477655922,study_results/v4p2_followups_20260806/pseudo65/gp_window_ensemble_20260806/runs/window_3p0/draw_05/attempt_01/results_single.csv|study_results/v4p2_followups_20260806/pseudo65/gp_window_ensemble_20260806/central_repeat/window_3p0/draw_05/attempt_02/results_single.csv,1649.91747734|1649.91747766,window_3p0,5
2021,0.066,0.0021315715,0.061203964125,0.070796035875,1603802582.778056,1.64,0.06250422274,0.06949577726,0.0069915545199999,0.0,1.0,8000,0.000125,True,14129.541442947557,4.334641110087814e-06,0.2267741794939615,0.7495125139959136,4893.073761810573,6517.809016442626,True,tilde_q_mu,asymptotic,default,sidak_approx,observed,8.15**2 * RBF(length_scale=0.32),0.0349645655591176,0.4767895303516045,0.1291152151834926,0.3201993543472993,0.0317859686901069,66.50393807318358,1655.2213342147013,401,34,367,416,15,0.04,0.3,0.000625,1.0,1e-08,1e+18,False,False,False,False,12,1.1,15.0,10.073606926032046,16.403186831461046,223.67982042901423,150.21750588582145,study_results/v4p2_followups_20260806/pseudo65/gp_window_ensemble_20260806/runs/window_3p0/draw_05/attempt_01/results_single.csv,2,2,1,2,stable_reproduced,False,attempt_01_full,False,1655.2213342147013,1655.221334045321,study_results/v4p2_followups_20260806/pseudo65/gp_window_ensemble_20260806/runs/window_3p0/draw_05/attempt_01/results_single.csv|study_results/v4p2_followups_20260806/pseudo65/gp_window_ensemble_20260806/central_repeat/window_3p0/draw_05/attempt_02/results_single.csv,1655.22133421|1655.22133405,window_3p0,5
2021,0.067,0.002141617875,0.06218135978125,0.07181864021875,1649686530.4112232,1.64,0.063487746685,0.070512253315,0.00702450663,0.0,1.0,8000,0.000125,True,13173.942265401882,3.870432044987643e-06,0.3047998827762913,0.5106448487401002,3380.669968643889,6624.157290766045,True,tilde_q_mu,asymptotic,default,sidak_approx,observed,8.07**2 * RBF(length_scale=0.319),0.034610636295701,0.4719632222141046,0.1278082447614374,0.3194010028128333,0.0314642148142736,65.1505116425275,1649.9217814530195,400,35,365,416,16,0.04,0.3,0.000625,1.0,1e-08,1e+18,False,False,False,False,12,1.1,15.0,10.15124657323208,16.16097656810088,220.37695320137564,149.1400527336527,study_results/v4p2_followups_20260806/pseudo65/gp_window_ensemble_20260806/central_repeat/window_3p0/draw_05/attempt_02/results_single.csv,2,2,1,2,stable_reproduced,False,attempt_02_55_75MeV,False,1649.9217813814278,1649.9217814530195,study_results/v4p2_followups_20260806/pseudo65/gp_window_ensemble_20260806/runs/window_3p0/draw_05/attempt_01/results_single.csv|study_results/v4p2_followups_20260806/pseudo65/gp_window_ensemble_20260806/central_repeat/window_3p0/draw_05/attempt_02/results_single.csv,1649.92178138|1649.92178145,window_3p0,5
2021,0.068,0.002151836,0.063158369,0.072841631,1689598555.119739,1.64,0.06447098896,0.07152901104,0.00705802208,0.0,1.0,8000,0.000125,True,12065.197854185986,3.410059274525736e-06,0.3993142829133032,0.2551223973501733,1701.265923968624,6671.597318171254,True,tilde_q_mu,asymptotic,default,sidak_approx,observed,7.89**2 * RBF(length_scale=0.317),0.0342697008691363,0.4673141027609495,0.1265492572619316,0.3169334561783881,0.0311542735173966,62.318624986457415,1650.2736943190237,400,37,363,416,16,0.04,0.3,0.000625,1.0,1e-08,1e+18,False,False,False,False,12,1.1,15.0,10.17303311538982,15.92579586415336,217.1699436020912,147.2851351954276,study_results/v4p2_followups_20260806/pseudo65/gp_window_ensemble_20260806/central_repeat/window_3p0/draw_05/attempt_02/results_single.csv,2,2,1,2,stable_reproduced,False,attempt_02_55_75MeV,False,1650.2736934902944,1650.2736943190237,study_results/v4p2_followups_20260806/pseudo65/gp_window_ensemble_20260806/runs/window_3p0/draw_05/attempt_01/results_single.csv|study_results/v4p2_followups_20260806/pseudo65/gp_window_ensemble_20260806/central_repeat/window_3p0/draw_05/attempt_02/results_single.csv,1650.27369349|1650.27369432,window_3p0,5
2021,0.069,0.002162225875,0.06413499178125,0.07386500821875,1724613675.4882472,1.64,0.065453949565,0.072546050435,0.00709210087,0.0,1.0,8000,0.000125,True,10691.9688791097,2.9176735058136378e-06,0.5,0.0,-269.1576654822935,6600.159487587907,True,tilde_q_mu,asymptotic,default,sidak_approx,observed,7.85**2 * RBF(length_scale=0.317),0.0339412013307978,0.4628345636017883,0.1253361923231284,0.3173953028002145,0.0308556375734525,61.68640684651437,1656.8697465219673,401,39,362,416,15,0.04,0.3,0.000625,1.0,1e-08,1e+18,False,False,False,False,12,1.1,15.0,10.28646068468518,15.697343058942815,214.05467807649293,146.79100202711916,study_results/v4p2_followups_20260806/pseudo65/gp_window_ensemble_20260806/runs/window_3p0/draw_05/attempt_01/results_single.csv,2,2,1,2,stable_reproduced,False,attempt_01_full,False,1656.8697465219673,1656.8697462548364,study_results/v4p2_followups_20260806/pseudo65/gp_window_ensemble_20260806/runs/window_3p0/draw_05/attempt_01/results_single.csv|study_results/v4p2_followups_20260806/pseudo65/gp_window_ensemble_20260806/central_repeat/window_3p0/draw_05/attempt_02/results_single.csv,1656.86974652|1656.86974625,window_3p0,5
2021,0.07,0.0021727875,0.065111228125,0.074888771875,1754105543.990013,1.64,0.0664366285,0.0735633715,0.0071267429999999,0.0,1.0,8000,0.000125,True,9468.267859453785,2.504013676446191e-06,0.5,0.0,-3144.4112709596952,6709.406867247522,True,tilde_q_mu,asymptotic,default,sidak_approx,observed,7.81**2 * RBF(length_scale=0.317),0.0336246112080568,0.4585174255644109,0.1241671058160028,0.3166909085914016,0.0305678283709607,61.03342595777327,1650.8582015344175,400,40,360,416,16,0.04,0.3,0.000625,1.0,1e-08,1e+18,False,False,False,False,12,1.1,15.0,10.360268474035802,15.475333509630737,211.02727513132825,145.75328171365194,study_results/v4p2_followups_20260806/pseudo65/gp_window_ensemble_20260806/central_repeat/window_3p0/draw_05/attempt_02/results_single.csv,2,2,1,2,stable_reproduced,False,attempt_02_55_75MeV,False,1650.858201223734,1650.8582015344175,study_results/v4p2_followups_20260806/pseudo65/gp_window_ensemble_20260806/runs/window_3p0/draw_05/attempt_01/results_single.csv|study_results/v4p2_followups_20260806/pseudo65/gp_window_ensemble_20260806/central_repeat/window_3p0/draw_05/attempt_02/results_single.csv,1650.85820122|1650.85820153,window_3p0,5
2021,0.071,0.002183520875,0.06608707803125,0.0759129219687499,1779828649.523776,1.64,0.0674190257649999,0.074580974235,0.00716194847,0.0,1.0,8000,0.000125,True,7830.475219079006,2.0122016444956845e-06,0.5,0.0,-8294.284376799791,6608.902146580036,True,tilde_q_mu,asymptotic,default,sidak_approx,observed,7.75**2 * RBF(length_scale=0.317),0.0333194333154327,0.4543559088468107,0.1230401617614922,0.3174138041582516,0.0302903939231207,60.00578321465471,1657.535875924708,401,42,359,416,15,0.04,0.3,0.000625,1.0,1e-08,1e+18,False,False,False,False,12,1.1,15.0,10.479025296398309,15.259498407787282,208.08406919709927,145.3678816595933,study_results/v4p2_followups_20260806/pseudo65/gp_window_ensemble_20260806/runs/window_3p0/draw_05/attempt_01/results_single.csv,2,2,1,2,stable_reproduced,False,attempt_01_full,False,1657.535875924708,1657.535875002471,study_results/v4p2_followups_20260806/pseudo65/gp_window_ensemble_20260806/runs/window_3p0/draw_05/attempt_01/results_single.csv|study_results/v4p2_followups_20260806/pseudo65/gp_window_ensemble_20260806/central_repeat/window_3p0/draw_05/attempt_02/results_single.csv,1657.53587592|1657.535875,window_3p0,5
2021,0.072,0.002194426,0.0670625414999999,0.0769374585,1800064376.5641005,1.64,0.06840114136,0.0755988586399999,0.0071977172799999,0.0,1.0,8000,0.000125,True,7356.931169070405,1.84330024661917e-06,0.5,0.0,-11161.786342432562,6667.110205396599,True,tilde_q_mu,asymptotic,default,sidak_approx,observed,7.89**2 * RBF(length_scale=0.318),0.0330251977459068,0.4503436056260024,0.1219536249129291,0.3184838937595931,0.0300229070417334,62.27582382106068,1649.967515294563,400,43,357,416,16,0.04,0.3,0.000625,1.0,1e-08,1e+18,False,False,False,False,12,1.1,15.0,10.60802983924518,15.049583693369856,205.22159581867984,145.13312080680464,study_results/v4p2_followups_20260806/pseudo65/gp_window_ensemble_20260806/central_repeat/window_3p0/draw_05/attempt_02/results_single.csv,2,2,1,2,stable_reproduced,False,attempt_02_55_75MeV,False,1649.9675145383028,1649.967515294563,study_results/v4p2_followups_20260806/pseudo65/gp_window_ensemble_20260806/runs/window_3p0/draw_05/attempt_01/results_single.csv|study_results/v4p2_followups_20260806/pseudo65/gp_window_ensemble_20260806/central_repeat/window_3p0/draw_05/attempt_02/results_single.csv,1649.96751454|1649.96751529,window_3p0,5
2021,0.073,0.002205502875,0.06803761853125,0.07796238146875,1816907985.8814416,1.64,0.069382975285,0.076617024715,0.00723404943,0.0,1.0,8000,0.000125,True,7327.222241145245,1.7939217376917789e-06,0.5,0.0,-11087.175216530348,6646.03264343049,True,tilde_q_mu,asymptotic,default,sidak_approx,observed,7.87**2 * RBF(length_scale=0.317),0.0327414600253253,0.4464744548907995,0.1209058539407253,0.3171322257732477,0.0297649636593866,61.99341685657387,1648.9743519142878,400,45,355,416,16,0.04,0.3,0.000625,1.0,1e-08,1e+18,False,False,False,False,12,1.1,15.0,10.65454772269602,14.845349056879057,202.43657804835075,143.79134544236206,study_results/v4p2_followups_20260806/pseudo65/gp_window_ensemble_20260806/runs/window_3p0/draw_05/attempt_01/results_single.csv,2,2,1,2,stable_reproduced,False,attempt_01_full,False,1648.9743519142878,1648.974350866266,study_results/v4p2_followups_20260806/pseudo65/gp_window_ensemble_20260806/runs/window_3p0/draw_05/attempt_01/results_single.csv|study_results/v4p2_followups_20260806/pseudo65/gp_window_ensemble_20260806/central_repeat/window_3p0/draw_05/attempt_02/results_single.csv,1648.97435191|1648.97435087,window_3p0,5
2021,0.074,0.0022167515,0.0690123091249999,0.078987690875,1829459230.0788095,1.64,0.07036452754,0.07763547246,0.0072709449199999,0.0,1.0,8000,0.000125,True,7557.228421974566,1.8127086868817816e-06,0.5,0.0,-9416.899724331408,6584.534207271274,True,tilde_q_mu,asymptotic,default,sidak_approx,observed,8.05**2 * RBF(length_scale=0.32),0.0324677994146582,0.442742719290794,0.1198952951630456,0.3195324083332692,0.0295161812860529,64.72591120867638,1651.058449510473,400,46,354,416,16,0.04,0.3,0.000625,1.0,1e-08,1e+18,False,False,False,False,12,1.1,15.0,10.825668985989578,14.646567021453794,199.72591392891536,144.14444214124552,study_results/v4p2_followups_20260806/pseudo65/gp_window_ensemble_20260806/central_repeat/window_3p0/draw_05/attempt_02/results_single.csv,2,2,1,2,stable_reproduced,False,attempt_02_55_75MeV,False,1651.0584487642166,1651.058449510473,study_results/v4p2_followups_20260806/pseudo65/gp_window_ensemble_20260806/runs/window_3p0/draw_05/attempt_01/results_single.csv|study_results/v4p2_followups_20260806/pseudo65/gp_window_ensemble_20260806/central_repeat/window_3p0/draw_05/attempt_02/results_single.csv,1651.05844876|1651.05844951,window_3p0,5
2021,0.075,0.002228171875,0.06998661328125,0.08001338671875,1838368958.6354597,1.64,0.071345798125,0.078654201875,0.0073084037499999,0.0,1.0,8000,0.000125,True,8435.190647575277,1.9866478114339588e-06,0.5,0.0,-5491.749722785816,6547.290801859759,True,tilde_q_mu,asymptotic,default,sidak_approx,observed,8.06**2 * RBF(length_scale=0.32),0.032203817346461,0.4391429638153776,0.1189204767720596,0.3198759984425891,0.0292761975876918,64.93190463798659,1651.3689001346586,400,48,352,416,16,0.04,0.3,0.000625,1.0,1e-08,1e+18,False,False,False,False,12,1.1,15.0,10.92614563364847,14.45302209752604,197.08666496626415,143.5598402580991,study_results/v4p2_followups_20260806/pseudo65/gp_window_ensemble_20260806/central_repeat/window_3p0/draw_05/attempt_02/results_single.csv,2,2,1,2,stable_reproduced,False,attempt_02_55_75MeV,False,1651.3688992849725,1651.3689001346586,study_results/v4p2_followups_20260806/pseudo65/gp_window_ensemble_20260806/runs/window_3p0/draw_05/attempt_01/results_single.csv|study_results/v4p2_followups_20260806/pseudo65/gp_window_ensemble_20260806/central_repeat/window_3p0/draw_05/attempt_02/results_single.csv,1651.36889928|1651.36890013,window_3p0,5
2021,0.076,0.002239764,0.070960531,0.081039469,1844398591.748667,1.64,0.0723267870399999,0.07967321296,0.00734642592,0.0,1.0,8000,0.000125,True,10396.008918030677,2.408342175442727e-06,0.5,0.0,-537.5788974181561,6513.677681398947,True,tilde_q_mu,asymptotic,default,sidak_approx,observed,7.97**2 * RBF(length_scale=0.319),0.0319491359833398,0.4356700361364529,0.1179800035107226,0.3185296371761547,0.0290446690757635,63.54271231739179,1651.3589329442077,400,50,350,416,16,0.04,0.3,0.000625,1.0,1e-08,1e+18,False,False,False,False,12,1.1,15.0,10.966888152358168,14.264510003437811,194.51604550142468,142.21571432354244,study_results/v4p2_followups_20260806/pseudo65/gp_window_ensemble_20260806/runs/window_3p0/draw_05/attempt_01/results_single.csv,1,1,1,1,single_attempt_outside_55_75MeV,False,,,,,,,window_3p0,5
2021,0.077,0.002251527875,0.07193406228125,0.08206593771875,1847461207.5520144,1.64,0.073307494285,0.080692505715,0.00738501143,0.0,1.0,8000,0.000125,True,13783.42006864438,3.146377740840704e-06,0.24985362049669,0.674950458333333,4400.131594823056,6519.690758494954,True,tilde_q_mu,asymptotic,default,sidak_approx,observed,7.75**2 * RBF(length_scale=0.315),0.0317033968874435,0.4323190484651396,0.1170725517595489,0.3153451642805888,0.0288212698976759,60.0853492718084,1651.2043488781312,400,51,349,416,16,0.04,0.3,0.000625,1.0,1e-08,1e+18,False,False,False,False,12,1.1,15.0,10.94140422681434,14.080836946086476,192.0114129011792,140.0582989809037,study_results/v4p2_followups_20260806/pseudo65/gp_window_ensemble_20260806/runs/window_3p0/draw_05/attempt_01/results_single.csv,1,1,1,1,single_attempt_outside_55_75MeV,False,,,,,,,window_3p0,5
2021,0.078,0.0022634635,0.072907207125,0.083092792875,1847769944.3645077,1.64,0.07428791986,0.08171208014,0.00742416028,0.0,1.0,8000,0.000125,True,16253.739185294791,3.66210428377883e-06,0.1279145552707187,1.1363045898182318,7431.842623176384,6502.077408568487,True,tilde_q_mu,asymptotic,default,sidak_approx,observed,7.66**2 * RBF(length_scale=0.314),0.0314662597911359,0.4290853607882172,0.1161968649970184,0.3141336069392178,0.0286056907192144,58.70994650405133,1650.7461191835198,400,53,347,416,16,0.04,0.3,0.000625,1.0,1e-08,1e+18,False,False,False,False,12,1.1,15.0,10.98150749173184,13.901818956274722,189.57025849465532,138.78448092457324,study_results/v4p2_followups_20260806/pseudo65/gp_window_ensemble_20260806/runs/window_3p0/draw_05/attempt_01/results_single.csv,1,1,1,1,single_attempt_outside_55_75MeV,False,,,,,,,window_3p0,5
2021,0.079,0.002275570875,0.07387996553125,0.08412003446875,1845689661.7151537,1.64,0.075268063765,0.082731936235,0.0074638724699999,0.0,1.0,8000,0.000125,True,17773.58686882863,3.958304793888607e-06,0.0821601094783915,1.3906874696223162,9103.94013557468,6546.349722669684,True,tilde_q_mu,asymptotic,default,sidak_approx,observed,7.61**2 * RBF(length_scale=0.313),0.0312374014599871,0.4259645653634614,0.1153517496008941,0.3133480342063668,0.0283976376908974,57.90685258716681,1644.545854728393,399,54,345,416,17,0.04,0.3,0.000625,1.0,1e-08,1e+18,False,False,False,False,12,1.1,15.0,11.03429931803121,13.727281273973578,187.1901991905488,137.70084581802655,study_results/v4p2_followups_20260806/pseudo65/gp_window_ensemble_20260806/runs/window_3p0/draw_05/attempt_01/results_single.csv,1,1,1,1,single_attempt_outside_55_75MeV,False,,,,,,,window_3p0,5
2021,0.08,0.00228785,0.0748523375,0.0851476625,1840971776.2432177,1.64,0.076247926,0.083752074,0.0075041479999999,0.0,1.0,8000,0.000125,True,17744.78188523815,3.91249206812625e-06,0.0755444218368669,1.4356960712157243,9223.21205273114,6427.979711283152,True,tilde_q_mu,asymptotic,default,sidak_approx,observed,7.76**2 * RBF(length_scale=0.315),0.0310165146400847,0.4229524723647926,0.1145360709609101,0.3154769229430423,0.0281968314909861,60.14300722024962,1649.4313012771288,400,56,344,416,16,0.04,0.3,0.000625,1.0,1e-08,1e+18,False,False,False,False,12,1.1,15.0,11.18838203660906,13.55705777917468,184.8689697160183,137.89231065980826,study_results/v4p2_followups_20260806/pseudo65/gp_window_ensemble_20260806/runs/window_3p0/draw_05/attempt_01/results_single.csv,1,1,1,1,single_attempt_outside_55_75MeV,False,,,,,,,window_3p0,5
2021,0.081,0.002300300875,0.07582432303125,0.08617567696875,1834117166.8439004,1.64,0.077227506565,0.084772493435,0.0075449868699999,0.0,1.0,8000,0.000125,True,17869.958537134477,3.905992204905685e-06,0.0758706140883222,1.433408158681662,9265.74910139734,6453.576265919127,True,tilde_q_mu,asymptotic,default,sidak_approx,observed,7.69**2 * RBF(length_scale=0.315),0.030803307082474,0.4200450965791913,0.113748749876279,0.3153497696084746,0.0280030064386127,59.199386762098406,1643.4695713379122,399,57,342,416,17,0.04,0.3,0.000625,1.0,1e-08,1e+18,False,False,False,False,12,1.1,15.0,11.261282616199576,13.390990464442623,182.6044154242176,137.09066193720182,study_results/v4p2_followups_20260806/pseudo65/gp_window_ensemble_20260806/runs/window_3p0/draw_05/attempt_01/results_single.csv,1,1,1,1,single_attempt_outside_55_75MeV,False,,,,,,,window_3p0,5
2021,0.082,0.0023129235,0.076795922125,0.087204077875,1825600864.265104,1.64,0.07820680546,0.08579319454,0.00758638908,0.0,1.0,8000,0.000125,True,15630.392323773292,3.3905497089801635e-06,0.1404637855744478,1.0782379699343727,6911.268119638268,6394.768331398208,True,tilde_q_mu,asymptotic,default,sidak_approx,observed,7.85**2 * RBF(length_scale=0.317),0.0305975006382008,0.4172386450663756,0.1129887592139169,0.317198456018083,0.0278159096710917,61.68928270135601,1642.315133502275,399,59,340,416,17,0.04,0.3,0.000625,1.0,1e-08,1e+18,False,False,False,False,12,1.1,15.0,11.403490296337075,13.228928945639955,180.39448562236305,137.14178442048902,study_results/v4p2_followups_20260806/pseudo65/gp_window_ensemble_20260806/runs/window_3p0/draw_05/attempt_01/results_single.csv,1,1,1,1,single_attempt_outside_55_75MeV,False,,,,,,,window_3p0,5
2021,0.083,0.002325717875,0.07776713478125,0.08823286521875,1815668681.2943528,1.64,0.079185822685,0.086814177315,0.00762835463,0.0,1.0,8000,0.000125,True,12257.876695367053,2.641316690091872e-06,0.337449898102775,0.4194328832120728,2671.7052511639604,6373.3029464809115,True,tilde_q_mu,asymptotic,default,sidak_approx,observed,7.78**2 * RBF(length_scale=0.315),0.030398830418065,0.4145295057008868,0.1122551208056255,0.3148238148462081,0.0276353003800591,60.52616607181165,1644.8942675097876,399,60,339,416,17,0.04,0.3,0.000625,1.0,1e-08,1e+18,False,False,False,False,12,1.1,15.0,11.392089483976674,13.070730007639057,178.2372273768962,135.36629624356658,study_results/v4p2_followups_20260806/pseudo65/gp_window_ensemble_20260806/runs/window_3p0/draw_05/attempt_01/results_single.csv,1,1,1,1,single_attempt_outside_55_75MeV,False,,,,,,,window_3p0,5
2021,0.084,0.002338684,0.078737961,0.089262039,1803665927.1918256,1.64,0.08016455824,0.08783544176,0.00767088352,0.0,1.0,8000,0.000125,True,10727.27832531765,2.299185879757066e-06,0.4657548803767471,0.0859454758150761,542.4988420822322,6317.276271332851,True,tilde_q_mu,asymptotic,default,sidak_approx,observed,7.82**2 * RBF(length_scale=0.316),0.0302070440117673,0.4119142365241002,0.111546902564603,0.3160404253914222,0.0274609491016066,61.20459970170643,1645.1005704084885,399,62,337,416,17,0.04,0.3,0.000625,1.0,1e-08,1e+18,False,False,False,False,12,1.1,15.0,11.508721866169273,12.916257182144893,176.13077975652126,135.136010419288,study_results/v4p2_followups_20260806/pseudo65/gp_window_ensemble_20260806/runs/window_3p0/draw_05/attempt_01/results_single.csv,1,1,1,1,single_attempt_outside_55_75MeV,False,,,,,,,window_3p0,5
2021,0.085,0.002351821875,0.07970840078125,0.09029159921875,1790440672.4133158,1.64,0.081143012125,0.088856987875,0.0077139757499999,0.0,1.0,8000,0.000125,True,8900.064367373488,1.8990404219844216e-06,0.5,0.0,-2634.1948927143676,6215.011102913989,True,tilde_q_mu,asymptotic,default,sidak_approx,observed,7.78**2 * RBF(length_scale=0.315),0.0300219007615834,0.4093895558397742,0.1108632158033061,0.3149205185433196,0.0272926370559849,60.50958745539514,1650.6420850189609,400,64,336,416,16,0.04,0.3,0.000625,1.0,1e-08,1e+18,False,False,False,False,12,1.1,15.0,11.538662163620474,12.76538035499965,174.07336847726796,133.90491936950778,study_results/v4p2_followups_20260806/pseudo65/gp_window_ensemble_20260806/runs/window_3p0/draw_05/attempt_01/results_single.csv,1,1,1,1,single_attempt_outside_55_75MeV,False,,,,,,,window_3p0,5
2021,0.086,0.0023651315,0.080678454125,0.091321545875,1775696555.8627672,1.64,0.0821211843399999,0.08987881566,0.00775763132,0.0,1.0,8000,0.000125,True,8148.317827573056,1.7326892419307723e-06,0.5,0.0,-4809.226906015436,6237.440257129049,True,tilde_q_mu,asymptotic,default,sidak_approx,observed,7.75**2 * RBF(length_scale=0.314),0.0298431710861948,0.4069523329935665,0.1102032127365311,0.3143702594734335,0.0271301555329044,60.04814069178176,1644.8967154464765,399,65,334,416,17,0.04,0.3,0.000625,1.0,1e-08,1e+18,False,False,False,False,12,1.1,15.0,11.58748460148538,12.61797540060452,172.0633009173344,132.91872332402383,study_results/v4p2_followups_20260806/pseudo65/gp_window_ensemble_20260806/runs/window_3p0/draw_05/attempt_01/results_single.csv,1,1,1,1,single_attempt_outside_55_75MeV,False,,,,,,,window_3p0,5
2021,0.087,0.002378612875,0.0816481210312499,0.09235187896875,1760136602.064715,1.64,0.083099074885,0.0909009251149999,0.0078018502299999,0.0,1.0,8000,0.000125,True,7574.175037318739,1.606163057037851e-06,0.4999026019832914,0.000244140625,-6852.461245511588,6210.325342780279,True,tilde_q_mu,asymptotic,default,sidak_approx,observed,7.65**2 * RBF(length_scale=0.312),0.0296706358506726,0.4045995797818991,0.1095660841549239,0.3123030562861067,0.0269733053187932,58.54003268475309,1644.131037486053,399,67,332,416,17,0.04,0.3,0.000625,1.0,1e-08,1e+18,False,False,False,False,12,1.1,15.0,11.578227161819653,12.47392384129452,170.098961472198,131.29629439431446,study_results/v4p2_followups_20260806/pseudo65/gp_window_ensemble_20260806/runs/window_3p0/draw_05/attempt_01/results_single.csv,1,1,1,1,single_attempt_outside_55_75MeV,False,,,,,,,window_3p0,5
2021,0.088,0.002392266,0.0826174014999999,0.0933825985,1743632625.119082,1.64,0.0840766837599999,0.09192331624,0.00784663248,0.0,1.0,8000,0.000125,True,7442.826209096149,1.5751435591202923e-06,0.5,0.0,-7170.329805172013,6171.864064294957,True,tilde_q_mu,asymptotic,default,sidak_approx,observed,7.62**2 * RBF(length_scale=0.312),0.0295040857789749,0.4023284424405671,0.1089510572554845,0.3118115726833674,0.0268218961627044,58.03468091063144,1644.2133122869384,399,68,331,416,17,0.04,0.3,0.000625,1.0,1e-08,1e+18,False,False,False,False,12,1.1,15.0,11.625262091534664,12.33311252969984,168.17880722317963,130.34151414740978,study_results/v4p2_followups_20260806/pseudo65/gp_window_ensemble_20260806/runs/window_3p0/draw_05/attempt_01/results_single.csv,1,1,1,1,single_attempt_outside_55_75MeV,False,,,,,,,window_3p0,5
2021,0.089,0.002406090875,0.08358629553125,0.09441370446875,1725874782.225614,1.64,0.085054010965,0.092945989035,0.00789197807,0.0,1.0,8000,0.000125,True,7852.707631299789,1.6601222130659716e-06,0.5,0.0,-5214.074297824747,6108.098903066594,True,tilde_q_mu,asymptotic,default,sidak_approx,observed,7.79**2 * RBF(length_scale=0.314),0.0293433209056615,0.4001361941681125,0.1083573936168872,0.3144799607113506,0.0266757462778741,60.617316308083815,1643.0259819454084,399,70,329,416,17,0.04,0.3,0.000625,1.0,1e-08,1e+18,False,False,False,False,12,1.1,15.0,11.788984549316686,12.1954333523091,166.3013638951241,130.70161396599397,study_results/v4p2_followups_20260806/pseudo65/gp_window_ensemble_20260806/runs/window_3p0/draw_05/attempt_01/results_single.csv,1,1,1,1,single_attempt_outside_55_75MeV,False,,,,,,,window_3p0,5
2021,0.09,0.0024200875,0.084554803125,0.095445196875,1707421799.183081,1.64,0.0860310565,0.0939689435,0.007937887,0.0,1.0,8000,0.000125,True,8726.757829115533,1.8441214314276576e-06,0.5,0.0,-2634.5141502329475,6112.150999167647,True,tilde_q_mu,asymptotic,default,sidak_approx,observed,7.84**2 * RBF(length_scale=0.315),0.0291881500637943,0.3980202281426503,0.1077843873084286,0.315049237135301,0.0265346818761766,61.41611171361046,1638.0582460036212,398,71,327,416,18,0.04,0.3,0.000625,1.0,1e-08,1e+18,False,False,False,False,12,1.1,15.0,11.873111522703342,12.060782952597524,164.46522208087532,130.18092822482697,study_results/v4p2_followups_20260806/pseudo65/gp_window_ensemble_20260806/runs/window_3p0/draw_05/attempt_01/results_single.csv,1,1,1,1,single_attempt_outside_55_75MeV,False,,,,,,,window_3p0,5
2021,0.091,0.002434255875,0.08552292428125,0.09647707571875,1688209960.037576,1.64,0.087007820365,0.094992179635,0.0079843592699999,0.0,1.0,8000,0.000125,True,10495.231742934782,2.2184216969458077e-06,0.4368556168348098,0.1589462346996855,957.0767913778196,6021.95501433235,True,tilde_q_mu,asymptotic,default,sidak_approx,observed,7.84**2 * RBF(length_scale=0.315),0.0290383904062669,0.3959780509945498,0.1072313631224206,0.3146721776709087,0.0263985367329699,61.39516543544885,1644.726959605617,399,73,326,416,17,0.04,0.3,0.000625,1.0,1e-08,1e+18,False,False,False,False,12,1.1,15.0,11.92006135998835,11.929062472229626,162.66903371222216,129.26832421464678,study_results/v4p2_followups_20260806/pseudo65/gp_window_ensemble_20260806/runs/window_3p0/draw_05/attempt_01/results_single.csv,1,1,1,1,single_attempt_outside_55_75MeV,False,,,,,,,window_3p0,5
2021,0.092,0.002448596,0.086490659,0.097509341,1668257878.789034,1.64,0.08798430256,0.0960156974399999,0.0080313948799999,0.0,1.0,8000,0.000125,True,28622.874720118416,6.055948312597184e-06,0.0962488986945206,1.3032254690323593,14417.092388632936,10818.361460082016,True,tilde_q_mu,asymptotic,default,sidak_approx,observed,1.21**2 * RBF(length_scale=0.146),0.0288938669580575,0.3940072767007851,0.1066976749207735,0.1463301105046425,0.0262671517800523,1.463453426535671,1299.140014717639,398,74,324,416,18,0.04,0.3,0.000625,1.0,1e-08,1e+18,False,False,False,False,12,1.1,15.0,5.570840406677353,11.800177308979343,160.9115087588092,59.76082232619941,study_results/v4p2_followups_20260806/pseudo65/gp_window_ensemble_20260806/runs/window_3p0/draw_05/attempt_01/results_single.csv,1,1,1,1,single_attempt_outside_55_75MeV,False,,,,,,,window_3p0,5
2021,0.093,0.002463107875,0.08745800728125,0.09854199271875,1647188801.3305027,1.64,0.088960503085,0.097039496915,0.0080789938299999,0.0,1.0,8000,0.000125,True,11598.39854093222,2.4586211896496533e-06,0.3272326091168124,0.4475677003210765,2662.9335531867914,5966.420663721828,True,tilde_q_mu,asymptotic,default,sidak_approx,observed,7.88**2 * RBF(length_scale=0.317),0.0287544121970801,0.3921056208692741,0.106182704087187,0.3168408100364059,0.0261403747246182,62.085963020906455,1642.6407096132411,398,76,322,416,18,0.04,0.3,0.000625,1.0,1e-08,1e+18,False,False,False,False,12,1.1,15.0,12.120744762622476,11.674036890113918,159.19141213791704,128.63456499500896,study_results/v4p2_followups_20260806/pseudo65/gp_window_ensemble_20260806/runs/window_3p0/draw_05/attempt_01/results_single.csv,1,1,1,1,single_attempt_outside_55_75MeV,False,,,,,,,window_3p0,5
2021,0.094,0.0024777915,0.088424969125,0.099575030875,1625450307.8031468,1.64,0.08993642194,0.09806357806,0.00812715612,0.0,1.0,8000,0.000125,True,10524.438263169955,2.23674922866844e-06,0.4410209393193028,0.1483812727594452,1220.455916823886,5908.774328759357,True,tilde_q_mu,asymptotic,default,sidak_approx,observed,8.01**2 * RBF(length_scale=0.318),0.0286198656615447,0.3902708953847011,0.1056858580772325,0.3178965271143422,0.0260180596923134,64.1592283549812,1638.6883887178385,398,77,321,416,18,0.04,0.3,0.000625,1.0,1e-08,1e+18,False,False,False,False,12,1.1,15.0,12.218302628011086,11.550554460108833,157.50756081966588,128.29833628630263,study_results/v4p2_followups_20260806/pseudo65/gp_window_ensemble_20260806/runs/window_3p0/draw_05/attempt_01/results_single.csv,1,1,1,1,single_attempt_outside_55_75MeV,False,,,,,,,window_3p0,5
2021,0.095,0.002492646875,0.08939154453125,0.10060845546875,1603496027.5520115,1.64,0.090912059125,0.099087940875,0.00817588175,0.0,1.0,8000,0.000125,True,9266.609858685102,1.9753738815456546e-06,0.5,0.0,-707.5943043900899,5882.842847868781,True,tilde_q_mu,asymptotic,default,sidak_approx,observed,7.86**2 * RBF(length_scale=0.315),0.0284900735818755,0.3885010033892122,0.1052065690591188,0.3154329168789171,0.0259000668926141,61.830651849627955,1639.1260233485636,398,79,319,416,18,0.04,0.3,0.000625,1.0,1e-08,1e+18,False,False,False,False,12,1.1,15.0,12.17884564494574,11.429646881640853,155.85882111328436,126.54536831612668,study_results/v4p2_followups_20260806/pseudo65/gp_window_ensemble_20260806/runs/window_3p0/draw_05/attempt_01/results_single.csv,1,1,1,1,single_attempt_outside_55_75MeV,False,,,,,,,window_3p0,5
2021,0.096,0.002507674,0.0903577335,0.1016422665,1581239228.7143855,1.64,0.09188741464,0.10011258536,0.00822517072,0.0,1.0,8000,0.000125,True,7978.59081998398,1.7067790436765708e-06,0.5,0.0,-3439.1952349881853,5826.873054430276,True,tilde_q_mu,asymptotic,default,sidak_approx,observed,7.91**2 * RBF(length_scale=0.316),0.0283648885354218,0.3867939345739346,0.1047442926386298,0.3160170375903441,0.0257862623049289,62.58665006953642,1639.3887836884023,398,81,317,416,18,0.04,0.3,0.000625,1.0,1e-08,1e+18,False,False,False,False,12,1.1,15.0,12.25524792439338,11.311234448904392,154.24410612142353,126.01998409296588,study_results/v4p2_followups_20260806/pseudo65/gp_window_ensemble_20260806/runs/window_3p0/draw_05/attempt_01/results_single.csv,1,1,1,1,single_attempt_outside_55_75MeV,False,,,,,,,window_3p0,5
2021,0.097,0.002522872875,0.09132353603125,0.10267646396875,1558363770.3660083,1.64,0.092862488485,0.101137511515,0.0082750230299999,0.0,1.0,8000,0.000125,True,7412.8234885902675,1.5924397281645807e-06,0.4999026019832914,0.000244140625,-4930.624772111883,5775.130147256675,True,tilde_q_mu,asymptotic,default,sidak_approx,observed,7.94**2 * RBF(length_scale=0.317),0.02824416912233,0.3851477607590459,0.104298506662201,0.3166458458428459,0.0256765173839363,63.06196521642458,1639.371430858917,398,82,316,416,18,0.04,0.3,0.000625,1.0,1e-08,1e+18,False,False,False,False,12,1.1,15.0,12.33211814157259,11.195240712368449,152.66237335047882,125.5100282620645,study_results/v4p2_followups_20260806/pseudo65/gp_window_ensemble_20260806/runs/window_3p0/draw_05/attempt_01/results_single.csv,1,1,1,1,single_attempt_outside_55_75MeV,False,,,,,,,window_3p0,5
2021,0.098,0.0025382435,0.092288952125,0.103711047875,1534811175.2125387,1.64,0.09383728066,0.10216271934,0.0083254386799999,0.0,1.0,8000,0.000125,True,7455.311523875278,1.609550802833105e-06,0.5,0.0,-4537.04170747621,5722.68774456485,True,tilde_q_mu,asymptotic,default,sidak_approx,observed,7.96**2 * RBF(length_scale=0.317),0.0281277796610786,0.3835606317419815,0.1038687100926096,0.3171020857075644,0.0255707087827987,63.40961545049905,1639.680572973003,398,84,314,416,18,0.04,0.3,0.000625,1.0,1e-08,1e+18,False,False,False,False,12,1.1,15.0,12.400989288215458,11.081592314164752,151.11262246588296,124.92973416757074,study_results/v4p2_followups_20260806/pseudo65/gp_window_ensemble_20260806/runs/window_3p0/draw_05/attempt_01/results_single.csv,1,1,1,1,single_attempt_outside_55_75MeV,False,,,,,,,window_3p0,5
2021,0.099,0.002553785875,0.09325398178125,0.10474601821875,1511028905.8514876,1.64,0.094811791165,0.103188208835,0.0083764176699999,0.0,1.0,8000,0.000125,True,8142.667599916387,1.767578300711029e-06,0.5,0.0,-2529.204075993239,5717.582774896256,True,tilde_q_mu,asymptotic,default,sidak_approx,observed,7.94**2 * RBF(length_scale=0.317),0.0280155899022987,0.3820307713949833,0.1034544219521848,0.3166946715375069,0.0254687180929988,62.973996296944485,1634.2784847606636,397,85,312,416,19,0.04,0.3,0.000625,1.0,1e-08,1e+18,False,False,False,False,12,1.1,15.0,12.434652988073372,10.970218833361969,149.59389318220866,124.00987672371198,study_results/v4p2_followups_20260806/pseudo65/gp_window_ensemble_20260806/runs/window_3p0/draw_05/attempt_01/results_single.csv,1,1,1,1,single_attempt_outside_55_75MeV,False,,,,,,,window_3p0,5
2021,0.1,0.0025695,0.094218625,0.105781375,1487397833.440122,1.64,0.09578602,0.10421398,0.00842796,0.0,1.0,8000,0.000125,True,9064.129299068583,1.978877313214056e-06,0.5,0.0,-324.889001573073,5628.169702553094,True,tilde_q_mu,asymptotic,default,sidak_approx,observed,7.91**2 * RBF(length_scale=0.317),0.027907474759607,0.3805564739946421,0.1030551803288439,0.3166560867248395,0.0253704315996428,62.62076214692947,1640.787781208819,398,87,311,416,18,0.04,0.3,0.000625,1.0,1e-08,1e+18,False,False,False,False,12,1.1,15.0,12.48130468262502,10.861052640438642,148.10526327870872,123.23646107213057,study_results/v4p2_followups_20260806/pseudo65/gp_window_ensemble_20260806/runs/window_3p0/draw_05/attempt_01/results_single.csv,1,1,1,1,single_attempt_outside_55_75MeV,False,,,,,,,window_3p0,5
2021,0.101,0.002585385875,0.09518288178125,0.10681711821875,1463545807.7925766,1.64,0.096759967165,0.105240032835,0.00848006567,0.0,1.0,8000,0.000125,True,10301.615887832126,2.263067880179533e-06,0.3829135752582127,0.2978375541019346,1673.158570926606,5618.709691555435,True,tilde_q_mu,asymptotic,default,sidak_approx,observed,7.93**2 * RBF(length_scale=0.317),0.0278033140562975,0.3791361007676941,0.1026705414406892,0.3171783647828511,0.0252757400511796,62.92547717746343,1635.1610918703782,397,88,309,416,19,0.04,0.3,0.000625,1.0,1e-08,1e+18,False,False,False,False,12,1.1,15.0,12.548727124927389,10.754028760328694,146.64584673175492,122.68124764271448,study_results/v4p2_followups_20260806/pseudo65/gp_window_ensemble_20260806/runs/window_3p0/draw_05/attempt_01/results_single.csv,1,1,1,1,single_attempt_outside_55_75MeV,False,,,,,,,window_3p0,5
2021,0.102,0.0026014435,0.096146752125,0.1078532478749999,1439773239.9828668,1.64,0.09773363266,0.1062663673399999,0.0085327346799999,0.0,1.0,8000,0.000125,True,10751.401890117717,2.377336997205692e-06,0.4635954379741138,0.0913797193318275,561.7795777496102,6324.6605381117115,True,tilde_q_mu,asymptotic,default,sidak_approx,observed,2.45**2 * RBF(length_scale=0.236),0.0277029922867878,0.3777680766380165,0.1023000787550902,0.2360353808911603,0.0251845384425344,6.004422331690062,1590.8707095546151,397,90,307,416,19,0.04,0.3,0.000625,1.0,1e-08,1e+18,False,False,False,False,12,1.1,15.0,9.372233738956188,10.649084743446428,145.21479195608765,90.73246483775657,study_results/v4p2_followups_20260806/pseudo65/gp_window_ensemble_20260806/runs/window_3p0/draw_05/attempt_01/results_single.csv,1,1,1,1,single_attempt_outside_55_75MeV,False,,,,,,,window_3p0,5
2021,0.103,0.002617672875,0.0971102360312499,0.10888976396875,1415306075.6792226,1.64,0.098707016485,0.107292983515,0.00858596703,0.0,1.0,8000,0.000125,True,12206.96867391091,2.7191937689465674e-06,0.2135063852932008,0.7943138027554174,4372.503110522459,5535.45446917242,True,tilde_q_mu,asymptotic,default,sidak_approx,observed,7.84**2 * RBF(length_scale=0.316),0.0276063983918545,0.3764508871616523,0.1019433821586847,0.3156446938395668,0.0250967258107768,61.41926255900369,1633.75443387643,397,91,306,416,19,0.04,0.3,0.000625,1.0,1e-08,1e+18,False,False,False,False,12,1.1,15.0,12.577126443483133,10.546160544164444,143.81128014769695,120.58217696111733,study_results/v4p2_followups_20260806/pseudo65/gp_window_ensemble_20260806/runs/window_3p0/draw_05/attempt_01/results_single.csv,1,1,1,1,single_attempt_outside_55_75MeV,False,,,,,,,window_3p0,5
2021,0.104,0.002634074,0.0980733335,0.1099266664999999,1390650623.4117515,1.64,0.09968011864,0.10831988136,0.00863976272,0.0,1.0,8000,0.000125,True,12954.511989714076,2.9086375415756467e-06,0.1650546174403057,0.9738938757362602,5360.2727723925955,5499.191089338144,True,tilde_q_mu,asymptotic,default,sidak_approx,observed,7.74**2 * RBF(length_scale=0.314),0.0275134255467139,0.3751830756370089,0.1016000571748166,0.3144531503911142,0.0250122050424672,59.910628306733315,1634.2501753731567,397,93,304,416,19,0.04,0.3,0.000625,1.0,1e-08,1e+18,False,False,False,False,12,1.1,15.0,12.57198834957639,10.445198406238394,142.4345237214326,119.37901152022086,study_results/v4p2_followups_20260806/pseudo65/gp_window_ensemble_20260806/runs/window_3p0/draw_05/attempt_01/results_single.csv,1,1,1,1,single_attempt_outside_55_75MeV,False,,,,,,,window_3p0,5
2021,0.105,0.002650646875,0.0990360445312499,0.11096395546875,1366191403.4118524,1.64,0.100652939125,0.109347060875,0.00869412175,0.0,1.0,8000,0.000125,True,12714.201479135052,2.8781151399140116e-06,0.1756957349363473,0.9318936881961662,5122.933919591776,5487.133153362011,True,tilde_q_mu,asymptotic,default,sidak_approx,observed,7.74**2 * RBF(length_scale=0.314),0.0274239709611162,0.3739632403788584,0.1012697242253318,0.3144279833202666,0.0249308826919238,59.8679289340474,1628.9165275899777,396,94,302,416,20,0.04,0.3,0.000625,1.0,1e-08,1e+18,False,False,False,False,12,1.1,15.0,12.611987598101466,10.346142754725216,141.08376483716202,118.62311282798342,study_results/v4p2_followups_20260806/pseudo65/gp_window_ensemble_20260806/runs/window_3p0/draw_05/attempt_01/results_single.csv,1,1,1,1,single_attempt_outside_55_75MeV,False,,,,,,,window_3p0,5
2021,0.106,0.0026673915,0.099998369125,0.112001630875,1341676381.151068,1.64,0.10162547794,0.11037452206,0.0087490441199999,0.0,1.0,8000,0.000125,True,11847.906954605727,2.705253185688357e-06,0.2196670223643049,0.7733182718876588,4191.305691298148,5393.633111724069,True,tilde_q_mu,asymptotic,default,sidak_approx,observed,7.89**2 * RBF(length_scale=0.317),0.0273379356906521,0.3727900321452559,0.1009520179337844,0.316525309052491,0.0248526688096837,62.308351931808176,1631.9456383078218,397,96,301,416,19,0.04,0.3,0.000625,1.0,1e-08,1e+18,False,False,False,False,12,1.1,15.0,12.736069171338183,10.248940093965247,139.758274008617,118.6647363360388,study_results/v4p2_followups_20260806/pseudo65/gp_window_ensemble_20260806/runs/window_3p0/draw_05/attempt_01/results_single.csv,1,1,1,1,single_attempt_outside_55_75MeV,False,,,,,,,window_3p0,5
2021,0.107,0.002684307875,0.10096030728125,0.11303969271875,1317225676.2626095,1.64,0.102597735085,0.111402264915,0.0088045298299999,0.0,1.0,8000,0.000125,True,11155.125243206196,2.5701022825956215e-06,0.2619585269148876,0.6373190361182345,3409.64884434977,5348.3398825959885,True,tilde_q_mu,asymptotic,default,sidak_approx,observed,7.88**2 * RBF(length_scale=0.316),0.0272552244585561,0.3716621517075835,0.1006465864674015,0.3162649374081577,0.0247774767805055,62.09524140493008,1632.2329989212003,397,98,299,416,19,0.04,0.3,0.000625,1.0,1e-08,1e+18,False,False,False,False,12,1.1,15.0,12.76421082783493,10.153538911238387,138.45734878961437,117.81991937424756,study_results/v4p2_followups_20260806/pseudo65/gp_window_ensemble_20260806/runs/window_3p0/draw_05/attempt_01/results_single.csv,1,1,1,1,single_attempt_outside_55_75MeV,False,,,,,,,window_3p0,5
2021,0.108,0.002701396,0.101921859,0.114078141,1292640439.8447058,1.64,0.10356971056,0.11243028944,0.0088605788799999,0.0,1.0,8000,0.000125,True,10072.053542525136,2.3428066807713738e-06,0.3527225812270746,0.3779803890156713,1979.3990204187223,5340.127903184768,True,tilde_q_mu,asymptotic,default,sidak_approx,observed,7.85**2 * RBF(length_scale=0.316),0.0271757454873275,0.3705783475544666,0.1003530909153006,0.3157481938887226,0.0247052231702977,61.674132550606046,1628.1725390609245,396,99,297,416,20,0.04,0.3,0.000625,1.0,1e-08,1e+18,False,False,False,False,12,1.1,15.0,12.780625040794437,10.059889585728104,137.18031253265593,116.88334249725796,study_results/v4p2_followups_20260806/pseudo65/gp_window_ensemble_20260806/runs/window_3p0/draw_05/attempt_01/results_single.csv,1,1,1,1,single_attempt_outside_55_75MeV,False,,,,,,,window_3p0,5
2021,0.109,0.002718655875,0.10288302428125,0.11511697571875,1268214292.8765628,1.64,0.104541404365,0.1134585956349999,0.0089171912699999,0.0,1.0,8000,0.000125,True,9287.4095378056,2.181701736631856e-06,0.4336249388522777,0.167152729162084,1001.591556116416,5253.755194396073,True,tilde_q_mu,asymptotic,default,sidak_approx,observed,7.87**2 * RBF(length_scale=0.316),0.0270994103395402,0.3695374137210039,0.1000712047006427,0.3162056484925483,0.0246358275814002,61.95513849549037,1634.3117921577582,397,101,296,416,19,0.04,0.3,0.000625,1.0,1e-08,1e+18,False,False,False,False,12,1.1,15.0,12.835194898477033,9.967944302454349,135.92651321528655,116.3095525992411,study_results/v4p2_followups_20260806/pseudo65/gp_window_ensemble_20260806/runs/window_3p0/draw_05/attempt_01/results_single.csv,1,1,1,1,single_attempt_outside_55_75MeV,False,,,,,,,window_3p0,5
2021,0.11,0.0027360875,0.103843803125,0.116156196875,1243647528.4440663,1.64,0.1055128165,0.1144871835,0.008974367,0.0,1.0,8000,0.000125,True,5093.044730019194,1.2089474295478863e-06,0.5,0.0,-9474.576441075013,4809.097791828504,True,tilde_q_mu,asymptotic,default,sidak_approx,observed,1.23**2 * RBF(length_scale=0.352),0.0270261337672677,0.3685381877354698,0.0998006130245964,0.352382480162322,0.0245692125156979,1.505949678817952,1358.30983591525,396,102,294,416,20,0.04,0.3,0.000625,1.0,1e-08,1e+18,False,False,False,False,12,1.1,15.0,14.34244096904508,9.87765697086361,134.69532232995832,128.79064728826177,study_results/v4p2_followups_20260806/pseudo65/gp_window_ensemble_20260806/runs/window_3p0/draw_05/attempt_01/results_single.csv,1,1,1,1,single_attempt_outside_55_75MeV,False,,,,,,,window_3p0,5
2021,0.111,0.002753690875,0.10480419553125,0.11719580446875,1219296431.1209323,1.64,0.106483946965,0.115516053035,0.0090321060699999,0.0,1.0,8000,0.000125,True,7643.63525209509,1.833950440300287e-06,0.5,0.0,-1746.627341331377,5198.024878028521,True,tilde_q_mu,asymptotic,default,sidak_approx,observed,7.82**2 * RBF(length_scale=0.315),0.0269558335695793,0.3675795486760824,0.0995410123401082,0.3150385272450065,0.0245053032450721,61.08061704372912,1628.556490427818,396,104,292,416,20,0.04,0.3,0.000625,1.0,1e-08,1e+18,False,False,False,False,12,1.1,15.0,12.855932615661814,9.788983147783204,133.4861338334073,114.40591611249992,study_results/v4p2_followups_20260806/pseudo65/gp_window_ensemble_20260806/runs/window_3p0/draw_05/attempt_01/results_single.csv,1,1,1,1,single_attempt_outside_55_75MeV,False,,,,,,,window_3p0,5
2021,0.112,0.002771466,0.1057642015,0.1182357985,1195083180.8359652,1.64,0.10745479576,0.11654520424,0.00909040848,0.0,1.0,8000,0.000125,True,6918.093071428852,1.6783794966488762e-06,0.5,0.0,-3459.9398910220702,5161.241646864732,True,tilde_q_mu,asymptotic,default,sidak_approx,observed,7.71**2 * RBF(length_scale=0.313),0.0268884304576102,0.3666604153310482,0.0992921098536402,0.3132312308333765,0.0244440276887365,59.480106174694214,1629.33749528498,396,105,291,416,20,0.04,0.3,0.000625,1.0,1e-08,1e+18,False,False,False,False,12,1.1,15.0,12.814223368668044,9.70187996447014,132.29836315186554,113.02005178247776,study_results/v4p2_followups_20260806/pseudo65/gp_window_ensemble_20260806/runs/window_3p0/draw_05/attempt_01/results_single.csv,1,1,1,1,single_attempt_outside_55_75MeV,False,,,,,,,window_3p0,5
2021,0.113,0.002789412875,0.10672382103125,0.11927617896875,1171074447.656905,1.64,0.108425362885,0.117574637115,0.00914927423,0.0,1.0,8000,0.000125,True,6700.4683152998205,1.6442283476730675e-06,0.5,0.0,-3905.4794881943826,5108.961115454184,True,tilde_q_mu,asymptotic,default,sidak_approx,observed,7.76**2 * RBF(length_scale=0.314),0.0268238479267369,0.3657797444555033,0.0990536230531478,0.3139524782656824,0.0243853162970335,60.27769191606818,1629.5604518962095,396,107,289,416,20,0.04,0.3,0.000625,1.0,1e-08,1e+18,False,False,False,False,12,1.1,15.0,12.874652698430422,9.616306057502122,131.1314462386653,112.55145521104772,study_results/v4p2_followups_20260806/pseudo65/gp_window_ensemble_20260806/runs/window_3p0/draw_05/attempt_01/results_single.csv,1,1,1,1,single_attempt_outside_55_75MeV,False,,,,,,,window_3p0,5
2021,0.114,0.0028075315,0.107683054125,0.120316945875,1146935681.7505815,1.64,0.10939564834,0.11860435166,0.00920870332,0.0,1.0,8000,0.000125,True,6533.449550089419,1.6226264408407102e-06,0.5,0.0,-4366.313227056962,5089.58655179944,True,tilde_q_mu,asymptotic,default,sidak_approx,observed,7.76**2 * RBF(length_scale=0.314),0.0267620121354335,0.3649365291195483,0.0988252792607253,0.3140371808864369,0.0243291019413032,60.144281419760546,1624.4657565830453,395,108,287,416,21,0.04,0.3,0.000625,1.0,1e-08,1e+18,False,False,False,False,12,1.1,15.0,12.907882158745029,9.532221503279144,129.9848386810792,111.85526534125688,study_results/v4p2_followups_20260806/pseudo65/gp_window_ensemble_20260806/runs/window_3p0/draw_05/attempt_01/results_single.csv,1,1,1,1,single_attempt_outside_55_75MeV,False,,,,,,,window_3p0,5
2021,0.115,0.002825821875,0.10864190078125,0.12135809921875,1123372222.1676126,1.64,0.110365652125,0.119634347875,0.00926869575,0.0,1.0,8000,0.000125,True,6398.721294317362,1.6083908551192558e-06,0.5,0.0,-4407.960191251068,5008.801528962402,True,tilde_q_mu,asymptotic,default,sidak_approx,observed,7.78**2 * RBF(length_scale=0.314),0.026702851790388,0.3641297971416546,0.0986068152083701,0.3143984582031479,0.0242753198094436,60.520002715498585,1629.5002121722346,396,110,286,416,20,0.04,0.3,0.000625,1.0,1e-08,1e+18,False,False,False,False,12,1.1,15.0,12.951362151811482,9.4495877559119,128.85801485334406,111.25912110194412,study_results/v4p2_followups_20260806/pseudo65/gp_window_ensemble_20260806/runs/window_3p0/draw_05/attempt_01/results_single.csv,1,1,1,1,single_attempt_outside_55_75MeV,False,,,,,,,window_3p0,5
2021,0.116,0.002844284,0.109600361,0.122399639,1099793946.70252,1.64,0.11133537424,0.12066462576,0.0093292515199999,0.0,1.0,8000,0.000125,True,6362.107442971057,1.6193905739090011e-06,0.5,0.0,-4487.015431929048,4997.734882578753,True,tilde_q_mu,asymptotic,default,sidak_approx,observed,7.71**2 * RBF(length_scale=0.313),0.0266462980375249,0.3633586096026131,0.0983979766355584,0.3133449549510823,0.0242239073068408,59.45872465586937,1624.0293654477105,395,111,284,416,21,0.04,0.3,0.000625,1.0,1e-08,1e+18,False,False,False,False,12,1.1,15.0,12.935359724671384,9.368367588301648,127.75046711320428,110.1665498069399,study_results/v4p2_followups_20260806/pseudo65/gp_window_ensemble_20260806/runs/window_3p0/draw_05/attempt_01/results_single.csv,1,1,1,1,single_attempt_outside_55_75MeV,False,,,,,,,window_3p0,5
2021,0.117,0.002862917875,0.11055843478125,0.12344156521875,1076409135.485572,1.64,0.112304814685,0.121695185315,0.00939037063,0.0,1.0,8000,0.000125,True,6643.400166142588,1.7129595135086625e-06,0.5,0.0,-3255.7416039819873,4939.622639796759,True,tilde_q_mu,asymptotic,default,sidak_approx,observed,7.82**2 * RBF(length_scale=0.315),0.0265922843585697,0.3626220594350426,0.0981985179072823,0.3150412683174373,0.0241748039623361,61.22131975184987,1624.7825600931828,395,113,282,416,21,0.04,0.3,0.000625,1.0,1e-08,1e+18,False,False,False,False,12,1.1,15.0,13.031802400890813,9.288525036216694,126.66170503931852,110.042020788821,study_results/v4p2_followups_20260806/pseudo65/gp_window_ensemble_20260806/runs/window_3p0/draw_05/attempt_01/results_single.csv,1,1,1,1,single_attempt_outside_55_75MeV,False,,,,,,,window_3p0,5
2021,0.118,0.0028817235,0.1115161221249999,0.124483877875,1053178929.4199272,1.64,0.11327397346,0.1227260265399999,0.0094520530799999,0.0,1.0,8000,0.000125,True,7077.622849305968,1.8493672789372544e-06,0.5,0.0,-1884.994866695708,4891.810020084221,True,tilde_q_mu,asymptotic,default,sidak_approx,observed,7.83**2 * RBF(length_scale=0.315),0.0265407464728296,0.3619192700840412,0.0980082016513522,0.3149277687830843,0.024127951338936,61.31015519456985,1625.956381094325,395,114,281,416,21,0.04,0.3,0.000625,1.0,1e-08,1e+18,False,False,False,False,12,1.1,15.0,13.05240400890874,9.21002534519002,125.59125470713664,109.28451976155394,study_results/v4p2_followups_20260806/pseudo65/gp_window_ensemble_20260806/runs/window_3p0/draw_05/attempt_01/results_single.csv,1,1,1,1,single_attempt_outside_55_75MeV,False,,,,,,,window_3p0,5
2021,0.119,0.002900700875,0.1124734230312499,0.12552657696875,1030627124.242168,1.64,0.114242850565,0.1237571494349999,0.0095142988699999,0.0,1.0,8000,0.000125,True,7635.90795272027,2.021771532025891e-06,0.5,0.0,-587.7464894653807,4846.4249010634185,True,tilde_q_mu,asymptotic,default,sidak_approx,observed,7.83**2 * RBF(length_scale=0.315),0.0264916222438949,0.3612493942349304,0.0978267984138683,0.3151515054569612,0.0240832929489953,61.308341388113575,1628.4508561828884,395,116,279,416,21,0.04,0.3,0.000625,1.0,1e-08,1e+18,False,False,False,False,12,1.1,15.0,13.0858976023089,9.13283492007596,124.53865800103584,108.6466750753682,study_results/v4p2_followups_20260806/pseudo65/gp_window_ensemble_20260806/runs/window_3p0/draw_05/attempt_01/results_single.csv,1,1,1,1,single_attempt_outside_55_75MeV,False,,,,,,,window_3p0,5
2021,0.12,0.00291985,0.1134303374999999,0.1265696624999999,1008026180.837055,1.64,0.115211446,0.124788554,0.009577108,0.0,1.0,8000,0.000125,True,8244.45849082402,2.213242493118311e-06,0.4592939111054013,0.1022127317489641,490.26549565951257,4825.0411073511295,True,tilde_q_mu,asymptotic,default,sidak_approx,observed,7.83**2 * RBF(length_scale=0.315),0.0264448515909636,0.3606116126040493,0.0976540863317667,0.3152833015323062,0.0240407741736032,61.28763421570442,1623.2922957389028,394,117,277,416,22,0.04,0.3,0.000625,1.0,1e-08,1e+18,False,False,False,False,12,1.1,15.0,13.114523652840038,9.05692127710794,123.5034719605628,107.97928028231117,study_results/v4p2_followups_20260806/pseudo65/gp_window_ensemble_20260806/runs/window_3p0/draw_05/attempt_01/results_single.csv,1,1,1,1,single_attempt_outside_55_75MeV,False,,,,,,,window_3p0,5
2021,0.121,0.002939170875,0.1143868655312499,0.12761313446875,985440224.1699862,1.64,0.116179759765,0.125820240235,0.0096404804699999,0.0,1.0,8000,0.000125,True,8813.075236098633,2.4001133016854732e-06,0.3735179077523765,0.3225503299681289,1530.6390315752303,4750.046241649575,True,tilde_q_mu,asymptotic,default,sidak_approx,observed,7.87**2 * RBF(length_scale=0.316),0.0264003764045369,0.3600051327891407,0.0974898508215015,0.3158300355039162,0.0240003421859427,62.00926155046987,1627.5148674031434,395,119,276,416,21,0.04,0.3,0.000625,1.0,1e-08,1e+18,False,False,False,False,12,1.1,15.0,13.159397189299307,8.982252998317762,122.48526815887854,107.45548623603456,study_results/v4p2_followups_20260806/pseudo65/gp_window_ensemble_20260806/runs/window_3p0/draw_05/attempt_01/results_single.csv,1,1,1,1,single_attempt_outside_55_75MeV,False,,,,,,,window_3p0,5
2021,0.122,0.0029586635,0.115343007125,0.128656992875,963312661.4875358,1.64,0.11714779186,0.12685220814,0.00970441628,0.0,1.0,8000,0.000125,True,9357.590473286258,2.585573319138274e-06,0.3045982511094421,0.5112207333458486,2382.6427234736057,4708.343971854196,True,tilde_q_mu,asymptotic,default,sidak_approx,observed,7.83**2 * RBF(length_scale=0.315),0.0263581404662262,0.3594291881758127,0.0973338842829142,0.3149785525161537,0.0239619458783875,61.28192707716686,1628.4400766924218,395,121,274,416,21,0.04,0.3,0.000625,1.0,1e-08,1e+18,False,False,False,False,12,1.1,15.0,13.14494883323515,8.908799688178892,121.48363211153033,106.45974187877523,study_results/v4p2_followups_20260806/pseudo65/gp_window_ensemble_20260806/runs/window_3p0/draw_05/attempt_01/results_single.csv,1,1,1,1,single_attempt_outside_55_75MeV,False,,,,,,,window_3p0,5
2021,0.123,0.002978327875,0.11629876228125,0.12970123771875,941612336.1342888,1.64,0.118115542285,0.127884457715,0.00976891543,0.0,1.0,8000,0.000125,True,9230.676996507204,2.588071231470938e-06,0.313245232553317,0.4866724595395738,2268.2506316755107,4683.3532636683585,True,tilde_q_mu,asymptotic,default,sidak_approx,observed,7.9**2 * RBF(length_scale=0.316),0.026318089372443,0.3588830368969509,0.0971859858174404,0.3161601987209918,0.02392553579313,62.42505331372778,1624.0409137003658,394,122,272,416,22,0.04,0.3,0.000625,1.0,1e-08,1e+18,False,False,False,False,12,1.1,15.0,13.21434142393474,8.836531932349143,120.49816271385194,106.15359087051212,study_results/v4p2_followups_20260806/pseudo65/gp_window_ensemble_20260806/runs/window_3p0/draw_05/attempt_01/results_single.csv,1,1,1,1,single_attempt_outside_55_75MeV,False,,,,,,,window_3p0,5
2021,0.124,0.002998164,0.117254131,0.130745869,920037116.668702,1.64,0.1190830110399999,0.12891698896,0.00983397792,0.0,1.0,8000,0.000125,True,8894.811607818992,2.5318014414566864e-06,0.3351259744393884,0.4258022478158084,1964.592965534296,4612.607653356099,True,tilde_q_mu,asymptotic,default,sidak_approx,observed,7.88**2 * RBF(length_scale=0.316),0.0262801704617562,0.3583659608421308,0.0970459609598579,0.3157370839855555,0.023891064056142,62.1057868140665,1630.282919725943,395,124,271,416,21,0.04,0.3,0.000625,1.0,1e-08,1e+18,False,False,False,False,12,1.1,15.0,13.215697854377652,8.765421258395557,119.52847170539395,105.31014447026764,study_results/v4p2_followups_20260806/pseudo65/gp_window_ensemble_20260806/runs/window_3p0/draw_05/attempt_01/results_single.csv,1,1,1,1,single_attempt_outside_55_75MeV,False,,,,,,,window_3p0,5
2021,0.125,0.003018171875,0.11820911328125,0.13179088671875,898531012.9433209,1.64,0.120050198125,0.129949801875,0.00989960375,0.0,1.0,8000,0.000125,True,8958.88968659769,2.590186447014488e-06,0.32536975965879,0.4527350754028906,2083.0948682590556,4600.966350035177,True,tilde_q_mu,asymptotic,default,sidak_approx,observed,7.79**2 * RBF(length_scale=0.314),0.0262443327457108,0.3578772647142392,0.0969136214228183,0.3140704793094168,0.0238584843142826,60.73788569718433,1625.744847811303,394,125,269,416,22,0.04,0.3,0.000625,1.0,1e-08,1e+18,False,False,False,False,12,1.1,15.0,13.16389068023915,8.695440098390975,118.57418315987692,104.05983897435158,study_results/v4p2_followups_20260806/pseudo65/gp_window_ensemble_20260806/runs/window_3p0/draw_05/attempt_01/results_single.csv,1,1,1,1,single_attempt_outside_55_75MeV,False,,,,,,,window_3p0,5
2021,0.126,0.0030383515,0.119163709125,0.132836290875,877660484.0400469,1.64,0.12101710354,0.13098289646,0.0099657929199999,0.0,1.0,8000,0.000125,True,8555.958911917933,2.512415836357431e-06,0.3627232604543262,0.3511890547202517,1623.5159104274803,4553.408495885486,True,tilde_q_mu,asymptotic,default,sidak_approx,observed,7.78**2 * RBF(length_scale=0.314),0.0262105268429174,0.3574162751306931,0.0967887848534561,0.3141590034824868,0.0238277516753795,60.53877412737429,1624.8504829764715,394,127,267,416,22,0.04,0.3,0.000625,1.0,1e-08,1e+18,False,False,False,False,12,1.1,15.0,13.184584419145908,8.626561753278871,117.63493299925732,103.39784698461872,study_results/v4p2_followups_20260806/pseudo65/gp_window_ensemble_20260806/runs/window_3p0/draw_05/attempt_01/results_single.csv,1,1,1,1,single_attempt_outside_55_75MeV,False,,,,,,,window_3p0,5
2021,0.127,0.003058702875,0.12011791853125,0.13388208146875,857126402.643784,1.64,0.121983727285,0.132016272715,0.0100325454299999,0.0,1.0,8000,0.000125,True,8670.648484765361,2.586562088860634e-06,0.339127714753741,0.4148449252986603,1886.4717592358156,4505.779906996787,True,tilde_q_mu,asymptotic,default,sidak_approx,observed,7.78**2 * RBF(length_scale=0.314),0.0261787049162304,0.3569823397667782,0.0966712746014036,0.3142364353172952,0.0237988226511185,60.544427891707834,1624.8849320977042,394,128,266,416,22,0.04,0.3,0.000625,1.0,1e-08,1e+18,False,False,False,False,12,1.1,15.0,13.20386474254961,8.558760358908806,116.71036853057464,102.7351946753884,study_results/v4p2_followups_20260806/pseudo65/gp_window_ensemble_20260806/runs/window_3p0/draw_05/attempt_01/results_single.csv,1,1,1,1,single_attempt_outside_55_75MeV,False,,,,,,,window_3p0,5
2021,0.128,0.003079226,0.1210717415,0.1349282585,836870911.2847852,1.64,0.12295006936,0.13304993064,0.01009986128,0.0,1.0,8000,0.000125,True,8612.596254999662,2.6108719267113254e-06,0.3323431156691573,0.4334522738204458,1931.3107055019975,4454.904139519806,True,tilde_q_mu,asymptotic,default,sidak_approx,observed,7.85**2 * RBF(length_scale=0.315),0.0261488206128557,0.3565748265389423,0.0965609194976257,0.315270685827499,0.0237716551025961,61.63006241885192,1624.9274899956868,394,130,264,416,22,0.04,0.3,0.000625,1.0,1e-08,1e+18,False,False,False,False,12,1.1,15.0,13.262462561686233,8.492010853654708,115.80014800438238,102.38634183638972,study_results/v4p2_followups_20260806/pseudo65/gp_window_ensemble_20260806/runs/window_3p0/draw_05/attempt_01/results_single.csv,1,1,1,1,single_attempt_outside_55_75MeV,False,,,,,,,window_3p0,5
2021,0.129,0.003099920875,0.12202517803125,0.13597482196875,816661383.882061,1.64,0.123916129765,0.134083870235,0.01016774047,0.0,1.0,8000,0.000125,True,8891.243357584233,2.7406317753388075e-06,0.2921369726869829,0.5471525305483708,2367.118524441746,4432.297834292628,True,tilde_q_mu,asymptotic,default,sidak_approx,observed,7.84**2 * RBF(length_scale=0.315),0.0261208290072193,0.3561931228257187,0.096457553643445,0.3149818826743196,0.0237462081883812,61.41623512111729,1619.8857012518538,393,131,262,416,23,0.04,0.3,0.000625,1.0,1e-08,1e+18,False,False,False,False,12,1.1,15.0,13.264512808762314,8.426288947526562,114.90394019354402,101.60965243163491,study_results/v4p2_followups_20260806/pseudo65/gp_window_ensemble_20260806/runs/window_3p0/draw_05/attempt_01/results_single.csv,1,1,1,1,single_attempt_outside_55_75MeV,False,,,,,,,window_3p0,5
2021,0.13,0.0031207875,0.122978228125,0.137021771875,796778619.4646972,1.64,0.1248819085,0.1351180915,0.010236183,0.0,1.0,8000,0.000125,True,8705.563689171699,2.7292027174920826e-06,0.3021017161271976,0.5183652830038753,2263.7285926544537,4360.802694294113,True,tilde_q_mu,asymptotic,default,sidak_approx,observed,7.85**2 * RBF(length_scale=0.315),0.0260946865464589,0.3558366347244401,0.0963610162092589,0.3151706244771023,0.0237224423149626,61.59306467111091,1625.5412693983783,394,133,261,416,22,0.04,0.3,0.000625,1.0,1e-08,1e+18,False,False,False,False,12,1.1,15.0,13.285757861378034,8.36157109269982,114.0214239913612,100.99073534391631,study_results/v4p2_followups_20260806/pseudo65/gp_window_ensemble_20260806/runs/window_3p0/draw_05/attempt_01/results_single.csv,1,1,1,1,single_attempt_outside_55_75MeV,False,,,,,,,window_3p0,5
2021,0.131,0.003141825875,0.12393089178125,0.13806910821875,777717056.7816086,1.64,0.125847405565,0.136152594435,0.0103051888699999,0.0,1.0,8000,0.000125,True,8084.739636579394,2.5768731524522087e-06,0.368127090638372,0.3368178962902403,1463.4006850458604,4331.935459137126,True,tilde_q_mu,asymptotic,default,sidak_approx,observed,7.91**2 * RBF(length_scale=0.316),0.0260703509983903,0.3555047863416871,0.0962711512423922,0.3162436732631637,0.0237003190894458,62.57386886212236,1618.946378388373,393,134,259,416,23,0.04,0.3,0.000625,1.0,1e-08,1e+18,False,False,False,False,12,1.1,15.0,13.343435253746982,8.297834455383493,113.1522880279567,100.65601527429132,study_results/v4p2_followups_20260806/pseudo65/gp_window_ensemble_20260806/runs/window_3p0/draw_05/attempt_01/results_single.csv,1,1,1,1,single_attempt_outside_55_75MeV,False,,,,,,,window_3p0,5
2021,0.132,0.003163036,0.124883169,0.139116831,758729637.4451472,1.64,0.12681262096,0.13718737904,0.0103747580799999,0.0,1.0,8000,0.000125,True,7182.863660982292,2.3289306966554466e-06,0.4785113472289642,0.0538901374067068,228.35514706884152,4279.824352516713,True,tilde_q_mu,asymptotic,default,sidak_approx,observed,8**2 * RBF(length_scale=0.318),0.0260477814018274,0.3551970191158293,0.0961878074836403,0.317621824059415,0.0236798012743886,64.00304503181424,1618.3771961745429,393,136,257,416,23,0.04,0.3,0.000625,1.0,1e-08,1e+18,False,False,False,False,12,1.1,15.0,13.413196351565055,8.235056888959685,112.2962303039957,100.41675910720429,study_results/v4p2_followups_20260806/pseudo65/gp_window_ensemble_20260806/runs/window_3p0/draw_05/attempt_01/results_single.csv,1,1,1,1,single_attempt_outside_55_75MeV,False,,,,,,,window_3p0,5
2021,0.133,0.003184417875,0.12583505978125,0.14016494021875,740120080.2932594,1.64,0.127777554685,0.138222445315,0.0104448906299999,0.0,1.0,8000,0.000125,True,6684.617818078963,2.205173049224976e-06,0.5,0.0,-503.83634918398366,4240.657142601657,True,tilde_q_mu,asymptotic,default,sidak_approx,observed,7.89**2 * RBF(length_scale=0.316),0.0260269380191233,0.3549127911698635,0.0961108381920171,0.3159547547997434,0.0236608527446575,62.295003364194216,1615.3374022954986,393,137,256,416,23,0.04,0.3,0.000625,1.0,1e-08,1e+18,False,False,False,False,12,1.1,15.0,13.353481305574816,8.173216908325301,111.45295784079954,99.21899926520898,study_results/v4p2_followups_20260806/pseudo65/gp_window_ensemble_20260806/runs/window_3p0/draw_05/attempt_01/results_single.csv,1,1,1,1,single_attempt_outside_55_75MeV,False,,,,,,,window_3p0,5
2021,0.134,0.0032059715,0.126786564125,0.141213435875,721731213.3148873,1.64,0.12874220674,0.13925779326,0.01051558652,0.0,1.0,8000,0.000125,True,6250.020600104792,2.098558520493095e-06,0.5,0.0,-1247.828580462318,4201.791110785852,True,tilde_q_mu,asymptotic,default,sidak_approx,observed,7.83**2 * RBF(length_scale=0.315),0.0260077822908281,0.3546515766931113,0.0960401009773177,0.3150560395510713,0.0236434384462074,61.294523519745475,1617.0949863149608,393,139,254,416,23,0.04,0.3,0.000625,1.0,1e-08,1e+18,False,False,False,False,12,1.1,15.0,13.325305465525831,8.112293665376676,110.62218634604557,98.27162828835851,study_results/v4p2_followups_20260806/pseudo65/gp_window_ensemble_20260806/runs/window_3p0/draw_05/attempt_01/results_single.csv,1,1,1,1,single_attempt_outside_55_75MeV,False,,,,,,,window_3p0,5
2021,0.135,0.003227696875,0.12773768203125,0.14226231796875,703839749.1336825,1.64,0.129706577125,0.140293422875,0.01058684575,0.0,1.0,8000,0.000125,True,5791.723431111997,1.979338985861017e-06,0.5,0.0,-2252.2195060240524,4175.465374252707,True,tilde_q_mu,asymptotic,default,sidak_approx,observed,7.87**2 * RBF(length_scale=0.316),0.025990276792342,0.3544128653501188,0.0959754576400479,0.315595637873208,0.0236275243566745,61.93626278325871,1611.859167681483,392,140,252,416,24,0.04,0.3,0.000625,1.0,1e-08,1e+18,False,False,False,False,12,1.1,15.0,13.357118295978172,8.052266925574306,109.80363989419509,97.7773471597168,study_results/v4p2_followups_20260806/pseudo65/gp_window_ensemble_20260806/runs/window_3p0/draw_05/attempt_01/results_single.csv,1,1,1,1,single_attempt_outside_55_75MeV,False,,,,,,,window_3p0,5
2021,0.136,0.003249594,0.1286884135,0.1433115865,686424779.2721932,1.64,0.13067066584,0.14132933416,0.01065866832,0.0,1.0,8000,0.000125,True,5492.295335428142,1.9104775704692104e-06,0.5,0.0,-2803.5622986638723,4106.621147306779,True,tilde_q_mu,asymptotic,default,sidak_approx,observed,7.95**2 * RBF(length_scale=0.317),0.0259743851924713,0.3541961617155187,0.0959167740183841,0.3166836655361092,0.0236130774477012,63.18838166857308,1617.129351174388,393,142,251,416,23,0.04,0.3,0.000625,1.0,1e-08,1e+18,False,False,False,False,12,1.1,15.0,13.41136775744318,7.993117045535957,108.99705062094486,97.45330202360948,study_results/v4p2_followups_20260806/pseudo65/gp_window_ensemble_20260806/runs/window_3p0/draw_05/attempt_01/results_single.csv,1,1,1,1,single_attempt_outside_55_75MeV,False,,,,,,,window_3p0,5
2021,0.137,0.003271662875,0.12963875853125,0.14436124146875,669116428.5880822,1.64,0.131634472885,0.142365527115,0.0107310542299999,0.0,1.0,8000,0.000125,True,5503.636929209642,1.9496086268394953e-06,0.5,0.0,-2671.554466961893,4086.003244419492,True,tilde_q_mu,asymptotic,default,sidak_approx,observed,7.92**2 * RBF(length_scale=0.316),0.0259600722137896,0.3540009847334957,0.0958639198417955,0.316267693787054,0.0236000656488997,62.800612252522306,1613.1272090013435,392,143,249,416,24,0.04,0.3,0.000625,1.0,1e-08,1e+18,False,False,False,False,12,1.1,15.0,13.401136187169849,7.93482495160498,108.20215843097698,96.6687907252834,study_results/v4p2_followups_20260806/pseudo65/gp_window_ensemble_20260806/runs/window_3p0/draw_05/attempt_01/results_single.csv,1,1,1,1,single_attempt_outside_55_75MeV,False,,,,,,,window_3p0,5
2021,0.138,0.0032939035,0.130588717125,0.145411282875,652262296.7982231,1.64,0.13259799826,0.14340200174,0.0108040034799999,0.0,1.0,8000,0.000125,True,5671.497420165054,2.0460502667238e-06,0.4999311292015692,0.0001726334915006,-2026.9064961016124,4045.970053707255,True,tilde_q_mu,asymptotic,default,sidak_approx,observed,7.89**2 * RBF(length_scale=0.316),0.0259473035947063,0.3538268672005407,0.095816768590974,0.3159701143968161,0.0235884578133693,62.287639342853666,1612.337128441725,392,145,247,416,24,0.04,0.3,0.000625,1.0,1e-08,1e+18,False,False,False,False,12,1.1,15.0,13.395115394857722,7.877372119342997,107.41871071831358,95.9257350425767,study_results/v4p2_followups_20260806/pseudo65/gp_window_ensemble_20260806/runs/window_3p0/draw_05/attempt_01/results_single.csv,1,1,1,1,single_attempt_outside_55_75MeV,False,,,,,,,window_3p0,5
2021,0.139,0.003316315875,0.13153828928125,0.14646171071875,635785521.2448627,1.64,0.133561241965,0.144438758035,0.0108775160699999,0.0,1.0,8000,0.000125,True,5765.835761129001,2.118637991130928e-06,0.5,0.0,-1609.211342677204,4001.440905275328,True,tilde_q_mu,asymptotic,default,sidak_approx,observed,7.91**2 * RBF(length_scale=0.316),0.0259360460531648,0.3536733552704296,0.0957751973637809,0.3161240188414619,0.0235782236846953,62.49111210687035,1612.461041024058,392,146,246,416,24,0.04,0.3,0.000625,1.0,1e-08,1e+18,False,False,False,False,12,1.1,15.0,13.407456942850995,7.820740553903008,106.64646209867738,95.32385657969382,study_results/v4p2_followups_20260806/pseudo65/gp_window_ensemble_20260806/runs/window_3p0/draw_05/attempt_01/results_single.csv,1,1,1,1,single_attempt_outside_55_75MeV,False,,,,,,,window_3p0,5
2021,0.14,0.0033389,0.132487475,0.147512525,619834689.867921,1.64,0.134524204,0.145475796,0.010951592,0.0,1.0,8000,0.000125,True,5938.952243960921,2.2224184866838847e-06,0.5,0.0,-1063.1735000379897,3960.193838570584,True,tilde_q_mu,asymptotic,default,sidak_approx,observed,7.97**2 * RBF(length_scale=0.317),0.0259262672518869,0.3535400079802764,0.0957390867469023,0.3169549186269321,0.0235693338653517,63.47519397766866,1612.1442760412428,392,148,244,416,24,0.04,0.3,0.000625,1.0,1e-08,1e+18,False,False,False,False,12,1.1,15.0,13.447767358961029,7.764912771238112,105.88517415324698,94.9279459183959,study_results/v4p2_followups_20260806/pseudo65/gp_window_ensemble_20260806/runs/window_3p0/draw_05/attempt_01/results_single.csv,1,1,1,1,single_attempt_outside_55_75MeV,False,,,,,,,window_3p0,5
2021,0.141,0.003361655875,0.13343627428125,0.1485637257187499,604132627.2786524,1.64,0.1354868843649999,0.146513115635,0.01102623127,0.0,1.0,8000,0.000125,True,5955.039532360855,2.2701427495301372e-06,0.5,0.0,-976.0964162062444,3942.236853226558,True,tilde_q_mu,asymptotic,default,sidak_approx,observed,7.9**2 * RBF(length_scale=0.316),0.0259179357650831,0.3534263967965889,0.0957083206929198,0.3158947530442986,0.0235617597864392,62.47917741492552,1609.3575095195674,391,149,242,416,25,0.04,0.3,0.000625,1.0,1e-08,1e+18,False,False,False,False,12,1.1,15.0,13.407095051792725,7.709871780103963,105.13461518323584,93.96998526635288,study_results/v4p2_followups_20260806/pseudo65/gp_window_ensemble_20260806/runs/window_3p0/draw_05/attempt_01/results_single.csv,1,1,1,1,single_attempt_outside_55_75MeV,False,,,,,,,window_3p0,5
2021,0.142,0.0033845835,0.1343846871249999,0.149615312875,588792286.6909375,1.64,0.1364492830599999,0.14755071694,0.01110143388,0.0,1.0,8000,0.000125,True,6065.981288363907,2.355974209441161e-06,0.5,0.0,-563.5081622366564,3882.7068362844834,True,tilde_q_mu,asymptotic,default,sidak_approx,observed,7.89**2 * RBF(length_scale=0.316),0.0259110210465671,0.3533321051804605,0.0956827864025644,0.3158726616433682,0.0235554736786973,62.28302435669909,1614.4407252364315,392,151,241,416,24,0.04,0.3,0.000625,1.0,1e-08,1e+18,False,False,False,False,12,1.1,15.0,13.409735076948625,7.6556010648184945,104.39455997479764,93.32689284911072,study_results/v4p2_followups_20260806/pseudo65/gp_window_ensemble_20260806/runs/window_3p0/draw_05/attempt_01/results_single.csv,1,1,1,1,single_attempt_outside_55_75MeV,False,,,,,,,window_3p0,5
2021,0.143,0.003407682875,0.1353327135312499,0.15066728646875,573696429.0826498,1.64,0.137411400085,0.1485885999149999,0.0111771998299999,0.0,1.0,8000,0.000125,True,6264.423055401543,2.4796067914451655e-06,0.499655646048896,0.0008631674575031,-87.74064324418094,3841.07586783601,True,tilde_q_mu,asymptotic,default,sidak_approx,observed,7.92**2 * RBF(length_scale=0.316),0.025905493399191,0.3532567281707865,0.0956623742118505,0.3164440784781586,0.0235504485447191,62.78756941892956,1615.0841914406392,392,153,239,416,24,0.04,0.3,0.000625,1.0,1e-08,1e+18,False,False,False,False,12,1.1,15.0,13.436859933995493,7.602084568738228,103.66478957370308,92.86195050593098,study_results/v4p2_followups_20260806/pseudo65/gp_window_ensemble_20260806/runs/window_3p0/draw_05/attempt_01/results_single.csv,1,1,1,1,single_attempt_outside_55_75MeV,False,,,,,,,window_3p0,5
2021,0.144,0.003430954,0.1362803534999999,0.1517196465,559083772.4170778,1.64,0.13837323544,0.14962676456,0.0112535291199999,0.0,1.0,8000,0.000125,True,6317.291703537614,2.548070700936728e-06,0.4978683504442117,0.0053432784736912,52.88759884493564,3820.8801604496734,True,tilde_q_mu,asymptotic,default,sidak_approx,observed,7.9**2 * RBF(length_scale=0.316),0.0259013239455544,0.3531998719848339,0.0956469774839098,0.3160843531026871,0.0235466581323222,62.34966414844685,1609.9377752275886,391,154,237,416,25,0.04,0.3,0.000625,1.0,1e-08,1e+18,False,False,False,False,12,1.1,15.0,13.42374579553611,7.5493066784207805,102.94509106937429,92.12724889423966,study_results/v4p2_followups_20260806/pseudo65/gp_window_ensemble_20260806/runs/window_3p0/draw_05/attempt_01/results_single.csv,1,1,1,1,single_attempt_outside_55_75MeV,False,,,,,,,window_3p0,5
2021,0.145,0.003454396875,0.1372276070312499,0.15277239296875,544779001.7566646,1.64,0.139334789125,0.1506652108749999,0.0113304217499999,0.0,1.0,8000,0.000125,True,6414.136589529333,2.636754915391883e-06,0.4609701774701581,0.0979898476888884,368.4114250592214,3759.2793719744386,True,tilde_q_mu,asymptotic,default,sidak_approx,observed,7.92**2 * RBF(length_scale=0.317),0.0258984845999115,0.3531611536351575,0.095636492505252,0.3165161009487147,0.0235440769090105,62.75199738866517,1615.857383217069,392,156,236,416,24,0.04,0.3,0.000625,1.0,1e-08,1e+18,False,False,False,False,12,1.1,15.0,13.443555343959208,7.49725220843698,102.235257387777,91.6270227197663,study_results/v4p2_followups_20260806/pseudo65/gp_window_ensemble_20260806/runs/window_3p0/draw_05/attempt_01/results_single.csv,1,1,1,1,single_attempt_outside_55_75MeV,False,,,,,,,window_3p0,5
2021,0.146,0.0034780115,0.138174474125,0.1538255258749999,530723198.11642635,1.64,0.1402960611399999,0.15170393886,0.01140787772,0.0,1.0,8000,0.000125,True,6319.343854223305,2.6483231830750514e-06,0.4712371349942953,0.0721603864472946,270.1059783305742,3739.985205985226,True,tilde_q_mu,asymptotic,default,sidak_approx,observed,7.89**2 * RBF(length_scale=0.316),0.0258969480412312,0.3531402005622441,0.0956308183862839,0.3160498945462786,0.0235426800374829,62.302643470209766,1610.7600582148116,391,157,234,416,25,0.04,0.3,0.000625,1.0,1e-08,1e+18,False,False,False,False,12,1.1,15.0,13.42455039286466,7.445906386805,101.53508709279544,90.87085955474232,study_results/v4p2_followups_20260806/pseudo65/gp_window_ensemble_20260806/runs/window_3p0/draw_05/attempt_01/results_single.csv,1,1,1,1,single_attempt_outside_55_75MeV,False,,,,,,,window_3p0,5
2021,0.147,0.0035017978749999,0.13912095478125,0.1548790452187499,517058895.8195766,1.64,0.141257051485,0.1527429485149999,0.0114858970299999,0.0,1.0,8000,0.000125,True,6195.287231445074,2.6468176329039483e-06,0.4733279570571687,0.0669067817107395,172.1158823119305,3701.284907314113,True,tilde_q_mu,asymptotic,default,sidak_approx,observed,7.88**2 * RBF(length_scale=0.316),0.025896687687343,0.353136650281951,0.0956298569658356,0.315797929653229,0.02354244335213,62.01749705933858,1611.9297409531514,391,159,232,416,25,0.04,0.3,0.000625,1.0,1e-08,1e+18,False,False,False,False,12,1.1,15.0,13.413982776968489,7.3952548410130845,100.84438419563295,90.18165551694756,study_results/v4p2_followups_20260806/pseudo65/gp_window_ensemble_20260806/runs/window_3p0/draw_05/attempt_01/results_single.csv,1,1,1,1,single_attempt_outside_55_75MeV,False,,,,,,,window_3p0,5
2021,0.148,0.0035257559999999,0.140067049,0.155932951,503681799.08701915,1.64,0.1422177601599999,0.15378223984,0.01156447968,0.0,1.0,8000,0.000125,True,5938.051799538567,2.586699212335863e-06,0.5,0.0,-142.9031213996976,3661.39341055216,True,tilde_q_mu,asymptotic,default,sidak_approx,observed,7.84**2 * RBF(length_scale=0.315),0.0258976776701328,0.3531501500472667,0.0956335127195648,0.3153282656271376,0.0235433433364844,61.5152048168006,1612.550128077621,391,160,231,416,25,0.04,0.3,0.000625,1.0,1e-08,1e+18,False,False,False,False,12,1.1,15.0,13.39352109513191,7.345283584607923,100.16295797192622,89.43564603652031,study_results/v4p2_followups_20260806/pseudo65/gp_window_ensemble_20260806/runs/window_3p0/draw_05/attempt_01/results_single.csv,1,1,1,1,single_attempt_outside_55_75MeV,False,,,,,,,window_3p0,5
2021,0.149,0.003549885875,0.14101275678125,0.15698724321875,490644352.2917579,1.64,0.143178187165,0.154821812835,0.0116436256699999,0.0,1.0,8000,0.000125,True,5685.16638785158,2.525282849472644e-06,0.5,0.0,-483.5882546764279,3624.517091661468,True,tilde_q_mu,asymptotic,default,sidak_approx,observed,7.82**2 * RBF(length_scale=0.315),0.0258998928117245,0.353180356523517,0.0956416926720024,0.3149723968125691,0.0235453571015678,61.20397352173432,1611.4884993861756,391,162,229,416,25,0.04,0.3,0.000625,1.0,1e-08,1e+18,False,False,False,False,12,1.1,15.0,13.377261404610266,7.295979004317872,99.49062278615278,88.72747122118936,study_results/v4p2_followups_20260806/pseudo65/gp_window_ensemble_20260806/runs/window_3p0/draw_05/attempt_01/results_single.csv,1,1,1,1,single_attempt_outside_55_75MeV,False,,,,,,,window_3p0,5
2021,0.15,0.0035741875,0.141958078125,0.158041921875,477946931.2512179,1.64,0.1441383325,0.1558616675,0.011723335,0.0,1.0,8000,0.000125,True,5561.349991012054,2.5190060629578673e-06,0.5,0.0,-640.9437532149883,3599.7335109933197,True,tilde_q_mu,asymptotic,default,sidak_approx,observed,7.85**2 * RBF(length_scale=0.315),0.0259033086016125,0.3532269354765349,0.0956543063121079,0.3154256581520187,0.0235484623651023,61.64613787301584,1606.6274404096664,390,163,227,416,26,0.04,0.3,0.000625,1.0,1e-08,1e+18,False,False,False,False,12,1.1,15.0,13.394745408917403,7.247327847689178,98.82719792303423,88.25101037704896,study_results/v4p2_followups_20260806/pseudo65/gp_window_ensemble_20260806/runs/window_3p0/draw_05/attempt_01/results_single.csv,1,1,1,1,single_attempt_outside_55_75MeV,False,,,,,,,window_3p0,5
2021,0.151,0.003598660875,0.14290301303125,0.15909698696875,465470649.96646106,1.64,0.145098196165,0.156901803835,0.0118036076699999,0.0,1.0,8000,0.000125,True,5531.347165351675,2.5555335674500077e-06,0.5,0.0,-559.6257268258487,3555.491644849634,True,tilde_q_mu,asymptotic,default,sidak_approx,observed,7.93**2 * RBF(length_scale=0.317),0.0259079011746969,0.3532895614731401,0.0956712655121596,0.3166169871615566,0.0235526374315426,62.9473012735633,1607.7433684904297,390,165,225,416,26,0.04,0.3,0.000625,1.0,1e-08,1e+18,False,False,False,False,12,1.1,15.0,13.44295253904473,7.199317211210392,98.17250742559624,87.98189053075379,study_results/v4p2_followups_20260806/pseudo65/gp_window_ensemble_20260806/runs/window_3p0/draw_05/attempt_01/results_single.csv,1,1,1,1,single_attempt_outside_55_75MeV,False,,,,,,,window_3p0,5
2021,0.152,0.003623306,0.1438475615,0.1601524385,453362715.5960102,1.64,0.1460577781599999,0.15794222184,0.01188444368,0.0,1.0,8000,0.000125,True,5255.108237521142,2.476350980523748e-06,0.5,0.0,-1000.097244928899,3519.7416660850004,True,tilde_q_mu,asymptotic,default,sidak_approx,observed,7.88**2 * RBF(length_scale=0.316),0.0259136472901786,0.3533679175933457,0.0956924844498192,0.3157908526949549,0.0235578611728897,62.043078474872594,1608.1171135835457,390,166,224,416,26,0.04,0.3,0.000625,1.0,1e-08,1e+18,False,False,False,False,12,1.1,15.0,13.404903372907455,7.151934528902247,97.5263799395761,87.15544662663184,study_results/v4p2_followups_20260806/pseudo65/gp_window_ensemble_20260806/runs/window_3p0/draw_05/attempt_01/results_single.csv,1,1,1,1,single_attempt_outside_55_75MeV,False,,,,,,,window_3p0,5
2021,0.153,0.003648122875,0.14479172353125,0.16120827646875,441644549.5313737,1.64,0.147017078485,0.158982921515,0.0119658430299999,0.0,1.0,8000,0.000125,True,5269.4957151418175,2.532355492116068e-06,0.5,0.0,-838.04372644116,3481.1135983259865,True,tilde_q_mu,asymptotic,default,sidak_approx,observed,7.91**2 * RBF(length_scale=0.316),0.0259205243112793,0.3534616951538094,0.0957178795332425,0.3162312319190842,0.0235641130102539,62.54597327400054,1607.2038288295014,390,168,222,416,26,0.04,0.3,0.000625,1.0,1e-08,1e+18,False,False,False,False,12,1.1,15.0,13.420035448882617,7.105167561352867,96.88864856390272,86.68327322146028,study_results/v4p2_followups_20260806/pseudo65/gp_window_ensemble_20260806/runs/window_3p0/draw_05/attempt_01/results_single.csv,1,1,1,1,single_attempt_outside_55_75MeV,False,,,,,,,window_3p0,5
2021,0.154,0.0036731115,0.145735499125,0.162264500875,430164399.9517347,1.64,0.1479760971399999,0.16002390286,0.01204780572,0.0,1.0,8000,0.000125,True,5486.818903313042,2.689585543283755e-06,0.4999311292015692,0.0001726334915006,-355.2765039797846,3458.899737900399,True,tilde_q_mu,asymptotic,default,sidak_approx,observed,7.92**2 * RBF(length_scale=0.316),0.0259285101857464,0.3535705934419964,0.0957473693290902,0.316305047815387,0.023571372896133,62.75336738147181,1604.1649510123314,389,169,220,416,27,0.04,0.3,0.000625,1.0,1e-08,1e+18,False,False,False,False,12,1.1,15.0,13.419033724050802,7.0590043851776345,96.25915070696774,86.11365263901925,study_results/v4p2_followups_20260806/pseudo65/gp_window_ensemble_20260806/runs/window_3p0/draw_05/attempt_01/results_single.csv,1,1,1,1,single_attempt_outside_55_75MeV,False,,,,,,,window_3p0,5
2021,0.155,0.003698271875,0.14667888828125,0.16332111171875,419006242.6242384,1.64,0.148934834125,0.161065165875,0.01213033175,0.0,1.0,8000,0.000125,True,5802.893727907665,2.9014316726893425e-06,0.46338891620013,0.0918995708903857,312.93041397556766,3408.8866397191496,True,tilde_q_mu,asymptotic,default,sidak_approx,observed,7.89**2 * RBF(length_scale=0.316),0.0259375834271065,0.3536943194605435,0.0957808744933012,0.3158413316402209,0.0235796212973695,62.27786407433797,1609.5147437259643,390,171,219,416,26,0.04,0.3,0.000625,1.0,1e-08,1e+18,False,False,False,False,12,1.1,15.0,13.394673631821844,7.01343338288414,95.63772794842008,85.40241018387023,study_results/v4p2_followups_20260806/pseudo65/gp_window_ensemble_20260806/runs/window_3p0/draw_05/attempt_01/results_single.csv,1,1,1,1,single_attempt_outside_55_75MeV,False,,,,,,,window_3p0,5
2021,0.156,0.003723604,0.147621891,0.164378109,408018948.64312065,1.64,0.14989328944,0.16210671056,0.01221342112,0.0,1.0,8000,0.000125,True,6431.842222321691,3.281333509021936e-06,0.349955760560991,0.3854399064076897,1305.7015128269616,3388.498703943955,True,tilde_q_mu,asymptotic,default,sidak_approx,observed,7.9**2 * RBF(length_scale=0.316),0.0259477230966391,0.353832587681443,0.0958183177045254,0.3159071388998513,0.0235888391787628,62.34960904043145,1605.505038207638,389,172,217,416,27,0.04,0.3,0.000625,1.0,1e-08,1e+18,False,False,False,False,12,1.1,15.0,13.392229117584725,6.968443233125529,95.0242259062572,84.83908033718176,study_results/v4p2_followups_20260806/pseudo65/gp_window_ensemble_20260806/runs/window_3p0/draw_05/attempt_01/results_single.csv,1,1,1,1,single_attempt_outside_55_75MeV,False,,,,,,,window_3p0,5
2021,0.157,0.003749107875,0.14856450728125,0.16543549271875,397354285.67265946,1.64,0.150851463085,0.163148536915,0.01229707383,0.0,1.0,8000,0.000125,True,7165.811589184812,3.7299907365863634e-06,0.2401773476496403,0.7057321954265696,2364.81529803862,3351.0137067412156,True,tilde_q_mu,asymptotic,default,sidak_approx,observed,7.96**2 * RBF(length_scale=0.317),0.0259589087860322,0.3539851198095312,0.0958596236000764,0.3168813129851392,0.023599007987302,63.41855813412009,1604.1561103147635,389,174,215,416,27,0.04,0.3,0.000625,1.0,1e-08,1e+18,False,False,False,False,12,1.1,15.0,13.42773870645934,6.924022901323501,94.41849410895684,84.52179119682951,study_results/v4p2_followups_20260806/pseudo65/gp_window_ensemble_20260806/runs/window_3p0/draw_05/attempt_01/results_single.csv,1,1,1,1,single_attempt_outside_55_75MeV,False,,,,,,,window_3p0,5
2021,0.158,0.0037747835,0.149506737125,0.166493262875,387039666.85970527,1.64,0.15180935506,0.16419064494,0.0123812898799999,0.0,1.0,8000,0.000125,True,7727.380798221269,4.103360488605488e-06,0.1728722769930534,0.9428755662793246,3127.0677831206694,3316.7117303645464,True,tilde_q_mu,asymptotic,default,sidak_approx,observed,7.94**2 * RBF(length_scale=0.317),0.0259711206006934,0.3541516445549109,0.0959047187143026,0.3165615366629198,0.023610109636994,63.05086669644764,1604.1900041582574,389,175,214,416,27,0.04,0.3,0.000625,1.0,1e-08,1e+18,False,False,False,False,12,1.1,15.0,13.407880841303164,6.880161630645431,93.82038587243768,83.86217028418183,study_results/v4p2_followups_20260806/pseudo65/gp_window_ensemble_20260806/runs/window_3p0/draw_05/attempt_01/results_single.csv,1,1,1,1,single_attempt_outside_55_75MeV,False,,,,,,,window_3p0,5
2021,0.159,0.003800630875,0.15044858053125,0.16755141946875,376812670.72105056,1.64,0.152766965365,0.165233034635,0.0124660692699999,0.0,1.0,8000,0.000125,True,8229.99911772377,4.460639115552735e-06,0.1258664255636126,1.1461505826395018,3765.0011593877134,3287.6575010564748,True,tilde_q_mu,asymptotic,default,sidak_approx,observed,7.89**2 * RBF(length_scale=0.316),0.0259843391436889,0.3543318974139398,0.0959535314192792,0.3157743145939481,0.0236221264942626,62.1738703982496,1603.9329500081242,389,177,212,416,27,0.04,0.3,0.000625,1.0,1e-08,1e+18,False,False,False,False,12,1.1,15.0,13.367734470080135,6.836848933320556,93.22975818164392,83.0847101387998,study_results/v4p2_followups_20260806/pseudo65/gp_window_ensemble_20260806/runs/window_3p0/draw_05/attempt_01/results_single.csv,1,1,1,1,single_attempt_outside_55_75MeV,False,,,,,,,window_3p0,5
2021,0.16,0.00382665,0.1513900375,0.1686099625,367005424.0565123,1.64,0.153724294,0.166275706,0.0125514119999999,0.0,1.0,8000,0.000125,True,8427.302420314338,4.6603231902104535e-06,0.108815119610344,1.232854002627475,4028.416056816347,3267.4052791129843,True,tilde_q_mu,asymptotic,default,sidak_approx,observed,7.92**2 * RBF(length_scale=0.316),0.0259985455002782,0.3545256204583391,0.0960059918676979,0.3162836995328391,0.0236350413638892,62.69652170462463,1599.17510910669,388,178,210,416,28,0.04,0.3,0.000625,1.0,1e-08,1e+18,False,False,False,False,12,1.1,15.0,13.381982060588738,6.7940745822790705,92.64647157653278,82.6528947076004,study_results/v4p2_followups_20260806/pseudo65/gp_window_ensemble_20260806/runs/window_3p0/draw_05/attempt_01/results_single.csv,1,1,1,1,single_attempt_outside_55_75MeV,False,,,,,,,window_3p0,5
2021,0.161,0.003852840875,0.15233110803125,0.16966889196875,357410945.39902496,1.64,0.154681340965,0.167318659035,0.01263731807,0.0,1.0,8000,0.000125,True,8073.046847687943,4.555789721661314e-06,0.1250397390137199,1.150156356714091,3703.737550039027,3221.2984109280333,True,tilde_q_mu,asymptotic,default,sidak_approx,observed,7.9**2 * RBF(length_scale=0.316),0.0260137212230255,0.3547325621321662,0.0960620319378876,0.3160681566431386,0.0236488374754777,62.37316495154103,1604.4691575840022,389,180,209,416,27,0.04,0.3,0.000625,1.0,1e-08,1e+18,False,False,False,False,12,1.1,15.0,13.365061050923964,6.751828603101996,92.07039004229992,82.03509225984803,study_results/v4p2_followups_20260806/pseudo65/gp_window_ensemble_20260806/runs/window_3p0/draw_05/attempt_01/results_single.csv,1,1,1,1,single_attempt_outside_55_75MeV,False,,,,,,,window_3p0,5
2021,0.162,0.0038792035,0.153271792125,0.170728207875,348034765.9525295,1.64,0.15563810626,0.16836189374,0.01272378748,0.0,1.0,8000,0.000125,True,7662.391054319556,4.413128684636358e-06,0.1547493873905933,1.0162743180052831,3256.0103052491336,3203.503274144458,True,tilde_q_mu,asymptotic,default,sidak_approx,observed,7.9**2 * RBF(length_scale=0.316),0.0260298483174566,0.3549524770562273,0.0961215851808485,0.3161116490627172,0.0236634984704151,62.46296134082958,1599.7099292471182,388,181,207,416,28,0.04,0.3,0.000625,1.0,1e-08,1e+18,False,False,False,False,12,1.1,15.0,13.358618526247495,6.710101266266818,91.50138090363842,81.48880280777155,study_results/v4p2_followups_20260806/pseudo65/gp_window_ensemble_20260806/runs/window_3p0/draw_05/attempt_01/results_single.csv,1,1,1,1,single_attempt_outside_55_75MeV,False,,,,,,,window_3p0,5
2021,0.163,0.003905737875,0.15421208978125,0.17178791021875,338899709.6922806,1.64,0.156594589885,0.169405410115,0.01281082023,0.0,1.0,8000,0.000125,True,7014.7618946116545,4.12357649093277e-06,0.211492293404795,0.8012540491480882,2534.640710489811,3172.4786167547923,True,tilde_q_mu,asymptotic,default,sidak_approx,observed,7.92**2 * RBF(length_scale=0.316),0.0260469092282431,0.3551851258396787,0.0961845867692335,0.3162380116829471,0.0236790083893119,62.700748145325775,1599.959780613902,388,183,205,416,28,0.04,0.3,0.000625,1.0,1e-08,1e+18,False,False,False,False,12,1.1,15.0,13.355205018876072,6.668883079677514,90.93931472287518,80.96754616000621,study_results/v4p2_followups_20260806/pseudo65/gp_window_ensemble_20260806/runs/window_3p0/draw_05/attempt_01/results_single.csv,1,1,1,1,single_attempt_outside_55_75MeV,False,,,,,,,window_3p0,5
2021,0.164,0.003932444,0.155152001,0.172847999,329984866.4340829,1.64,0.15755079184,0.17044920816,0.0128984163199999,0.0,1.0,8000,0.000125,True,6217.71626495238,3.7308943486824057e-06,0.3142597892967926,0.4838116045717981,1526.3334419122027,3154.885134875487,True,tilde_q_mu,asymptotic,default,sidak_approx,observed,7.9**2 * RBF(length_scale=0.316),0.0260648868258862,0.3554302748984483,0.096250973448177,0.3159128260828555,0.0236953516598965,62.33910958786463,1595.1137021377374,387,184,203,416,29,0.04,0.3,0.000625,1.0,1e-08,1e+18,False,False,False,False,12,1.1,15.0,13.332270000344645,6.6281647814657285,90.38406520180536,80.33498406661494,study_results/v4p2_followups_20260806/pseudo65/gp_window_ensemble_20260806/runs/window_3p0/draw_05/attempt_01/results_single.csv,1,1,1,1,single_attempt_outside_55_75MeV,False,,,,,,,window_3p0,5
2021,0.165,0.003959321875,0.15609152578125,0.17390847421875,321257494.71634173,1.64,0.158506712125,0.171493287875,0.01298657575,0.0,1.0,8000,0.000125,True,5546.469011329773,3.397811645367741e-06,0.4151093650244731,0.2144210471810195,667.802161727306,3110.973510956206,True,tilde_q_mu,asymptotic,default,sidak_approx,observed,7.88**2 * RBF(length_scale=0.316),0.0260837643938859,0.3556876962802624,0.0963206834879114,0.3156057904047684,0.0237125130853508,62.03529726711547,1600.53137764672,388,186,202,416,28,0.04,0.3,0.000625,1.0,1e-08,1e+18,False,False,False,False,12,1.1,15.0,13.309672798862644,6.587937333053001,89.83550908708638,79.71208211122476,study_results/v4p2_followups_20260806/pseudo65/gp_window_ensemble_20260806/runs/window_3p0/draw_05/attempt_01/results_single.csv,1,1,1,1,single_attempt_outside_55_75MeV,False,,,,,,,window_3p0,5
2021,0.166,0.0039863715,0.157030664125,0.174969335875,312800005.7109213,1.64,0.15946235074,0.17253764926,0.01307529852,0.0,1.0,8000,0.000125,True,4857.427783248357,3.037745836074116e-06,0.4999311292015692,0.0001726334915006,-393.8846036181244,3090.8977669390233,True,tilde_q_mu,asymptotic,default,sidak_approx,observed,7.91**2 * RBF(length_scale=0.316),0.0261035256163684,0.3559571674959338,0.09639365663808,0.3161487176706591,0.0237304778330622,62.60008542972883,1597.6582610178527,387,187,200,416,29,0.04,0.3,0.000625,1.0,1e-08,1e+18,False,False,False,False,12,1.1,15.0,13.322475842866844,6.548191912461868,89.29352607902545,79.30738960748116,study_results/v4p2_followups_20260806/pseudo65/gp_window_ensemble_20260806/runs/window_3p0/draw_05/attempt_01/results_single.csv,1,1,1,1,single_attempt_outside_55_75MeV,False,,,,,,,window_3p0,5
2021,0.167,0.004013592875,0.15796941603125,0.17603058396875,304614329.32244956,1.64,0.160417707685,0.173582292315,0.0131645846299999,0.0,1.0,8000,0.000125,True,4224.654729108075,2.6967726978026862e-06,0.5,0.0,-1686.6556686264712,3055.200979319092,True,tilde_q_mu,asymptotic,default,sidak_approx,observed,8.02**2 * RBF(length_scale=0.318),0.0261241545661564,0.3562384713566791,0.0964698340836822,0.3177500890968161,0.0237492314237786,64.3653010786453,1601.319214870505,387,189,198,416,29,0.04,0.3,0.000625,1.0,1e-08,1e+18,False,False,False,False,12,1.1,15.0,13.379384091506768,6.508919907865958,88.7579987436267,79.16849042563045,study_results/v4p2_followups_20260806/pseudo65/gp_window_ensemble_20260806/runs/window_3p0/draw_05/attempt_01/results_single.csv,1,1,1,1,single_attempt_outside_55_75MeV,False,,,,,,,window_3p0,5
2021,0.168,0.004040986,0.1589077815,0.1770922185,296547392.151297,1.64,0.16137278296,0.17462721704,0.0132544340799999,0.0,1.0,8000,0.000125,True,3888.767472104594,2.53471133251403e-06,0.5,0.0,-2557.3108428540177,3020.9344043692886,True,tilde_q_mu,asymptotic,default,sidak_approx,observed,8.04**2 * RBF(length_scale=0.318),0.0261456356932645,0.3565313958172433,0.0965491584025916,0.3180123251693709,0.0237687597211495,64.6547478730687,1601.4650707632816,387,190,197,416,29,0.04,0.3,0.000625,1.0,1e-08,1e+18,False,False,False,False,12,1.1,15.0,13.37942445883712,6.470112911369777,88.22881242776968,78.69671539801693,study_results/v4p2_followups_20260806/pseudo65/gp_window_ensemble_20260806/runs/window_3p0/draw_05/attempt_01/results_single.csv,1,1,1,1,single_attempt_outside_55_75MeV,False,,,,,,,window_3p0,5
2021,0.169,0.004068550875,0.15984576053125,0.17815423946875,288615660.9608933,1.64,0.162327576565,0.175672423435,0.0133448468699999,0.0,1.0,8000,0.000125,True,3607.1383450735184,2.4014642368015774e-06,0.4999513009912829,0.0001220703125,-3457.604702602187,2987.7573260431473,True,tilde_q_mu,asymptotic,default,sidak_approx,observed,8.1**2 * RBF(length_scale=0.319),0.026167953813799,0.356835733824532,0.0966315735245651,0.3187749812530229,0.0237890489216354,65.65867233760729,1602.1991760533472,387,192,195,416,29,0.04,0.3,0.000625,1.0,1e-08,1e+18,False,False,False,False,12,1.1,15.0,13.400072541912596,6.431762713007495,87.70585517737493,78.35098811515363,study_results/v4p2_followups_20260806/pseudo65/gp_window_ensemble_20260806/runs/window_3p0/draw_05/attempt_01/results_single.csv,1,1,1,1,single_attempt_outside_55_75MeV,False,,,,,,,window_3p0,5
2021,0.17,0.0040962875,0.160783353125,0.179216646875,280901072.63455325,1.64,0.1632820885,0.1767179115,0.013435823,0.0,1.0,8000,0.000125,True,3500.345987559217,2.380282901385065e-06,0.4999513009912829,0.0001220703125,-3820.870670941894,2969.8005398617424,True,tilde_q_mu,asymptotic,default,sidak_approx,observed,8.03**2 * RBF(length_scale=0.318),0.026191094099248,0.3571512831715639,0.0967170246916933,0.317933298873484,0.0238100855447709,64.54501808906677,1598.763584913148,386,193,193,416,30,0.04,0.3,0.000625,1.0,1e-08,1e+18,False,False,False,False,12,1.1,15.0,13.352883519702733,6.39386129495257,87.18901765844413,77.61498646603393,study_results/v4p2_followups_20260806/pseudo65/gp_window_ensemble_20260806/runs/window_3p0/draw_05/attempt_01/results_single.csv,1,1,1,1,single_attempt_outside_55_75MeV,False,,,,,,,window_3p0,5
2021,0.171,0.004124195875,0.16172055928125,0.18027944071875,273501986.67337126,1.64,0.164236318765,0.177763681235,0.01352736247,0.0,1.0,8000,0.000125,True,3376.2831307979777,2.344240610588119e-06,0.5,0.0,-4118.567738824186,2926.194070487118,True,tilde_q_mu,asymptotic,default,sidak_approx,observed,8.01**2 * RBF(length_scale=0.318),0.0262150420661463,0.3574778463565409,0.0968054584202363,0.3176697116484827,0.0238318564237693,64.22423123545548,1604.360421959531,387,195,192,416,29,0.04,0.3,0.000625,1.0,1e-08,1e+18,False,False,False,False,12,1.1,15.0,13.329625103466368,6.356400825929815,86.67819308086109,77.02585456091673,study_results/v4p2_followups_20260806/pseudo65/gp_window_ensemble_20260806/runs/window_3p0/draw_05/attempt_01/results_single.csv,1,1,1,1,single_attempt_outside_55_75MeV,False,,,,,,,window_3p0,5
2021,0.172,0.004152276,0.162657379,0.1813426209999999,266350991.61926585,1.64,0.1651902673599999,0.17880973264,0.01361946528,0.0,1.0,8000,0.000125,True,3237.780026682264,2.295009548606964e-06,0.4999311292015692,0.0001726334915006,-4703.503835551913,2904.5241307219785,True,tilde_q_mu,asymptotic,default,sidak_approx,observed,8.07**2 * RBF(length_scale=0.318),0.0262397835660971,0.3578152304467796,0.0968968224637768,0.318428286852273,0.0238543486964519,65.13778175323857,1600.296393045821,386,196,190,416,30,0.04,0.3,0.000625,1.0,1e-08,1e+18,False,False,False,False,12,1.1,15.0,13.348856885773412,6.31937365582085,86.17327712482977,76.68764958116296,study_results/v4p2_followups_20260806/pseudo65/gp_window_ensemble_20260806/runs/window_3p0/draw_05/attempt_01/results_single.csv,1,1,1,1,single_attempt_outside_55_75MeV,False,,,,,,,window_3p0,5
2021,0.173,0.004180527875,0.1635938122812499,0.18240618771875,259386988.21142492,1.64,0.166143934285,0.1798560657149999,0.0137121314299999,0.0,1.0,8000,0.000125,True,3207.257554765584,2.3209162496678686e-06,0.5,0.0,-4639.811882962154,2874.894799745572,True,tilde_q_mu,asymptotic,default,sidak_approx,observed,8.06**2 * RBF(length_scale=0.318),0.0262653047761392,0.3581632469473539,0.0969910657776472,0.3182919276021796,0.0238775497964902,64.92989710140259,1601.2645365066192,386,198,188,416,30,0.04,0.3,0.000625,1.0,1e-08,1e+18,False,False,False,False,12,1.1,15.0,13.33017542901178,6.282772310455958,85.67416786985397,76.13677916265051,study_results/v4p2_followups_20260806/pseudo65/gp_window_ensemble_20260806/runs/window_3p0/draw_05/attempt_01/results_single.csv,1,1,1,1,single_attempt_outside_55_75MeV,False,,,,,,,window_3p0,5
2021,0.174,0.0042089515,0.1645298591249999,0.183470140875,252502277.02987137,1.64,0.1670973195399999,0.18090268046,0.01380536092,0.0,1.0,8000,0.000125,True,3305.799111190513,2.443328346114001e-06,0.5,0.0,-3981.7384278533686,2858.5108913364143,True,tilde_q_mu,asymptotic,default,sidak_approx,observed,7.97**2 * RBF(length_scale=0.317),0.0262915921894454,0.3585217116742556,0.0970881384845824,0.3171715317002745,0.0239014474449503,63.533245082949335,1596.7753780517723,385,199,186,416,31,0.04,0.3,0.000625,1.0,1e-08,1e+18,False,False,False,False,12,1.1,15.0,13.269971721619852,6.246589486584821,85.18076572615664,75.35642349413493,study_results/v4p2_followups_20260806/pseudo65/gp_window_ensemble_20260806/runs/window_3p0/draw_05/attempt_01/results_single.csv,1,1,1,1,single_attempt_outside_55_75MeV,False,,,,,,,window_3p0,5
2021,0.175,0.0042375468749999,0.16546551953125,0.1845344804687499,245918579.9416027,1.64,0.168050423125,0.181949576875,0.01389915375,0.0,1.0,8000,0.000125,True,3459.2549879554535,2.610195922284771e-06,0.5,0.0,-3023.933824838412,2819.3126590341003,True,tilde_q_mu,asymptotic,default,sidak_approx,observed,7.92**2 * RBF(length_scale=0.316),0.0263186326063351,0.358890444631843,0.0971879918415323,0.3164278918703657,0.0239260296421228,62.67050553364868,1602.3874887810975,386,201,185,416,30,0.04,0.3,0.000625,1.0,1e-08,1e+18,False,False,False,False,12,1.1,15.0,13.225257036097618,6.210818047018103,84.69297336842865,74.67242279658929,study_results/v4p2_followups_20260806/pseudo65/gp_window_ensemble_20260806/runs/window_3p0/draw_05/attempt_01/results_single.csv,1,1,1,1,single_attempt_outside_55_75MeV,False,,,,,,,window_3p0,5
2021,0.176,0.004266314,0.1664007934999999,0.1855992065,239463041.25493088,1.64,0.16900324504,0.1829967549599999,0.0139935099199999,0.0,1.0,8000,0.000125,True,3653.177325172832,2.8147479644406374e-06,0.5,0.0,-2200.6514653932854,2799.6838042840495,True,tilde_q_mu,asymptotic,default,sidak_approx,observed,7.95**2 * RBF(length_scale=0.317),0.0263464131255956,0.3592692698944855,0.0972905782076107,0.3168642879308768,0.0239512846596323,63.200527894140286,1598.6124845866057,385,202,183,416,31,0.04,0.3,0.000625,1.0,1e-08,1e+18,False,False,False,False,12,1.1,15.0,13.22953204530702,6.175451015934506,84.21069567183416,74.27120646320849,study_results/v4p2_followups_20260806/pseudo65/gp_window_ensemble_20260806/runs/window_3p0/draw_05/attempt_01/results_single.csv,1,1,1,1,single_attempt_outside_55_75MeV,False,,,,,,,window_3p0,5
2021,0.177,0.004295252875,0.16733568103125,0.18666431896875,233151670.99112496,1.64,0.169955785285,0.184044214715,0.0140884294299999,0.0,1.0,8000,0.000125,True,4080.242347490746,3.210658261443363e-06,0.5,0.0,-914.8321712848,2771.4962297577495,True,tilde_q_mu,asymptotic,default,sidak_approx,observed,7.95**2 * RBF(length_scale=0.317),0.026374921136093,0.359658015492178,0.0973958510131203,0.3168231260491636,0.0239772010328118,63.13039284435417,1598.9904955134884,385,204,181,416,31,0.04,0.3,0.000625,1.0,1e-08,1e+18,False,False,False,False,12,1.1,15.0,13.213515856817626,6.140481574345738,83.73383965016914,73.76122786464897,study_results/v4p2_followups_20260806/pseudo65/gp_window_ensemble_20260806/runs/window_3p0/draw_05/attempt_01/results_single.csv,1,1,1,1,single_attempt_outside_55_75MeV,False,,,,,,,window_3p0,5
2021,0.178,0.0043243635,0.168270182125,0.1877298178749999,227019370.79188985,1.64,0.17090804386,0.1850919561399999,0.0141839122799999,0.0,1.0,8000,0.000125,True,4878.838564301951,3.920608273865844e-06,0.4185070148875122,0.2057143741230926,564.4086492634445,2743.090854125503,True,tilde_q_mu,asymptotic,default,sidak_approx,observed,7.91**2 * RBF(length_scale=0.316),0.0264041443086661,0.3600565132999933,0.0975037647296154,0.3163084784133694,0.0240037675533328,62.54752948789934,1598.7747183408617,385,205,180,416,31,0.04,0.3,0.000625,1.0,1e-08,1e+18,False,False,False,False,12,1.1,15.0,13.17745131928052,6.105903055713559,83.26231439609397,73.14567297901053,study_results/v4p2_followups_20260806/pseudo65/gp_window_ensemble_20260806/runs/window_3p0/draw_05/attempt_01/results_single.csv,1,1,1,1,single_attempt_outside_55_75MeV,False,,,,,,,window_3p0,5
2021,0.179,0.004353645875,0.1692042967812499,0.18879570321875,220993245.42708975,1.64,0.1718600207649999,0.186139979235,0.01427995847,0.0,1.0,8000,0.000125,True,5696.96923538539,4.676616584267156e-06,0.2570447057111608,0.6524833484147285,1773.343933556702,2717.273320709758,True,tilde_q_mu,asymptotic,default,sidak_approx,observed,7.9**2 * RBF(length_scale=0.316),0.0264340705882899,0.3604645989312272,0.0976142748409662,0.3161208167686232,0.0240309732620818,62.3517378902771,1599.3279944959268,385,207,178,416,31,0.04,0.3,0.000625,1.0,1e-08,1e+18,False,False,False,False,12,1.1,15.0,13.15472383581844,6.0717089417131325,82.79603102336088,72.6105948542779,study_results/v4p2_followups_20260806/pseudo65/gp_window_ensemble_20260806/runs/window_3p0/draw_05/attempt_01/results_single.csv,1,1,1,1,single_attempt_outside_55_75MeV,False,,,,,,,window_3p0,5
2021,0.18,0.0043831,0.170138025,0.189861975,215155115.9948604,1.64,0.172811716,0.1871882839999999,0.0143765679999999,0.0,1.0,8000,0.000125,True,6536.665004134651,5.480901133385467e-06,0.1467994704993485,1.0502592371334858,2837.1718529177942,2700.534609157186,True,tilde_q_mu,asymptotic,default,sidak_approx,observed,7.9**2 * RBF(length_scale=0.316),0.0264646881865,0.360882111634091,0.0977273378153825,0.3162089527555934,0.0240588074422727,62.42559938687766,1595.738912011017,384,208,176,416,32,0.04,0.3,0.000625,1.0,1e-08,1e+18,False,False,False,False,12,1.1,15.0,13.143168193781534,6.037892858136936,82.33490261095821,72.1427648822964,study_results/v4p2_followups_20260806/pseudo65/gp_window_ensemble_20260806/runs/window_3p0/draw_05/attempt_01/results_single.csv,1,1,1,1,single_attempt_outside_55_75MeV,False,,,,,,,window_3p0,5
2021,0.181,0.004412725875,0.1710713667812499,0.19092863321875,209423665.4643851,1.64,0.173763129565,0.1882368704349999,0.0144737408699999,0.0,1.0,8000,0.000125,True,7215.739104497848,6.181536142476481e-06,0.083838328407803,1.3797077140752954,3672.8054297148065,2664.37415492565,True,tilde_q_mu,asymptotic,default,sidak_approx,observed,7.88**2 * RBF(length_scale=0.316),0.0264959855740647,0.3613088941917919,0.0978429110783556,0.3158706009235881,0.0240872596127861,62.03404520026147,1601.0701691890004,385,210,175,416,31,0.04,0.3,0.000625,1.0,1e-08,1e+18,False,False,False,False,12,1.1,15.0,13.113596399148536,6.004448570933435,81.87884414909227,71.58174105333204,study_results/v4p2_followups_20260806/pseudo65/gp_window_ensemble_20260806/runs/window_3p0/draw_05/attempt_01/results_single.csv,1,1,1,1,single_attempt_outside_55_75MeV,False,,,,,,,window_3p0,5
2021,0.182,0.0044425235,0.172004322125,0.191995677875,203890389.41582435,1.64,0.17471426146,0.18928573854,0.01457147708,0.0,1.0,8000,0.000125,True,7388.130727424972,6.465265290578495e-06,0.0715464381426339,1.464370015152552,3882.3064986629192,2649.163261972067,True,tilde_q_mu,asymptotic,default,sidak_approx,observed,7.9**2 * RBF(length_scale=0.316),0.0265279514739,0.3617447928259099,0.0979609529864923,0.3161915534603167,0.0241163195217273,62.410605178272554,1596.620992440559,384,211,173,416,32,0.04,0.3,0.000625,1.0,1e-08,1e+18,False,False,False,False,12,1.1,15.0,13.111103175401515,5.971369982376021,81.42777248694574,71.17386176129777,study_results/v4p2_followups_20260806/pseudo65/gp_window_ensemble_20260806/runs/window_3p0/draw_05/attempt_01/results_single.csv,1,1,1,1,single_attempt_outside_55_75MeV,False,,,,,,,window_3p0,5
2021,0.183,0.004472492875,0.1729368910312499,0.19306310896875,198621214.40460417,1.64,0.1756651116849999,0.190334888315,0.01466977663,0.0,1.0,8000,0.000125,True,7196.033187691097,6.4288953601283345e-06,0.078910158979937,1.412440433976346,3709.1934696796734,2625.6688349876567,True,tilde_q_mu,asymptotic,default,sidak_approx,observed,7.91**2 * RBF(length_scale=0.316),0.0265605748542153,0.3621896571029359,0.098081422802206,0.316302071993234,0.0241459771401957,62.55953819423873,1597.3435392437368,384,213,171,416,32,0.04,0.3,0.000625,1.0,1e-08,1e+18,False,False,False,False,12,1.1,15.0,13.099576387268549,5.938651127357089,80.98160628214212,70.72164916377514,study_results/v4p2_followups_20260806/pseudo65/gp_window_ensemble_20260806/runs/window_3p0/draw_05/attempt_01/results_single.csv,1,1,1,1,single_attempt_outside_55_75MeV,False,,,,,,,window_3p0,5
2021,0.184,0.004502634,0.1738690735,0.1941309265,193360941.65798712,1.64,0.17661568024,0.19138431976,0.01476863952,0.0,1.0,8000,0.000125,True,6666.343918208221,6.08444629206054e-06,0.1147594558103777,1.2015990451369574,3138.9809790873737,2611.4986944465054,True,tilde_q_mu,asymptotic,default,sidak_approx,observed,7.92**2 * RBF(length_scale=0.316),0.026593844921878,0.3626433398437911,0.0982042806692136,0.3163668084431058,0.0241762226562527,62.67642417866449,1595.638897308275,383,214,169,416,33,0.04,0.3,0.000625,1.0,1e-08,1e+18,False,False,False,False,12,1.1,15.0,13.085865932876956,5.906286169801502,80.54026595183866,70.26260816293437,study_results/v4p2_followups_20260806/pseudo65/gp_window_ensemble_20260806/runs/window_3p0/draw_05/attempt_01/results_single.csv,1,1,1,1,single_attempt_outside_55_75MeV,False,,,,,,,window_3p0,5
2021,0.185,0.004532946875,0.1748008695312499,0.19519913046875,188216407.4390779,1.64,0.177565967125,0.192434032875,0.0148680657499999,0.0,1.0,8000,0.000125,True,6082.835185440841,5.672790739986023e-06,0.1640065721655548,0.9781237062927076,2520.5156669085018,2578.1597366666533,True,tilde_q_mu,asymptotic,default,sidak_approx,observed,7.89**2 * RBF(length_scale=0.316),0.0266277511159985,0.3631056970363433,0.0983294875888454,0.3159980496811108,0.0242070464690895,62.22566796231519,1598.8509902931014,384,216,168,416,32,0.04,0.3,0.000625,1.0,1e-08,1e+18,False,False,False,False,12,1.1,15.0,13.053969639981268,5.874269399197075,80.10367362541467,69.71139490380875,study_results/v4p2_followups_20260806/pseudo65/gp_window_ensemble_20260806/runs/window_3p0/draw_05/attempt_01/results_single.csv,1,1,1,1,single_attempt_outside_55_75MeV,False,,,,,,,window_3p0,5
2021,0.186,0.0045634315,0.175732279125,0.196267720875,183203373.0638776,1.64,0.17851597234,0.19348402766,0.01496805532,0.0,1.0,8000,0.000125,True,5298.3988031852,5.049148644705059e-06,0.2711120758058625,0.6094530984765819,1563.909474793175,2566.914467665408,True,tilde_q_mu,asymptotic,default,sidak_approx,observed,7.82**2 * RBF(length_scale=0.315),0.0266622831017154,0.3635765877506647,0.0984570053970965,0.3149318883927946,0.0242384391833776,61.092079672933394,1592.8579474534804,383,217,166,416,33,0.04,0.3,0.000625,1.0,1e-08,1e+18,False,False,False,False,12,1.1,15.0,12.993076245964309,5.84259522723534,79.67175309866373,69.0120775107054,study_results/v4p2_followups_20260806/pseudo65/gp_window_ensemble_20260806/runs/window_3p0/draw_05/attempt_01/results_single.csv,1,1,1,1,single_attempt_outside_55_75MeV,False,,,,,,,window_3p0,5
2021,0.187,0.004594087875,0.17666330228125,0.19733669771875,178278504.14348978,1.64,0.179465695885,0.194534304115,0.01506860823,0.0,1.0,8000,0.000125,True,4520.181948673213,4.40286379640252e-06,0.4184506620448369,0.2058586525949618,523.8766532276993,2544.419565491098,True,tilde_q_mu,asymptotic,default,sidak_approx,observed,7.8**2 * RBF(length_scale=0.315),0.0266974307641825,0.3640558740570343,0.0985867967424219,0.3147220519882951,0.0242703916038022,60.85876308310276,1593.0726139510948,383,219,164,416,33,0.04,0.3,0.000625,1.0,1e-08,1e+18,False,False,False,False,12,1.1,15.0,12.9673248427928,5.811258184560199,79.24442978945724,68.50588420411857,study_results/v4p2_followups_20260806/pseudo65/gp_window_ensemble_20260806/runs/window_3p0/draw_05/attempt_01/results_single.csv,1,1,1,1,single_attempt_outside_55_75MeV,False,,,,,,,window_3p0,5
2021,0.188,0.004624916,0.177593939,0.198406061,173567784.67781383,1.64,0.18041513776,0.19558486224,0.0151697244799999,0.0,1.0,8000,0.000125,True,3885.8743311115086,3.86706706399129e-06,0.5,0.0,-458.7342746916193,2518.721147478851,True,tilde_q_mu,asymptotic,default,sidak_approx,observed,7.81**2 * RBF(length_scale=0.315),0.0267331842027451,0.3645434209465248,0.0987188250642313,0.3149049883312714,0.0243028947297683,61.02093941192384,1593.640729043646,383,220,163,416,33,0.04,0.3,0.000625,1.0,1e-08,1e+18,False,False,False,False,12,1.1,15.0,12.957509458556313,5.78025291761951,78.8216306948115,68.08880168445684,study_results/v4p2_followups_20260806/pseudo65/gp_window_ensemble_20260806/runs/window_3p0/draw_05/attempt_01/results_single.csv,1,1,1,1,single_attempt_outside_55_75MeV,False,,,,,,,window_3p0,5
2021,0.189,0.004655915875,0.17852418928125,0.19947581071875,168874228.16818193,1.64,0.181364297965,0.196635702035,0.0152714040699999,0.0,1.0,8000,0.000125,True,3512.5792722424712,3.5737228993926992e-06,0.5,0.0,-1211.1473065979596,2494.9654345232825,True,tilde_q_mu,asymptotic,default,sidak_approx,observed,7.85**2 * RBF(length_scale=0.315),0.0267695337253012,0.3650390962541072,0.0988530545720656,0.3154212711280534,0.0243359397502738,61.56156454291141,1594.8815131457495,383,222,161,416,33,0.04,0.3,0.000625,1.0,1e-08,1e+18,False,False,False,False,12,1.1,15.0,12.961129685756411,5.749574185616315,78.40328434931338,67.74634241604579,study_results/v4p2_followups_20260806/pseudo65/gp_window_ensemble_20260806/runs/window_3p0/draw_05/attempt_01/results_single.csv,1,1,1,1,single_attempt_outside_55_75MeV,False,,,,,,,window_3p0,5
2021,0.19,0.0046870875,0.179454053125,0.200545946875,164378838.92039412,1.64,0.1823131765,0.1976868235,0.0153736469999999,0.0,1.0,8000,0.000125,True,3333.166261017108,3.4655916595177e-06,0.5,0.0,-1639.887303100135,2478.4559508620014,True,tilde_q_mu,asymptotic,default,sidak_approx,observed,7.91**2 * RBF(length_scale=0.316),0.0268064698428396,0.3655427705841774,0.0989894502254296,0.3163237353485416,0.0243695180389451,62.595609620618866,1591.4948034547856,382,223,159,416,34,0.04,0.3,0.000625,1.0,1e-08,1e+18,False,False,False,False,12,1.1,15.0,12.980303297054196,5.719216857555929,77.98932078485358,67.48833584791015,study_results/v4p2_followups_20260806/pseudo65/gp_window_ensemble_20260806/runs/window_3p0/draw_05/attempt_01/results_single.csv,1,1,1,1,single_attempt_outside_55_75MeV,False,,,,,,,window_3p0,5
2021,0.191,0.004718430875,0.18038353053125,0.20161646946875,160024504.07567304,1.64,0.183261773365,0.198738226635,0.01547645327,0.0,1.0,8000,0.000125,True,3142.1719460465365,3.3383357374565527e-06,0.5,0.0,-2154.858464858516,2457.6493083226264,True,tilde_q_mu,asymptotic,default,sidak_approx,observed,7.85**2 * RBF(length_scale=0.315),0.026843983264149,0.3660543172383967,0.099127977714251,0.3153882385635261,0.0244036211492264,61.56076189216092,1592.837898362478,382,225,157,416,34,0.04,0.3,0.000625,1.0,1e-08,1e+18,False,False,False,False,12,1.1,15.0,12.923829485589408,5.68917590938515,77.57967149161568,66.84176306037885,study_results/v4p2_followups_20260806/pseudo65/gp_window_ensemble_20260806/runs/window_3p0/draw_05/attempt_01/results_single.csv,1,1,1,1,single_attempt_outside_55_75MeV,False,,,,,,,window_3p0,5
2021,0.192,0.004749946,0.1813126215,0.2026873785,155718995.1526329,1.64,0.18421008856,0.19978991144,0.0155798228799999,0.0,1.0,8000,0.000125,True,3037.5227022090044,3.2991087625623834e-06,0.5,0.0,-2402.0297218376145,2432.8131081960437,True,tilde_q_mu,asymptotic,default,sidak_approx,observed,7.84**2 * RBF(length_scale=0.315),0.0268820648906906,0.3665736121457819,0.0992686034399486,0.31529044839596,0.0244382408097187,61.50200534238425,1592.2560038956713,382,226,156,416,34,0.04,0.3,0.000625,1.0,1e-08,1e+18,False,False,False,False,12,1.1,15.0,12.901519829143052,5.659446421220509,77.17426938027965,66.3776911139537,study_results/v4p2_followups_20260806/pseudo65/gp_window_ensemble_20260806/runs/window_3p0/draw_05/attempt_01/results_single.csv,1,1,1,1,single_attempt_outside_55_75MeV,False,,,,,,,window_3p0,5
2021,0.193,0.004781632875,0.18224132603125,0.20375867396875,151601184.85939226,1.64,0.185158122085,0.200841877915,0.0156837558299999,0.0,1.0,8000,0.000125,True,3030.834639232268,3.363738760087456e-06,0.5,0.0,-2294.9706436988035,2408.93944633977,True,tilde_q_mu,asymptotic,default,sidak_approx,observed,7.85**2 * RBF(length_scale=0.315),0.0269207058116312,0.3671005337949717,0.0994112944970904,0.3154209140050731,0.0244733689196647,61.67189479780475,1592.112831018051,382,228,154,416,34,0.04,0.3,0.000625,1.0,1e-08,1e+18,False,False,False,False,12,1.1,15.0,12.888332417186213,5.630023574662507,76.77304874539782,65.96510486076852,study_results/v4p2_followups_20260806/pseudo65/gp_window_ensemble_20260806/runs/window_3p0/draw_05/attempt_01/results_single.csv,1,1,1,1,single_attempt_outside_55_75MeV,False,,,,,,,window_3p0,5
2021,0.194,0.0048134915,0.183169644125,0.204830355875,147523768.56605715,1.64,0.18610587394,0.20189412606,0.01578825212,0.0,1.0,8000,0.000125,True,3034.2364742648215,3.4427510440741194e-06,0.5,0.0,-2201.549589199352,2395.394413685144,True,tilde_q_mu,asymptotic,default,sidak_approx,observed,7.81**2 * RBF(length_scale=0.315),0.0269598972990275,0.3676349631685571,0.0995560186556095,0.3146723151434498,0.0245089975445704,60.95757325927372,1588.2979210463332,381,229,152,416,35,0.04,0.3,0.000625,1.0,1e-08,1e+18,False,False,False,False,12,1.1,15.0,12.839052865022614,5.600902650192177,76.37594522989332,65.37298656151148,study_results/v4p2_followups_20260806/pseudo65/gp_window_ensemble_20260806/runs/window_3p0/draw_05/attempt_01/results_single.csv,1,1,1,1,single_attempt_outside_55_75MeV,False,,,,,,,window_3p0,5
2021,0.195,0.004845521875,0.18409757578125,0.20590242421875,143578408.5209931,1.64,0.187053344125,0.202946655875,0.0158933117499999,0.0,1.0,8000,0.000125,True,3047.243121770187,3.5342989443159087e-06,0.4999513009912829,0.0001220703125,-1984.2155787415004,2362.99264606902,True,tilde_q_mu,asymptotic,default,sidak_approx,observed,7.77**2 * RBF(length_scale=0.314),0.0269996308031587,0.368176783679438,0.09970274434357,0.3140036027563723,0.0245451189119625,60.39158967789435,1592.3468815112917,382,231,151,416,34,0.04,0.3,0.000625,1.0,1e-08,1e+18,False,False,False,False,12,1.1,15.0,12.792914301317015,5.572079024647637,75.9828957906496,64.80284494771212,study_results/v4p2_followups_20260806/pseudo65/gp_window_ensemble_20260806/runs/window_3p0/draw_05/attempt_01/results_single.csv,1,1,1,1,single_attempt_outside_55_75MeV,False,,,,,,,window_3p0,5
2021,0.196,0.004877724,0.185025121,0.206974879,139755894.5302579,1.64,0.18800053264,0.20399946736,0.01599893472,0.0,1.0,8000,0.000125,True,3177.650666331855,3.767036843915551e-06,0.5,0.0,-1484.421576611693,2345.8484638308473,True,tilde_q_mu,asymptotic,default,sidak_approx,observed,7.79**2 * RBF(length_scale=0.314),0.0270398979480013,0.3687258811091098,0.0998514406304547,0.3142870334497408,0.0245817254072739,60.64437435789327,1587.948338748798,381,232,149,416,35,0.04,0.3,0.000625,1.0,1e-08,1e+18,False,False,False,False,12,1.1,15.0,12.785393549174543,5.543548168777362,75.59383866514584,64.43313181511311,study_results/v4p2_followups_20260806/pseudo65/gp_window_ensemble_20260806/runs/window_3p0/draw_05/attempt_01/results_single.csv,1,1,1,1,single_attempt_outside_55_75MeV,False,,,,,,,window_3p0,5
2021,0.197,0.004910097875,0.18595227978125,0.20804772021875,136004179.86803293,1.64,0.188947439485,0.205052560515,0.01610512103,0.0,1.0,8000,0.000125,True,3312.0528229704996,4.014197116031163e-06,0.5,0.0,-1011.1107730897836,2319.5600966664174,True,tilde_q_mu,asymptotic,default,sidak_approx,observed,7.81**2 * RBF(length_scale=0.315),0.0270806905268411,0.3692821435478344,0.1000020772109632,0.3147400786630294,0.0246188095698556,61.05324041276953,1587.3894190966498,381,234,147,416,35,0.04,0.3,0.000625,1.0,1e-08,1e+18,False,False,False,False,12,1.1,15.0,12.784536870881492,5.51530564486786,75.20871333910718,64.10057124635817,study_results/v4p2_followups_20260806/pseudo65/gp_window_ensemble_20260806/runs/window_3p0/draw_05/attempt_01/results_single.csv,1,1,1,1,single_attempt_outside_55_75MeV,False,,,,,,,window_3p0,5
2021,0.198,0.0049426435,0.186879052125,0.209120947875,132354320.73115931,1.64,0.18989406466,0.20610593534,0.01621187068,0.0,1.0,8000,0.000125,True,3514.5134024698555,4.354936352063295e-06,0.5,0.0,-490.2308595311212,2300.6283577110153,True,tilde_q_mu,asymptotic,default,sidak_approx,observed,7.86**2 * RBF(length_scale=0.315),0.0271220004980165,0.3698454613365898,0.1001546243892919,0.3154060542021159,0.0246563640891059,61.7483758052832,1583.9619084507458,380,235,145,416,36,0.04,0.3,0.000625,1.0,1e-08,1e+18,False,False,False,False,12,1.1,15.0,12.79207481939614,5.487347104442508,74.82746051512511,63.813231563659386,study_results/v4p2_followups_20260806/pseudo65/gp_window_ensemble_20260806/runs/window_3p0/draw_05/attempt_01/results_single.csv,1,1,1,1,single_attempt_outside_55_75MeV,False,,,,,,,window_3p0,5
2021,0.199,0.004975360875,0.18780543803125,0.21019456196875,128788002.15036236,1.64,0.190840408165,0.207159591835,0.01631918367,0.0,1.0,8000,0.000125,True,3792.6797503414023,4.805489275673122e-06,0.4845908087677655,0.0386347235813474,87.7426364472603,2272.304813740711,True,tilde_q_mu,asymptotic,default,sidak_approx,observed,7.91**2 * RBF(length_scale=0.316),0.0271638199807916,0.3704157270107955,0.100309053063895,0.31606896378678,0.0246943818007197,62.50558863047526,1586.8500363619314,380,236,144,416,36,0.04,0.3,0.000625,1.0,1e-08,1e+18,False,False,False,False,12,1.1,15.0,12.79922560270646,5.459668286029939,74.45002208222643,63.52684191712625,study_results/v4p2_followups_20260806/pseudo65/gp_window_ensemble_20260806/runs/window_3p0/draw_05/attempt_01/results_single.csv,1,1,1,1,single_attempt_outside_55_75MeV,False,,,,,,,window_3p0,5
2021,0.2,0.00500825,0.1887314375,0.2112685625,125353032.55969112,1.64,0.19178647,0.20821353,0.0164270599999999,0.0,1.0,8000,0.000125,True,3921.035216236507,5.07873817699633e-06,0.4382884864130881,0.155309948737146,349.27181260428506,2249.2040228336987,True,tilde_q_mu,asymptotic,default,sidak_approx,observed,7.9**2 * RBF(length_scale=0.316),0.027206141251351,0.3709928352456959,0.1004653347126938,0.316058290606323,0.0247328556830463,62.44509494469965,1587.7994705951428,380,238,142,416,36,0.04,0.3,0.000625,1.0,1e-08,1e+18,False,False,False,False,12,1.1,15.0,12.778883872393722,5.432265012998759,74.0763410863467,63.10753069561683,study_results/v4p2_followups_20260806/pseudo65/gp_window_ensemble_20260806/runs/window_3p0/draw_05/attempt_01/results_single.csv,1,1,1,1,single_attempt_outside_55_75MeV,False,,,,,,,window_3p0,5
2021,0.201,0.005041310875,0.18965705053125,0.21234294946875,122019355.53382406,1.64,0.192732250165,0.209267749835,0.01653549967,0.0,1.0,8000,0.000125,True,4078.301162807888,5.3997596708506625e-06,0.3895006615626443,0.2806207186705792,626.4256914264735,2232.520961266669,True,tilde_q_mu,asymptotic,default,sidak_approx,observed,7.91**2 * RBF(length_scale=0.316),0.027248956738914,0.3715766828033728,0.1006234413787278,0.3162244739919108,0.0247717788535581,62.618959817538375,1583.9195759795934,379,239,140,416,37,0.04,0.3,0.000625,1.0,1e-08,1e+18,False,False,False,False,12,1.1,15.0,12.765513363465566,5.405133191456678,73.70636170168197,62.72663635168318,study_results/v4p2_followups_20260806/pseudo65/gp_window_ensemble_20260806/runs/window_3p0/draw_05/attempt_01/results_single.csv,1,1,1,1,single_attempt_outside_55_75MeV,False,,,,,,,window_3p0,5
2021,0.202,0.0050745435,0.190582277125,0.213417722875,118808713.66471364,1.64,0.19367774866,0.21032225134,0.01664450268,0.0,1.0,8000,0.000125,True,4084.663484235008,5.5268355407457675e-06,0.3745473674917227,0.3198332574164091,704.3145045294605,2203.4911415807323,True,tilde_q_mu,asymptotic,default,sidak_approx,observed,7.86**2 * RBF(length_scale=0.315),0.0272922590219629,0.3721671684813132,0.100783345656227,0.3154060217935844,0.0248111445654208,61.73703971702909,1588.4389841243424,380,241,139,416,36,0.04,0.3,0.000625,1.0,1e-08,1e+18,False,False,False,False,12,1.1,15.0,12.712272138914686,5.37826880821161,73.34002920288559,62.15456066020213,study_results/v4p2_followups_20260806/pseudo65/gp_window_ensemble_20260806/runs/window_3p0/draw_05/attempt_01/results_single.csv,1,1,1,1,single_attempt_outside_55_75MeV,False,,,,,,,window_3p0,5
2021,0.203,0.005107947875,0.19150711728125,0.21449288271875,115574322.00533302,1.64,0.194622965485,0.211377034515,0.0167540690299999,0.0,1.0,8000,0.000125,True,4375.778924310209,6.056446733146939e-06,0.2995158152041568,0.5257935875384632,1149.070289218404,2186.529773115944,True,tilde_q_mu,asymptotic,default,sidak_approx,observed,7.9**2 * RBF(length_scale=0.316),0.0273360408245852,0.3727641930625258,0.1009450206771031,0.3160843280777312,0.0248509462041683,62.48089903817209,1584.2516929995763,379,242,137,416,37,0.04,0.3,0.000625,1.0,1e-08,1e+18,False,False,False,False,12,1.1,15.0,12.719206966240687,5.351667928793269,72.97728993809002,61.88088363719474,study_results/v4p2_followups_20260806/pseudo65/gp_window_ensemble_20260806/runs/window_3p0/draw_05/attempt_01/results_single.csv,1,1,1,1,single_attempt_outside_55_75MeV,False,,,,,,,window_3p0,5
2021,0.204,0.005141524,0.192431571,0.2155684289999999,112452833.18684237,1.64,0.19556790064,0.21243209936,0.01686419872,0.0,1.0,8000,0.000125,True,4733.107989475127,6.699860593243477e-06,0.2214324199616752,0.7673644819276708,1659.432427410003,2164.244705899446,True,tilde_q_mu,asymptotic,default,sidak_approx,observed,7.94**2 * RBF(length_scale=0.317),0.0273802950129184,0.3733676592670698,0.1011084400978236,0.3165356195192064,0.0248911772844713,63.053370385627424,1586.5099305597478,379,244,135,416,37,0.04,0.3,0.000625,1.0,1e-08,1e+18,False,False,False,False,12,1.1,15.0,12.716779761023243,5.325326695531998,72.61809130270905,61.564551584161904,study_results/v4p2_followups_20260806/pseudo65/gp_window_ensemble_20260806/runs/window_3p0/draw_05/attempt_01/results_single.csv,1,1,1,1,single_attempt_outside_55_75MeV,False,,,,,,,window_3p0,5
2021,0.205,0.005175271875,0.19335563828125,0.2166443617187499,109447447.25856656,1.64,0.196512554125,0.213487445875,0.01697489175,0.0,1.0,8000,0.000125,True,4976.639914725622,7.202721834700757e-06,0.17749231458768,0.9249640088876344,1987.3058578386467,2149.7507131161165,True,tilde_q_mu,asymptotic,default,sidak_approx,observed,7.96**2 * RBF(length_scale=0.317),0.0274250145917023,0.3739774717050326,0.1012735780866781,0.3167886794392705,0.0249318314470021,63.32645890112624,1585.2564038363728,378,245,133,416,38,0.04,0.3,0.000625,1.0,1e-08,1e+18,False,False,False,False,12,1.1,15.0,12.706193691092096,5.2992413256941004,72.26238171401046,61.2119879091899,study_results/v4p2_followups_20260806/pseudo65/gp_window_ensemble_20260806/runs/window_3p0/draw_05/attempt_01/results_single.csv,1,1,1,1,single_attempt_outside_55_75MeV,False,,,,,,,window_3p0,5
2021,0.206,0.0052091915,0.194279319125,0.217720680875,106491864.68179588,1.64,0.19745692594,0.2145430740599999,0.0170861481199999,0.0,1.0,8000,0.000125,True,5205.676452957396,7.705723866383828e-06,0.1380314891995719,1.0892061706580505,2310.4809525555984,2120.8396049908424,True,tilde_q_mu,asymptotic,default,sidak_approx,observed,7.98**2 * RBF(length_scale=0.317),0.0274701927009294,0.3745935368308561,0.1014404093114096,0.3170723816897571,0.0249729024553904,63.672569851348065,1587.7081508586707,379,247,132,416,37,0.04,0.3,0.000625,1.0,1e-08,1e+18,False,False,False,False,12,1.1,15.0,12.696657196981798,5.273408109671041,71.91011058642329,60.867868207524545,study_results/v4p2_followups_20260806/pseudo65/gp_window_ensemble_20260806/runs/window_3p0/draw_05/attempt_01/results_single.csv,1,1,1,1,single_attempt_outside_55_75MeV,False,,,,,,,window_3p0,5
2021,0.207,0.005243282875,0.1952026135312499,0.21879738646875,103594993.30477582,1.64,0.198401016085,0.215598983915,0.0171979678299999,0.0,1.0,8000,0.000125,True,5328.269534180259,8.068577888218779e-06,0.1203769187114746,1.1731046614766314,2473.1677854300106,2109.253134590727,True,tilde_q_mu,asymptotic,default,sidak_approx,observed,7.96**2 * RBF(length_scale=0.317),0.0275158226125923,0.375215762898986,0.1016089089272047,0.3168626970342784,0.0250143841932657,63.39796772440875,1583.5176493097708,378,248,130,416,38,0.04,0.3,0.000625,1.0,1e-08,1e+18,False,False,False,False,12,1.1,15.0,12.667219571992614,5.247823409220947,71.56122830755837,60.43211945422235,study_results/v4p2_followups_20260806/pseudo65/gp_window_ensemble_20260806/runs/window_3p0/draw_05/attempt_01/results_single.csv,1,1,1,1,single_attempt_outside_55_75MeV,False,,,,,,,window_3p0,5
2021,0.208,0.005277546,0.1961255214999999,0.2198744785,100755569.91566654,1.64,0.19934482456,0.21665517544,0.0173103508799999,0.0,1.0,8000,0.000125,True,5411.264111071627,8.384675405893138e-06,0.1067541228523953,1.2439764085124183,2599.80239592763,2090.2206622890853,True,tilde_q_mu,asymptotic,default,sidak_approx,observed,8.01**2 * RBF(length_scale=0.317),0.0275618977275242,0.3758440599207857,0.1017790525650254,0.3174783233449321,0.0250562706613857,64.15606409418119,1584.194285223072,378,250,128,416,38,0.04,0.3,0.000625,1.0,1e-08,1e+18,False,False,False,False,12,1.1,15.0,12.670613581541438,5.222483655760516,71.21568621491612,60.156429398233975,study_results/v4p2_followups_20260806/pseudo65/gp_window_ensemble_20260806/runs/window_3p0/draw_05/attempt_01/results_single.csv,1,1,1,1,single_attempt_outside_55_75MeV,False,,,,,,,window_3p0,5
2021,0.209,0.005311980875,0.1970480430312499,0.22095195696875,97975291.24730824,1.64,0.200288351365,0.2177116486349999,0.0174232972699999,0.0,1.0,8000,0.000125,True,5452.134353506574,8.646167049355778e-06,0.1000061380924923,1.2815165911099853,2664.3585161675223,2079.2306228162324,True,tilde_q_mu,asymptotic,default,sidak_approx,observed,8**2 * RBF(length_scale=0.317),0.0276084115723308,0.3764783396226934,0.101950816320278,0.3173904202874655,0.0250985559748462,64.06611297758215,1580.4113894438108,377,251,126,416,39,0.04,0.3,0.000625,1.0,1e-08,1e+18,False,False,False,False,12,1.1,15.0,12.645764186814342,5.197385348705882,70.87343657326201,59.74991773430763,study_results/v4p2_followups_20260806/pseudo65/gp_window_ensemble_20260806/runs/window_3p0/draw_05/attempt_01/results_single.csv,1,1,1,1,single_attempt_outside_55_75MeV,False,,,,,,,window_3p0,5
2021,0.21,0.0053465875,0.197970178125,0.2220298218749999,95309478.67396852,1.64,0.2012315965,0.2187684034999999,0.0175368069999999,0.0,1.0,8000,0.000125,True,5170.961942087386,8.389496065095546e-06,0.122788830754511,1.161157975112681,2386.529464141675,2055.16372773691,True,tilde_q_mu,asymptotic,default,sidak_approx,observed,7.97**2 * RBF(length_scale=0.317),0.0276553577964078,0.3771185154055612,0.1021241767418025,0.3170538909969947,0.0251412343603707,63.59077310753606,1585.3379976167246,378,253,125,416,38,0.04,0.3,0.000625,1.0,1e-08,1e+18,False,False,False,False,12,1.1,15.0,12.610911876974338,5.172525053860584,70.53443255264432,59.30023421425251,study_results/v4p2_followups_20260806/pseudo65/gp_window_ensemble_20260806/runs/window_3p0/draw_05/attempt_01/results_single.csv,1,1,1,1,single_attempt_outside_55_75MeV,False,,,,,,,window_3p0,5
2021,0.211,0.005381365875,0.19889192678125,0.2231080732187499,92716703.49811862,1.64,0.202174559965,0.2198254400349999,0.0176508800699999,0.0,1.0,8000,0.000125,True,4795.713457250754,7.960360039096566e-06,0.1688965575464978,0.9585348734538588,1961.7475473343009,2046.7489289350483,True,tilde_q_mu,asymptotic,default,sidak_approx,observed,7.93**2 * RBF(length_scale=0.316),0.0277027301690448,0.3777645023051568,0.1022991108211761,0.3164912247336471,0.0251843001536771,62.87624632474682,1579.2582993635012,377,254,123,416,39,0.04,0.3,0.000625,1.0,1e-08,1e+18,False,False,False,False,12,1.1,15.0,12.5670049515923,5.147899401849318,70.19862820703615,58.812433884854016,study_results/v4p2_followups_20260806/pseudo65/gp_window_ensemble_20260806/runs/window_3p0/draw_05/attempt_01/results_single.csv,1,1,1,1,single_attempt_outside_55_75MeV,False,,,,,,,window_3p0,5
2021,0.212,0.005416316,0.199813289,0.2241867109999999,90185144.73372865,1.64,0.2031172417599999,0.22088275824,0.01776551648,0.0,1.0,8000,0.000125,True,4482.817424319102,7.613776180435283e-06,0.2139856671371045,0.7926679049912794,1609.8055242850812,2030.8400827234889,True,tilde_q_mu,asymptotic,default,sidak_approx,observed,7.93**2 * RBF(length_scale=0.316),0.0277505225766093,0.3784162169537641,0.1024755959823144,0.31648976992084,0.0252277477969176,62.88680795667957,1579.6250860235807,377,256,121,416,39,0.04,0.3,0.000625,1.0,1e-08,1e+18,False,False,False,False,12,1.1,15.0,12.545304181275728,5.123505086595644,69.86597845357696,58.432663441505255,study_results/v4p2_followups_20260806/pseudo65/gp_window_ensemble_20260806/runs/window_3p0/draw_05/attempt_01/results_single.csv,1,1,1,1,single_attempt_outside_55_75MeV,False,,,,,,,window_3p0,5
2021,0.213,0.005451437875,0.20073426478125,0.2252657352187499,87692400.078589,1.64,0.204059641885,0.2219403581149999,0.0178807162299999,0.0,1.0,8000,0.000125,True,4080.543684204137,7.094085094615415e-06,0.2873750397927728,0.5610696169476297,1125.8646185547536,2013.6685770596648,True,tilde_q_mu,asymptotic,default,sidak_approx,observed,7.89**2 * RBF(length_scale=0.316),0.0277987290198092,0.3790735775428533,0.1026536100713629,0.3160191737649159,0.0252715718361902,62.3201194669993,1578.7116294145446,377,257,120,416,39,0.04,0.3,0.000625,1.0,1e-08,1e+18,False,False,False,False,12,1.1,15.0,12.50492750563144,5.0993388638422745,69.53643905239464,57.96987528999693,study_results/v4p2_followups_20260806/pseudo65/gp_window_ensemble_20260806/runs/window_3p0/draw_05/attempt_01/results_single.csv,1,1,1,1,single_attempt_outside_55_75MeV,False,,,,,,,window_3p0,5
2021,0.214,0.0054867315,0.201654854125,0.226345145875,85297275.72952412,1.64,0.20500176034,0.2229982396599999,0.0179964793199999,0.0,1.0,8000,0.000125,True,3736.079737064724,6.646409943778077e-06,0.3650898481883037,0.3448865049378176,688.7719771554663,1996.601061494499,True,tilde_q_mu,asymptotic,default,sidak_approx,observed,7.95**2 * RBF(length_scale=0.317),0.0278473436110351,0.3797365037868427,0.1028331313468833,0.3167517042156065,0.0253157669191228,63.22212253394135,1577.708355949959,377,259,118,416,39,0.04,0.3,0.000625,1.0,1e-08,1e+18,False,False,False,False,12,1.1,15.0,12.512032727570292,5.075397549713366,69.20996658700044,57.73049113403973,study_results/v4p2_followups_20260806/pseudo65/gp_window_ensemble_20260806/runs/window_3p0/draw_05/attempt_01/results_single.csv,1,1,1,1,single_attempt_outside_55_75MeV,False,,,,,,,window_3p0,5
2021,0.215,0.005522196875,0.20257505703125,0.22742494296875,82936171.06195708,1.64,0.205943597125,0.224056402875,0.01811280575,0.0,1.0,8000,0.000125,True,3218.606575704318,5.861454189304095e-06,0.5,0.0,-82.75521568547073,1986.5733623794952,True,tilde_q_mu,asymptotic,default,sidak_approx,observed,7.98**2 * RBF(length_scale=0.317),0.0278963605717713,0.380404916887791,0.1030141384702921,0.3171098494853484,0.0253603277925194,63.710298348698586,1574.9778844041532,376,260,116,416,40,0.04,0.3,0.000625,1.0,1e-08,1e+18,False,False,False,False,12,1.1,15.0,12.504169980755814,5.051678019315698,68.88651844521407,57.42458240142849,study_results/v4p2_followups_20260806/pseudo65/gp_window_ensemble_20260806/runs/window_3p0/draw_05/attempt_01/results_single.csv,1,1,1,1,single_attempt_outside_55_75MeV,False,,,,,,,window_3p0,5
2021,0.216,0.0055578339999999,0.2034948735,0.2285051265,80666190.61149085,1.64,0.20688515224,0.22511484776,0.0182296955199999,0.0,1.0,8000,0.000125,True,2845.7967439446757,5.3036945074418355e-06,0.5,0.0,-779.0805784623032,1970.4475729159335,True,tilde_q_mu,asymptotic,default,sidak_approx,observed,7.98**2 * RBF(length_scale=0.317),0.0279457742300831,0.3810787395011339,0.1031966104965824,0.3170840099809757,0.0254052493000755,63.70189760894911,1576.0222107670836,376,262,114,416,40,0.04,0.3,0.000625,1.0,1e-08,1e+18,False,False,False,False,12,1.1,15.0,12.481043040976267,5.028177205379499,68.56605280062952,57.05172374363389,study_results/v4p2_followups_20260806/pseudo65/gp_window_ensemble_20260806/runs/window_3p0/draw_05/attempt_01/results_single.csv,1,1,1,1,single_attempt_outside_55_75MeV,False,,,,,,,window_3p0,5
2021,0.217,0.005593642875,0.20441430353125,0.22958569646875,78431109.94118327,1.64,0.207826425685,0.226173574315,0.0183471486299999,0.0,1.0,8000,0.000125,True,2642.0517571339287,5.040958802825215e-06,0.5,0.0,-1239.2478755698455,1952.0000150781937,True,tilde_q_mu,asymptotic,default,sidak_approx,observed,7.95**2 * RBF(length_scale=0.317),0.0279955790181704,0.3817578957023249,0.1033805268652899,0.316735400985251,0.0254505263801549,63.22566427873026,1577.5061866991643,376,263,113,416,40,0.04,0.3,0.000625,1.0,1e-08,1e+18,False,False,False,False,12,1.1,15.0,12.445141458143867,5.0048920969361115,68.24852859458333,56.624172844651085,study_results/v4p2_followups_20260806/pseudo65/gp_window_ensemble_20260806/runs/window_3p0/draw_05/attempt_01/results_single.csv,1,1,1,1,single_attempt_outside_55_75MeV,False,,,,,,,window_3p0,5
2021,0.218,0.0056296235,0.205333347125,0.230666652875,76236851.52538474,1.64,0.20876741746,0.22723258254,0.01846516508,0.0,1.0,8000,0.000125,True,2485.4620588029775,4.856301190762691e-06,0.5,0.0,-1655.003317384454,1934.798738175861,True,tilde_q_mu,asymptotic,default,sidak_approx,observed,7.95**2 * RBF(length_scale=0.317),0.0280457694699898,0.3824423109544073,0.103565867391711,0.3166827494253368,0.0254961540636271,63.16877995425654,1577.6922844579487,376,265,111,416,40,0.04,0.3,0.000625,1.0,1e-08,1e+18,False,False,False,False,12,1.1,15.0,12.420804668619292,4.981819738032192,67.93390551862079,56.25291805488179,study_results/v4p2_followups_20260806/pseudo65/gp_window_ensemble_20260806/runs/window_3p0/draw_05/attempt_01/results_single.csv,1,1,1,1,single_attempt_outside_55_75MeV,False,,,,,,,window_3p0,5
2021,0.219,0.005665775875,0.20625200428125,0.23174799571875,74103158.47642389,1.64,0.209708127565,0.228291872435,0.0185837448699999,0.0,1.0,8000,0.000125,True,2329.362508337273,4.660968513757554e-06,0.5,0.0,-2185.5620017634023,1922.4048292817456,True,tilde_q_mu,asymptotic,default,sidak_approx,observed,7.99**2 * RBF(length_scale=0.317),0.0280963402189413,0.3831319120764731,0.1037526122583625,0.3171814933819049,0.0255421274717648,63.86617314720189,1574.883326515149,375,266,109,416,41,0.04,0.3,0.000625,1.0,1e-08,1e+18,False,False,False,False,12,1.1,15.0,12.417974725579455,4.958957226478954,67.62214399744026,55.98200500331384,study_results/v4p2_followups_20260806/pseudo65/gp_window_ensemble_20260806/runs/window_3p0/draw_05/attempt_01/results_single.csv,1,1,1,1,single_attempt_outside_55_75MeV,False,,,,,,,window_3p0,5
2021,0.22,0.0057021,0.207170275,0.232829725,72056230.15568508,1.64,0.210648556,0.229351444,0.018702888,0.0,1.0,8000,0.000125,True,2289.9763148275965,4.690905616207532e-06,0.5,0.0,-2282.5595339726965,1910.8821179570068,True,tilde_q_mu,asymptotic,default,sidak_approx,observed,7.92**2 * RBF(length_scale=0.316),0.0281472859956161,0.3838266272129476,0.1039407420066625,0.3163280352665396,0.0255884418141965,62.76513731218246,1573.1839809162946,374,267,107,416,42,0.04,0.3,0.000625,1.0,1e-08,1e+18,False,False,False,False,12,1.1,15.0,12.362145282759668,4.936301712635021,67.31320517229574,55.47570811920863,study_results/v4p2_followups_20260806/pseudo65/gp_window_ensemble_20260806/runs/window_3p0/draw_05/attempt_01/results_single.csv,1,1,1,1,single_attempt_outside_55_75MeV,False,,,,,,,window_3p0,5
2021,0.221,0.005738595875,0.20808815928125,0.23391184071875,70072537.02592257,1.64,0.211588702765,0.230411297235,0.01882259447,0.0,1.0,8000,0.000125,True,2215.319958620549,4.645326743787642e-06,0.5,0.0,-2443.156710587197,1883.5777642874496,True,tilde_q_mu,asymptotic,default,sidak_approx,observed,7.95**2 * RBF(length_scale=0.317),0.0281986016256085,0.3845263858037528,0.1041302375288517,0.3167074207473523,0.0256350923869168,63.23540039166906,1578.6257057598043,375,269,106,416,41,0.04,0.3,0.000625,1.0,1e-08,1e+18,False,False,False,False,12,1.1,15.0,12.354448190285726,4.913850398222813,67.00705088485654,55.189009236053295,study_results/v4p2_followups_20260806/pseudo65/gp_window_ensemble_20260806/runs/window_3p0/draw_05/attempt_01/results_single.csv,1,1,1,1,single_attempt_outside_55_75MeV,False,,,,,,,window_3p0,5
2021,0.222,0.0057752635,0.209005657125,0.234994342875,68109664.16035153,1.64,0.21252856786,0.23147143214,0.01894286428,0.0,1.0,8000,0.000125,True,2160.9006363429626,4.640801642319666e-06,0.5,0.0,-2605.124120104781,1868.6727042748753,True,tilde_q_mu,asymptotic,default,sidak_approx,observed,8.01**2 * RBF(length_scale=0.317),0.0282502820273846,0.3852311185552448,0.1043210800601226,0.3173570209377225,0.0256820745703496,64.17448754749442,1576.967217253764,374,270,104,416,42,0.04,0.3,0.000625,1.0,1e-08,1e+18,False,False,False,False,12,1.1,15.0,12.357141167408496,4.891600535176381,66.7036436614961,54.951089407041344,study_results/v4p2_followups_20260806/pseudo65/gp_window_ensemble_20260806/runs/window_3p0/draw_05/attempt_01/results_single.csv,1,1,1,1,single_attempt_outside_55_75MeV,False,,,,,,,window_3p0,5
2021,0.223,0.005812102875,0.20992276853125,0.23607723146875,66214738.059975564,1.64,0.213468151285,0.232531848715,0.01906369743,0.0,1.0,8000,0.000125,True,2152.895351993338,4.734600218242448e-06,0.4999655646006563,8.631674575031098e-05,-2508.135456092191,1849.2653330123248,True,tilde_q_mu,asymptotic,default,sidak_approx,observed,8.01**2 * RBF(length_scale=0.317),0.0283023222102076,0.3859407574119222,0.1045132511709582,0.3172396742188115,0.0257293838274614,64.09349898100541,1575.5525186607483,374,272,102,416,42,0.04,0.3,0.000625,1.0,1e-08,1e+18,False,False,False,False,12,1.1,15.0,12.329858979374988,4.869549424520059,66.40294669800079,54.582597906753584,study_results/v4p2_followups_20260806/pseudo65/gp_window_ensemble_20260806/runs/window_3p0/draw_05/attempt_01/results_single.csv,1,1,1,1,single_attempt_outside_55_75MeV,False,,,,,,,window_3p0,5
2021,0.224,0.005849114,0.2108394935,0.2371605065,64362913.74671155,1.64,0.21440745304,0.23359254696,0.01918509392,0.0,1.0,8000,0.000125,True,2177.212074655292,4.903847333808065e-06,0.5,0.0,-2235.1453692739024,1826.2956800686063,True,tilde_q_mu,asymptotic,default,sidak_approx,observed,8.01**2 * RBF(length_scale=0.317),0.0283547172721207,0.3866552355289188,0.1047067327596833,0.3172877493585682,0.0257770157019279,64.12857937235471,1575.247440210965,374,273,101,416,42,0.04,0.3,0.000625,1.0,1e-08,1e+18,False,False,False,False,12,1.1,15.0,12.30894037647801,4.847694415277375,66.10492384469147,54.24543774639512,study_results/v4p2_followups_20260806/pseudo65/gp_window_ensemble_20260806/runs/window_3p0/draw_05/attempt_01/results_single.csv,1,1,1,1,single_attempt_outside_55_75MeV,False,,,,,,,window_3p0,5
2021,0.225,0.005886296875,0.21175583203125,0.23824416796875,62544678.25081808,1.64,0.215346473125,0.234653526875,0.01930705375,0.0,1.0,8000,0.000125,True,2257.77761829075,5.209885811917271e-06,0.5,0.0,-1778.0203030467192,1806.6267592875377,True,tilde_q_mu,asymptotic,default,sidak_approx,observed,7.96**2 * RBF(length_scale=0.317),0.0284074623979809,0.3873744872451945,0.1049015070452041,0.3167520068855874,0.0258249658163463,63.33396976244793,1575.604907033896,374,275,99,416,42,0.04,0.3,0.000625,1.0,1e-08,1e+18,False,False,False,False,12,1.1,15.0,12.265340799990312,4.82603290340855,65.80953959193478,53.81176206570236,study_results/v4p2_followups_20260806/pseudo65/gp_window_ensemble_20260806/runs/window_3p0/draw_05/attempt_01/results_single.csv,1,1,1,1,single_attempt_outside_55_75MeV,False,,,,,,,window_3p0,5
2021,0.226,0.0059236515,0.212671784125,0.239328215875,60771554.15297639,1.64,0.21628521154,0.23571478846,0.01942957692,0.0,1.0,8000,0.000125,True,2303.7017486924724,5.446749370389567e-06,0.5,0.0,-1522.787688232474,1790.9486618139426,True,tilde_q_mu,asymptotic,default,sidak_approx,observed,7.99**2 * RBF(length_scale=0.317),0.0284605528575465,0.3880984480574534,0.1050975565599455,0.3170566887666528,0.0258732298704968,63.766474893636584,1572.6547143245416,373,276,97,416,43,0.04,0.3,0.000625,1.0,1e-08,1e+18,False,False,False,False,12,1.1,15.0,12.254236921853767,4.804562330776309,65.51675905604058,53.52385918831531,study_results/v4p2_followups_20260806/pseudo65/gp_window_ensemble_20260806/runs/window_3p0/draw_05/attempt_01/results_single.csv,1,1,1,1,single_attempt_outside_55_75MeV,False,,,,,,,window_3p0,5
2021,0.227,0.005961177875,0.21358734978125,0.24041265021875,59077484.03982016,1.64,0.217223668285,0.236776331715,0.01955266343,0.0,1.0,8000,0.000125,True,2339.1724331324144,5.664144320836814e-06,0.5,0.0,-1297.802631327066,1769.9282942926577,True,tilde_q_mu,asymptotic,default,sidak_approx,observed,8.01**2 * RBF(length_scale=0.317),0.0285139840036164,0.3888270545947703,0.1052948641429799,0.3173810178065184,0.0259218036396513,64.23061028025178,1573.6960761161708,373,278,95,416,43,0.04,0.3,0.000625,1.0,1e-08,1e+18,False,False,False,False,12,1.1,15.0,12.243786050482836,4.783280184139193,65.22654796553445,53.24132654010402,study_results/v4p2_followups_20260806/pseudo65/gp_window_ensemble_20260806/runs/window_3p0/draw_05/attempt_01/results_single.csv,1,1,1,1,single_attempt_outside_55_75MeV,False,,,,,,,window_3p0,5
2021,0.228,0.005998876,0.214502529,0.241497471,57436780.43420136,1.64,0.21816184336,0.23783815664,0.01967631328,0.0,1.0,8000,0.000125,True,2406.9507611084273,5.968458701574835e-06,0.5,0.0,-995.6695560246568,1747.9834522572648,True,tilde_q_mu,asymptotic,default,sidak_approx,observed,8.02**2 * RBF(length_scale=0.317),0.0285677512702127,0.3895602445938106,0.1054934129333165,0.3174109393836131,0.0259706829729207,64.27946474066513,1574.0012355670474,373,279,94,416,43,0.04,0.3,0.000625,1.0,1e-08,1e+18,False,False,False,False,12,1.1,15.0,12.22189419179208,4.762183994170372,64.9388726477778,52.91173536236006,study_results/v4p2_followups_20260806/pseudo65/gp_window_ensemble_20260806/runs/window_3p0/draw_05/attempt_01/results_single.csv,1,1,1,1,single_attempt_outside_55_75MeV,False,,,,,,,window_3p0,5
2021,0.229,0.006036745875,0.21541732178125,0.24258267821875,55831675.293223605,1.64,0.219099736765,0.238900263235,0.01980052647,0.0,1.0,8000,0.000125,True,2498.2638430039583,6.345152766947833e-06,0.5,0.0,-682.2722280039217,1728.7485883032682,True,tilde_q_mu,asymptotic,default,sidak_approx,observed,8.03**2 * RBF(length_scale=0.318),0.0286218501708174,0.3902979568747833,0.1056931863633896,0.3175126366779888,0.0260198637916522,64.46429740833696,1574.0816122098772,373,281,92,416,43,0.04,0.3,0.000625,1.0,1e-08,1e+18,False,False,False,False,12,1.1,15.0,12.202701721284733,4.741271334503118,64.6537000159516,52.596654431471954,study_results/v4p2_followups_20260806/pseudo65/gp_window_ensemble_20260806/runs/window_3p0/draw_05/attempt_01/results_single.csv,1,1,1,1,single_attempt_outside_55_75MeV,False,,,,,,,window_3p0,5
2021,0.23,0.0060747875,0.216331728125,0.243668271875,54262302.35414737,1.64,0.2200373485,0.2399626515,0.019925303,0.0,1.0,8000,0.000125,True,2502.898834350164,6.512341480653071e-06,0.5,0.0,-620.1972010903195,1714.5821266416528,True,tilde_q_mu,asymptotic,default,sidak_approx,observed,8.1**2 * RBF(length_scale=0.318),0.0286762762966508,0.3910401313179656,0.1058941681527014,0.3181841727843619,0.0260693420878643,65.57587497228052,1571.865599682519,372,282,90,416,44,0.04,0.3,0.000625,1.0,1e-08,1e+18,False,False,False,False,12,1.1,15.0,12.205301219798748,4.720539820800449,64.37099755636976,52.3778276662948,study_results/v4p2_followups_20260806/pseudo65/gp_window_ensemble_20260806/runs/window_3p0/draw_05/attempt_01/results_single.csv,1,1,1,1,single_attempt_outside_55_75MeV,False,,,,,,,window_3p0,5
2021,0.231,0.006113000875,0.21724574803125,0.24475425196875,52721717.822498925,1.64,0.220974678565,0.241025321435,0.02005064287,0.0,1.0,8000,0.000125,True,2637.4093666836593,7.03227643110899e-06,0.5,0.0,-275.7546739593988,1697.515310610691,True,tilde_q_mu,asymptotic,default,sidak_approx,observed,8.02**2 * RBF(length_scale=0.317),0.0287310253149946,0.3917867088408355,0.1060963423016291,0.3174430791819976,0.0261191139227223,64.2886844039576,1569.4590698308257,372,284,88,416,44,0.04,0.3,0.000625,1.0,1e-08,1e+18,False,False,False,False,12,1.1,15.0,12.153669535697285,4.699987109848828,64.09073331612038,51.92917286830875,study_results/v4p2_followups_20260806/pseudo65/gp_window_ensemble_20260806/runs/window_3p0/draw_05/attempt_01/results_single.csv,1,1,1,1,single_attempt_outside_55_75MeV,False,,,,,,,window_3p0,5
2021,0.232,0.006151386,0.2181593815,0.2458406185,51251552.38699205,1.64,0.22191172696,0.24208827304,0.02017654608,0.0,1.0,8000,0.000125,True,2650.1025221478603,7.237483523966453e-06,0.5,0.0,-196.45557850773935,1679.013123983308,True,tilde_q_mu,asymptotic,default,sidak_approx,observed,8.02**2 * RBF(length_scale=0.317),0.0287860929675617,0.3925376313758422,0.1062996930854058,0.3174497263683016,0.0261691754250561,64.27668886643124,1570.2525317108034,372,285,87,416,44,0.04,0.3,0.000625,1.0,1e-08,1e+18,False,False,False,False,12,1.1,15.0,12.130673634613403,4.679610898675804,63.81287589103368,51.60621140801464,study_results/v4p2_followups_20260806/pseudo65/gp_window_ensemble_20260806/runs/window_3p0/draw_05/attempt_01/results_single.csv,1,1,1,1,single_attempt_outside_55_75MeV,False,,,,,,,window_3p0,5
2021,0.233,0.006189942875,0.21907262853125,0.24692737146875,49805482.399550624,1.64,0.222848493685,0.243151506315,0.02030301263,0.0,1.0,8000,0.000125,True,2664.0576721647717,7.454705177894907e-06,0.5,0.0,-125.89795541550792,1663.890477633165,True,tilde_q_mu,asymptotic,default,sidak_approx,observed,7.99**2 * RBF(length_scale=0.317),0.0288414750689017,0.3932928418486603,0.1065042050482311,0.3171729360248005,0.0262195227899106,63.85157727833022,1571.261898030771,372,287,85,416,44,0.04,0.3,0.000625,1.0,1e-08,1e+18,False,False,False,False,12,1.1,15.0,12.096823369601877,4.659408923689259,63.53739441394444,51.24004250601432,study_results/v4p2_followups_20260806/pseudo65/gp_window_ensemble_20260806/runs/window_3p0/draw_05/attempt_01/results_single.csv,1,1,1,1,single_attempt_outside_55_75MeV,False,,,,,,,window_3p0,5
2021,0.234,0.0062286715,0.219985489125,0.248014510875,48395595.20414742,1.64,0.22378497874,0.24421502126,0.02043004252,0.0,1.0,8000,0.000125,True,2747.314508195236,7.877830073636269e-06,0.4903767475317183,0.0241242564981164,39.79486864572532,1654.9638942046386,True,tilde_q_mu,asymptotic,default,sidak_approx,observed,7.94**2 * RBF(length_scale=0.317),0.0288971675048537,0.394052284157097,0.1067098629975592,0.3165175583304866,0.0262701522771398,62.982632653280184,1567.5050672850584,371,288,83,416,45,0.04,0.3,0.000625,1.0,1e-08,1e+18,False,False,False,False,12,1.1,15.0,12.04856199504862,4.639378959839796,63.26425854326993,50.81622274195814,study_results/v4p2_followups_20260806/pseudo65/gp_window_ensemble_20260806/runs/window_3p0/draw_05/attempt_01/results_single.csv,1,1,1,1,single_attempt_outside_55_75MeV,False,,,,,,,window_3p0,5
2021,0.235,0.006267571875,0.22089796328125,0.2491020367187499,47012739.219878465,1.64,0.2247211821249999,0.245278817875,0.02055763575,0.0,1.0,8000,0.000125,True,2671.1755751670335,7.85125238645461e-06,0.499975650495596,6.103515625e-05,-62.588653340342,1646.3751983905306,True,tilde_q_mu,asymptotic,default,sidak_approx,observed,7.95**2 * RBF(length_scale=0.317),0.0289531662310341,0.394815903150465,0.1069166519985136,0.3166923476417301,0.026321060210031,63.19276589966749,1564.7282585371536,370,289,81,416,46,0.04,0.3,0.000625,1.0,1e-08,1e+18,False,False,False,False,12,1.1,15.0,12.03189936555208,4.619518819803578,62.993438451866965,50.528714142864146,study_results/v4p2_followups_20260806/pseudo65/gp_window_ensemble_20260806/runs/window_3p0/draw_05/attempt_01/results_single.csv,1,1,1,1,single_attempt_outside_55_75MeV,False,,,,,,,window_3p0,5
2021,0.236,0.006306644,0.2218100509999999,0.2501899489999999,45679826.44124699,1.64,0.2256571038399999,0.24634289616,0.02068579232,0.0,1.0,8000,0.000125,True,2669.5121693676374,8.04109844172945e-06,0.5,0.0,-13.18852422329247,1627.9845865016302,True,tilde_q_mu,asymptotic,default,sidak_approx,observed,7.92**2 * RBF(length_scale=0.316),0.0290094672713634,0.3955836446095018,0.1071245573684485,0.3163611526896939,0.0263722429739667,62.76502745200558,1569.1295658038107,371,291,80,416,45,0.04,0.3,0.000625,1.0,1e-08,1e+18,False,False,False,False,12,1.1,15.0,11.995989609302027,4.599826353186174,62.7249048161751,50.163153761286345,study_results/v4p2_followups_20260806/pseudo65/gp_window_ensemble_20260806/runs/window_3p0/draw_05/attempt_01/results_single.csv,1,1,1,1,single_attempt_outside_55_75MeV,False,,,,,,,window_3p0,5
2021,0.237,0.006345887875,0.22272175228125,0.25127824771875,44384391.87212218,1.64,0.226592743885,0.2474072561149999,0.0208145122299999,0.0,1.0,8000,0.000125,True,2759.7694387673,8.519499921582166e-06,0.4640364175984067,0.0902697786838442,145.89689463608545,1621.979279468209,True,tilde_q_mu,asymptotic,default,sidak_approx,observed,7.89**2 * RBF(length_scale=0.316),0.0290660667166324,0.3963554552268056,0.1073335646716512,0.3159614034117038,0.0264236970151203,62.30380740619493,1567.4698205891264,370,292,78,416,46,0.04,0.3,0.000625,1.0,1e-08,1e+18,False,False,False,False,12,1.1,15.0,11.957501754236056,4.580299445746575,62.458628805635115,49.78994423403736,study_results/v4p2_followups_20260806/pseudo65/gp_window_ensemble_20260806/runs/window_3p0/draw_05/attempt_01/results_single.csv,1,1,1,1,single_attempt_outside_55_75MeV,False,,,,,,,window_3p0,5
2021,0.238,0.0063853035,0.223633067125,0.252366932875,43150069.97440755,1.64,0.2275281022599999,0.24847189774,0.02094379548,0.0,1.0,8000,0.000125,True,2782.1736607375547,8.79722491293294e-06,0.4490740979204057,0.1280009820889258,205.47665262848344,1612.571365789203,True,tilde_q_mu,asymptotic,default,sidak_approx,observed,7.89**2 * RBF(length_scale=0.316),0.0291229607231004,0.3971312825877338,0.1075436597141695,0.315947893416954,0.0264754188391822,62.309670891633075,1568.4410520318215,370,294,76,416,46,0.04,0.3,0.000625,1.0,1e-08,1e+18,False,False,False,False,12,1.1,15.0,11.933631544645008,4.560936018640379,62.1945820723688,49.480481768322214,study_results/v4p2_followups_20260806/pseudo65/gp_window_ensemble_20260806/runs/window_3p0/draw_05/attempt_01/results_single.csv,1,1,1,1,single_attempt_outside_55_75MeV,False,,,,,,,window_3p0,5
2021,0.239,0.006424890875,0.2245439955312499,0.25345600446875,41910564.95451811,1.64,0.2284631789649999,0.249536821035,0.02107364207,0.0,1.0,8000,0.000125,True,2742.7577837618605,8.891723764127886e-06,0.4618621296689673,0.0957435405795896,153.6829429060885,1608.7547289191712,True,tilde_q_mu,asymptotic,default,sidak_approx,observed,7.91**2 * RBF(length_scale=0.316),0.0291801455111333,0.3979110751518178,0.1077548285387784,0.3161206631617325,0.0265274050101211,62.49346646993122,1564.932393477763,369,295,74,416,47,0.04,0.3,0.000625,1.0,1e-08,1e+18,False,False,False,False,12,1.1,15.0,11.916757897771031,4.541734027682346,61.9327367411229,49.20249531269003,study_results/v4p2_followups_20260806/pseudo65/gp_window_ensemble_20260806/runs/window_3p0/draw_05/attempt_01/results_single.csv,1,1,1,1,single_attempt_outside_55_75MeV,False,,,,,,,window_3p0,5
2021,0.24,0.00646465,0.2254545375,0.2545454625,40722504.22475857,1.64,0.229397974,0.250602026,0.0212040519999999,0.0,1.0,8000,0.000125,True,2720.4050956570877,9.038737688039549e-06,0.4606229575888835,0.0988644250538836,157.0510611365613,1594.496977566662,True,tilde_q_mu,asymptotic,default,sidak_approx,observed,7.89**2 * RBF(length_scale=0.316),0.0292376173638717,0.3986947822346143,0.1079670574200659,0.3159038661644546,0.0265796521489742,62.20926607511672,1569.440201668854,370,297,73,416,46,0.04,0.3,0.000625,1.0,1e-08,1e+18,False,False,False,False,12,1.1,15.0,11.885176841061307,4.522691462627012,61.673065399459254,48.86635257352751,study_results/v4p2_followups_20260806/pseudo65/gp_window_ensemble_20260806/runs/window_3p0/draw_05/attempt_01/results_single.csv,1,1,1,1,single_attempt_outside_55_75MeV,False,,,,,,,window_3p0,5
2021,0.241,0.006504580875,0.2263646930312499,0.25563530696875,39555789.66735767,1.64,0.230332487365,0.251667512635,0.0213350252699999,0.0,1.0,8000,0.000125,True,2790.9339487617344,9.506975593863883e-06,0.4321165986922044,0.1709880049190432,271.75767390999636,1591.6882083093578,True,tilde_q_mu,asymptotic,default,sidak_approx,observed,7.91**2 * RBF(length_scale=0.316),0.0292953726259335,0.3994823539900027,0.1081803328596386,0.3161694252191083,0.0266321569326668,62.56423420888038,1566.3804541059285,369,298,71,416,47,0.04,0.3,0.000625,1.0,1e-08,1e+18,False,False,False,False,12,1.1,15.0,11.87171681281649,4.503806346467102,61.41554108818776,48.60719411365737,study_results/v4p2_followups_20260806/pseudo65/gp_window_ensemble_20260806/runs/window_3p0/draw_05/attempt_01/results_single.csv,1,1,1,1,single_attempt_outside_55_75MeV,False,,,,,,,window_3p0,5
2021,0.242,0.0065446835,0.227274462125,0.256725537875,38433549.77614895,1.64,0.23126671906,0.2527332809399999,0.0214665618799999,0.0,1.0,8000,0.000125,True,2917.2153991771556,1.018503568894907e-05,0.3822701923168132,0.2995238402121227,475.2139443301025,1584.952478512373,True,tilde_q_mu,asymptotic,default,sidak_approx,observed,7.89**2 * RBF(length_scale=0.316),0.0293534077021493,0.4002737413929458,0.1083946415814538,0.315930192935809,0.026684916092863,62.32692089283839,1567.9296560007751,369,300,69,416,47,0.04,0.3,0.000625,1.0,1e-08,1e+18,False,False,False,False,12,1.1,15.0,11.839279982608051,4.4850767347495655,61.16013729203953,48.27279927834692,study_results/v4p2_followups_20260806/pseudo65/gp_window_ensemble_20260806/runs/window_3p0/draw_05/attempt_01/results_single.csv,1,1,1,1,single_attempt_outside_55_75MeV,False,,,,,,,window_3p0,5
2021,0.243,0.006584957875,0.22818384478125,0.25781615521875,37332878.58161166,1.64,0.232200669085,0.253799330915,0.02159866183,0.0,1.0,8000,0.000125,True,2962.740516462836,1.0605124889070928e-05,0.3652315339319033,0.3445096130237536,546.1729572674549,1582.990917012704,True,tilde_q_mu,asymptotic,default,sidak_approx,observed,7.91**2 * RBF(length_scale=0.316),0.0294117190563266,0.4010688962226361,0.108609970527255,0.3160923246921887,0.0267379264148424,62.537843576542066,1564.2436260559184,368,301,67,416,48,0.04,0.3,0.000625,1.0,1e-08,1e+18,False,False,False,False,12,1.1,15.0,11.821871292035707,4.466500714908013,60.90682793056381,48.00217870675272,study_results/v4p2_followups_20260806/pseudo65/gp_window_ensemble_20260806/runs/window_3p0/draw_05/attempt_01/results_single.csv,1,1,1,1,single_attempt_outside_55_75MeV,False,,,,,,,window_3p0,5
2021,0.244,0.006625404,0.229092841,0.258907159,36240747.78783116,1.64,0.23313433744,0.25486566256,0.0217313251199999,0.0,1.0,8000,0.000125,True,3098.2285188140495,1.1377488171850552e-05,0.3116122507099942,0.4912855459473968,769.3331767340445,1568.0738811018398,True,tilde_q_mu,asymptotic,default,sidak_approx,observed,7.96**2 * RBF(length_scale=0.317),0.029470303210048,0.4018677710461094,0.1088263068521347,0.3166147494356668,0.0267911847364072,63.30962818240358,1569.3238075099553,369,303,66,416,47,0.04,0.3,0.000625,1.0,1e-08,1e+18,False,False,False,False,12,1.1,15.0,11.817870413375566,4.448076405612099,60.65558734925589,47.78799140937923,study_results/v4p2_followups_20260806/pseudo65/gp_window_ensemble_20260806/runs/window_3p0/draw_05/attempt_01/results_single.csv,1,1,1,1,single_attempt_outside_55_75MeV,False,,,,,,,window_3p0,5
2021,0.245,0.006666021875,0.23000145078125,0.25999854921875,35231160.94273463,1.64,0.234067724125,0.255932275875,0.02186455175,0.0,1.0,8000,0.000125,True,3285.52794638572,1.2360386440643823e-05,0.2562411729430925,0.6549773364477762,1024.0259037105488,1565.335848611562,True,tilde_q_mu,asymptotic,default,sidak_approx,observed,7.98**2 * RBF(length_scale=0.317),0.0295291567414944,0.4026703192021974,0.1090436379201891,0.3167685140264532,0.0268446879468131,63.638985727624615,1568.678857152909,368,304,64,416,48,0.04,0.3,0.000625,1.0,1e-08,1e+18,False,False,False,False,12,1.1,15.0,11.800044562039991,4.429801956132116,60.40639031089249,47.51987316670081,study_results/v4p2_followups_20260806/pseudo65/gp_window_ensemble_20260806/runs/window_3p0/draw_05/attempt_01/results_single.csv,1,1,1,1,single_attempt_outside_55_75MeV,False,,,,,,,window_3p0,5
2021,0.246,0.0067068115,0.230909674125,0.261090325875,34231611.46534635,1.64,0.23500082914,0.25699917086,0.02199834172,0.0,1.0,8000,0.000125,True,3435.4992851218612,1.324790890821609e-05,0.2167098864878093,0.783353127648382,1222.461387961379,1561.777070265212,True,tilde_q_mu,asymptotic,default,sidak_approx,observed,7.99**2 * RBF(length_scale=0.317),0.0295882762843003,0.4034764947859137,0.1092619513002888,0.3169024933371148,0.0268984329857275,63.88508905154555,1565.208136236355,367,305,62,416,49,0.04,0.3,0.000625,1.0,1e-08,1e+18,False,False,False,False,12,1.1,15.0,11.781448142546616,4.411675545719503,60.159211987084134,47.250842421486695,study_results/v4p2_followups_20260806/pseudo65/gp_window_ensemble_20260806/runs/window_3p0/draw_05/attempt_01/results_single.csv,1,1,1,1,single_attempt_outside_55_75MeV,False,,,,,,,window_3p0,5
2021,0.247,0.006747772875,0.23181751103125,0.26218248896875,33240766.184267055,1.64,0.235933652485,0.258066347515,0.02213269503,0.0,1.0,8000,0.000125,True,3662.647273126486,1.4485951931226671e-05,0.1606012896446293,0.9919896397836756,1530.4418135082374,1544.8400805334602,True,tilde_q_mu,asymptotic,default,sidak_approx,observed,8.01**2 * RBF(length_scale=0.317),0.0296476585264336,0.4042862526331858,0.1094812347619452,0.3169568627935956,0.0269524168422123,64.23838471831756,1569.8791147467896,368,307,61,416,48,0.04,0.3,0.000625,1.0,1e-08,1e+18,False,False,False,False,12,1.1,15.0,11.759867942424496,4.393695383001999,59.91402795002726,46.97207043940339,study_results/v4p2_followups_20260806/pseudo65/gp_window_ensemble_20260806/runs/window_3p0/draw_05/attempt_01/results_single.csv,1,1,1,1,single_attempt_outside_55_75MeV,False,,,,,,,window_3p0,5
2021,0.248,0.006788906,0.2327249615,0.2632750385,32306957.309929177,1.64,0.23686619416,0.25913380584,0.02226761168,0.0,1.0,8000,0.000125,True,3806.682065734839,1.5428325379489305e-05,0.133146079163527,1.1116418797850975,1709.539870152913,1539.326422653392,True,tilde_q_mu,asymptotic,default,sidak_approx,observed,8.04**2 * RBF(length_scale=0.317),0.0297073002091074,0.4050995483060104,0.1097014762712903,0.3171903759811676,0.027006636553734,64.65465935302998,1566.2290976071629,367,308,59,416,49,0.04,0.3,0.000625,1.0,1e-08,1e+18,False,False,False,False,12,1.1,15.0,11.744904825525628,4.375859705393982,59.67081416446339,46.72186888154993,study_results/v4p2_followups_20260806/pseudo65/gp_window_ensemble_20260806/runs/window_3p0/draw_05/attempt_01/results_single.csv,1,1,1,1,single_attempt_outside_55_75MeV,False,,,,,,,window_3p0,5
2021,0.249,0.006830210875,0.23363202553125,0.26436797446875,31367919.80580777,1.64,0.237798454165,0.260201545835,0.0224030916699999,0.0,1.0,8000,0.000125,True,3877.278977699868,1.6119883783327807e-05,0.1179600708628794,1.185246140359602,1810.411591799953,1528.2779562782423,True,tilde_q_mu,asymptotic,default,sidak_approx,observed,8.04**2 * RBF(length_scale=0.317),0.029767198125712,0.4059163380778918,0.1099226639871329,0.3172720258607059,0.0270610892051927,64.6599591680189,1564.66991684184,367,310,57,416,49,0.04,0.3,0.000625,1.0,1e-08,1e+18,False,False,False,False,12,1.1,15.0,11.72428882869298,4.358166778520153,59.429546979820266,46.45127824998608,study_results/v4p2_followups_20260806/pseudo65/gp_window_ensemble_20260806/runs/window_3p0/draw_05/attempt_01/results_single.csv,1,1,1,1,single_attempt_outside_55_75MeV,False,,,,,,,window_3p0,5
2021,0.25,0.0068716875,0.234538703125,0.265461296875,30463229.35640608,1.64,0.2387304325,0.2612695675,0.022539135,0.0,1.0,8000,0.000125,True,3883.775191021329,1.6559913209038383e-05,0.1146014724390829,1.2024145753658853,1829.4821100050808,1521.0096680381262,True,tilde_q_mu,asymptotic,default,sidak_approx,observed,7.99**2 * RBF(length_scale=0.317),0.0298273491207752,0.4067365789196631,0.1101447862571196,0.3169067439572597,0.0271157719279775,63.91402212258687,1563.4294089333623,366,311,55,416,50,0.04,0.3,0.000625,1.0,1e-08,1e+18,False,False,False,False,12,1.1,15.0,11.687173973840714,4.3406148956534025,59.19020312254639,46.117746762677974,study_results/v4p2_followups_20260806/pseudo65/gp_window_ensemble_20260806/runs/window_3p0/draw_05/attempt_01/results_single.csv,1,1,1,1,single_attempt_outside_55_75MeV,False,,,,,,,window_3p0,5
2021,0.05,0.0019941875,0.045513078125,0.054486921875,432274745.5035101,1.64,0.0467295325,0.0532704675,0.0065409349999999,0.0,1.0,8000,0.000125,True,21631.92426492672,3.250013819800206e-05,0.0004935906226262,3.2941547760353584,15546.777618176027,4727.935220531132,True,tilde_q_mu,asymptotic,default,sidak_approx,observed,7.28**2 * RBF(length_scale=0.325),0.0430198208653474,0.586633920891102,0.1588612167593829,0.3247421057647222,0.0391089280594068,52.932545047574656,1678.8450814117923,402,9,393,416,14,0.04,0.3,0.000625,1.0,1e-08,1e+18,False,False,False,False,12,1.1,15.0,8.303528679472782,21.57260581833327,294.1718975227264,162.84431918499246,study_results/v4p2_followups_20260806/pseudo65/gp_window_ensemble_20260806/runs/window_3p0/draw_06/attempt_01/results_single.csv,1,1,1,1,single_attempt_outside_55_75MeV,False,,,,,,,window_3p0,6
2021,0.051,0.002001485875,0.04649665678125,0.0555033432187499,505722115.71658146,1.64,0.047717563165,0.0542824368349999,0.0065648736699999,0.0,1.0,8000,0.000125,True,17109.78021651267,2.1541811962931382e-05,0.0143385770438578,2.1878963383887946,10739.021835215608,4926.276891366449,True,tilde_q_mu,asymptotic,default,sidak_approx,observed,7.26**2 * RBF(length_scale=0.325),0.0423437473933882,0.5774147371825666,0.1563646500091317,0.3251800995353572,0.0384943158121711,52.705333353550024,1672.739839251186,401,10,391,416,15,0.04,0.3,0.000625,1.0,1e-08,1e+18,False,False,False,False,12,1.1,15.0,8.44748354853321,21.15615599504954,288.4930362961301,162.46934519853022,study_results/v4p2_followups_20260806/pseudo65/gp_window_ensemble_20260806/runs/window_3p0/draw_06/attempt_01/results_single.csv,1,1,1,1,single_attempt_outside_55_75MeV,False,,,,,,,window_3p0,6
2021,0.052,0.002008956,0.047479849,0.056520151,582496150.2912881,1.64,0.04870531216,0.0552946878399999,0.0065893756799999,0.0,1.0,8000,0.000125,True,23808.97629976216,2.55249113054407e-05,0.2968694944197344,0.5334256165604899,6340.176672656962,11897.06456239989,True,tilde_q_mu,asymptotic,default,sidak_approx,observed,1**2 * RBF(length_scale=0.154),0.0416967826910809,0.5685924912420126,0.1539755745145915,0.1539755745145915,0.0379061660828008,1.0,1211.8984701696347,402,12,390,416,14,0.04,0.3,0.000625,1.0,1e-08,1e+18,False,False,False,False,12,1.1,15.0,4.06201920231798,20.75544844739304,283.02884246445046,76.64457286002857,study_results/v4p2_followups_20260806/pseudo65/gp_window_ensemble_20260806/runs/window_3p0/draw_06/attempt_01/results_single.csv,1,1,1,1,single_attempt_outside_55_75MeV,False,,,,,,,window_3p0,6
2021,0.053,0.002016597875,0.0484626547812499,0.05753734521875,661992830.0519445,1.64,0.049692779485,0.056307220515,0.00661444103,0.0,1.0,8000,0.000125,True,5850.519934449176,5.414835035069784e-06,0.5,0.0,-7188.008549849715,5094.060695978986,True,tilde_q_mu,asymptotic,default,sidak_approx,observed,7.55**2 * RBF(length_scale=0.318),0.0410773062694674,0.5601450854927381,0.1516880062237032,0.3179448232741186,0.0373430056995158,56.97260150316605,1666.6060998125397,402,14,388,416,14,0.04,0.3,0.000625,1.0,1e-08,1e+18,False,False,False,False,12,1.1,15.0,8.514173332283228,20.369607039017364,277.76736871387317,157.66396821880943,study_results/v4p2_followups_20260806/pseudo65/gp_window_ensemble_20260806/runs/window_3p0/draw_06/attempt_01/results_single.csv,1,1,1,1,single_attempt_outside_55_75MeV,False,,,,,,,window_3p0,6
2021,0.054,0.0020244115,0.049445074125,0.058554925875,743432117.467634,1.64,0.05067996514,0.05732003486,0.00664006972,0.0,1.0,8000,0.000125,True,5438.248839761653,4.3988982721666995e-06,0.5,0.0,-13823.644822570055,5493.806193705617,True,tilde_q_mu,asymptotic,default,sidak_approx,observed,7.33**2 * RBF(length_scale=0.316),0.0404838157112043,0.552052032425514,0.1494963970927404,0.3161041252744542,0.0368034688283676,53.724796222519885,1661.1675399645094,401,15,386,416,15,0.04,0.3,0.000625,1.0,1e-08,1e+18,False,False,False,False,12,1.1,15.0,8.588976401887574,19.99781947059892,272.6975382354398,156.14618138380175,study_results/v4p2_followups_20260806/pseudo65/gp_window_ensemble_20260806/runs/window_3p0/draw_06/attempt_01/results_single.csv,1,1,1,1,single_attempt_outside_55_75MeV,False,,,,,,,window_3p0,6
2021,0.055,0.002032396875,0.05042710703125,0.05957289296875,825863093.242175,1.64,0.051666869125,0.058333130875,0.0066662617499999,0.0,1.0,8000,0.000125,True,5592.933824875004,3.9984240857353395e-06,0.5,0.0,-13571.1076579439,5606.256416781307,True,tilde_q_mu,asymptotic,default,sidak_approx,observed,7.46**2 * RBF(length_scale=0.317),0.0399149161083646,0.5442943105686093,0.1473955960828078,0.316519821694781,0.0362862873712406,55.57981284970612,1666.1738630129528,402,17,385,416,14,0.04,0.3,0.000625,1.0,1e-08,1e+18,False,False,False,False,12,1.1,15.0,8.722849446031912,19.639331569216612,267.8090668529538,155.73721136270737,study_results/v4p2_followups_20260806/pseudo65/gp_window_ensemble_20260806/central_repeat/window_3p0/draw_06/attempt_02/results_single.csv,2,2,1,2,stable_reproduced,False,attempt_02_55_75MeV,False,1666.1738629846325,1666.1738630129528,study_results/v4p2_followups_20260806/pseudo65/gp_window_ensemble_20260806/runs/window_3p0/draw_06/attempt_01/results_single.csv|study_results/v4p2_followups_20260806/pseudo65/gp_window_ensemble_20260806/central_repeat/window_3p0/draw_06/attempt_02/results_single.csv,1666.17386298|1666.17386301,window_3p0,6
2021,0.056,0.002040554,0.0514087535,0.0605912465,908674820.8707649,1.64,0.05265349144,0.05934650856,0.00669301712,0.0,1.0,8000,0.000125,True,6693.268822512036,4.271315669955239e-06,0.5,0.0,-8505.962262628193,5868.427356822142,True,tilde_q_mu,asymptotic,default,sidak_approx,observed,7.47**2 * RBF(length_scale=0.317),0.0393693106142212,0.5368542356484718,0.1453808142699889,0.3167811514591231,0.0357902823765647,55.82803055556956,1660.0905778882668,401,18,383,416,15,0.04,0.3,0.000625,1.0,1e-08,1e+18,False,False,False,False,12,1.1,15.0,8.85103805905005,19.293442180026243,263.0923933639942,155.24271911408528,study_results/v4p2_followups_20260806/pseudo65/gp_window_ensemble_20260806/runs/window_3p0/draw_06/attempt_01/results_single.csv,2,2,1,2,stable_reproduced,False,attempt_01_full,False,1660.0905778882668,1660.09057777888,study_results/v4p2_followups_20260806/pseudo65/gp_window_ensemble_20260806/runs/window_3p0/draw_06/attempt_01/results_single.csv|study_results/v4p2_followups_20260806/pseudo65/gp_window_ensemble_20260806/central_repeat/window_3p0/draw_06/attempt_02/results_single.csv,1660.09057789|1660.09057778,window_3p0,6
2021,0.057,0.002048882875,0.05239001353125,0.06160998646875,990779251.0958076,1.64,0.053639832085,0.060360167915,0.0067203358299999,0.0,1.0,8000,0.000125,True,9913.83119984086,5.700457122830234e-06,0.4748094859335212,0.0631852729020017,371.06257350928536,5898.308318354701,True,tilde_q_mu,asymptotic,default,sidak_approx,observed,7.73**2 * RBF(length_scale=0.318),0.0388457919743114,0.5297153451042469,0.1434475935717297,0.3182245030580683,0.0353143563402831,59.82855159271784,1657.4727112379126,401,20,381,416,15,0.04,0.3,0.000625,1.0,1e-08,1e+18,False,False,False,False,12,1.1,15.0,9.01119363444462,18.959498587400432,258.53861710091496,155.3161027118587,study_results/v4p2_followups_20260806/pseudo65/gp_window_ensemble_20260806/central_repeat/window_3p0/draw_06/attempt_02/results_single.csv,2,2,1,2,stable_reproduced,False,attempt_02_55_75MeV,False,1657.4727105337668,1657.4727112379126,study_results/v4p2_followups_20260806/pseudo65/gp_window_ensemble_20260806/runs/window_3p0/draw_06/attempt_01/results_single.csv|study_results/v4p2_followups_20260806/pseudo65/gp_window_ensemble_20260806/central_repeat/window_3p0/draw_06/attempt_02/results_single.csv,1657.47271053|1657.47271124,window_3p0,6
2021,0.058,0.0020573835,0.053370887125,0.062629112875,1071816240.3008604,1.64,0.05462589106,0.06137410894,0.00674821788,0.0,1.0,8000,0.000125,True,16076.906318851754,8.397965310330367e-06,0.0885300282561678,1.3498626118086312,8098.251852241053,5984.46453513258,True,tilde_q_mu,asymptotic,default,sidak_approx,observed,7.93**2 * RBF(length_scale=0.318),0.0383432349203511,0.5228622943684247,0.1415917786595051,0.3179669332333455,0.0348574862912283,62.833023238187714,1655.9311839252523,401,21,380,416,15,0.04,0.3,0.000625,1.0,1e-08,1e+18,False,False,False,False,12,1.1,15.0,9.121912308213693,18.63689240258374,254.13944185341464,154.54918017634802,study_results/v4p2_followups_20260806/pseudo65/gp_window_ensemble_20260806/runs/window_3p0/draw_06/attempt_01/results_single.csv,2,2,1,2,stable_reproduced,False,attempt_01_full,False,1655.9311839252523,1655.931183654479,study_results/v4p2_followups_20260806/pseudo65/gp_window_ensemble_20260806/runs/window_3p0/draw_06/attempt_01/results_single.csv|study_results/v4p2_followups_20260806/pseudo65/gp_window_ensemble_20260806/central_repeat/window_3p0/draw_06/attempt_02/results_single.csv,1655.93118393|1655.93118365,window_3p0,6
2021,0.059,0.002066055875,0.0543513742812499,0.0636486257187499,1150709589.2101128,1.64,0.055611668365,0.0623883316349999,0.0067766632699999,0.0,1.0,8000,0.000125,True,18336.139069030043,8.770211612082147e-06,0.0419075591353551,1.7289663470717969,10481.753895569604,6060.96551187065,True,tilde_q_mu,asymptotic,default,sidak_approx,observed,7.87**2 * RBF(length_scale=0.317),0.0378605893261601,0.516280763538548,0.139809491685398,0.317391877965225,0.0344187175692365,61.89913209701638,1654.5943944282387,401,23,378,416,15,0.04,0.3,0.000625,1.0,1e-08,1e+18,False,False,False,False,12,1.1,15.0,9.221490525518885,18.325055863341635,249.88712540920412,153.62211729400835,study_results/v4p2_followups_20260806/pseudo65/gp_window_ensemble_20260806/runs/window_3p0/draw_06/attempt_01/results_single.csv,2,2,1,2,stable_reproduced,False,attempt_01_full,False,1654.5943944282387,1654.5943942378335,study_results/v4p2_followups_20260806/pseudo65/gp_window_ensemble_20260806/runs/window_3p0/draw_06/attempt_01/results_single.csv|study_results/v4p2_followups_20260806/pseudo65/gp_window_ensemble_20260806/central_repeat/window_3p0/draw_06/attempt_02/results_single.csv,1654.59439443|1654.59439424,window_3p0,6
2021,0.06,0.0020749,0.055331475,0.064668525,1227398405.2078917,1.64,0.056597164,0.063402836,0.006805672,0.0,1.0,8000,0.000125,True,15006.942239452244,6.617216256259365e-06,0.1354939242610489,1.100790497285488,6705.65587535429,6093.132940727098,True,tilde_q_mu,asymptotic,default,sidak_approx,observed,7.9**2 * RBF(length_scale=0.316),0.0373968740379758,0.5099573732451246,0.1380971094990222,0.3158027920987028,0.0339971582163416,62.411119876731576,1659.896090027214,402,25,377,416,14,0.04,0.3,0.000625,1.0,1e-08,1e+18,False,False,False,False,12,1.1,15.0,9.28909381452076,18.023458498229218,245.77443406676204,152.20145168379332,study_results/v4p2_followups_20260806/pseudo65/gp_window_ensemble_20260806/runs/window_3p0/draw_06/attempt_01/results_single.csv,2,2,1,2,stable_reproduced,False,attempt_01_full,False,1659.896090027214,1659.896089966565,study_results/v4p2_followups_20260806/pseudo65/gp_window_ensemble_20260806/runs/window_3p0/draw_06/attempt_01/results_single.csv|study_results/v4p2_followups_20260806/pseudo65/gp_window_ensemble_20260806/central_repeat/window_3p0/draw_06/attempt_02/results_single.csv,1659.89609003|1659.89608997,window_3p0,6
2021,0.061,0.002083915875,0.05631118928125,0.06568881071875,1300383405.9465384,1.64,0.057582377965,0.064417622035,0.0068352440699999,0.0,1.0,8000,0.000125,True,11373.478371779844,4.655989307140418e-06,0.40741185733969,0.2342077294136988,1483.7668272835883,6343.99969731165,True,tilde_q_mu,asymptotic,default,sidak_approx,observed,7.68**2 * RBF(length_scale=0.315),0.0369511713028735,0.5038796086755482,0.136451243073103,0.3148772218056039,0.0335919739117032,59.03882110087223,1656.8530263130413,401,26,375,416,15,0.04,0.3,0.000625,1.0,1e-08,1e+18,False,False,False,False,12,1.1,15.0,9.373584971019012,17.731604114236877,241.7946015577755,151.09881621569966,study_results/v4p2_followups_20260806/pseudo65/gp_window_ensemble_20260806/runs/window_3p0/draw_06/attempt_01/results_single.csv,2,2,1,2,stable_reproduced,False,attempt_01_full,False,1656.8530263130413,1656.8530248160223,study_results/v4p2_followups_20260806/pseudo65/gp_window_ensemble_20260806/runs/window_3p0/draw_06/attempt_01/results_single.csv|study_results/v4p2_followups_20260806/pseudo65/gp_window_ensemble_20260806/central_repeat/window_3p0/draw_06/attempt_02/results_single.csv,1656.85302631|1656.85302482,window_3p0,6
2021,0.062,0.0020931035,0.057290517125,0.066709482875,1370140415.2071598,1.64,0.05856731026,0.06543268974,0.0068653794799999,0.0,1.0,8000,0.000125,True,8708.050541101726,3.328772359268035e-06,0.5,0.0,-3916.865458875352,6387.5378321641065,True,tilde_q_mu,asymptotic,default,sidak_approx,observed,7.93**2 * RBF(length_scale=0.319),0.0365226217287332,0.4980357508463617,0.1348687188919183,0.3185454462427675,0.0332023833897574,62.84548862070536,1655.6245618425385,401,28,373,416,15,0.04,0.3,0.000625,1.0,1e-08,1e+18,False,False,False,False,12,1.1,15.0,9.594053610652391,17.449028071824063,237.9412918885099,152.1881007044169,study_results/v4p2_followups_20260806/pseudo65/gp_window_ensemble_20260806/runs/window_3p0/draw_06/attempt_01/results_single.csv,2,2,1,2,stable_reproduced,False,attempt_01_full,False,1655.6245618425385,1655.6245612321177,study_results/v4p2_followups_20260806/pseudo65/gp_window_ensemble_20260806/runs/window_3p0/draw_06/attempt_01/results_single.csv|study_results/v4p2_followups_20260806/pseudo65/gp_window_ensemble_20260806/central_repeat/window_3p0/draw_06/attempt_02/results_single.csv,1655.62456184|1655.62456123,window_3p0,6
2021,0.063,0.002102462875,0.05826945853125,0.06773054146875,1435630051.5996015,1.64,0.059551960885,0.066448039115,0.0068960782299999,0.0,1.0,8000,0.000125,True,8657.713556505663,3.1084225066216183e-06,0.5,0.0,-4383.728479365652,6475.301514653701,True,tilde_q_mu,asymptotic,default,sidak_approx,observed,7.92**2 * RBF(length_scale=0.318),0.0361104197174945,0.4924148143294715,0.133346562087477,0.3184493292607036,0.0328276542886314,62.66484887645418,1655.3729664197765,401,29,372,416,15,0.04,0.3,0.000625,1.0,1e-08,1e+18,False,False,False,False,12,1.1,15.0,9.70064222258445,17.17529481584524,234.20856567061688,151.46490006902195,study_results/v4p2_followups_20260806/pseudo65/gp_window_ensemble_20260806/runs/window_3p0/draw_06/attempt_01/results_single.csv,2,2,1,2,stable_reproduced,False,attempt_01_full,False,1655.3729664197765,1655.3729662402868,study_results/v4p2_followups_20260806/pseudo65/gp_window_ensemble_20260806/runs/window_3p0/draw_06/attempt_01/results_single.csv|study_results/v4p2_followups_20260806/pseudo65/gp_window_ensemble_20260806/central_repeat/window_3p0/draw_06/attempt_02/results_single.csv,1655.37296642|1655.37296624,window_3p0,6
2021,0.064,0.002111994,0.0592480135,0.0687519865,1496335744.2122245,1.64,0.06053632984,0.06746367016,0.00692734032,0.0,1.0,8000,0.000125,True,9415.17124597032,3.1925603907130982e-06,0.5,0.0,-2490.09680863621,6503.707592730893,True,tilde_q_mu,asymptotic,default,sidak_approx,observed,8.23**2 * RBF(length_scale=0.32),0.0357138093206567,0.4870064907362281,0.1318819811349368,0.3195195678951833,0.0324670993824152,67.81172016397082,1654.8596260552165,401,31,370,416,15,0.04,0.3,0.000625,1.0,1e-08,1e+18,False,False,False,False,12,1.1,15.0,9.84133396493809,16.909995634768247,230.59084956502153,151.2881039885451,study_results/v4p2_followups_20260806/pseudo65/gp_window_ensemble_20260806/central_repeat/window_3p0/draw_06/attempt_02/results_single.csv,3,3,2,2,resolved_reproduced_max_lml,False,attempt_02_55_75MeV,False,1654.8596259855688,1654.8596260552165,study_results/v4p2_followups_20260806/pseudo65/gp_window_ensemble_20260806/runs/window_3p0/draw_06/attempt_01/results_single.csv|study_results/v4p2_followups_20260806/pseudo65/gp_window_ensemble_20260806/central_repeat/window_3p0/draw_06/attempt_02/results_single.csv|study_results/v4p2_followups_20260806/pseudo65/gp_window_ensemble_20260806/central_repairs/window_3p0/draw_06/m064/attempt_03/results_single.csv,1654.85962599|1654.85962606|1654.85962593,window_3p0,6
2021,0.065,0.002121696875,0.06022618203125,0.06977381796875,1552315009.9748652,1.64,0.061520417125,0.068479582875,0.0069591657499999,0.0,1.0,8000,0.000125,True,12258.535113184154,3.945166020500727e-06,0.3725003653468862,0.3252382908735875,2147.8234486054416,6605.298079609304,True,tilde_q_mu,asymptotic,default,sidak_approx,observed,8.27**2 * RBF(length_scale=0.32),0.0353320804721528,0.4818010973475384,0.1304723539415717,0.3196235902039399,0.0321200731565025,68.33464169651279,1648.8594937240166,400,32,368,416,16,0.04,0.3,0.000625,1.0,1e-08,1e+18,False,False,False,False,12,1.1,15.0,9.950898575062354,16.652746623927047,227.08290850809607,150.64526604628188,study_results/v4p2_followups_20260806/pseudo65/gp_window_ensemble_20260806/runs/window_3p0/draw_06/attempt_01/results_single.csv,2,2,1,2,stable_reproduced,False,attempt_01_full,False,1648.8594937240166,1648.8594934876976,study_results/v4p2_followups_20260806/pseudo65/gp_window_ensemble_20260806/runs/window_3p0/draw_06/attempt_01/results_single.csv|study_results/v4p2_followups_20260806/pseudo65/gp_window_ensemble_20260806/central_repeat/window_3p0/draw_06/attempt_02/results_single.csv,1648.85949372|1648.85949349,window_3p0,6
2021,0.066,0.0021315715,0.061203964125,0.070796035875,1603517033.7681742,1.64,0.06250422274,0.06949577726,0.0069915545199999,0.0,1.0,8000,0.000125,True,15076.060639064832,4.625836562181883e-06,0.1776845421694793,0.9242251875613676,6020.853638053529,6515.364218176306,True,tilde_q_mu,asymptotic,default,sidak_approx,observed,8.34**2 * RBF(length_scale=0.321),0.0349645655591176,0.4767895303516045,0.1291152151834926,0.3208505964911114,0.0317859686901069,69.57410475083702,1654.5503331532811,401,34,367,416,15,0.04,0.3,0.000625,1.0,1e-08,1e+18,False,False,False,False,12,1.1,15.0,10.094095278932702,16.403186831461046,223.67982042901423,150.52302795900178,study_results/v4p2_followups_20260806/pseudo65/gp_window_ensemble_20260806/runs/window_3p0/draw_06/attempt_01/results_single.csv,2,2,1,2,stable_reproduced,False,attempt_01_full,False,1654.5503331532811,1654.5503326681849,study_results/v4p2_followups_20260806/pseudo65/gp_window_ensemble_20260806/runs/window_3p0/draw_06/attempt_01/results_single.csv|study_results/v4p2_followups_20260806/pseudo65/gp_window_ensemble_20260806/central_repeat/window_3p0/draw_06/attempt_02/results_single.csv,1654.55033315|1654.55033267,window_3p0,6
2021,0.067,0.002141617875,0.06218135978125,0.07181864021875,1648865849.9339838,1.64,0.063487746685,0.070512253315,0.00702450663,0.0,1.0,8000,0.000125,True,16259.861665511042,4.779435911662875e-06,0.1349917660311395,1.1031004808418805,7245.184370636636,6607.889162121688,True,tilde_q_mu,asymptotic,default,sidak_approx,observed,8.23**2 * RBF(length_scale=0.321),0.034610636295701,0.4719632222141046,0.1278082447614374,0.3209919663197724,0.0314642148142736,67.80199868830746,1648.6613493052826,400,35,365,416,16,0.04,0.3,0.000625,1.0,1e-08,1e+18,False,False,False,False,12,1.1,15.0,10.201810794088384,16.16097656810088,220.37695320137564,149.88293199587363,study_results/v4p2_followups_20260806/pseudo65/gp_window_ensemble_20260806/runs/window_3p0/draw_06/attempt_01/results_single.csv,2,2,1,2,stable_reproduced,False,attempt_01_full,False,1648.6613493052826,1648.6613492171084,study_results/v4p2_followups_20260806/pseudo65/gp_window_ensemble_20260806/runs/window_3p0/draw_06/attempt_01/results_single.csv|study_results/v4p2_followups_20260806/pseudo65/gp_window_ensemble_20260806/central_repeat/window_3p0/draw_06/attempt_02/results_single.csv,1648.66134931|1648.66134922,window_3p0,6
2021,0.068,0.002151836,0.063158369,0.072841631,1689095332.9597764,1.64,0.06447098896,0.07152901104,0.00705802208,0.0,1.0,8000,0.000125,True,15257.76942700729,4.31367970349665e-06,0.1803406666081159,0.9140675862488696,6047.386776396323,6618.839399071384,True,tilde_q_mu,asymptotic,default,sidak_approx,observed,8.2**2 * RBF(length_scale=0.321),0.0342697008691363,0.4673141027609495,0.1265492572619316,0.3212333630494474,0.0311542735173966,67.30128713654403,1649.1756995335647,400,37,363,416,16,0.04,0.3,0.000625,1.0,1e-08,1e+18,False,False,False,False,12,1.1,15.0,10.311052924089848,15.92579586415336,217.1699436020912,149.2833854668513,study_results/v4p2_followups_20260806/pseudo65/gp_window_ensemble_20260806/runs/window_3p0/draw_06/attempt_01/results_single.csv,2,2,1,2,stable_reproduced,False,attempt_01_full,False,1649.1756995335647,1649.1756991601876,study_results/v4p2_followups_20260806/pseudo65/gp_window_ensemble_20260806/runs/window_3p0/draw_06/attempt_01/results_single.csv|study_results/v4p2_followups_20260806/pseudo65/gp_window_ensemble_20260806/central_repeat/window_3p0/draw_06/attempt_02/results_single.csv,1649.17569953|1649.17569916,window_3p0,6
2021,0.069,0.002162225875,0.06413499178125,0.07386500821875,1724125877.0537162,1.64,0.065453949565,0.072546050435,0.00709210087,0.0,1.0,8000,0.000125,True,12566.746277200162,3.430241587600037e-06,0.3379183479776528,0.4181510313908758,2732.6350377301637,6536.610458969033,True,tilde_q_mu,asymptotic,default,sidak_approx,observed,8.27**2 * RBF(length_scale=0.323),0.0339412013307978,0.4628345636017883,0.1253361923231284,0.3228769635884306,0.0308556375734525,68.47082107401963,1654.8624411689957,401,39,362,416,15,0.04,0.3,0.000625,1.0,1e-08,1e+18,False,False,False,False,12,1.1,15.0,10.464115765548987,15.697343058942815,214.05467807649293,149.32619543664956,study_results/v4p2_followups_20260806/pseudo65/gp_window_ensemble_20260806/runs/window_3p0/draw_06/attempt_01/results_single.csv,2,2,1,2,stable_reproduced,False,attempt_01_full,False,1654.8624411689957,1654.8624409628612,study_results/v4p2_followups_20260806/pseudo65/gp_window_ensemble_20260806/runs/window_3p0/draw_06/attempt_01/results_single.csv|study_results/v4p2_followups_20260806/pseudo65/gp_window_ensemble_20260806/central_repeat/window_3p0/draw_06/attempt_02/results_single.csv,1654.86244117|1654.86244096,window_3p0,6
2021,0.07,0.0021727875,0.065111228125,0.074888771875,1753861254.2582238,1.64,0.0664366285,0.0735633715,0.0071267429999999,0.0,1.0,8000,0.000125,True,9495.336023286767,2.511521997866483e-06,0.5,0.0,-2934.9905648125027,6670.860729585094,True,tilde_q_mu,asymptotic,default,sidak_approx,observed,8.04**2 * RBF(length_scale=0.32),0.0336246112080568,0.4585174255644109,0.1241671058160028,0.319920545292951,0.0305678283709607,64.61189119519229,1646.0046328730498,400,40,360,416,16,0.04,0.3,0.000625,1.0,1e-08,1e+18,False,False,False,False,12,1.1,15.0,10.465923238330983,15.475333509630737,211.02727513132825,147.2396841812423,study_results/v4p2_followups_20260806/pseudo65/gp_window_ensemble_20260806/central_repeat/window_3p0/draw_06/attempt_02/results_single.csv,2,2,1,2,stable_reproduced,False,attempt_02_55_75MeV,False,1646.0046324960288,1646.0046328730498,study_results/v4p2_followups_20260806/pseudo65/gp_window_ensemble_20260806/runs/window_3p0/draw_06/attempt_01/results_single.csv|study_results/v4p2_followups_20260806/pseudo65/gp_window_ensemble_20260806/central_repeat/window_3p0/draw_06/attempt_02/results_single.csv,1646.0046325|1646.00463287,window_3p0,6
2021,0.071,0.002183520875,0.06608707803125,0.0759129219687499,1779330107.1826637,1.64,0.0674190257649999,0.074580974235,0.00716194847,0.0,1.0,8000,0.000125,True,7817.8540239313215,2.0095212496728655e-06,0.5,0.0,-8050.092421594494,6564.730462388599,True,tilde_q_mu,asymptotic,default,sidak_approx,observed,8.11**2 * RBF(length_scale=0.322),0.0333194333154327,0.4543559088468107,0.1230401617614922,0.3217550720782933,0.0302903939231207,65.80534672933696,1653.143677147985,401,42,359,416,15,0.04,0.3,0.000625,1.0,1e-08,1e+18,False,False,False,False,12,1.1,15.0,10.622346902946584,15.259498407787282,208.08406919709927,147.35607786588866,study_results/v4p2_followups_20260806/pseudo65/gp_window_ensemble_20260806/central_repeat/window_3p0/draw_06/attempt_02/results_single.csv,2,2,1,2,stable_reproduced,False,attempt_02_55_75MeV,False,1653.143676923489,1653.143677147985,study_results/v4p2_followups_20260806/pseudo65/gp_window_ensemble_20260806/runs/window_3p0/draw_06/attempt_01/results_single.csv|study_results/v4p2_followups_20260806/pseudo65/gp_window_ensemble_20260806/central_repeat/window_3p0/draw_06/attempt_02/results_single.csv,1653.14367692|1653.14367715,window_3p0,6
2021,0.072,0.002194426,0.0670625414999999,0.0769374585,1799800868.453473,1.64,0.06840114136,0.0755988586399999,0.0071977172799999,0.0,1.0,8000,0.000125,True,7289.056371586999,1.82656140801469e-06,0.4999026019832914,0.000244140625,-11323.277442077484,6637.882136760504,True,tilde_q_mu,asymptotic,default,sidak_approx,observed,8.06**2 * RBF(length_scale=0.321),0.0330251977459068,0.4503436056260024,0.1219536249129291,0.3213030214993212,0.0300229070417334,64.93904453573525,1647.180199941555,400,43,357,416,16,0.04,0.3,0.000625,1.0,1e-08,1e+18,False,False,False,False,12,1.1,15.0,10.701929065453,15.049583693369856,205.22159581867984,146.41779741003853,study_results/v4p2_followups_20260806/pseudo65/gp_window_ensemble_20260806/runs/window_3p0/draw_06/attempt_01/results_single.csv,2,2,1,2,stable_reproduced,False,attempt_01_full,False,1647.180199941555,1647.180199837517,study_results/v4p2_followups_20260806/pseudo65/gp_window_ensemble_20260806/runs/window_3p0/draw_06/attempt_01/results_single.csv|study_results/v4p2_followups_20260806/pseudo65/gp_window_ensemble_20260806/central_repeat/window_3p0/draw_06/attempt_02/results_single.csv,1647.18019994|1647.18019984,window_3p0,6
2021,0.073,0.002205502875,0.06803761853125,0.07796238146875,1816541369.4840808,1.64,0.069382975285,0.076617024715,0.00723404943,0.0,1.0,8000,0.000125,True,7545.985986628224,1.847854464079279e-06,0.5,0.0,-9731.732744010027,6622.384302935785,True,tilde_q_mu,asymptotic,default,sidak_approx,observed,8.08**2 * RBF(length_scale=0.32),0.0327414600253253,0.4464744548907995,0.1209058539407253,0.31968613285403,0.0297649636593866,65.28258273469207,1646.7612600113196,400,45,355,416,16,0.04,0.3,0.000625,1.0,1e-08,1e+18,False,False,False,False,12,1.1,15.0,10.740350181923178,14.845349056879057,202.43657804835075,144.94931585796732,study_results/v4p2_followups_20260806/pseudo65/gp_window_ensemble_20260806/runs/window_3p0/draw_06/attempt_01/results_single.csv,2,2,1,2,stable_reproduced,False,attempt_01_full,False,1646.7612600113196,1646.761259992429,study_results/v4p2_followups_20260806/pseudo65/gp_window_ensemble_20260806/runs/window_3p0/draw_06/attempt_01/results_single.csv|study_results/v4p2_followups_20260806/pseudo65/gp_window_ensemble_20260806/central_repeat/window_3p0/draw_06/attempt_02/results_single.csv,1646.76126001|1646.76125999,window_3p0,6
2021,0.074,0.0022167515,0.0690123091249999,0.078987690875,1829388744.158968,1.64,0.07036452754,0.07763547246,0.0072709449199999,0.0,1.0,8000,0.000125,True,7715.887321950006,1.8508365894310269e-06,0.5,0.0,-8440.863717198192,6553.499915164645,True,tilde_q_mu,asymptotic,default,sidak_approx,observed,8.19**2 * RBF(length_scale=0.323),0.0324677994146582,0.442742719290794,0.1198952951630456,0.3228997106767615,0.0295161812860529,67.10385264615344,1647.797036367632,400,46,354,416,16,0.04,0.3,0.000625,1.0,1e-08,1e+18,False,False,False,False,12,1.1,15.0,10.939752251397742,14.646567021453794,199.72591392891536,145.66346777108822,study_results/v4p2_followups_20260806/pseudo65/gp_window_ensemble_20260806/central_repeat/window_3p0/draw_06/attempt_02/results_single.csv,2,2,1,2,stable_reproduced,False,attempt_02_55_75MeV,False,1647.7970363515326,1647.797036367632,study_results/v4p2_followups_20260806/pseudo65/gp_window_ensemble_20260806/runs/window_3p0/draw_06/attempt_01/results_single.csv|study_results/v4p2_followups_20260806/pseudo65/gp_window_ensemble_20260806/central_repeat/window_3p0/draw_06/attempt_02/results_single.csv,1647.79703635|1647.79703637,window_3p0,6
2021,0.075,0.002228171875,0.06998661328125,0.08001338671875,1838368958.6354597,1.64,0.071345798125,0.078654201875,0.0073084037499999,0.0,1.0,8000,0.000125,True,8835.788894309106,2.080996316807315e-06,0.4999026019832914,0.000244140625,-4079.7577529815712,6523.797246546207,True,tilde_q_mu,asymptotic,default,sidak_approx,observed,8.22**2 * RBF(length_scale=0.322),0.032203817346461,0.4391429638153776,0.1189204767720596,0.3224915532517011,0.0292761975876918,67.49881719589814,1647.660252138209,400,48,352,416,16,0.04,0.3,0.000625,1.0,1e-08,1e+18,False,False,False,False,12,1.1,15.0,11.015486293455044,14.45302209752604,197.08666496626415,144.73369710390995,study_results/v4p2_followups_20260806/pseudo65/gp_window_ensemble_20260806/runs/window_3p0/draw_06/attempt_01/results_single.csv,2,2,1,2,stable_reproduced,False,attempt_01_full,False,1647.660252138209,1647.660251257539,study_results/v4p2_followups_20260806/pseudo65/gp_window_ensemble_20260806/runs/window_3p0/draw_06/attempt_01/results_single.csv|study_results/v4p2_followups_20260806/pseudo65/gp_window_ensemble_20260806/central_repeat/window_3p0/draw_06/attempt_02/results_single.csv,1647.66025214|1647.66025126,window_3p0,6
2021,0.076,0.002239764,0.070960531,0.081039469,1844398591.748667,1.64,0.0723267870399999,0.07967321296,0.00734642592,0.0,1.0,8000,0.000125,True,10886.203122024035,2.521900694384284e-06,0.4793502856914411,0.0517842926807427,335.77055808961336,6493.04011254815,True,tilde_q_mu,asymptotic,default,sidak_approx,observed,8.11**2 * RBF(length_scale=0.321),0.0319491359833398,0.4356700361364529,0.1179800035107226,0.3207188901659318,0.0290446690757635,65.76604080846134,1647.1878152757802,400,50,350,416,16,0.04,0.3,0.000625,1.0,1e-08,1e+18,False,False,False,False,12,1.1,15.0,11.042263533088668,14.264510003437811,194.51604550142468,143.19316238939987,study_results/v4p2_followups_20260806/pseudo65/gp_window_ensemble_20260806/runs/window_3p0/draw_06/attempt_01/results_single.csv,1,1,1,1,single_attempt_outside_55_75MeV,False,,,,,,,window_3p0,6
2021,0.077,0.002251527875,0.07193406228125,0.08206593771875,1847461207.5520144,1.64,0.073307494285,0.080692505715,0.00738501143,0.0,1.0,8000,0.000125,True,13485.8972931776,3.0784614302690353e-06,0.2608516023196202,0.6407221743688413,4157.736524566086,6492.924147437927,True,tilde_q_mu,asymptotic,default,sidak_approx,observed,7.9**2 * RBF(length_scale=0.318),0.0317033968874435,0.4323190484651396,0.1170725517595489,0.3179572097599401,0.0288212698976759,62.45634353946247,1647.4801572745066,400,51,349,416,16,0.04,0.3,0.000625,1.0,1e-08,1e+18,False,False,False,False,12,1.1,15.0,11.03203331736534,14.080836946086476,192.0114129011792,141.21842029601345,study_results/v4p2_followups_20260806/pseudo65/gp_window_ensemble_20260806/runs/window_3p0/draw_06/attempt_01/results_single.csv,1,1,1,1,single_attempt_outside_55_75MeV,False,,,,,,,window_3p0,6
2021,0.078,0.0022634635,0.072907207125,0.083092792875,1847769944.3645077,1.64,0.07428791986,0.08171208014,0.00742416028,0.0,1.0,8000,0.000125,True,15282.500891718064,3.443276119075948e-06,0.1642403003307484,0.9771788826255364,6354.4160741693395,6469.845531636036,True,tilde_q_mu,asymptotic,default,sidak_approx,observed,7.84**2 * RBF(length_scale=0.317),0.0314662597911359,0.4290853607882172,0.1161968649970184,0.3172424091463784,0.0286056907192144,61.49660079340013,1647.0275959562753,400,53,347,416,16,0.04,0.3,0.000625,1.0,1e-08,1e+18,False,False,False,False,12,1.1,15.0,11.090185245318557,13.901818956274722,189.57025849465532,140.1579522472434,study_results/v4p2_followups_20260806/pseudo65/gp_window_ensemble_20260806/runs/window_3p0/draw_06/attempt_01/results_single.csv,1,1,1,1,single_attempt_outside_55_75MeV,False,,,,,,,window_3p0,6
2021,0.079,0.002275570875,0.07387996553125,0.08412003446875,1845689661.7151537,1.64,0.075268063765,0.082731936235,0.0074638724699999,0.0,1.0,8000,0.000125,True,16400.52982244866,3.652515178709678e-06,0.1225464637778429,1.16235097729815,7601.198647517832,6513.09460654681,True,tilde_q_mu,asymptotic,default,sidak_approx,observed,7.8**2 * RBF(length_scale=0.317),0.0312374014599871,0.4259645653634614,0.1153517496008941,0.3165486749536079,0.0283976376908974,60.787835762640064,1640.8736120024334,399,54,345,416,17,0.04,0.3,0.000625,1.0,1e-08,1e+18,False,False,False,False,12,1.1,15.0,11.14700731093116,13.727281273973578,187.1901991905488,139.10736792744717,study_results/v4p2_followups_20260806/pseudo65/gp_window_ensemble_20260806/runs/window_3p0/draw_06/attempt_01/results_single.csv,1,1,1,1,single_attempt_outside_55_75MeV,False,,,,,,,window_3p0,6
2021,0.08,0.00228785,0.0748523375,0.0851476625,1840971776.2432177,1.64,0.076247926,0.083752074,0.0075041479999999,0.0,1.0,8000,0.000125,True,16249.740006707674,3.582854908926615e-06,0.1173242364877037,1.1884695411794446,7603.39003992737,6398.858642713126,True,tilde_q_mu,asymptotic,default,sidak_approx,observed,7.95**2 * RBF(length_scale=0.319),0.0310165146400847,0.4229524723647926,0.1145360709609101,0.318617534844017,0.0281968314909861,63.25145045861131,1645.7185986425768,400,56,344,416,16,0.04,0.3,0.000625,1.0,1e-08,1e+18,False,False,False,False,12,1.1,15.0,11.299763767637195,13.55705777917468,184.8689697160183,139.2650457171655,study_results/v4p2_followups_20260806/pseudo65/gp_window_ensemble_20260806/runs/window_3p0/draw_06/attempt_01/results_single.csv,1,1,1,1,single_attempt_outside_55_75MeV,False,,,,,,,window_3p0,6
2021,0.081,0.002300300875,0.07582432303125,0.08617567696875,1834117166.8439004,1.64,0.077227506565,0.084772493435,0.0075449868699999,0.0,1.0,8000,0.000125,True,16413.133109389993,3.5875612050321504e-06,0.1160369034908956,1.1950338450231797,7696.099577176157,6426.822004141068,True,tilde_q_mu,asymptotic,default,sidak_approx,observed,7.88**2 * RBF(length_scale=0.318),0.030803307082474,0.4200450965791913,0.113748749876279,0.3183205963212155,0.0280030064386127,62.022579007369814,1639.6101484227936,399,57,342,416,17,0.04,0.3,0.000625,1.0,1e-08,1e+18,False,False,False,False,12,1.1,15.0,11.367372179091817,13.390990464442623,182.6044154242176,138.3821567781717,study_results/v4p2_followups_20260806/pseudo65/gp_window_ensemble_20260806/runs/window_3p0/draw_06/attempt_01/results_single.csv,1,1,1,1,single_attempt_outside_55_75MeV,False,,,,,,,window_3p0,6
2021,0.082,0.0023129235,0.076795922125,0.087204077875,1825600864.265104,1.64,0.07820680546,0.08579319454,0.00758638908,0.0,1.0,8000,0.000125,True,14472.042714293211,3.139280140695146e-06,0.1911216623175237,0.8737703606957827,5572.204678613398,6371.072308680359,True,tilde_q_mu,asymptotic,default,sidak_approx,observed,8.04**2 * RBF(length_scale=0.32),0.0305975006382008,0.4172386450663756,0.1129887592139169,0.3200290792288556,0.0278159096710917,64.58266360693393,1638.6192948868322,399,59,340,416,17,0.04,0.3,0.000625,1.0,1e-08,1e+18,False,False,False,False,12,1.1,15.0,11.505253037309538,13.228928945639955,180.39448562236305,138.3656135747056,study_results/v4p2_followups_20260806/pseudo65/gp_window_ensemble_20260806/runs/window_3p0/draw_06/attempt_01/results_single.csv,1,1,1,1,single_attempt_outside_55_75MeV,False,,,,,,,window_3p0,6
2021,0.083,0.002325717875,0.07776713478125,0.08823286521875,1815668681.2943528,1.64,0.079185822685,0.086814177315,0.00762835463,0.0,1.0,8000,0.000125,True,11495.788694128896,2.477102625371357e-06,0.3933129654531803,0.2706945993201087,1718.2989434913648,6349.486805413939,True,tilde_q_mu,asymptotic,default,sidak_approx,observed,7.96**2 * RBF(length_scale=0.318),0.030398830418065,0.4145295057008868,0.1122551208056255,0.317752752839931,0.0276353003800591,63.41534075478728,1641.390818820975,399,60,339,416,17,0.04,0.3,0.000625,1.0,1e-08,1e+18,False,False,False,False,12,1.1,15.0,11.49807487054538,13.070730007639057,178.2372273768962,136.62566567319823,study_results/v4p2_followups_20260806/pseudo65/gp_window_ensemble_20260806/runs/window_3p0/draw_06/attempt_01/results_single.csv,1,1,1,1,single_attempt_outside_55_75MeV,False,,,,,,,window_3p0,6
2021,0.084,0.002338684,0.078737961,0.089262039,1803665927.1918256,1.64,0.08016455824,0.08783544176,0.00767088352,0.0,1.0,8000,0.000125,True,10341.877417037304,2.2165826043043915e-06,0.5,0.0,-14.510974895483796,6294.069252727703,True,tilde_q_mu,asymptotic,default,sidak_approx,observed,8**2 * RBF(length_scale=0.319),0.0302070440117673,0.4119142365241002,0.111546902564603,0.3189232102412609,0.0274609491016066,63.95411132864769,1641.493579717942,399,62,337,416,17,0.04,0.3,0.000625,1.0,1e-08,1e+18,False,False,False,False,12,1.1,15.0,11.613699477801424,12.916257182144893,176.13077975652126,136.36866299220458,study_results/v4p2_followups_20260806/pseudo65/gp_window_ensemble_20260806/runs/window_3p0/draw_06/attempt_01/results_single.csv,1,1,1,1,single_attempt_outside_55_75MeV,False,,,,,,,window_3p0,6
2021,0.085,0.002351821875,0.07970840078125,0.09029159921875,1790440672.4133158,1.64,0.081143012125,0.088856987875,0.0077139757499999,0.0,1.0,8000,0.000125,True,8809.829689715201,1.879786707262312e-06,0.5,0.0,-2729.7310218346224,6190.392788753869,True,tilde_q_mu,asymptotic,default,sidak_approx,observed,7.96**2 * RBF(length_scale=0.318),0.0300219007615834,0.4093895558397742,0.1108632158033061,0.3180032845243638,0.0272926370559849,63.33351148446487,1647.099995014337,400,64,336,416,16,0.04,0.3,0.000625,1.0,1e-08,1e+18,False,False,False,False,12,1.1,15.0,11.651614458216288,12.76538035499965,174.07336847726796,135.21571846267645,study_results/v4p2_followups_20260806/pseudo65/gp_window_ensemble_20260806/runs/window_3p0/draw_06/attempt_01/results_single.csv,1,1,1,1,single_attempt_outside_55_75MeV,False,,,,,,,window_3p0,6
2021,0.086,0.0023651315,0.080678454125,0.091321545875,1775696555.8627672,1.64,0.0821211843399999,0.08987881566,0.00775763132,0.0,1.0,8000,0.000125,True,8230.90065644553,1.7502499682283332e-06,0.5,0.0,-4502.680309675043,6209.734731797529,True,tilde_q_mu,asymptotic,default,sidak_approx,observed,7.94**2 * RBF(length_scale=0.318),0.0298431710861948,0.4069523329935665,0.1102032127365311,0.3176275229601055,0.0271301555329044,63.031230048826934,1641.3607419405496,399,65,334,416,17,0.04,0.3,0.000625,1.0,1e-08,1e+18,False,False,False,False,12,1.1,15.0,11.707545228587996,12.61797540060452,172.0633009173344,134.29592517798926,study_results/v4p2_followups_20260806/pseudo65/gp_window_ensemble_20260806/runs/window_3p0/draw_06/attempt_01/results_single.csv,1,1,1,1,single_attempt_outside_55_75MeV,False,,,,,,,window_3p0,6
2021,0.087,0.002378612875,0.0816481210312499,0.09235187896875,1760136602.064715,1.64,0.083099074885,0.0909009251149999,0.0078018502299999,0.0,1.0,8000,0.000125,True,7697.190115666261,1.6322493665470585e-06,0.5,0.0,-6169.46939164166,6178.297109296978,True,tilde_q_mu,asymptotic,default,sidak_approx,observed,7.86**2 * RBF(length_scale=0.316),0.0296706358506726,0.4045995797818991,0.1095660841549239,0.3158599445779124,0.0269733053187932,61.71363673439848,1640.653917381562,399,67,332,416,17,0.04,0.3,0.000625,1.0,1e-08,1e+18,False,False,False,False,12,1.1,15.0,11.710094141033634,12.47392384129452,170.098961472198,132.7916568087661,study_results/v4p2_followups_20260806/pseudo65/gp_window_ensemble_20260806/runs/window_3p0/draw_06/attempt_01/results_single.csv,1,1,1,1,single_attempt_outside_55_75MeV,False,,,,,,,window_3p0,6
2021,0.088,0.002392266,0.0826174014999999,0.0933825985,1743632625.119082,1.64,0.0840766837599999,0.09192331624,0.00784663248,0.0,1.0,8000,0.000125,True,7608.11639953892,1.6101243273859153e-06,0.5,0.0,-6279.602946824238,6139.057190979205,True,tilde_q_mu,asymptotic,default,sidak_approx,observed,7.82**2 * RBF(length_scale=0.315),0.0295040857789749,0.4023284424405671,0.1089510572554845,0.3153987934784155,0.0268218961627044,61.20049117608048,1640.7129069861332,399,68,331,416,17,0.04,0.3,0.000625,1.0,1e-08,1e+18,False,False,False,False,12,1.1,15.0,11.759004343509975,12.33311252969984,168.17880722317963,131.84102164157977,study_results/v4p2_followups_20260806/pseudo65/gp_window_ensemble_20260806/runs/window_3p0/draw_06/attempt_01/results_single.csv,1,1,1,1,single_attempt_outside_55_75MeV,False,,,,,,,window_3p0,6
2021,0.089,0.002406090875,0.08358629553125,0.09441370446875,1725874782.225614,1.64,0.085054010965,0.092945989035,0.00789197807,0.0,1.0,8000,0.000125,True,8105.359517060695,1.713534746349764e-06,0.5,0.0,-4205.0948050548495,6077.1788107948505,True,tilde_q_mu,asymptotic,default,sidak_approx,observed,8**2 * RBF(length_scale=0.318),0.0293433209056615,0.4001361941681125,0.1083573936168872,0.3180379927375321,0.0266757462778741,64.06149391160311,1639.6059357166257,399,70,329,416,17,0.04,0.3,0.000625,1.0,1e-08,1e+18,False,False,False,False,12,1.1,15.0,11.922365336085251,12.1954333523091,166.3013638951241,132.18037441646177,study_results/v4p2_followups_20260806/pseudo65/gp_window_ensemble_20260806/runs/window_3p0/draw_06/attempt_01/results_single.csv,1,1,1,1,single_attempt_outside_55_75MeV,False,,,,,,,window_3p0,6
2021,0.09,0.0024200875,0.084554803125,0.095445196875,1707421799.183081,1.64,0.0860310565,0.0939689435,0.007937887,0.0,1.0,8000,0.000125,True,9152.723191066509,1.9341356003093498e-06,0.5,0.0,-1582.185066085436,6081.3827378124015,True,tilde_q_mu,asymptotic,default,sidak_approx,observed,8.06**2 * RBF(length_scale=0.319),0.0291881500637943,0.3980202281426503,0.1077843873084286,0.3186205715300484,0.0265346818761766,65.01723930858323,1634.6984088749136,398,71,327,416,18,0.04,0.3,0.000625,1.0,1e-08,1e+18,False,False,False,False,12,1.1,15.0,12.007702712129053,12.060782952597524,164.46522208087532,131.65663288209555,study_results/v4p2_followups_20260806/pseudo65/gp_window_ensemble_20260806/runs/window_3p0/draw_06/attempt_01/results_single.csv,1,1,1,1,single_attempt_outside_55_75MeV,False,,,,,,,window_3p0,6
2021,0.091,0.002434255875,0.08552292428125,0.09647707571875,1688209960.037576,1.64,0.087007820365,0.094992179635,0.0079843592699999,0.0,1.0,8000,0.000125,True,11137.24987282886,2.354127795112566e-06,0.383597916935656,0.2960448453671248,1924.3808042376936,5993.363832547486,True,tilde_q_mu,asymptotic,default,sidak_approx,observed,8.06**2 * RBF(length_scale=0.318),0.0290383904062669,0.3959780509945498,0.1072313631224206,0.3182194217820029,0.0263985367329699,64.98674999624546,1641.4226768397027,399,73,326,416,17,0.04,0.3,0.000625,1.0,1e-08,1e+18,False,False,False,False,12,1.1,15.0,12.054434115076097,11.929062472229626,162.66903371222216,130.72554329647164,study_results/v4p2_followups_20260806/pseudo65/gp_window_ensemble_20260806/runs/window_3p0/draw_06/attempt_01/results_single.csv,1,1,1,1,single_attempt_outside_55_75MeV,False,,,,,,,window_3p0,6
2021,0.092,0.002448596,0.086490659,0.097509341,1668257878.789034,1.64,0.08798430256,0.0960156974399999,0.0080313948799999,0.0,1.0,8000,0.000125,True,12137.96665934174,2.5681172638237845e-06,0.2889521485119459,0.5564484917177299,3339.797950393752,5993.492054190385,True,tilde_q_mu,asymptotic,default,sidak_approx,observed,8.03**2 * RBF(length_scale=0.319),0.0288938669580575,0.3940072767007851,0.1066976749207735,0.3189912329819338,0.0262671517800523,64.50765436338779,1638.360857008627,398,74,324,416,18,0.04,0.3,0.000625,1.0,1e-08,1e+18,False,False,False,False,12,1.1,15.0,12.144111994060216,11.800177308979343,160.9115087588092,130.27515890001203,study_results/v4p2_followups_20260806/pseudo65/gp_window_ensemble_20260806/runs/window_3p0/draw_06/attempt_01/results_single.csv,1,1,1,1,single_attempt_outside_55_75MeV,False,,,,,,,window_3p0,6
2021,0.093,0.002463107875,0.08745800728125,0.09854199271875,1647188801.3305027,1.64,0.088960503085,0.097039496915,0.0080789938299999,0.0,1.0,8000,0.000125,True,12124.982352693482,2.570246093135567e-06,0.2801083259128482,0.5825197358942432,3426.6399272100557,5943.859598224678,True,tilde_q_mu,asymptotic,default,sidak_approx,observed,8.06**2 * RBF(length_scale=0.32),0.0287544121970801,0.3921056208692741,0.106182704087187,0.3198323200955973,0.0261403747246182,65.01464718777936,1639.115896152507,398,76,322,416,18,0.04,0.3,0.000625,1.0,1e-08,1e+18,False,False,False,False,12,1.1,15.0,12.235184975921104,11.674036890113918,159.19141213791704,129.8490916057005,study_results/v4p2_followups_20260806/pseudo65/gp_window_ensemble_20260806/runs/window_3p0/draw_06/attempt_01/results_single.csv,1,1,1,1,single_attempt_outside_55_75MeV,False,,,,,,,window_3p0,6
2021,0.094,0.0024777915,0.088424969125,0.099575030875,1625450307.8031468,1.64,0.08993642194,0.09806357806,0.00812715612,0.0,1.0,8000,0.000125,True,10874.172109010578,2.311077842734312e-06,0.3779822652881752,0.3107843990175978,1829.4607583337925,5886.473280504118,True,tilde_q_mu,asymptotic,default,sidak_approx,observed,8.21**2 * RBF(length_scale=0.321),0.0286198656615447,0.3902708953847011,0.1056858580772325,0.3210145177633213,0.0260180596923134,67.42935182003905,1635.3653090413943,398,77,321,416,18,0.04,0.3,0.000625,1.0,1e-08,1e+18,False,False,False,False,12,1.1,15.0,12.33814210435375,11.550554460108833,157.50756081966588,129.55671119354523,study_results/v4p2_followups_20260806/pseudo65/gp_window_ensemble_20260806/runs/window_3p0/draw_06/attempt_01/results_single.csv,1,1,1,1,single_attempt_outside_55_75MeV,False,,,,,,,window_3p0,6
2021,0.095,0.002492646875,0.08939154453125,0.10060845546875,1603496027.5520115,1.64,0.090912059125,0.099087940875,0.00817588175,0.0,1.0,8000,0.000125,True,9440.328998540035,2.012405790391195e-06,0.5,0.0,-330.73921338228996,5860.189437623048,True,tilde_q_mu,asymptotic,default,sidak_approx,observed,8.06**2 * RBF(length_scale=0.319),0.0284900735818755,0.3885010033892122,0.1052065690591188,0.3186483492269221,0.0259000668926141,64.9872065876187,1635.7755880069203,398,79,319,416,18,0.04,0.3,0.000625,1.0,1e-08,1e+18,False,False,False,False,12,1.1,15.0,12.302993291410772,11.429646881640853,155.85882111328436,127.8353353709286,study_results/v4p2_followups_20260806/pseudo65/gp_window_ensemble_20260806/runs/window_3p0/draw_06/attempt_01/results_single.csv,1,1,1,1,single_attempt_outside_55_75MeV,False,,,,,,,window_3p0,6
2021,0.096,0.002507674,0.0903577335,0.1016422665,1581239228.7143855,1.64,0.09188741464,0.10011258536,0.00822517072,0.0,1.0,8000,0.000125,True,8005.555186272208,1.712547257180075e-06,0.5,0.0,-3266.274104133456,5804.021452864144,True,tilde_q_mu,asymptotic,default,sidak_approx,observed,8.12**2 * RBF(length_scale=0.319),0.0283648885354218,0.3867939345739346,0.1047442926386298,0.3193188610196473,0.0257862623049289,65.86562814327542,1636.0824243019315,398,81,317,416,18,0.04,0.3,0.000625,1.0,1e-08,1e+18,False,False,False,False,12,1.1,15.0,12.383293757102996,11.311234448904392,154.24410612142353,127.33667176022372,study_results/v4p2_followups_20260806/pseudo65/gp_window_ensemble_20260806/runs/window_3p0/draw_06/attempt_01/results_single.csv,1,1,1,1,single_attempt_outside_55_75MeV,False,,,,,,,window_3p0,6
2021,0.097,0.002522872875,0.09132353603125,0.10267646396875,1558363770.3660083,1.64,0.092862488485,0.101137511515,0.0082750230299999,0.0,1.0,8000,0.000125,True,7381.979052226394,1.5858136556654475e-06,0.5,0.0,-4938.438273959844,5752.582342201285,True,tilde_q_mu,asymptotic,default,sidak_approx,observed,8.14**2 * RBF(length_scale=0.32),0.02824416912233,0.3851477607590459,0.104298506662201,0.3199212868861318,0.0256765173839363,66.31798174683723,1636.0486086787987,398,82,316,416,18,0.04,0.3,0.000625,1.0,1e-08,1e+18,False,False,False,False,12,1.1,15.0,12.459683768729452,11.195240712368449,152.66237335047882,126.80832635537844,study_results/v4p2_followups_20260806/pseudo65/gp_window_ensemble_20260806/runs/window_3p0/draw_06/attempt_01/results_single.csv,1,1,1,1,single_attempt_outside_55_75MeV,False,,,,,,,window_3p0,6
2021,0.098,0.0025382435,0.092288952125,0.103711047875,1534811175.2125387,1.64,0.09383728066,0.10216271934,0.0083254386799999,0.0,1.0,8000,0.000125,True,7357.805899864526,1.5885000050355005e-06,0.5,0.0,-4749.080443768123,5699.802998554168,True,tilde_q_mu,asymptotic,default,sidak_approx,observed,8.17**2 * RBF(length_scale=0.32),0.0281277796610786,0.3835606317419815,0.1038687100926096,0.320425485930347,0.0255707087827987,66.71954666868818,1636.3457246327634,398,84,314,416,18,0.04,0.3,0.000625,1.0,1e-08,1e+18,False,False,False,False,12,1.1,15.0,12.530958318445007,11.081592314164752,151.11262246588296,126.23906490072642,study_results/v4p2_followups_20260806/pseudo65/gp_window_ensemble_20260806/runs/window_3p0/draw_06/attempt_01/results_single.csv,1,1,1,1,single_attempt_outside_55_75MeV,False,,,,,,,window_3p0,6
2021,0.099,0.002553785875,0.09325398178125,0.10474601821875,1511028905.8514876,1.64,0.094811791165,0.103188208835,0.0083764176699999,0.0,1.0,8000,0.000125,True,7944.750157961587,1.7246151597699532e-06,0.5,0.0,-2938.167303866754,5693.226245309524,True,tilde_q_mu,asymptotic,default,sidak_approx,observed,8.15**2 * RBF(length_scale=0.32),0.0280155899022987,0.3820307713949833,0.1034544219521848,0.320111698857387,0.0254687180929988,66.34886387346727,1630.9335772483355,397,85,312,416,19,0.04,0.3,0.000625,1.0,1e-08,1e+18,False,False,False,False,12,1.1,15.0,12.56881864601512,10.970218833361969,149.59389318220866,125.3479009305692,study_results/v4p2_followups_20260806/pseudo65/gp_window_ensemble_20260806/runs/window_3p0/draw_06/attempt_01/results_single.csv,1,1,1,1,single_attempt_outside_55_75MeV,False,,,,,,,window_3p0,6
2021,0.1,0.0025695,0.094218625,0.105781375,1487397833.440122,1.64,0.09578602,0.10421398,0.00842796,0.0,1.0,8000,0.000125,True,8729.600388183622,1.9058430867018105e-06,0.5,0.0,-866.1183461206734,5604.944429135043,True,tilde_q_mu,asymptotic,default,sidak_approx,observed,8.12**2 * RBF(length_scale=0.32),0.027907474759607,0.3805564739946421,0.1030551803288439,0.3200005870549718,0.0253704315996428,65.89223137046727,1637.3872368392404,398,87,311,416,18,0.04,0.3,0.000625,1.0,1e-08,1e+18,False,False,False,False,12,1.1,15.0,12.613131384784054,10.861052640438642,148.10526327870872,124.53807630082576,study_results/v4p2_followups_20260806/pseudo65/gp_window_ensemble_20260806/runs/window_3p0/draw_06/attempt_01/results_single.csv,1,1,1,1,single_attempt_outside_55_75MeV,False,,,,,,,window_3p0,6
2021,0.101,0.002585385875,0.09518288178125,0.10681711821875,1463545807.7925766,1.64,0.096759967165,0.105240032835,0.00848006567,0.0,1.0,8000,0.000125,True,9826.494406865262,2.158692782673765e-06,0.4276426159684937,0.1823790930954741,1020.199441297954,5595.527595589964,True,tilde_q_mu,asymptotic,default,sidak_approx,observed,8.13**2 * RBF(length_scale=0.32),0.0278033140562975,0.3791361007676941,0.1026705414406892,0.3204708096300111,0.0252757400511796,66.14625333377239,1631.7310791470136,397,88,309,416,19,0.04,0.3,0.000625,1.0,1e-08,1e+18,False,False,False,False,12,1.1,15.0,12.678988191091754,10.754028760328694,146.64584673175492,123.95473059897144,study_results/v4p2_followups_20260806/pseudo65/gp_window_ensemble_20260806/runs/window_3p0/draw_06/attempt_01/results_single.csv,1,1,1,1,single_attempt_outside_55_75MeV,False,,,,,,,window_3p0,6
2021,0.102,0.0026014435,0.096146752125,0.1078532478749999,1439773239.9828668,1.64,0.09773363266,0.1062663673399999,0.0085327346799999,0.0,1.0,8000,0.000125,True,10361.206011672975,2.2910573559584897e-06,0.3583883029691586,0.3627701311894226,1913.9118963109188,5545.4420423825895,True,tilde_q_mu,asymptotic,default,sidak_approx,observed,8.22**2 * RBF(length_scale=0.321),0.0277029922867878,0.3777680766380165,0.1023000787550902,0.3212178879896795,0.0251845384425344,67.55763554732832,1632.099643556206,397,90,307,416,19,0.04,0.3,0.000625,1.0,1e-08,1e+18,False,False,False,False,12,1.1,15.0,12.754567200928774,10.649084743446428,145.21479195608765,123.47678817152074,study_results/v4p2_followups_20260806/pseudo65/gp_window_ensemble_20260806/runs/window_3p0/draw_06/attempt_01/results_single.csv,1,1,1,1,single_attempt_outside_55_75MeV,False,,,,,,,window_3p0,6
2021,0.103,0.002617672875,0.0971102360312499,0.10888976396875,1415306075.6792226,1.64,0.098707016485,0.107292983515,0.00858596703,0.0,1.0,8000,0.000125,True,11597.267902380228,2.583378352100987e-06,0.2535249123427558,0.6634383915209249,3640.484153323308,5512.533692915265,True,tilde_q_mu,asymptotic,default,sidak_approx,observed,8.04**2 * RBF(length_scale=0.319),0.0276063983918545,0.3764508871616523,0.1019433821586847,0.3189674840997827,0.0250967258107768,64.59728527294818,1630.29321888994,397,91,306,416,19,0.04,0.3,0.000625,1.0,1e-08,1e+18,False,False,False,False,12,1.1,15.0,12.709525796501088,10.546160544164444,143.81128014769695,121.85154499099995,study_results/v4p2_followups_20260806/pseudo65/gp_window_ensemble_20260806/runs/window_3p0/draw_06/attempt_01/results_single.csv,1,1,1,1,single_attempt_outside_55_75MeV,False,,,,,,,window_3p0,6
2021,0.104,0.002634074,0.0980733335,0.1099266664999999,1390650623.4117515,1.64,0.09968011864,0.10831988136,0.00863976272,0.0,1.0,8000,0.000125,True,12348.939556610596,2.7726701879256873e-06,0.1972282081820676,0.8515634799216696,4666.889251658819,5477.839360327176,True,tilde_q_mu,asymptotic,default,sidak_approx,observed,7.92**2 * RBF(length_scale=0.318),0.0275134255467139,0.3751830756370089,0.1016000571748166,0.3175969756811476,0.0250122050424672,62.757975286978834,1630.6829703299773,397,93,304,416,19,0.04,0.3,0.000625,1.0,1e-08,1e+18,False,False,False,False,12,1.1,15.0,12.697679998301306,10.445198406238394,142.4345237214326,120.57253352834718,study_results/v4p2_followups_20260806/pseudo65/gp_window_ensemble_20260806/runs/window_3p0/draw_06/attempt_01/results_single.csv,1,1,1,1,single_attempt_outside_55_75MeV,False,,,,,,,window_3p0,6
2021,0.105,0.002650646875,0.0990360445312499,0.11096395546875,1366191403.4118524,1.64,0.100652939125,0.109347060875,0.00869412175,0.0,1.0,8000,0.000125,True,12176.931565123608,2.7564932923859328e-06,0.2065089794901064,0.8185942319667247,4483.815350791192,5466.535536472647,True,tilde_q_mu,asymptotic,default,sidak_approx,observed,7.92**2 * RBF(length_scale=0.318),0.0274239709611162,0.3739632403788584,0.1012697242253318,0.3175166406787713,0.0249308826919238,62.65535167429174,1625.3435979443238,396,94,302,416,20,0.04,0.3,0.000625,1.0,1e-08,1e+18,False,False,False,False,12,1.1,15.0,12.735876406880196,10.346142754725216,141.08376483716202,119.78835946556303,study_results/v4p2_followups_20260806/pseudo65/gp_window_ensemble_20260806/runs/window_3p0/draw_06/attempt_01/results_single.csv,1,1,1,1,single_attempt_outside_55_75MeV,False,,,,,,,window_3p0,6
2021,0.106,0.0026673915,0.099998369125,0.112001630875,1341676381.151068,1.64,0.10162547794,0.11037452206,0.0087490441199999,0.0,1.0,8000,0.000125,True,11370.509241566448,2.5962481361899056e-06,0.2513080686742878,0.67037912673434,3629.794423027913,5374.512347266691,True,tilde_q_mu,asymptotic,default,sidak_approx,observed,8.08**2 * RBF(length_scale=0.32),0.0273379356906521,0.3727900321452559,0.1009520179337844,0.3196294451914432,0.0248526688096837,65.33660234005288,1628.5104758071434,397,96,301,416,19,0.04,0.3,0.000625,1.0,1e-08,1e+18,False,False,False,False,12,1.1,15.0,12.8609706924876,10.248940093965247,139.758274008617,119.82847107049837,study_results/v4p2_followups_20260806/pseudo65/gp_window_ensemble_20260806/runs/window_3p0/draw_06/attempt_01/results_single.csv,1,1,1,1,single_attempt_outside_55_75MeV,False,,,,,,,window_3p0,6
2021,0.107,0.002684307875,0.10096030728125,0.11303969271875,1317225676.2626095,1.64,0.102597735085,0.111402264915,0.0088045298299999,0.0,1.0,8000,0.000125,True,10785.924810562094,2.4850397795769488e-06,0.2891292918987873,0.5559301828521493,2962.857424051247,5329.936992902693,True,tilde_q_mu,asymptotic,default,sidak_approx,observed,8.06**2 * RBF(length_scale=0.319),0.0272552244585561,0.3716621517075835,0.1006465864674015,0.3193328790196006,0.0247774767805055,65.03901324552054,1628.796642404875,397,98,299,416,19,0.04,0.3,0.000625,1.0,1e-08,1e+18,False,False,False,False,12,1.1,15.0,12.888030603295547,10.153538911238387,138.45734878961437,118.96283656344772,study_results/v4p2_followups_20260806/pseudo65/gp_window_ensemble_20260806/runs/window_3p0/draw_06/attempt_01/results_single.csv,1,1,1,1,single_attempt_outside_55_75MeV,False,,,,,,,window_3p0,6
2021,0.108,0.002701396,0.101921859,0.114078141,1292640439.8447058,1.64,0.10356971056,0.11243028944,0.0088605788799999,0.0,1.0,8000,0.000125,True,9823.019957101726,2.2848803060551273e-06,0.3736176103891536,0.3222870790680702,1660.3356362513414,5321.436542751201,True,tilde_q_mu,asymptotic,default,sidak_approx,observed,8.04**2 * RBF(length_scale=0.319),0.0271757454873275,0.3705783475544666,0.1003530909153006,0.3188456318340607,0.0247052231702977,64.60041169115028,1624.7363684620443,396,99,297,416,20,0.04,0.3,0.000625,1.0,1e-08,1e+18,False,False,False,False,12,1.1,15.0,12.906000874236089,10.059889585728104,137.18031253265593,118.0299488982958,study_results/v4p2_followups_20260806/pseudo65/gp_window_ensemble_20260806/runs/window_3p0/draw_06/attempt_01/results_single.csv,1,1,1,1,single_attempt_outside_55_75MeV,False,,,,,,,window_3p0,6
2021,0.109,0.002718655875,0.10288302428125,0.11511697571875,1268214292.8765628,1.64,0.104541404365,0.1134585956349999,0.0089171912699999,0.0,1.0,8000,0.000125,True,9130.015012739828,2.144728250400357e-06,0.4483154131314294,0.1299186026229312,808.0018606766554,5236.229842548762,True,tilde_q_mu,asymptotic,default,sidak_approx,observed,8.05**2 * RBF(length_scale=0.319),0.0270994103395402,0.3695374137210039,0.1000712047006427,0.3192182927546883,0.0246358275814002,64.78036990920133,1630.8551905975164,397,101,296,416,19,0.04,0.3,0.000625,1.0,1e-08,1e+18,False,False,False,False,12,1.1,15.0,12.95748201272906,9.967944302454349,135.92651321528655,117.41769000267028,study_results/v4p2_followups_20260806/pseudo65/gp_window_ensemble_20260806/runs/window_3p0/draw_06/attempt_01/results_single.csv,1,1,1,1,single_attempt_outside_55_75MeV,False,,,,,,,window_3p0,6
2021,0.11,0.0027360875,0.103843803125,0.116156196875,1243647528.4440663,1.64,0.1055128165,0.1144871835,0.008974367,0.0,1.0,8000,0.000125,True,8264.045860524886,1.9616550669308105e-06,0.5,0.0,-572.7751550847512,5226.435843288256,True,tilde_q_mu,asymptotic,default,sidak_approx,observed,8.02**2 * RBF(length_scale=0.319),0.0270261337672677,0.3685381877354698,0.0998006130245964,0.3186662733825587,0.0245692125156979,64.3663119911219,1625.257011979305,396,102,294,416,20,0.04,0.3,0.000625,1.0,1e-08,1e+18,False,False,False,False,12,1.1,15.0,12.97014599792132,9.87765697086361,134.69532232995832,116.46786639044208,study_results/v4p2_followups_20260806/pseudo65/gp_window_ensemble_20260806/runs/window_3p0/draw_06/attempt_01/results_single.csv,1,1,1,1,single_attempt_outside_55_75MeV,False,,,,,,,window_3p0,6
2021,0.111,0.002753690875,0.10480419553125,0.11719580446875,1219296431.1209323,1.64,0.106483946965,0.115516053035,0.0090321060699999,0.0,1.0,8000,0.000125,True,7657.016175488399,1.8371609480677863e-06,0.5,0.0,-1644.0943818570668,5178.57783730303,True,tilde_q_mu,asymptotic,default,sidak_approx,observed,8.01**2 * RBF(length_scale=0.318),0.0269558335695793,0.3675795486760824,0.0995410123401082,0.3182754767166697,0.0245053032450721,64.0833366700096,1625.1185520347549,396,104,292,416,20,0.04,0.3,0.000625,1.0,1e-08,1e+18,False,False,False,False,12,1.1,15.0,12.98802440980495,9.788983147783204,133.4861338334073,115.5814109732523,study_results/v4p2_followups_20260806/pseudo65/gp_window_ensemble_20260806/runs/window_3p0/draw_06/attempt_01/results_single.csv,1,1,1,1,single_attempt_outside_55_75MeV,False,,,,,,,window_3p0,6
2021,0.112,0.002771466,0.1057642015,0.1182357985,1195083180.8359652,1.64,0.10745479576,0.11654520424,0.00909040848,0.0,1.0,8000,0.000125,True,6970.90913687614,1.6911930567477552e-06,0.5,0.0,-3214.193975391615,5140.411387180332,True,tilde_q_mu,asymptotic,default,sidak_approx,observed,7.9**2 * RBF(length_scale=0.317),0.0268884304576102,0.3666604153310482,0.0992921098536402,0.3166040538785168,0.0244440276887365,62.48642604020563,1625.8669091487263,396,105,291,416,20,0.04,0.3,0.000625,1.0,1e-08,1e+18,False,False,False,False,12,1.1,15.0,12.952204845701573,9.70187996447014,132.29836315186554,114.23703335293192,study_results/v4p2_followups_20260806/pseudo65/gp_window_ensemble_20260806/runs/window_3p0/draw_06/attempt_01/results_single.csv,1,1,1,1,single_attempt_outside_55_75MeV,False,,,,,,,window_3p0,6
2021,0.113,0.002789412875,0.10672382103125,0.11927617896875,1171074447.656905,1.64,0.108425362885,0.117574637115,0.00914927423,0.0,1.0,8000,0.000125,True,6778.471657376802,1.663369592765348e-06,0.5,0.0,-3552.1229465066726,5087.388655214967,True,tilde_q_mu,asymptotic,default,sidak_approx,observed,7.97**2 * RBF(length_scale=0.317),0.0268238479267369,0.3657797444555033,0.0990536230531478,0.3174458088960284,0.0243853162970335,63.49962987079004,1626.139658507842,396,107,289,416,20,0.04,0.3,0.000625,1.0,1e-08,1e+18,False,False,False,False,12,1.1,15.0,13.01790819644383,9.616306057502122,131.1314462386653,113.8038085867903,study_results/v4p2_followups_20260806/pseudo65/gp_window_ensemble_20260806/runs/window_3p0/draw_06/attempt_01/results_single.csv,1,1,1,1,single_attempt_outside_55_75MeV,False,,,,,,,window_3p0,6
2021,0.114,0.0028075315,0.107683054125,0.120316945875,1146935681.7505815,1.64,0.10939564834,0.11860435166,0.00920870332,0.0,1.0,8000,0.000125,True,6626.8406108418885,1.645820743230792e-06,0.5,0.0,-3937.4400402434776,5067.99417230206,True,tilde_q_mu,asymptotic,default,sidak_approx,observed,7.95**2 * RBF(length_scale=0.317),0.0267620121354335,0.3649365291195483,0.0988252792607253,0.3174461725514237,0.0243291019413032,63.251517325920375,1621.00452214065,395,108,287,416,21,0.04,0.3,0.000625,1.0,1e-08,1e+18,False,False,False,False,12,1.1,15.0,13.04800207246858,9.532221503279144,129.9848386810792,113.06949630001436,study_results/v4p2_followups_20260806/pseudo65/gp_window_ensemble_20260806/runs/window_3p0/draw_06/attempt_01/results_single.csv,1,1,1,1,single_attempt_outside_55_75MeV,False,,,,,,,window_3p0,6
2021,0.115,0.002825821875,0.10864190078125,0.12135809921875,1123372222.1676126,1.64,0.110365652125,0.119634347875,0.00926869575,0.0,1.0,8000,0.000125,True,6506.283560695949,1.6354278454243128e-06,0.5,0.0,-3928.573228058692,4987.811429930385,True,tilde_q_mu,asymptotic,default,sidak_approx,observed,7.98**2 * RBF(length_scale=0.318),0.026702851790388,0.3641297971416546,0.0986068152083701,0.3178264970876124,0.0242753198094436,63.69071675712713,1626.0575463728765,396,110,286,416,20,0.04,0.3,0.000625,1.0,1e-08,1e+18,False,False,False,False,12,1.1,15.0,13.0925771352339,9.4495877559119,128.85801485334406,112.47223326403486,study_results/v4p2_followups_20260806/pseudo65/gp_window_ensemble_20260806/runs/window_3p0/draw_06/attempt_01/results_single.csv,1,1,1,1,single_attempt_outside_55_75MeV,False,,,,,,,window_3p0,6
2021,0.116,0.002844284,0.109600361,0.122399639,1099793946.70252,1.64,0.11133537424,0.12066462576,0.0093292515199999,0.0,1.0,8000,0.000125,True,6476.365680887846,1.6484735020318705e-06,0.5,0.0,-3970.222987968077,4976.245552168454,True,tilde_q_mu,asymptotic,default,sidak_approx,observed,7.91**2 * RBF(length_scale=0.317),0.0266462980375249,0.3633586096026131,0.0983979766355584,0.3167656767254318,0.0242239073068408,62.528856561328475,1620.5393415380695,395,111,284,416,21,0.04,0.3,0.000625,1.0,1e-08,1e+18,False,False,False,False,12,1.1,15.0,13.076572359405317,9.368367588301648,127.75046711320428,111.3692151435763,study_results/v4p2_followups_20260806/pseudo65/gp_window_ensemble_20260806/runs/window_3p0/draw_06/attempt_01/results_single.csv,1,1,1,1,single_attempt_outside_55_75MeV,False,,,,,,,window_3p0,6
2021,0.117,0.002862917875,0.11055843478125,0.12344156521875,1076409135.485572,1.64,0.112304814685,0.121695185315,0.00939037063,0.0,1.0,8000,0.000125,True,6794.33471122023,1.7518770494754849e-06,0.5,0.0,-2725.569859017256,4918.972988853731,True,tilde_q_mu,asymptotic,default,sidak_approx,observed,8.03**2 * RBF(length_scale=0.319),0.0265922843585697,0.3626220594350426,0.0981985179072823,0.3185056631393904,0.0241748039623361,64.52582991679289,1621.3771299155692,395,113,282,416,21,0.04,0.3,0.000625,1.0,1e-08,1e+18,False,False,False,False,12,1.1,15.0,13.175108416002685,9.288525036216694,126.66170503931852,111.25211306991834,study_results/v4p2_followups_20260806/pseudo65/gp_window_ensemble_20260806/runs/window_3p0/draw_06/attempt_01/results_single.csv,1,1,1,1,single_attempt_outside_55_75MeV,False,,,,,,,window_3p0,6
2021,0.118,0.0028817235,0.1115161221249999,0.124483877875,1053178929.4199272,1.64,0.11327397346,0.1227260265399999,0.0094520530799999,0.0,1.0,8000,0.000125,True,7273.372069522163,1.9005161195088895e-06,0.5,0.0,-1367.4386850714154,4871.137162833616,True,tilde_q_mu,asymptotic,default,sidak_approx,observed,8.05**2 * RBF(length_scale=0.319),0.0265407464728296,0.3619192700840412,0.0980082016513522,0.3185133450481466,0.024127951338936,64.79478038317491,1622.5876898089973,395,114,281,416,21,0.04,0.3,0.000625,1.0,1e-08,1e+18,False,False,False,False,12,1.1,15.0,13.20101075196347,9.21002534519002,125.59125470713664,110.52876691609956,study_results/v4p2_followups_20260806/pseudo65/gp_window_ensemble_20260806/runs/window_3p0/draw_06/attempt_01/results_single.csv,1,1,1,1,single_attempt_outside_55_75MeV,False,,,,,,,window_3p0,6
2021,0.119,0.002900700875,0.1124734230312499,0.12552657696875,1030627124.242168,1.64,0.114242850565,0.1237571494349999,0.0095142988699999,0.0,1.0,8000,0.000125,True,7874.858854251737,2.0850389434797098e-06,0.4999026019832914,0.000244140625,-113.74634772911502,4827.629000981814,True,tilde_q_mu,asymptotic,default,sidak_approx,observed,8.03**2 * RBF(length_scale=0.319),0.0264916222438949,0.3612493942349304,0.0978267984138683,0.3185183168308177,0.0240832929489953,64.52094957436765,1625.0435877431664,395,116,279,416,21,0.04,0.3,0.000625,1.0,1e-08,1e+18,False,False,False,False,12,1.1,15.0,13.225696232877688,9.13283492007596,124.53865800103584,109.80736399812947,study_results/v4p2_followups_20260806/pseudo65/gp_window_ensemble_20260806/runs/window_3p0/draw_06/attempt_01/results_single.csv,1,1,1,1,single_attempt_outside_55_75MeV,False,,,,,,,window_3p0,6
2021,0.12,0.00291985,0.1134303374999999,0.1265696624999999,1008026180.837055,1.64,0.115211446,0.124788554,0.009577108,0.0,1.0,8000,0.000125,True,8494.40519519999,2.2803412198273455e-06,0.4223423152824834,0.195904863429004,920.4063733227656,4807.26185275524,True,tilde_q_mu,asymptotic,default,sidak_approx,observed,8.02**2 * RBF(length_scale=0.319),0.0264448515909636,0.3606116126040493,0.0976540863317667,0.3185226896740415,0.0240407741736032,64.36297101758167,1619.858619608206,394,117,277,416,22,0.04,0.3,0.000625,1.0,1e-08,1e+18,False,False,False,False,12,1.1,15.0,13.249269236253578,9.05692127710794,123.5034719605628,109.08871677450608,study_results/v4p2_followups_20260806/pseudo65/gp_window_ensemble_20260806/runs/window_3p0/draw_06/attempt_01/results_single.csv,1,1,1,1,single_attempt_outside_55_75MeV,False,,,,,,,window_3p0,6
2021,0.121,0.002939170875,0.1143868655312499,0.12761313446875,985440224.1699862,1.64,0.116179759765,0.125820240235,0.0096404804699999,0.0,1.0,8000,0.000125,True,9046.947259875536,2.463804957562852e-06,0.34355007724415,0.4027934847798223,1903.26032801713,4733.1164150186905,True,tilde_q_mu,asymptotic,default,sidak_approx,observed,8.07**2 * RBF(length_scale=0.319),0.0264003764045369,0.3600051327891407,0.0974898508215015,0.3191114543690461,0.0240003421859427,65.18524867865465,1624.130250694051,395,119,276,416,21,0.04,0.3,0.000625,1.0,1e-08,1e+18,False,False,False,False,12,1.1,15.0,13.296121025972433,8.982252998317762,122.48526815887854,108.57192995594244,study_results/v4p2_followups_20260806/pseudo65/gp_window_ensemble_20260806/runs/window_3p0/draw_06/attempt_01/results_single.csv,1,1,1,1,single_attempt_outside_55_75MeV,False,,,,,,,window_3p0,6
2021,0.122,0.0029586635,0.115343007125,0.128656992875,963312661.4875358,1.64,0.11714779186,0.12685220814,0.00970441628,0.0,1.0,8000,0.000125,True,9530.262743376928,2.6332839788188835e-06,0.2817938886652029,0.5775206732249216,2673.947798085658,4691.515109057358,True,tilde_q_mu,asymptotic,default,sidak_approx,observed,8.03**2 * RBF(length_scale=0.318),0.0263581404662262,0.3594291881758127,0.0973338842829142,0.3183255506009196,0.0239619458783875,64.46808088989098,1625.0545848561433,395,121,274,416,21,0.04,0.3,0.000625,1.0,1e-08,1e+18,False,False,False,False,12,1.1,15.0,13.284628561323704,8.908799688178892,121.48363211153033,107.59099525881184,study_results/v4p2_followups_20260806/pseudo65/gp_window_ensemble_20260806/runs/window_3p0/draw_06/attempt_01/results_single.csv,1,1,1,1,single_attempt_outside_55_75MeV,False,,,,,,,window_3p0,6
2021,0.123,0.002978327875,0.11629876228125,0.12970123771875,941612336.1342888,1.64,0.118115542285,0.127884457715,0.00976891543,0.0,1.0,8000,0.000125,True,9382.11801439233,2.6305318377516556e-06,0.2949303907996463,0.5390377868294907,2508.7303016398632,4667.134651847087,True,tilde_q_mu,asymptotic,default,sidak_approx,observed,8.1**2 * RBF(length_scale=0.319),0.026318089372443,0.3588830368969509,0.0971859858174404,0.3194091059213714,0.02392553579313,65.60562093247233,1620.6784396444025,394,122,272,416,22,0.04,0.3,0.000625,1.0,1e-08,1e+18,False,False,False,False,12,1.1,15.0,13.35013387717261,8.836531932349143,120.49816271385194,107.24444027888347,study_results/v4p2_followups_20260806/pseudo65/gp_window_ensemble_20260806/runs/window_3p0/draw_06/attempt_01/results_single.csv,1,1,1,1,single_attempt_outside_55_75MeV,False,,,,,,,window_3p0,6
2021,0.124,0.002998164,0.117254131,0.130745869,920037116.668702,1.64,0.1190830110399999,0.12891698896,0.00983397792,0.0,1.0,8000,0.000125,True,8981.096947718226,2.556361528568754e-06,0.322438911290439,0.4608895874984283,2120.164065864079,4596.516394989993,True,tilde_q_mu,asymptotic,default,sidak_approx,observed,8.08**2 * RBF(length_scale=0.319),0.0262801704617562,0.3583659608421308,0.0970459609598579,0.3190778580335857,0.023891064056142,65.34917195057096,1626.9298973705995,395,124,271,416,21,0.04,0.3,0.000625,1.0,1e-08,1e+18,False,False,False,False,12,1.1,15.0,13.355531477533976,8.765421258395557,119.52847170539395,106.4244177548612,study_results/v4p2_followups_20260806/pseudo65/gp_window_ensemble_20260806/runs/window_3p0/draw_06/attempt_01/results_single.csv,1,1,1,1,single_attempt_outside_55_75MeV,False,,,,,,,window_3p0,6
2021,0.125,0.003018171875,0.11820911328125,0.13179088671875,898531012.9433209,1.64,0.120050198125,0.129949801875,0.00989960375,0.0,1.0,8000,0.000125,True,8963.857167714557,2.5916226408638176e-06,0.3211201333098,0.4645688181549752,2129.3230840809265,4583.2187525029485,True,tilde_q_mu,asymptotic,default,sidak_approx,observed,8.01**2 * RBF(length_scale=0.318),0.0262443327457108,0.3578772647142392,0.0969136214228183,0.3176825053714138,0.0238584843142826,64.15992463547714,1622.3993300304855,394,125,269,416,22,0.04,0.3,0.000625,1.0,1e-08,1e+18,False,False,False,False,12,1.1,15.0,13.315284457581267,8.695440098390975,118.57418315987692,105.25659853994026,study_results/v4p2_followups_20260806/pseudo65/gp_window_ensemble_20260806/runs/window_3p0/draw_06/attempt_01/results_single.csv,1,1,1,1,single_attempt_outside_55_75MeV,False,,,,,,,window_3p0,6
2021,0.126,0.0030383515,0.119163709125,0.132836290875,877660484.0400469,1.64,0.12101710354,0.13098289646,0.0099657929199999,0.0,1.0,8000,0.000125,True,8513.504283865375,2.499949240743311e-06,0.3635740101268029,0.3489217976284808,1602.2025581424484,4536.492244087718,True,tilde_q_mu,asymptotic,default,sidak_approx,observed,7.98**2 * RBF(length_scale=0.318),0.0262105268429174,0.3574162751306931,0.0967887848534561,0.3175835763998139,0.0238277516753795,63.69751179000327,1621.448299024728,394,127,267,416,22,0.04,0.3,0.000625,1.0,1e-08,1e+18,False,False,False,False,12,1.1,15.0,13.328306452344096,8.626561753278871,117.63493299925732,104.5249624343378,study_results/v4p2_followups_20260806/pseudo65/gp_window_ensemble_20260806/runs/window_3p0/draw_06/attempt_01/results_single.csv,1,1,1,1,single_attempt_outside_55_75MeV,False,,,,,,,window_3p0,6
2021,0.127,0.003058702875,0.12011791853125,0.13388208146875,857126402.643784,1.64,0.121983727285,0.132016272715,0.0100325454299999,0.0,1.0,8000,0.000125,True,8577.987100133898,2.5589200474366054e-06,0.34571676182489,0.3969104150304724,1796.163633364663,4489.008071861655,True,tilde_q_mu,asymptotic,default,sidak_approx,observed,7.98**2 * RBF(length_scale=0.318),0.0261787049162304,0.3569823397667782,0.0966712746014036,0.3176185833854834,0.0237988226511185,63.66362013493816,1621.471030011773,394,128,266,416,22,0.04,0.3,0.000625,1.0,1e-08,1e+18,False,False,False,False,12,1.1,15.0,13.345978834400674,8.558760358908806,116.71036853057464,103.84094054427676,study_results/v4p2_followups_20260806/pseudo65/gp_window_ensemble_20260806/runs/window_3p0/draw_06/attempt_01/results_single.csv,1,1,1,1,single_attempt_outside_55_75MeV,False,,,,,,,window_3p0,6
2021,0.128,0.003079226,0.1210717415,0.1349282585,836870911.2847852,1.64,0.12295006936,0.13304993064,0.01009986128,0.0,1.0,8000,0.000125,True,8469.999256055784,2.567644252923676e-06,0.343392531223637,0.4032218018455997,1773.5844786125026,4437.831213719925,True,tilde_q_mu,asymptotic,default,sidak_approx,observed,8.06**2 * RBF(length_scale=0.319),0.0261488206128557,0.3565748265389423,0.0965609194976257,0.3187135585799535,0.0237716551025961,64.92086127968027,1621.55930288108,394,130,264,416,22,0.04,0.3,0.000625,1.0,1e-08,1e+18,False,False,False,False,12,1.1,15.0,13.407293568933955,8.492010853654708,115.80014800438238,103.50443864138374,study_results/v4p2_followups_20260806/pseudo65/gp_window_ensemble_20260806/runs/window_3p0/draw_06/attempt_01/results_single.csv,1,1,1,1,single_attempt_outside_55_75MeV,False,,,,,,,window_3p0,6
2021,0.129,0.003099920875,0.12202517803125,0.13597482196875,816661383.882061,1.64,0.123916129765,0.134083870235,0.01016774047,0.0,1.0,8000,0.000125,True,8690.33716056133,2.6787045638927533e-06,0.3092481516133855,0.4979826044238662,2132.837390795116,4414.211900821794,True,tilde_q_mu,asymptotic,default,sidak_approx,observed,8.05**2 * RBF(length_scale=0.319),0.0261208290072193,0.3561931228257187,0.096457553643445,0.3185332992656363,0.0237462081883812,64.7945846990663,1616.5243864890626,393,131,262,416,23,0.04,0.3,0.000625,1.0,1e-08,1e+18,False,False,False,False,12,1.1,15.0,13.41407001651283,8.426288947526562,114.90394019354402,102.75529992862684,study_results/v4p2_followups_20260806/pseudo65/gp_window_ensemble_20260806/runs/window_3p0/draw_06/attempt_01/results_single.csv,1,1,1,1,single_attempt_outside_55_75MeV,False,,,,,,,window_3p0,6
2021,0.13,0.0031207875,0.122978228125,0.137021771875,796778619.4646972,1.64,0.1248819085,0.1351180915,0.010236183,0.0,1.0,8000,0.000125,True,8471.244453192852,2.655743408201223e-06,0.3261780932141508,0.4504913548286752,1982.501950859286,4343.123882749391,True,tilde_q_mu,asymptotic,default,sidak_approx,observed,8.06**2 * RBF(length_scale=0.319),0.0260946865464589,0.3558366347244401,0.0963610162092589,0.3187298329534159,0.0237224423149626,65.01296337697902,1622.183438986075,394,133,261,416,22,0.04,0.3,0.000625,1.0,1e-08,1e+18,False,False,False,False,12,1.1,15.0,13.43579336063473,8.36157109269982,114.0214239913612,102.1312194288832,study_results/v4p2_followups_20260806/pseudo65/gp_window_ensemble_20260806/runs/window_3p0/draw_06/attempt_01/results_single.csv,1,1,1,1,single_attempt_outside_55_75MeV,False,,,,,,,window_3p0,6
2021,0.131,0.003141825875,0.12393089178125,0.13806910821875,777717056.7816086,1.64,0.125847405565,0.136152594435,0.0103051888699999,0.0,1.0,8000,0.000125,True,7843.649032251222,2.500029625817058e-06,0.394973231621826,0.2663801342645245,1153.1890283963387,4314.773914070948,True,tilde_q_mu,asymptotic,default,sidak_approx,observed,8.12**2 * RBF(length_scale=0.32),0.0260703509983903,0.3555047863416871,0.0962711512423922,0.3196938241464331,0.0237003190894458,65.940517058863,1615.5974586363118,393,134,259,416,23,0.04,0.3,0.000625,1.0,1e-08,1e+18,False,False,False,False,12,1.1,15.0,13.489009280419298,8.297834455383493,113.1522880279567,101.75415088731904,study_results/v4p2_followups_20260806/pseudo65/gp_window_ensemble_20260806/runs/window_3p0/draw_06/attempt_01/results_single.csv,1,1,1,1,single_attempt_outside_55_75MeV,False,,,,,,,window_3p0,6
2021,0.132,0.003163036,0.124883169,0.139116831,758729637.4451472,1.64,0.12681262096,0.13718737904,0.0103747580799999,0.0,1.0,8000,0.000125,True,6954.255648727722,2.254808140197478e-06,0.5,0.0,-99.87062954580522,4263.63889482232,True,tilde_q_mu,asymptotic,default,sidak_approx,observed,8.21**2 * RBF(length_scale=0.321),0.0260477814018274,0.3551970191158293,0.0961878074836403,0.320992611286355,0.0236798012743886,67.4113540911748,1615.0588407755404,393,136,257,416,23,0.04,0.3,0.000625,1.0,1e-08,1e+18,False,False,False,False,12,1.1,15.0,13.555544979743186,8.235056888959685,112.2962303039957,101.48244006276089,study_results/v4p2_followups_20260806/pseudo65/gp_window_ensemble_20260806/runs/window_3p0/draw_06/attempt_01/results_single.csv,1,1,1,1,single_attempt_outside_55_75MeV,False,,,,,,,window_3p0,6
2021,0.133,0.003184417875,0.12583505978125,0.14016494021875,740120080.2932594,1.64,0.127777554685,0.138222445315,0.0104448906299999,0.0,1.0,8000,0.000125,True,6474.076851649741,2.1357181787203632e-06,0.5,0.0,-854.4465132307973,4223.736921064935,True,tilde_q_mu,asymptotic,default,sidak_approx,observed,8.11**2 * RBF(length_scale=0.319),0.0260269380191233,0.3549127911698635,0.0961108381920171,0.3194717029835913,0.0236608527446575,65.74735599677246,1611.9876114325748,393,137,256,416,23,0.04,0.3,0.000625,1.0,1e-08,1e+18,False,False,False,False,12,1.1,15.0,13.502121264658369,8.173216908325301,111.45295784079954,100.32342347142216,study_results/v4p2_followups_20260806/pseudo65/gp_window_ensemble_20260806/runs/window_3p0/draw_06/attempt_01/results_single.csv,1,1,1,1,single_attempt_outside_55_75MeV,False,,,,,,,window_3p0,6
2021,0.134,0.0032059715,0.126786564125,0.141213435875,721731213.3148873,1.64,0.12874220674,0.13925779326,0.01051558652,0.0,1.0,8000,0.000125,True,6070.635645007234,2.0383267468631108e-06,0.5,0.0,-1594.0361180209918,4185.408193038848,True,tilde_q_mu,asymptotic,default,sidak_approx,observed,8.03**2 * RBF(length_scale=0.318),0.0260077822908281,0.3546515766931113,0.0960401009773177,0.3184952250029338,0.0236434384462074,64.54769849221137,1613.698034717063,393,139,254,416,23,0.04,0.3,0.000625,1.0,1e-08,1e+18,False,False,False,False,12,1.1,15.0,13.470765926350394,8.112293665376676,110.62218634604557,99.34437190191296,study_results/v4p2_followups_20260806/pseudo65/gp_window_ensemble_20260806/runs/window_3p0/draw_06/attempt_01/results_single.csv,1,1,1,1,single_attempt_outside_55_75MeV,False,,,,,,,window_3p0,6
2021,0.135,0.003227696875,0.12773768203125,0.14226231796875,703839749.1336825,1.64,0.129706577125,0.140293422875,0.01058684575,0.0,1.0,8000,0.000125,True,5645.2065635143435,1.9292664035680822e-06,0.4999311292015692,0.0001726334915006,-2598.7914063331896,4159.09332135259,True,tilde_q_mu,asymptotic,default,sidak_approx,observed,8.09**2 * RBF(length_scale=0.319),0.025990276792342,0.3544128653501188,0.0959754576400479,0.3191189079852052,0.0236275243566745,65.36882682088746,1608.500436954641,392,140,252,416,24,0.04,0.3,0.000625,1.0,1e-08,1e+18,False,False,False,False,12,1.1,15.0,13.506235489079357,8.052266925574306,109.80363989419509,98.86892119793784,study_results/v4p2_followups_20260806/pseudo65/gp_window_ensemble_20260806/runs/window_3p0/draw_06/attempt_01/results_single.csv,1,1,1,1,single_attempt_outside_55_75MeV,False,,,,,,,window_3p0,6
2021,0.136,0.003249594,0.1286884135,0.1433115865,686424779.2721932,1.64,0.13067066584,0.14132933416,0.01065866832,0.0,1.0,8000,0.000125,True,5361.834371854214,1.8650971366964584e-06,0.5,0.0,-3139.799104775041,4091.191386944493,True,tilde_q_mu,asymptotic,default,sidak_approx,observed,8.17**2 * RBF(length_scale=0.32),0.0259743851924713,0.3541961617155187,0.0959167740183841,0.3202562139370214,0.0236130774477012,66.79812505158586,1613.8256644326211,393,142,251,416,23,0.04,0.3,0.000625,1.0,1e-08,1e+18,False,False,False,False,12,1.1,15.0,13.562663089820962,7.993117045535957,108.99705062094486,98.55268502373572,study_results/v4p2_followups_20260806/pseudo65/gp_window_ensemble_20260806/runs/window_3p0/draw_06/attempt_01/results_single.csv,1,1,1,1,single_attempt_outside_55_75MeV,False,,,,,,,window_3p0,6
2021,0.137,0.003271662875,0.12963875853125,0.14436124146875,669116428.5880822,1.64,0.131634472885,0.142365527115,0.0107310542299999,0.0,1.0,8000,0.000125,True,5376.2016886426245,1.9044659607137152e-06,0.5,0.0,-2989.8645458206115,4070.511871530984,True,tilde_q_mu,asymptotic,default,sidak_approx,observed,8.15**2 * RBF(length_scale=0.32),0.0259600722137896,0.3540009847334957,0.0958639198417955,0.3198946462006693,0.0236000656488997,66.44271412632847,1609.8229478216604,392,143,249,416,24,0.04,0.3,0.000625,1.0,1e-08,1e+18,False,False,False,False,12,1.1,15.0,13.55482018396773,7.93482495160498,108.20215843097698,97.7773867366054,study_results/v4p2_followups_20260806/pseudo65/gp_window_ensemble_20260806/runs/window_3p0/draw_06/attempt_01/results_single.csv,1,1,1,1,single_attempt_outside_55_75MeV,False,,,,,,,window_3p0,6
2021,0.138,0.0032939035,0.130588717125,0.145411282875,652262296.7982231,1.64,0.13259799826,0.14340200174,0.0108040034799999,0.0,1.0,8000,0.000125,True,5542.972203670588,1.9996834901906317e-06,0.4999311292015692,0.0001726334915006,-2311.7687874741955,4031.846169147218,True,tilde_q_mu,asymptotic,default,sidak_approx,observed,8.1**2 * RBF(length_scale=0.319),0.0259473035947063,0.3538268672005407,0.095816768590974,0.319371747091974,0.0235884578133693,65.63633070467006,1608.9820113950643,392,145,247,416,24,0.04,0.3,0.000625,1.0,1e-08,1e+18,False,False,False,False,12,1.1,15.0,13.539322901854216,7.877372119342997,107.41871071831358,96.95844067440773,study_results/v4p2_followups_20260806/pseudo65/gp_window_ensemble_20260806/runs/window_3p0/draw_06/attempt_01/results_single.csv,1,1,1,1,single_attempt_outside_55_75MeV,False,,,,,,,window_3p0,6
2021,0.139,0.003316315875,0.13153828928125,0.14646171071875,635785521.2448627,1.64,0.133561241965,0.144438758035,0.0108775160699999,0.0,1.0,8000,0.000125,True,5641.801262568897,2.0730619095796813e-06,0.5,0.0,-1864.2164717302328,3987.7601143655743,True,tilde_q_mu,asymptotic,default,sidak_approx,observed,8.11**2 * RBF(length_scale=0.32),0.0259360460531648,0.3536733552704296,0.0957751973637809,0.3195332239424679,0.0235782236846953,65.8436746018877,1609.118733654761,392,146,246,416,24,0.04,0.3,0.000625,1.0,1e-08,1e+18,False,False,False,False,12,1.1,15.0,13.552048204118014,7.820740553903008,106.64646209867738,96.3518663439947,study_results/v4p2_followups_20260806/pseudo65/gp_window_ensemble_20260806/runs/window_3p0/draw_06/attempt_01/results_single.csv,1,1,1,1,single_attempt_outside_55_75MeV,False,,,,,,,window_3p0,6
2021,0.14,0.0033389,0.132487475,0.147512525,619834689.867921,1.64,0.134524204,0.145475796,0.010951592,0.0,1.0,8000,0.000125,True,5817.145324042438,2.176837054216882e-06,0.5,0.0,-1289.0904176882768,3946.777467970265,True,tilde_q_mu,asymptotic,default,sidak_approx,observed,8.18**2 * RBF(length_scale=0.32),0.0259262672518869,0.3535400079802764,0.0957390867469023,0.3203938052247093,0.0235693338653517,66.95500915091966,1608.844946821528,392,148,244,416,24,0.04,0.3,0.000625,1.0,1e-08,1e+18,False,False,False,False,12,1.1,15.0,13.59367248370588,7.764912771238112,105.88517415324698,95.95789188795987,study_results/v4p2_followups_20260806/pseudo65/gp_window_ensemble_20260806/runs/window_3p0/draw_06/attempt_01/results_single.csv,1,1,1,1,single_attempt_outside_55_75MeV,False,,,,,,,window_3p0,6
2021,0.141,0.003361655875,0.13343627428125,0.1485637257187499,604132627.2786524,1.64,0.1354868843649999,0.146513115635,0.01102623127,0.0,1.0,8000,0.000125,True,5853.183370396555,2.2313137835221563e-06,0.4999311292015692,0.0001726334915006,-1146.7524439974836,3927.9888839553537,True,tilde_q_mu,asymptotic,default,sidak_approx,observed,8.13**2 * RBF(length_scale=0.32),0.0259179357650831,0.3534263967965889,0.0957083206929198,0.3195159275674227,0.0235617597864392,66.08087620494358,1606.055533013492,391,149,242,416,25,0.04,0.3,0.000625,1.0,1e-08,1e+18,False,False,False,False,12,1.1,15.0,13.560783679295335,7.709871780103963,105.13461518323584,95.04718491372134,study_results/v4p2_followups_20260806/pseudo65/gp_window_ensemble_20260806/runs/window_3p0/draw_06/attempt_01/results_single.csv,1,1,1,1,single_attempt_outside_55_75MeV,False,,,,,,,window_3p0,6
2021,0.142,0.0033845835,0.1343846871249999,0.149615312875,588792286.6909375,1.64,0.1364492830599999,0.14755071694,0.01110143388,0.0,1.0,8000,0.000125,True,5979.239226683769,2.3222843494700826e-06,0.5,0.0,-688.6718016241571,3869.560994256853,True,tilde_q_mu,asymptotic,default,sidak_approx,observed,8.1**2 * RBF(length_scale=0.319),0.0259110210465671,0.3533321051804605,0.0956827864025644,0.3192999780290239,0.0235554736786973,65.63079125998485,1611.102122060845,392,151,241,416,24,0.04,0.3,0.000625,1.0,1e-08,1e+18,False,False,False,False,12,1.1,15.0,13.555234863215086,7.6556010648184945,104.39455997479764,94.33951859335836,study_results/v4p2_followups_20260806/pseudo65/gp_window_ensemble_20260806/runs/window_3p0/draw_06/attempt_01/results_single.csv,1,1,1,1,single_attempt_outside_55_75MeV,False,,,,,,,window_3p0,6
2021,0.143,0.003407682875,0.1353327135312499,0.15066728646875,573696429.0826498,1.64,0.137411400085,0.1485885999149999,0.0111771998299999,0.0,1.0,8000,0.000125,True,6192.858917454069,2.4512800132392355e-06,0.5,0.0,-174.23969039367984,3828.453895280607,True,tilde_q_mu,asymptotic,default,sidak_approx,observed,8.12**2 * RBF(length_scale=0.32),0.025905493399191,0.3532567281707865,0.0956623742118505,0.3197317205003021,0.0235504485447191,66.00568101038854,1611.739450102219,392,153,239,416,24,0.04,0.3,0.000625,1.0,1e-08,1e+18,False,False,False,False,12,1.1,15.0,13.576459908743349,7.602084568738228,103.66478957370308,93.82672397304636,study_results/v4p2_followups_20260806/pseudo65/gp_window_ensemble_20260806/runs/window_3p0/draw_06/attempt_01/results_single.csv,1,1,1,1,single_attempt_outside_55_75MeV,False,,,,,,,window_3p0,6
2021,0.144,0.003430954,0.1362803534999999,0.1517196465,559083772.4170778,1.64,0.13837323544,0.14962676456,0.0112535291199999,0.0,1.0,8000,0.000125,True,6273.086878890161,2.530240747246107e-06,0.5,0.0,14.753801996182943,3808.091415968086,True,tilde_q_mu,asymptotic,default,sidak_approx,observed,8.09**2 * RBF(length_scale=0.319),0.0259013239455544,0.3531998719848339,0.0956469774839098,0.3193256979066972,0.0235466581323222,65.46393413514562,1606.568670307386,391,154,237,416,25,0.04,0.3,0.000625,1.0,1e-08,1e+18,False,False,False,False,12,1.1,15.0,13.561402051714593,7.5493066784207805,102.94509106937429,93.07198461614384,study_results/v4p2_followups_20260806/pseudo65/gp_window_ensemble_20260806/runs/window_3p0/draw_06/attempt_01/results_single.csv,1,1,1,1,single_attempt_outside_55_75MeV,False,,,,,,,window_3p0,6
2021,0.145,0.003454396875,0.1372276070312499,0.15277239296875,544779001.7566646,1.64,0.139334789125,0.1506652108749999,0.0113304217499999,0.0,1.0,8000,0.000125,True,6394.010220214794,2.628481268194264e-06,0.460818389386711,0.0983721622217696,368.4460573569698,3746.9523333905854,True,tilde_q_mu,asymptotic,default,sidak_approx,observed,8.11**2 * RBF(length_scale=0.32),0.0258984845999115,0.3531611536351575,0.095636492505252,0.3196828682639334,0.0235440769090105,65.8107730071154,1612.4876833754906,392,156,236,416,24,0.04,0.3,0.000625,1.0,1e-08,1e+18,False,False,False,False,12,1.1,15.0,13.578059122869591,7.49725220843698,102.235257387777,92.54375795020177,study_results/v4p2_followups_20260806/pseudo65/gp_window_ensemble_20260806/runs/window_3p0/draw_06/attempt_01/results_single.csv,1,1,1,1,single_attempt_outside_55_75MeV,False,,,,,,,window_3p0,6
2021,0.146,0.0034780115,0.138174474125,0.1538255258749999,530723198.11642635,1.64,0.1402960611399999,0.15170393886,0.01140787772,0.0,1.0,8000,0.000125,True,6330.985240581822,2.6532018784091865e-06,0.4654939448530505,0.0866019828899746,322.27654052287124,3726.8899884131897,True,tilde_q_mu,asymptotic,default,sidak_approx,observed,8.09**2 * RBF(length_scale=0.319),0.0258969480412312,0.3531402005622441,0.0956308183862839,0.319305404247128,0.0235426800374829,65.42295721130046,1607.387433277976,391,157,234,416,25,0.04,0.3,0.000625,1.0,1e-08,1e+18,False,False,False,False,12,1.1,15.0,13.562831578170082,7.445906386805,101.53508709279544,91.80688570096105,study_results/v4p2_followups_20260806/pseudo65/gp_window_ensemble_20260806/runs/window_3p0/draw_06/attempt_01/results_single.csv,1,1,1,1,single_attempt_outside_55_75MeV,False,,,,,,,window_3p0,6
2021,0.147,0.0035017978749999,0.13912095478125,0.1548790452187499,517058895.8195766,1.64,0.141257051485,0.1527429485149999,0.0114858970299999,0.0,1.0,8000,0.000125,True,6234.521561312622,2.6635797477549775e-06,0.4674554155983072,0.0816678672494675,269.5811209373824,3687.981510814347,True,tilde_q_mu,asymptotic,default,sidak_approx,observed,8.07**2 * RBF(length_scale=0.319),0.025896687687343,0.353136650281951,0.0956298569658356,0.319060674772466,0.02354244335213,65.11718373192562,1608.5441473248093,391,159,232,416,25,0.04,0.3,0.000625,1.0,1e-08,1e+18,False,False,False,False,12,1.1,15.0,13.55257268755828,7.3952548410130845,100.84438419563295,91.11338979622462,study_results/v4p2_followups_20260806/pseudo65/gp_window_ensemble_20260806/runs/window_3p0/draw_06/attempt_01/results_single.csv,1,1,1,1,single_attempt_outside_55_75MeV,False,,,,,,,window_3p0,6
2021,0.148,0.0035257559999999,0.140067049,0.155932951,503681799.08701915,1.64,0.1422177601599999,0.15378223984,0.01156447968,0.0,1.0,8000,0.000125,True,5997.933029102518,2.6127843214888024e-06,0.5,0.0,-6.005663233237544,3647.9663429497086,True,tilde_q_mu,asymptotic,default,sidak_approx,observed,8.04**2 * RBF(length_scale=0.319),0.0258976776701328,0.3531501500472667,0.0956335127195648,0.318595259346468,0.0235433433364844,64.57234649502306,1609.1452676234471,391,160,231,416,25,0.04,0.3,0.000625,1.0,1e-08,1e+18,False,False,False,False,12,1.1,15.0,13.53228616654246,7.345283584607923,100.16295797192622,90.36225403756472,study_results/v4p2_followups_20260806/pseudo65/gp_window_ensemble_20260806/runs/window_3p0/draw_06/attempt_01/results_single.csv,1,1,1,1,single_attempt_outside_55_75MeV,False,,,,,,,window_3p0,6
2021,0.149,0.003549885875,0.14101275678125,0.15698724321875,490644352.2917579,1.64,0.143178187165,0.154821812835,0.0116436256699999,0.0,1.0,8000,0.000125,True,5760.123077140161,2.5585777135100768e-06,0.5,0.0,-305.63788437258154,3610.603499830262,True,tilde_q_mu,asymptotic,default,sidak_approx,observed,8.02**2 * RBF(length_scale=0.318),0.0258998928117245,0.353180356523517,0.0956416926720024,0.318330814512072,0.0235453571015678,64.33915106556056,1608.0835370818531,391,162,229,416,25,0.04,0.3,0.000625,1.0,1e-08,1e+18,False,False,False,False,12,1.1,15.0,13.519897495667012,7.295979004317872,99.49062278615278,89.6735347899239,study_results/v4p2_followups_20260806/pseudo65/gp_window_ensemble_20260806/runs/window_3p0/draw_06/attempt_01/results_single.csv,1,1,1,1,single_attempt_outside_55_75MeV,False,,,,,,,window_3p0,6
2021,0.15,0.0035741875,0.141958078125,0.158041921875,477946931.2512179,1.64,0.1441383325,0.1558616675,0.011723335,0.0,1.0,8000,0.000125,True,5646.796621782708,2.557709000431406e-06,0.5,0.0,-435.8190886165072,3585.7613096741534,True,tilde_q_mu,asymptotic,default,sidak_approx,observed,8.05**2 * RBF(length_scale=0.319),0.0259033086016125,0.3532269354765349,0.0956543063121079,0.3187685210282747,0.0235484623651023,64.80381410879778,1603.2331519146237,390,163,227,416,26,0.04,0.3,0.000625,1.0,1e-08,1e+18,False,False,False,False,12,1.1,15.0,13.536702145812889,7.247327847689178,98.82719792303423,89.18628947929417,study_results/v4p2_followups_20260806/pseudo65/gp_window_ensemble_20260806/runs/window_3p0/draw_06/attempt_01/results_single.csv,1,1,1,1,single_attempt_outside_55_75MeV,False,,,,,,,window_3p0,6
2021,0.151,0.003598660875,0.14290301303125,0.15909698696875,465470649.96646106,1.64,0.145098196165,0.156901803835,0.0118036076699999,0.0,1.0,8000,0.000125,True,5631.843761378142,2.6019639246275195e-06,0.5,0.0,-332.39475654220246,3541.768385727004,True,tilde_q_mu,asymptotic,default,sidak_approx,observed,8.14**2 * RBF(length_scale=0.32),0.0259079011746969,0.3532895614731401,0.0956712655121596,0.3200047539544987,0.0235526374315426,66.2912360887019,1604.3986933453557,390,165,225,416,26,0.04,0.3,0.000625,1.0,1e-08,1e+18,False,False,False,False,12,1.1,15.0,13.586790646466408,7.199317211210392,98.17250742559624,88.92328704201634,study_results/v4p2_followups_20260806/pseudo65/gp_window_ensemble_20260806/runs/window_3p0/draw_06/attempt_01/results_single.csv,1,1,1,1,single_attempt_outside_55_75MeV,False,,,,,,,window_3p0,6
2021,0.152,0.003623306,0.1438475615,0.1601524385,453362715.5960102,1.64,0.1460577781599999,0.15794222184,0.01188444368,0.0,1.0,8000,0.000125,True,5350.541328312451,2.5213216675722307e-06,0.5,0.0,-754.8465195991236,3506.120802639975,True,tilde_q_mu,asymptotic,default,sidak_approx,observed,8.08**2 * RBF(length_scale=0.319),0.0259136472901786,0.3533679175933457,0.0956924844498192,0.3191763588357081,0.0235578611728897,65.29544359079856,1604.7404808381486,390,166,224,416,26,0.04,0.3,0.000625,1.0,1e-08,1e+18,False,False,False,False,12,1.1,15.0,13.548613623846926,7.151934528902247,97.5263799395761,88.08981599558749,study_results/v4p2_followups_20260806/pseudo65/gp_window_ensemble_20260806/runs/window_3p0/draw_06/attempt_01/results_single.csv,1,1,1,1,single_attempt_outside_55_75MeV,False,,,,,,,window_3p0,6
2021,0.153,0.003648122875,0.14479172353125,0.16120827646875,441644549.5313737,1.64,0.147017078485,0.158982921515,0.0119658430299999,0.0,1.0,8000,0.000125,True,5376.685703893385,2.5838676616648356e-06,0.5,0.0,-580.8100036610681,3467.7472607513964,True,tilde_q_mu,asymptotic,default,sidak_approx,observed,8.12**2 * RBF(length_scale=0.32),0.0259205243112793,0.3534616951538094,0.0957178795332425,0.3196676702708392,0.0235641130102539,65.9109445998256,1603.8515316202363,390,168,222,416,26,0.04,0.3,0.000625,1.0,1e-08,1e+18,False,False,False,False,12,1.1,15.0,13.565869003078337,7.105167561352867,96.88864856390272,87.62524762021323,study_results/v4p2_followups_20260806/pseudo65/gp_window_ensemble_20260806/runs/window_3p0/draw_06/attempt_01/results_single.csv,1,1,1,1,single_attempt_outside_55_75MeV,False,,,,,,,window_3p0,6
2021,0.154,0.0036731115,0.145735499125,0.162264500875,430164399.9517347,1.64,0.1479760971399999,0.16002390286,0.01204780572,0.0,1.0,8000,0.000125,True,5619.032600017601,2.7543954182854547e-06,0.4999311292015692,0.0001726334915006,-86.12729811904198,3445.0633840344653,True,tilde_q_mu,asymptotic,default,sidak_approx,observed,8.15**2 * RBF(length_scale=0.32),0.0259285101857464,0.3535705934419964,0.0957473693290902,0.3199325244474542,0.023571372896133,66.36781039213413,1600.84491490683,389,169,220,416,27,0.04,0.3,0.000625,1.0,1e-08,1e+18,False,False,False,False,12,1.1,15.0,13.572927035571164,7.0590043851776345,96.25915070696774,87.10122860344809,study_results/v4p2_followups_20260806/pseudo65/gp_window_ensemble_20260806/runs/window_3p0/draw_06/attempt_01/results_single.csv,1,1,1,1,single_attempt_outside_55_75MeV,False,,,,,,,window_3p0,6
2021,0.155,0.003698271875,0.14667888828125,0.16332111171875,419006242.6242384,1.64,0.148934834125,0.161065165875,0.01213033175,0.0,1.0,8000,0.000125,True,5947.6162498418835,2.9737925547906287e-06,0.4331821904438442,0.1682782537535386,570.9612979414659,3395.512327913274,True,tilde_q_mu,asymptotic,default,sidak_approx,observed,8.12**2 * RBF(length_scale=0.32),0.0259375834271065,0.3536943194605435,0.0957808744933012,0.3195193867504107,0.0235796212973695,65.91652000017045,1606.1869057801755,390,171,219,416,26,0.04,0.3,0.000625,1.0,1e-08,1e+18,False,False,False,False,12,1.1,15.0,13.55065811790857,7.01343338288414,95.63772794842008,86.39694364017267,study_results/v4p2_followups_20260806/pseudo65/gp_window_ensemble_20260806/runs/window_3p0/draw_06/attempt_01/results_single.csv,1,1,1,1,single_attempt_outside_55_75MeV,False,,,,,,,window_3p0,6
2021,0.156,0.003723604,0.147621891,0.164378109,408018948.64312065,1.64,0.14989328944,0.16210671056,0.01221342112,0.0,1.0,8000,0.000125,True,6586.254411914266,3.360109989289617e-06,0.320153104532842,0.4672707104019524,1550.3874650250048,3375.4714656311644,True,tilde_q_mu,asymptotic,default,sidak_approx,observed,8.12**2 * RBF(length_scale=0.32),0.0259477230966391,0.353832587681443,0.0958183177045254,0.3195705012036977,0.0235888391787628,65.97490002545472,1602.1796735490022,389,172,217,416,27,0.04,0.3,0.000625,1.0,1e-08,1e+18,False,False,False,False,12,1.1,15.0,13.547529778040472,6.968443233125529,95.0242259062572,85.82290200668429,study_results/v4p2_followups_20260806/pseudo65/gp_window_ensemble_20260806/runs/window_3p0/draw_06/attempt_01/results_single.csv,1,1,1,1,single_attempt_outside_55_75MeV,False,,,,,,,window_3p0,6
2021,0.157,0.003749107875,0.14856450728125,0.16543549271875,397354285.67265946,1.64,0.150851463085,0.163148536915,0.01229707383,0.0,1.0,8000,0.000125,True,7327.668578377719,3.814241496298283e-06,0.2185075590284226,0.7772435070943322,2594.8555218902925,3338.7832729429915,True,tilde_q_mu,asymptotic,default,sidak_approx,observed,8.19**2 * RBF(length_scale=0.321),0.0259589087860322,0.3539851198095312,0.0958596236000764,0.320519515647448,0.023599007987302,67.13605721259701,1600.863874916052,389,174,215,416,27,0.04,0.3,0.000625,1.0,1e-08,1e+18,False,False,False,False,12,1.1,15.0,13.581906316566783,6.924022901323501,94.41849410895684,85.49220943594429,study_results/v4p2_followups_20260806/pseudo65/gp_window_ensemble_20260806/runs/window_3p0/draw_06/attempt_01/results_single.csv,1,1,1,1,single_attempt_outside_55_75MeV,False,,,,,,,window_3p0,6
2021,0.158,0.0037747835,0.149506737125,0.166493262875,387039666.85970527,1.64,0.15180935506,0.16419064494,0.0123812898799999,0.0,1.0,8000,0.000125,True,7881.551923121695,4.185227775713416e-06,0.1566355233562696,1.0083821335456635,3332.4712413065886,3304.956524637649,True,tilde_q_mu,asymptotic,default,sidak_approx,observed,8.17**2 * RBF(length_scale=0.32),0.0259711206006934,0.3541516445549109,0.0959047187143026,0.3201753124990023,0.023610109636994,66.68729841291922,1600.8850663871006,389,175,214,416,27,0.04,0.3,0.000625,1.0,1e-08,1e+18,False,False,False,False,12,1.1,15.0,13.56094136883329,6.880161630645431,93.82038587243768,84.81951680116283,study_results/v4p2_followups_20260806/pseudo65/gp_window_ensemble_20260806/runs/window_3p0/draw_06/attempt_01/results_single.csv,1,1,1,1,single_attempt_outside_55_75MeV,False,,,,,,,window_3p0,6
2021,0.159,0.003800630875,0.15044858053125,0.16755141946875,376812670.72105056,1.64,0.152766965365,0.165233034635,0.0124660692699999,0.0,1.0,8000,0.000125,True,8363.621617367,4.533062179042854e-06,0.1148409597868865,1.2011786235836843,3937.633368129197,3276.3034347651446,True,tilde_q_mu,asymptotic,default,sidak_approx,observed,8.1**2 * RBF(length_scale=0.319),0.0259843391436889,0.3543318974139398,0.0959535314192792,0.3193413101583964,0.0236221264942626,65.665173274041,1600.5962220169124,389,177,212,416,27,0.04,0.3,0.000625,1.0,1e-08,1e+18,False,False,False,False,12,1.1,15.0,13.51873677570722,6.836848933320556,93.22975818164392,84.02323736803206,study_results/v4p2_followups_20260806/pseudo65/gp_window_ensemble_20260806/runs/window_3p0/draw_06/attempt_01/results_single.csv,1,1,1,1,single_attempt_outside_55_75MeV,False,,,,,,,window_3p0,6
2021,0.16,0.00382665,0.1513900375,0.1686099625,367005424.0565123,1.64,0.153724294,0.166275706,0.0125514119999999,0.0,1.0,8000,0.000125,True,8547.006895077375,4.726520119178541e-06,0.099581894708367,1.283937601108507,4181.346491797298,3256.420162076968,True,tilde_q_mu,asymptotic,default,sidak_approx,observed,8.13**2 * RBF(length_scale=0.32),0.0259985455002782,0.3545256204583391,0.0960059918676979,0.3197916173079436,0.0236350413638892,66.16397687242726,1595.847782181768,388,178,210,416,28,0.04,0.3,0.000625,1.0,1e-08,1e+18,False,False,False,False,12,1.1,15.0,13.530402269425949,6.7940745822790705,92.64647157653278,83.56960195156171,study_results/v4p2_followups_20260806/pseudo65/gp_window_ensemble_20260806/runs/window_3p0/draw_06/attempt_01/results_single.csv,1,1,1,1,single_attempt_outside_55_75MeV,False,,,,,,,window_3p0,6
2021,0.161,0.003852840875,0.15233110803125,0.16966889196875,357410945.39902496,1.64,0.154681340965,0.167318659035,0.01263731807,0.0,1.0,8000,0.000125,True,8167.412964927451,4.609042501572527e-06,0.1164522049938101,1.1929105423452429,3829.302156304994,3211.1090592947617,True,tilde_q_mu,asymptotic,default,sidak_approx,observed,8.1**2 * RBF(length_scale=0.319),0.0260137212230255,0.3547325621321662,0.0960620319378876,0.3194417877174285,0.0236488374754777,65.67922015492847,1601.1167554748856,389,180,209,416,27,0.04,0.3,0.000625,1.0,1e-08,1e+18,False,False,False,False,12,1.1,15.0,13.507716311580566,6.751828603101996,92.07039004229992,82.91071395919732,study_results/v4p2_followups_20260806/pseudo65/gp_window_ensemble_20260806/runs/window_3p0/draw_06/attempt_01/results_single.csv,1,1,1,1,single_attempt_outside_55_75MeV,False,,,,,,,window_3p0,6
2021,0.162,0.0038792035,0.153271792125,0.170728207875,348034765.9525295,1.64,0.15563810626,0.16836189374,0.01272378748,0.0,1.0,8000,0.000125,True,7733.769820112606,4.454239047780467e-06,0.1465051676210073,1.0515406817458448,3358.334739982209,3193.209628212108,True,tilde_q_mu,asymptotic,default,sidak_approx,observed,8.11**2 * RBF(length_scale=0.319),0.0260298483174566,0.3549524770562273,0.0961215851808485,0.3194988756892715,0.0236634984704151,65.76007296687827,1596.3639739544783,388,181,207,416,28,0.04,0.3,0.000625,1.0,1e-08,1e+18,False,False,False,False,12,1.1,15.0,13.501759940049396,6.710101266266818,91.50138090363842,82.36197860959639,study_results/v4p2_followups_20260806/pseudo65/gp_window_ensemble_20260806/runs/window_3p0/draw_06/attempt_01/results_single.csv,1,1,1,1,single_attempt_outside_55_75MeV,False,,,,,,,window_3p0,6
2021,0.163,0.003905737875,0.15421208978125,0.17178791021875,338899709.6922806,1.64,0.156594589885,0.169405410115,0.01281082023,0.0,1.0,8000,0.000125,True,7059.387274415854,4.149809194169767e-06,0.2037957246101673,0.8281395928878515,2611.0764073717833,3161.805509733224,True,tilde_q_mu,asymptotic,default,sidak_approx,observed,8.14**2 * RBF(length_scale=0.32),0.0260469092282431,0.3551851258396787,0.0961845867692335,0.3197676151713631,0.0236790083893119,66.19493184569158,1596.641810971418,388,183,205,416,28,0.04,0.3,0.000625,1.0,1e-08,1e+18,False,False,False,False,12,1.1,15.0,13.504265462218331,6.668883079677514,90.93931472287518,81.87124313132843,study_results/v4p2_followups_20260806/pseudo65/gp_window_ensemble_20260806/runs/window_3p0/draw_06/attempt_01/results_single.csv,1,1,1,1,single_attempt_outside_55_75MeV,False,,,,,,,window_3p0,6
2021,0.164,0.003932444,0.155152001,0.172847999,329984866.4340829,1.64,0.15755079184,0.17044920816,0.0128984163199999,0.0,1.0,8000,0.000125,True,6237.421130471208,3.74271810651776e-06,0.3091748479933445,0.4981906159858277,1576.7024635713108,3144.0439037138913,True,tilde_q_mu,asymptotic,default,sidak_approx,observed,8.11**2 * RBF(length_scale=0.319),0.0260648868258862,0.3554302748984483,0.096250973448177,0.3194164832783396,0.0236953516598965,65.75035856340973,1591.7790019250472,387,184,203,416,29,0.04,0.3,0.000625,1.0,1e-08,1e+18,False,False,False,False,12,1.1,15.0,13.480132637952758,6.6281647814657285,90.38406520180536,81.2259458185138,study_results/v4p2_followups_20260806/pseudo65/gp_window_ensemble_20260806/runs/window_3p0/draw_06/attempt_01/results_single.csv,1,1,1,1,single_attempt_outside_55_75MeV,False,,,,,,,window_3p0,6
2021,0.165,0.003959321875,0.15609152578125,0.17390847421875,321257494.71634173,1.64,0.158506712125,0.171493287875,0.01298657575,0.0,1.0,8000,0.000125,True,5542.974000234071,3.395670573385295e-06,0.4121087824480374,0.2221237306252672,689.3578574059986,3099.997057636575,True,tilde_q_mu,asymptotic,default,sidak_approx,observed,8.09**2 * RBF(length_scale=0.319),0.0260837643938859,0.3556876962802624,0.0963206834879114,0.3191784170878586,0.0237125130853508,65.51273043098438,1597.1951150280718,388,186,202,416,28,0.04,0.3,0.000625,1.0,1e-08,1e+18,False,False,False,False,12,1.1,15.0,13.460336993342194,6.587937333053001,89.83550908708638,80.61441508537584,study_results/v4p2_followups_20260806/pseudo65/gp_window_ensemble_20260806/runs/window_3p0/draw_06/attempt_01/results_single.csv,1,1,1,1,single_attempt_outside_55_75MeV,False,,,,,,,window_3p0,6
2021,0.166,0.0039863715,0.157030664125,0.174969335875,312800005.7109213,1.64,0.15946235074,0.17253764926,0.01307529852,0.0,1.0,8000,0.000125,True,4841.571049604821,3.027829327018541e-06,0.5,0.0,-389.4105838300874,3079.7546336736136,True,tilde_q_mu,asymptotic,default,sidak_approx,observed,8.13**2 * RBF(length_scale=0.32),0.0261035256163684,0.3559571674959338,0.09639365663808,0.3196687113481045,0.0237304778330622,66.06928115682045,1594.3334380828076,387,187,200,416,29,0.04,0.3,0.000625,1.0,1e-08,1e+18,False,False,False,False,12,1.1,15.0,13.470808029947428,6.548191912461868,89.29352607902545,80.19039654184374,study_results/v4p2_followups_20260806/pseudo65/gp_window_ensemble_20260806/runs/window_3p0/draw_06/attempt_01/results_single.csv,1,1,1,1,single_attempt_outside_55_75MeV,False,,,,,,,window_3p0,6
2021,0.167,0.004013592875,0.15796941603125,0.17603058396875,304614329.32244956,1.64,0.160417707685,0.173582292315,0.0131645846299999,0.0,1.0,8000,0.000125,True,4208.1104626480765,2.6862118049119396e-06,0.5,0.0,-1686.206513880064,3044.6532975725436,True,tilde_q_mu,asymptotic,default,sidak_approx,observed,8.23**2 * RBF(length_scale=0.321),0.0261241545661564,0.3562384713566791,0.0964698340836822,0.3210373945613877,0.0237492314237786,67.73385957386556,1598.0199753336408,387,189,198,416,29,0.04,0.3,0.000625,1.0,1e-08,1e+18,False,False,False,False,12,1.1,15.0,13.517801432510916,6.508919907865958,88.7579987436267,79.9875335042266,study_results/v4p2_followups_20260806/pseudo65/gp_window_ensemble_20260806/runs/window_3p0/draw_06/attempt_01/results_single.csv,1,1,1,1,single_attempt_outside_55_75MeV,False,,,,,,,window_3p0,6
2021,0.168,0.004040986,0.1589077815,0.1770922185,296547392.151297,1.64,0.16137278296,0.17462721704,0.0132544340799999,0.0,1.0,8000,0.000125,True,3868.3503979973593,2.5214034169629933e-06,0.5,0.0,-2573.19250635736,3010.5679458949658,True,tilde_q_mu,asymptotic,default,sidak_approx,observed,8.24**2 * RBF(length_scale=0.321),0.0261456356932645,0.3565313958172433,0.0965491584025916,0.3212108793844776,0.0237687597211495,67.93673229693138,1598.1619306130222,387,190,197,416,29,0.04,0.3,0.000625,1.0,1e-08,1e+18,False,False,False,False,12,1.1,15.0,13.513994131492804,6.470112911369777,88.22881242776968,79.48824355849725,study_results/v4p2_followups_20260806/pseudo65/gp_window_ensemble_20260806/runs/window_3p0/draw_06/attempt_01/results_single.csv,1,1,1,1,single_attempt_outside_55_75MeV,False,,,,,,,window_3p0,6
2021,0.169,0.004068550875,0.15984576053125,0.17815423946875,288615660.9608933,1.64,0.162327576565,0.175672423435,0.0133448468699999,0.0,1.0,8000,0.000125,True,3584.8749202000463,2.3866422883461263e-06,0.4999513009912829,0.0001220703125,-3488.2084918143487,2977.4245570020225,True,tilde_q_mu,asymptotic,default,sidak_approx,observed,8.31**2 * RBF(length_scale=0.322),0.026167953813799,0.356835733824532,0.0966315735245651,0.3219382407878211,0.0237890489216354,68.98203671893661,1598.9192517547297,387,192,195,416,29,0.04,0.3,0.000625,1.0,1e-08,1e+18,False,False,False,False,12,1.1,15.0,13.533043790373112,6.431762713007495,87.70585517737493,79.12847858583581,study_results/v4p2_followups_20260806/pseudo65/gp_window_ensemble_20260806/runs/window_3p0/draw_06/attempt_01/results_single.csv,1,1,1,1,single_attempt_outside_55_75MeV,False,,,,,,,window_3p0,6
2021,0.17,0.0040962875,0.160783353125,0.179216646875,280901072.63455325,1.64,0.1632820885,0.1767179115,0.013435823,0.0,1.0,8000,0.000125,True,3472.8618208522357,2.36159329404226e-06,0.5,0.0,-3877.9616076376,2959.121190225644,True,tilde_q_mu,asymptotic,default,sidak_approx,observed,8.23**2 * RBF(length_scale=0.321),0.026191094099248,0.3571512831715639,0.0967170246916933,0.3211178323411554,0.0238100855447709,67.79993479630839,1595.4527305705265,386,193,193,416,30,0.04,0.3,0.000625,1.0,1e-08,1e+18,False,False,False,False,12,1.1,15.0,13.486630769862057,6.39386129495257,87.18901765844413,78.39240588976125,study_results/v4p2_followups_20260806/pseudo65/gp_window_ensemble_20260806/runs/window_3p0/draw_06/attempt_01/results_single.csv,1,1,1,1,single_attempt_outside_55_75MeV,False,,,,,,,window_3p0,6
2021,0.171,0.004124195875,0.16172055928125,0.18027944071875,273501986.67337126,1.64,0.164236318765,0.177763681235,0.01352736247,0.0,1.0,8000,0.000125,True,3346.271657985748,2.3234028696095175e-06,0.5,0.0,-4195.186682890215,2915.615755964835,True,tilde_q_mu,asymptotic,default,sidak_approx,observed,8.21**2 * RBF(length_scale=0.321),0.0262150420661463,0.3574778463565409,0.0968054584202363,0.3208709871002886,0.0238318564237693,67.46442011692322,1601.041259981526,387,195,192,416,29,0.04,0.3,0.000625,1.0,1e-08,1e+18,False,False,False,False,12,1.1,15.0,13.46395267723494,6.356400825929815,86.67819308086109,77.80207265259646,study_results/v4p2_followups_20260806/pseudo65/gp_window_ensemble_20260806/runs/window_3p0/draw_06/attempt_01/results_single.csv,1,1,1,1,single_attempt_outside_55_75MeV,False,,,,,,,window_3p0,6
2021,0.172,0.004152276,0.162657379,0.1813426209999999,266350991.61926585,1.64,0.1651902673599999,0.17880973264,0.01361946528,0.0,1.0,8000,0.000125,True,3209.147357794596,2.2747140844439353e-06,0.5,0.0,-4788.097435099005,2894.4141566772905,True,tilde_q_mu,asymptotic,default,sidak_approx,observed,8.26**2 * RBF(length_scale=0.321),0.0262397835660971,0.3578152304467796,0.0968968224637768,0.3214797965726307,0.0238543486964519,68.27735305019617,1596.982516849975,386,196,190,416,30,0.04,0.3,0.000625,1.0,1e-08,1e+18,False,False,False,False,12,1.1,15.0,13.476779461199316,6.31937365582085,86.17327712482977,77.42255008400952,study_results/v4p2_followups_20260806/pseudo65/gp_window_ensemble_20260806/runs/window_3p0/draw_06/attempt_01/results_single.csv,1,1,1,1,single_attempt_outside_55_75MeV,False,,,,,,,window_3p0,6
2021,0.173,0.004180527875,0.1635938122812499,0.18240618771875,259386988.21142492,1.64,0.166143934285,0.1798560657149999,0.0137121314299999,0.0,1.0,8000,0.000125,True,3176.270698449911,2.298492762585482e-06,0.5,0.0,-4740.365130534417,2865.0692262827333,True,tilde_q_mu,asymptotic,default,sidak_approx,observed,8.25**2 * RBF(length_scale=0.321),0.0262653047761392,0.3581632469473539,0.0969910657776472,0.3212890824509088,0.0238775497964902,67.98956598541842,1597.935818414719,386,198,188,416,30,0.04,0.3,0.000625,1.0,1e-08,1e+18,False,False,False,False,12,1.1,15.0,13.455697305178894,6.282772310455958,85.67416786985397,76.85371131532256,study_results/v4p2_followups_20260806/pseudo65/gp_window_ensemble_20260806/runs/window_3p0/draw_06/attempt_01/results_single.csv,1,1,1,1,single_attempt_outside_55_75MeV,False,,,,,,,window_3p0,6
2021,0.174,0.0042089515,0.1645298591249999,0.183470140875,252502277.02987137,1.64,0.1670973195399999,0.18090268046,0.01380536092,0.0,1.0,8000,0.000125,True,3267.4831483849935,2.415008876333013e-06,0.5,0.0,-4103.983579571196,2848.4100350141944,True,tilde_q_mu,asymptotic,default,sidak_approx,observed,8.16**2 * RBF(length_scale=0.32),0.0262915921894454,0.3585217116742556,0.0970881384845824,0.3202250569983318,0.0239014474449503,66.54238185274433,1593.410113159554,385,199,186,416,31,0.04,0.3,0.000625,1.0,1e-08,1e+18,False,False,False,False,12,1.1,15.0,13.397726549233962,6.246589486584821,85.18076572615664,76.0819070968938,study_results/v4p2_followups_20260806/pseudo65/gp_window_ensemble_20260806/runs/window_3p0/draw_06/attempt_01/results_single.csv,1,1,1,1,single_attempt_outside_55_75MeV,False,,,,,,,window_3p0,6
2021,0.175,0.0042375468749999,0.16546551953125,0.1845344804687499,245918579.9416027,1.64,0.168050423125,0.181949576875,0.01389915375,0.0,1.0,8000,0.000125,True,3412.463775446039,2.5748894090279903e-06,0.5,0.0,-3161.576548195786,2809.432703376467,True,tilde_q_mu,asymptotic,default,sidak_approx,observed,8.1**2 * RBF(length_scale=0.32),0.0263186326063351,0.358890444631843,0.0971879918415323,0.3195061180948464,0.0239260296421228,65.62408445270839,1598.9961445959416,386,201,185,416,30,0.04,0.3,0.000625,1.0,1e-08,1e+18,False,False,False,False,12,1.1,15.0,13.353912992414813,6.210818047018103,84.69297336842865,75.39883982872674,study_results/v4p2_followups_20260806/pseudo65/gp_window_ensemble_20260806/runs/window_3p0/draw_06/attempt_01/results_single.csv,1,1,1,1,single_attempt_outside_55_75MeV,False,,,,,,,window_3p0,6
2021,0.176,0.004266314,0.1664007934999999,0.1855992065,239463041.25493088,1.64,0.16900324504,0.1829967549599999,0.0139935099199999,0.0,1.0,8000,0.000125,True,3592.615288707939,2.7680853325209367e-06,0.5,0.0,-2354.316125490559,2789.78698625525,True,tilde_q_mu,asymptotic,default,sidak_approx,observed,8.14**2 * RBF(length_scale=0.32),0.0263464131255956,0.3592692698944855,0.0972905782076107,0.3200325283791406,0.0239512846596323,66.31252451154346,1595.2500514017138,385,202,183,416,31,0.04,0.3,0.000625,1.0,1e-08,1e+18,False,False,False,False,12,1.1,15.0,13.361810563694952,6.175451015934506,84.21069567183416,75.01382420026762,study_results/v4p2_followups_20260806/pseudo65/gp_window_ensemble_20260806/runs/window_3p0/draw_06/attempt_01/results_single.csv,1,1,1,1,single_attempt_outside_55_75MeV,False,,,,,,,window_3p0,6
2021,0.177,0.004295252875,0.16733568103125,0.18666431896875,233151670.99112496,1.64,0.169955785285,0.184044214715,0.0140884294299999,0.0,1.0,8000,0.000125,True,3993.853963439512,3.1426810298660756e-06,0.5,0.0,-1079.3318494266375,2762.0719774437625,True,tilde_q_mu,asymptotic,default,sidak_approx,observed,8.14**2 * RBF(length_scale=0.32),0.026374921136093,0.359658015492178,0.0973958510131203,0.3199563902945685,0.0239772010328118,66.2017468393354,1595.621105843395,385,204,181,416,31,0.04,0.3,0.000625,1.0,1e-08,1e+18,False,False,False,False,12,1.1,15.0,13.344192671059506,6.140481574345738,83.73383965016914,74.49069929196394,study_results/v4p2_followups_20260806/pseudo65/gp_window_ensemble_20260806/runs/window_3p0/draw_06/attempt_01/results_single.csv,1,1,1,1,single_attempt_outside_55_75MeV,False,,,,,,,window_3p0,6
2021,0.178,0.0043243635,0.168270182125,0.1877298178749999,227019370.79188985,1.64,0.17090804386,0.1850919561399999,0.0141839122799999,0.0,1.0,8000,0.000125,True,4744.803406012004,3.812898345846188e-06,0.4536614099266065,0.1164160449112217,391.97362403936944,2734.0520214835396,True,tilde_q_mu,asymptotic,default,sidak_approx,observed,8.1**2 * RBF(length_scale=0.319),0.0264041443086661,0.3600565132999933,0.0975037647296154,0.3194393682126766,0.0240037675533328,65.54848440534587,1595.3856167333493,385,205,180,416,31,0.04,0.3,0.000625,1.0,1e-08,1e+18,False,False,False,False,12,1.1,15.0,13.30788458532306,6.105903055713559,83.26231439609397,73.86968468600676,study_results/v4p2_followups_20260806/pseudo65/gp_window_ensemble_20260806/runs/window_3p0/draw_06/attempt_01/results_single.csv,1,1,1,1,single_attempt_outside_55_75MeV,False,,,,,,,window_3p0,6
2021,0.179,0.004353645875,0.1692042967812499,0.18879570321875,220993245.42708975,1.64,0.1718600207649999,0.186139979235,0.01427995847,0.0,1.0,8000,0.000125,True,5546.959698377959,4.553474425764746e-06,0.2779625002870773,0.5889050042960822,1595.3252087906512,2708.3880666821315,True,tilde_q_mu,asymptotic,default,sidak_approx,observed,8.09**2 * RBF(length_scale=0.319),0.0264340705882899,0.3604645989312272,0.0976142748409662,0.3193083196585125,0.0240309732620818,65.39328523054363,1595.9404706507771,385,207,178,416,31,0.04,0.3,0.000625,1.0,1e-08,1e+18,False,False,False,False,12,1.1,15.0,13.28736527547743,6.0717089417131325,82.79603102336088,73.34274050447718,study_results/v4p2_followups_20260806/pseudo65/gp_window_ensemble_20260806/runs/window_3p0/draw_06/attempt_01/results_single.csv,1,1,1,1,single_attempt_outside_55_75MeV,False,,,,,,,window_3p0,6
2021,0.18,0.0043831,0.170138025,0.189861975,215155115.9948604,1.64,0.172811716,0.1871882839999999,0.0143765679999999,0.0,1.0,8000,0.000125,True,6373.123532885866,5.343773923324065e-06,0.1617158542481109,0.9874303569862508,2659.1461999576627,2692.1234425430384,True,tilde_q_mu,asymptotic,default,sidak_approx,observed,8.09**2 * RBF(length_scale=0.319),0.0264646881865,0.360882111634091,0.0977273378153825,0.3193303495559423,0.0240588074422727,65.41703234726171,1592.346161931264,384,208,176,416,32,0.04,0.3,0.000625,1.0,1e-08,1e+18,False,False,False,False,12,1.1,15.0,13.27290848983895,6.037892858136936,82.33490261095821,72.85490852500337,study_results/v4p2_followups_20260806/pseudo65/gp_window_ensemble_20260806/runs/window_3p0/draw_06/attempt_01/results_single.csv,1,1,1,1,single_attempt_outside_55_75MeV,False,,,,,,,window_3p0,6
2021,0.181,0.004412725875,0.1710713667812499,0.19092863321875,209423665.4643851,1.64,0.173763129565,0.1882368704349999,0.0144737408699999,0.0,1.0,8000,0.000125,True,7051.774716152278,6.041072112671772e-06,0.0933981937803772,1.3201157124151732,3503.6519942834575,2656.5651483077436,True,tilde_q_mu,asymptotic,default,sidak_approx,observed,8.06**2 * RBF(length_scale=0.319),0.0264959855740647,0.3613088941917919,0.0978429110783556,0.3189287539832069,0.0240872596127861,64.9123471612782,1597.6561097735712,385,210,175,416,31,0.04,0.3,0.000625,1.0,1e-08,1e+18,False,False,False,False,12,1.1,15.0,13.240557834728175,6.004448570933435,81.87884414909227,72.27477142645009,study_results/v4p2_followups_20260806/pseudo65/gp_window_ensemble_20260806/runs/window_3p0/draw_06/attempt_01/results_single.csv,1,1,1,1,single_attempt_outside_55_75MeV,False,,,,,,,window_3p0,6
2021,0.182,0.0044425235,0.172004322125,0.191995677875,203890389.41582435,1.64,0.17471426146,0.18928573854,0.01457147708,0.0,1.0,8000,0.000125,True,7226.709294148941,6.324007315020352e-06,0.0798087151885679,1.406359398083396,3717.87143322848,2641.4265073662955,True,tilde_q_mu,asymptotic,default,sidak_approx,observed,8.09**2 * RBF(length_scale=0.319),0.0265279514739,0.3617447928259099,0.0979609529864923,0.3193193754058612,0.0241163195217273,65.3997669727855,1593.231226417341,384,211,173,416,32,0.04,0.3,0.000625,1.0,1e-08,1e+18,False,False,False,False,12,1.1,15.0,13.240800492719217,5.971369982376021,81.42777248694574,71.87792600441195,study_results/v4p2_followups_20260806/pseudo65/gp_window_ensemble_20260806/runs/window_3p0/draw_06/attempt_01/results_single.csv,1,1,1,1,single_attempt_outside_55_75MeV,False,,,,,,,window_3p0,6
2021,0.183,0.004472492875,0.1729368910312499,0.19306310896875,198621214.40460417,1.64,0.1756651116849999,0.190334888315,0.01466977663,0.0,1.0,8000,0.000125,True,7048.817345105632,6.297373558790068e-06,0.087382037797557,1.357053929141055,3556.293117187168,2617.981804219026,True,tilde_q_mu,asymptotic,default,sidak_approx,observed,8.1**2 * RBF(length_scale=0.32),0.0265605748542153,0.3621896571029359,0.098081422802206,0.3195183336528489,0.0241459771401957,65.66580687581575,1593.9723787504513,384,213,171,416,32,0.04,0.3,0.000625,1.0,1e-08,1e+18,False,False,False,False,12,1.1,15.0,13.232777112215013,5.938651127357089,80.98160628214212,71.44076974138252,study_results/v4p2_followups_20260806/pseudo65/gp_window_ensemble_20260806/runs/window_3p0/draw_06/attempt_01/results_single.csv,1,1,1,1,single_attempt_outside_55_75MeV,False,,,,,,,window_3p0,6
2021,0.184,0.004502634,0.1738690735,0.1941309265,193360941.65798712,1.64,0.17661568024,0.19138431976,0.01476863952,0.0,1.0,8000,0.000125,True,6533.366005462662,5.963075871023497e-06,0.1246766432080489,1.1519216119874,3000.391965492257,2603.6633217697436,True,tilde_q_mu,asymptotic,default,sidak_approx,observed,8.12**2 * RBF(length_scale=0.32),0.026593844921878,0.3626433398437911,0.0982042806692136,0.3196900339339317,0.0241762226562527,65.90789268726364,1592.287171649889,383,214,169,416,33,0.04,0.3,0.000625,1.0,1e-08,1e+18,False,False,False,False,12,1.1,15.0,13.223324357961673,5.906286169801502,80.54026595183866,71.00067070384397,study_results/v4p2_followups_20260806/pseudo65/gp_window_ensemble_20260806/runs/window_3p0/draw_06/attempt_01/results_single.csv,1,1,1,1,single_attempt_outside_55_75MeV,False,,,,,,,window_3p0,6
2021,0.185,0.004532946875,0.1748008695312499,0.19519913046875,188216407.4390779,1.64,0.177565967125,0.192434032875,0.0148680657499999,0.0,1.0,8000,0.000125,True,5976.297173477514,5.573434464614856e-06,0.1743226409165961,0.9372202376333216,2406.4908129483397,2570.7816997349614,True,tilde_q_mu,asymptotic,default,sidak_approx,observed,8.08**2 * RBF(length_scale=0.319),0.0266277511159985,0.3631056970363433,0.0983294875888454,0.3192091239745856,0.0242070464690895,65.28227941301759,1595.470184284546,384,216,168,416,32,0.04,0.3,0.000625,1.0,1e-08,1e+18,False,False,False,False,12,1.1,15.0,13.186620035706955,5.874269399197075,80.10367362541467,70.41978050417492,study_results/v4p2_followups_20260806/pseudo65/gp_window_ensemble_20260806/runs/window_3p0/draw_06/attempt_01/results_single.csv,1,1,1,1,single_attempt_outside_55_75MeV,False,,,,,,,window_3p0,6
2021,0.186,0.0045634315,0.175732279125,0.196267720875,183203373.0638776,1.64,0.17851597234,0.19348402766,0.01496805532,0.0,1.0,8000,0.000125,True,5221.501511309658,4.975868797060998e-06,0.2817374214759008,0.5776879101704008,1478.0949799731586,2559.4683591264775,True,tilde_q_mu,asymptotic,default,sidak_approx,observed,8**2 * RBF(length_scale=0.318),0.0266622831017154,0.3635765877506647,0.0984570053970965,0.3181142395757794,0.0242384391833776,64.0092574921582,1589.43309288125,383,217,166,416,33,0.04,0.3,0.000625,1.0,1e-08,1e+18,False,False,False,False,12,1.1,15.0,13.124369814783178,5.84259522723534,79.67175309866373,69.70943676393068,study_results/v4p2_followups_20260806/pseudo65/gp_window_ensemble_20260806/runs/window_3p0/draw_06/attempt_01/results_single.csv,1,1,1,1,single_attempt_outside_55_75MeV,False,,,,,,,window_3p0,6
2021,0.187,0.004594087875,0.17666330228125,0.19733669771875,178278504.14348978,1.64,0.179465695885,0.194534304115,0.01506860823,0.0,1.0,8000,0.000125,True,4467.966098192266,4.352003171699479e-06,0.4275894046022148,0.1825147127073661,462.993556157677,2537.1274037164344,True,tilde_q_mu,asymptotic,default,sidak_approx,observed,7.98**2 * RBF(length_scale=0.318),0.0266974307641825,0.3640558740570343,0.0985867967424219,0.3178145240378457,0.0242703916038022,63.64880856905926,1589.627922625636,383,219,164,416,33,0.04,0.3,0.000625,1.0,1e-08,1e+18,False,False,False,False,12,1.1,15.0,13.094742319199156,5.811258184560199,79.24442978945724,69.17902588832081,study_results/v4p2_followups_20260806/pseudo65/gp_window_ensemble_20260806/runs/window_3p0/draw_06/attempt_01/results_single.csv,1,1,1,1,single_attempt_outside_55_75MeV,False,,,,,,,window_3p0,6
2021,0.188,0.004624916,0.177593939,0.198406061,173567784.67781383,1.64,0.18041513776,0.19558486224,0.0151697244799999,0.0,1.0,8000,0.000125,True,3853.674789724866,3.835023365363421e-06,0.5,0.0,-498.9749575511694,2511.5085455139865,True,tilde_q_mu,asymptotic,default,sidak_approx,observed,7.98**2 * RBF(length_scale=0.318),0.0267331842027451,0.3645434209465248,0.0987188250642313,0.3179358844626926,0.0243028947297683,63.74924042708454,1590.19414852843,383,220,163,416,33,0.04,0.3,0.000625,1.0,1e-08,1e+18,False,False,False,False,12,1.1,15.0,13.082222837975626,5.78025291761951,78.8216306948115,68.74414248014291,study_results/v4p2_followups_20260806/pseudo65/gp_window_ensemble_20260806/runs/window_3p0/draw_06/attempt_01/results_single.csv,1,1,1,1,single_attempt_outside_55_75MeV,False,,,,,,,window_3p0,6
2021,0.189,0.004655915875,0.17852418928125,0.19947581071875,168874228.16818193,1.64,0.181364297965,0.196635702035,0.0152714040699999,0.0,1.0,8000,0.000125,True,3492.673417028112,3.55347054205127e-06,0.5,0.0,-1232.587507942297,2487.6600313705003,True,tilde_q_mu,asymptotic,default,sidak_approx,observed,8.02**2 * RBF(length_scale=0.318),0.0267695337253012,0.3650390962541072,0.0988530545720656,0.3184281731297601,0.0243359397502738,64.32656492881256,1591.4517814763344,383,222,161,416,33,0.04,0.3,0.000625,1.0,1e-08,1e+18,False,False,False,False,12,1.1,15.0,13.084687766215286,5.749574185616315,78.40328434931338,68.39216637043728,study_results/v4p2_followups_20260806/pseudo65/gp_window_ensemble_20260806/runs/window_3p0/draw_06/attempt_01/results_single.csv,1,1,1,1,single_attempt_outside_55_75MeV,False,,,,,,,window_3p0,6
2021,0.19,0.0046870875,0.179454053125,0.200545946875,164378838.92039412,1.64,0.1823131765,0.1976868235,0.0153736469999999,0.0,1.0,8000,0.000125,True,3318.9332628134716,3.4507931898339825e-06,0.5,0.0,-1647.0259877530918,2470.918739295979,True,tilde_q_mu,asymptotic,default,sidak_approx,observed,8.09**2 * RBF(length_scale=0.319),0.0268064698428396,0.3655427705841774,0.0989894502254296,0.3193193546556277,0.0243695180389451,65.45031409472702,1588.0987944167978,382,223,159,416,34,0.04,0.3,0.000625,1.0,1e-08,1e+18,False,False,False,False,12,1.1,15.0,13.103228145313354,5.719216857555929,77.98932078485358,68.12745754279767,study_results/v4p2_followups_20260806/pseudo65/gp_window_ensemble_20260806/runs/window_3p0/draw_06/attempt_01/results_single.csv,1,1,1,1,single_attempt_outside_55_75MeV,False,,,,,,,window_3p0,6
2021,0.191,0.004718430875,0.18038353053125,0.20161646946875,160024504.07567304,1.64,0.183261773365,0.198738226635,0.01547645327,0.0,1.0,8000,0.000125,True,3135.8144418697284,3.3315813383469907e-06,0.5,0.0,-2134.147877856245,2449.643053389798,True,tilde_q_mu,asymptotic,default,sidak_approx,observed,8.03**2 * RBF(length_scale=0.318),0.026843983264149,0.3660543172383967,0.099127977714251,0.3184563604035317,0.0244036211492264,64.40856519860954,1589.4149428082387,382,225,157,416,34,0.04,0.3,0.000625,1.0,1e-08,1e+18,False,False,False,False,12,1.1,15.0,13.049553525527756,5.68917590938515,77.57967149161568,67.49200504151324,study_results/v4p2_followups_20260806/pseudo65/gp_window_ensemble_20260806/runs/window_3p0/draw_06/attempt_01/results_single.csv,1,1,1,1,single_attempt_outside_55_75MeV,False,,,,,,,window_3p0,6
2021,0.192,0.004749946,0.1813126215,0.2026873785,155718995.1526329,1.64,0.18421008856,0.19978991144,0.0155798228799999,0.0,1.0,8000,0.000125,True,3035.565995786418,3.296983548057872e-06,0.5,0.0,-2360.240223625131,2424.2616147885487,True,tilde_q_mu,asymptotic,default,sidak_approx,observed,8.03**2 * RBF(length_scale=0.318),0.0268820648906906,0.3665736121457819,0.0992686034399486,0.3184838676125581,0.0244382408097187,64.46463243601055,1588.8454999428127,382,226,156,416,34,0.04,0.3,0.000625,1.0,1e-08,1e+18,False,False,False,False,12,1.1,15.0,13.03219286905058,5.659446421220509,77.17426938027965,67.04999753945795,study_results/v4p2_followups_20260806/pseudo65/gp_window_ensemble_20260806/runs/window_3p0/draw_06/attempt_01/results_single.csv,1,1,1,1,single_attempt_outside_55_75MeV,False,,,,,,,window_3p0,6
2021,0.193,0.004781632875,0.18224132603125,0.20375867396875,151601184.85939226,1.64,0.185158122085,0.200841877915,0.0156837558299999,0.0,1.0,8000,0.000125,True,3032.6565329200685,3.365760768921289e-06,0.5,0.0,-2235.3414337426534,2399.884637965285,True,tilde_q_mu,asymptotic,default,sidak_approx,observed,8.05**2 * RBF(length_scale=0.319),0.0269207058116312,0.3671005337949717,0.0994112944970904,0.3187136623306205,0.0244733689196647,64.77967545314705,1588.7210995860291,382,228,154,416,34,0.04,0.3,0.000625,1.0,1e-08,1e+18,False,False,False,False,12,1.1,15.0,13.02287655519827,5.630023574662507,76.77304874539782,66.65372910516902,study_results/v4p2_followups_20260806/pseudo65/gp_window_ensemble_20260806/runs/window_3p0/draw_06/attempt_01/results_single.csv,1,1,1,1,single_attempt_outside_55_75MeV,False,,,,,,,window_3p0,6
2021,0.194,0.0048134915,0.183169644125,0.204830355875,147523768.56605715,1.64,0.18610587394,0.20189412606,0.01578825212,0.0,1.0,8000,0.000125,True,3041.6054953135,3.4511121936167865e-06,0.5,0.0,-2121.6617613055846,2385.7104512193473,True,tilde_q_mu,asymptotic,default,sidak_approx,observed,8**2 * RBF(length_scale=0.318),0.0269598972990275,0.3676349631685571,0.0995560186556095,0.3180423224627287,0.0245089975445704,64.04386580236664,1584.887332774279,381,229,152,416,35,0.04,0.3,0.000625,1.0,1e-08,1e+18,False,False,False,False,12,1.1,15.0,12.976553687451212,5.600902650192177,76.37594522989332,66.0731035803696,study_results/v4p2_followups_20260806/pseudo65/gp_window_ensemble_20260806/runs/window_3p0/draw_06/attempt_01/results_single.csv,1,1,1,1,single_attempt_outside_55_75MeV,False,,,,,,,window_3p0,6
2021,0.195,0.004845521875,0.18409757578125,0.20590242421875,143578408.5209931,1.64,0.187053344125,0.202946655875,0.0158933117499999,0.0,1.0,8000,0.000125,True,3060.2244822756593,3.5493551793772003e-06,0.4999655646006563,8.631674575031098e-05,-1885.9628968533923,2352.659945928032,True,tilde_q_mu,asymptotic,default,sidak_approx,observed,7.98**2 * RBF(length_scale=0.318),0.0269996308031587,0.368176783679438,0.09970274434357,0.3175784362522665,0.0245451189119625,63.6470770704278,1588.9335675993634,382,231,151,416,34,0.04,0.3,0.000625,1.0,1e-08,1e+18,False,False,False,False,12,1.1,15.0,12.93855765748556,5.572079024647637,75.9828957906496,65.54060521133577,study_results/v4p2_followups_20260806/pseudo65/gp_window_ensemble_20260806/runs/window_3p0/draw_06/attempt_01/results_single.csv,1,1,1,1,single_attempt_outside_55_75MeV,False,,,,,,,window_3p0,6
2021,0.196,0.004877724,0.185025121,0.206974879,139755894.5302579,1.64,0.18800053264,0.20399946736,0.01599893472,0.0,1.0,8000,0.000125,True,3197.6846146800435,3.790786660834176e-06,0.5,0.0,-1380.2499908720831,2335.4179095083787,True,tilde_q_mu,asymptotic,default,sidak_approx,observed,7.99**2 * RBF(length_scale=0.318),0.0270398979480013,0.3687258811091098,0.0998514406304547,0.3178156751283468,0.0245817254072739,63.87784052667434,1584.54026885238,381,232,149,416,35,0.04,0.3,0.000625,1.0,1e-08,1e+18,False,False,False,False,12,1.1,15.0,12.928940904787009,5.543548168777362,75.59383866514584,65.15655152451158,study_results/v4p2_followups_20260806/pseudo65/gp_window_ensemble_20260806/runs/window_3p0/draw_06/attempt_01/results_single.csv,1,1,1,1,single_attempt_outside_55_75MeV,False,,,,,,,window_3p0,6
2021,0.197,0.004910097875,0.18595227978125,0.20804772021875,136004179.86803293,1.64,0.188947439485,0.205052560515,0.01610512103,0.0,1.0,8000,0.000125,True,3339.917634869316,4.047969176303638e-06,0.5,0.0,-903.679312843834,2309.3411919447244,True,tilde_q_mu,asymptotic,default,sidak_approx,observed,8.02**2 * RBF(length_scale=0.318),0.0270806905268411,0.3692821435478344,0.1000020772109632,0.3182005771836082,0.0246188095698556,64.25925948796026,1583.9885493102206,381,234,147,416,35,0.04,0.3,0.000625,1.0,1e-08,1e+18,False,False,False,False,12,1.1,15.0,12.925100065489248,5.51530564486786,75.20871333910718,64.80534304697707,study_results/v4p2_followups_20260806/pseudo65/gp_window_ensemble_20260806/runs/window_3p0/draw_06/attempt_01/results_single.csv,1,1,1,1,single_attempt_outside_55_75MeV,False,,,,,,,window_3p0,6
2021,0.198,0.0049426435,0.186879052125,0.209120947875,132354320.73115931,1.64,0.18989406466,0.20610593534,0.01621187068,0.0,1.0,8000,0.000125,True,3554.6831070133544,4.404711807876093e-06,0.4999655646006563,8.631674575031098e-05,-377.3596091624085,2290.2647113807884,True,tilde_q_mu,asymptotic,default,sidak_approx,observed,8.07**2 * RBF(length_scale=0.319),0.0271220004980165,0.3698454613365898,0.1001546243892919,0.3189335451352422,0.0246563640891059,65.1174421631694,1580.5917244627267,380,235,145,416,36,0.04,0.3,0.000625,1.0,1e-08,1e+18,False,False,False,False,12,1.1,15.0,12.935140963308449,5.487347104442508,74.82746051512511,64.52691664596935,study_results/v4p2_followups_20260806/pseudo65/gp_window_ensemble_20260806/runs/window_3p0/draw_06/attempt_01/results_single.csv,1,1,1,1,single_attempt_outside_55_75MeV,False,,,,,,,window_3p0,6
2021,0.199,0.004975360875,0.18780543803125,0.21019456196875,128788002.15036236,1.64,0.190840408165,0.207159591835,0.01631918367,0.0,1.0,8000,0.000125,True,3848.778917970376,4.876569347327195e-06,0.4640215488334084,0.0903072013752592,204.02632092006925,2261.9717810163033,True,tilde_q_mu,asymptotic,default,sidak_approx,observed,8.13**2 * RBF(length_scale=0.32),0.0271638199807916,0.3704157270107955,0.100309053063895,0.3196987928057878,0.0246943818007197,66.08498509270552,1583.5154287155287,380,236,144,416,36,0.04,0.3,0.000625,1.0,1e-08,1e+18,False,False,False,False,12,1.1,15.0,12.946215677141204,5.459668286029939,74.45002208222643,64.25640286962857,study_results/v4p2_followups_20260806/pseudo65/gp_window_ensemble_20260806/runs/window_3p0/draw_06/attempt_01/results_single.csv,1,1,1,1,single_attempt_outside_55_75MeV,False,,,,,,,window_3p0,6
2021,0.2,0.00500825,0.1887314375,0.2112685625,125353032.55969112,1.64,0.19178647,0.20821353,0.0164270599999999,0.0,1.0,8000,0.000125,True,3981.6682462759786,5.157273376877548e-06,0.4176013240097646,0.2080337078470177,465.8883214850424,2239.410744164821,True,tilde_q_mu,asymptotic,default,sidak_approx,observed,8.12**2 * RBF(length_scale=0.32),0.027206141251351,0.3709928352456959,0.1004653347126938,0.3195681335686642,0.0247328556830463,65.88172603631637,1584.4510354457393,380,238,142,416,36,0.04,0.3,0.000625,1.0,1e-08,1e+18,False,False,False,False,12,1.1,15.0,12.92079401036243,5.432265012998759,74.0763410863467,63.80834294786886,study_results/v4p2_followups_20260806/pseudo65/gp_window_ensemble_20260806/runs/window_3p0/draw_06/attempt_01/results_single.csv,1,1,1,1,single_attempt_outside_55_75MeV,False,,,,,,,window_3p0,6
2021,0.201,0.005041310875,0.18965705053125,0.21234294946875,122019355.53382406,1.64,0.192732250165,0.209267749835,0.01653549967,0.0,1.0,8000,0.000125,True,4144.270489598126,5.487104498045778e-06,0.3687936391290159,0.3350501205898398,744.6338115046793,2223.0283355158945,True,tilde_q_mu,asymptotic,default,sidak_approx,observed,8.13**2 * RBF(length_scale=0.32),0.027248956738914,0.3715766828033728,0.1006234413787278,0.3197045245589862,0.0247717788535581,66.04658900871061,1580.573482526343,379,239,140,416,37,0.04,0.3,0.000625,1.0,1e-08,1e+18,False,False,False,False,12,1.1,15.0,12.905997847347336,5.405133191456678,73.70636170168197,63.4169430305141,study_results/v4p2_followups_20260806/pseudo65/gp_window_ensemble_20260806/runs/window_3p0/draw_06/attempt_01/results_single.csv,1,1,1,1,single_attempt_outside_55_75MeV,False,,,,,,,window_3p0,6
2021,0.202,0.0050745435,0.190582277125,0.213417722875,118808713.66471364,1.64,0.19367774866,0.21032225134,0.01664450268,0.0,1.0,8000,0.000125,True,4151.9752214102045,5.6179130316492545e-06,0.3538775854221881,0.3748726628590965,822.1212838779278,2194.2974536635816,True,tilde_q_mu,asymptotic,default,sidak_approx,observed,8.07**2 * RBF(length_scale=0.319),0.0272922590219629,0.3721671684813132,0.100783345656227,0.318897212478644,0.0248111445654208,65.05879973941333,1585.065117311523,380,241,139,416,36,0.04,0.3,0.000625,1.0,1e-08,1e+18,False,False,False,False,12,1.1,15.0,12.852982724669978,5.37826880821161,73.34002920288559,62.84254189143201,study_results/v4p2_followups_20260806/pseudo65/gp_window_ensemble_20260806/runs/window_3p0/draw_06/attempt_01/results_single.csv,1,1,1,1,single_attempt_outside_55_75MeV,False,,,,,,,window_3p0,6
2021,0.203,0.005107947875,0.19150711728125,0.21449288271875,115574322.00533302,1.64,0.194622965485,0.211377034515,0.0167540690299999,0.0,1.0,8000,0.000125,True,4456.101442035897,6.167619865632047e-06,0.2801524269980248,0.5823887552711285,1267.4977372156611,2177.652785603615,True,tilde_q_mu,asymptotic,default,sidak_approx,observed,8.12**2 * RBF(length_scale=0.32),0.0273360408245852,0.3727641930625258,0.1009450206771031,0.3196519109492683,0.0248509462041683,65.98917152314078,1580.910179974083,379,242,137,416,37,0.04,0.3,0.000625,1.0,1e-08,1e+18,False,False,False,False,12,1.1,15.0,12.862766203069215,5.351667928793269,72.97728993809002,62.57932124048317,study_results/v4p2_followups_20260806/pseudo65/gp_window_ensemble_20260806/runs/window_3p0/draw_06/attempt_01/results_single.csv,1,1,1,1,single_attempt_outside_55_75MeV,False,,,,,,,window_3p0,6
2021,0.204,0.005141524,0.192431571,0.2155684289999999,112452833.18684237,1.64,0.19556790064,0.21243209936,0.01686419872,0.0,1.0,8000,0.000125,True,4814.307751932645,6.814801365750589e-06,0.20455235222123,0.8254701822468111,1777.8073197615176,2155.44296180656,True,tilde_q_mu,asymptotic,default,sidak_approx,observed,8.17**2 * RBF(length_scale=0.32),0.0273802950129184,0.3733676592670698,0.1011084400978236,0.3202741028877711,0.0248911772844713,66.82220557501803,1583.2019213382628,379,244,135,416,37,0.04,0.3,0.000625,1.0,1e-08,1e+18,False,False,False,False,12,1.1,15.0,12.866972872656298,5.325326695531998,72.61809130270905,62.29166739040237,study_results/v4p2_followups_20260806/pseudo65/gp_window_ensemble_20260806/runs/window_3p0/draw_06/attempt_01/results_single.csv,1,1,1,1,single_attempt_outside_55_75MeV,False,,,,,,,window_3p0,6
2021,0.205,0.005175271875,0.19335563828125,0.2166443617187499,109447447.25856656,1.64,0.196512554125,0.213487445875,0.01697489175,0.0,1.0,8000,0.000125,True,5058.806937598625,7.321642676851412e-06,0.1631398686496008,0.9816349206979568,2100.9292176037457,2141.5221202383855,True,tilde_q_mu,asymptotic,default,sidak_approx,observed,8.19**2 * RBF(length_scale=0.32),0.0274250145917023,0.3739774717050326,0.1012735780866781,0.3204497007695011,0.0249318314470021,67.03474588449757,1581.9507327606186,378,245,133,416,38,0.04,0.3,0.000625,1.0,1e-08,1e+18,False,False,False,False,12,1.1,15.0,12.853034942526548,5.2992413256941004,72.26238171401046,61.919394480024515,study_results/v4p2_followups_20260806/pseudo65/gp_window_ensemble_20260806/runs/window_3p0/draw_06/attempt_01/results_single.csv,1,1,1,1,single_attempt_outside_55_75MeV,False,,,,,,,window_3p0,6
2021,0.206,0.0052091915,0.194279319125,0.217720680875,106491864.68179588,1.64,0.19745692594,0.2145430740599999,0.0170861481199999,0.0,1.0,8000,0.000125,True,5287.776616401086,7.82725296920055e-06,0.1261557748442699,1.1447528552967177,2418.8772043412364,2113.149315266318,True,tilde_q_mu,asymptotic,default,sidak_approx,observed,8.21**2 * RBF(length_scale=0.321),0.0274701927009294,0.3745935368308561,0.1014404093114096,0.3207620924759567,0.0249729024553904,67.45633009449344,1584.415735978787,379,247,132,416,37,0.04,0.3,0.000625,1.0,1e-08,1e+18,False,False,False,False,12,1.1,15.0,12.844405773375376,5.273408109671041,71.91011058642329,61.57617597202113,study_results/v4p2_followups_20260806/pseudo65/gp_window_ensemble_20260806/runs/window_3p0/draw_06/attempt_01/results_single.csv,1,1,1,1,single_attempt_outside_55_75MeV,False,,,,,,,window_3p0,6
2021,0.207,0.005243282875,0.1952026135312499,0.21879738646875,103594993.30477582,1.64,0.198401016085,0.215598983915,0.0171979678299999,0.0,1.0,8000,0.000125,True,5406.432574260332,8.18693987663179e-06,0.1102097982721218,1.2254131453697088,2574.565540364865,2101.966742162916,True,tilde_q_mu,asymptotic,default,sidak_approx,observed,8.19**2 * RBF(length_scale=0.32),0.0275158226125923,0.375215762898986,0.1016089089272047,0.3204925671050437,0.0250143841932657,67.08654049349146,1580.2128939018814,378,248,130,416,38,0.04,0.3,0.000625,1.0,1e-08,1e+18,False,False,False,False,12,1.1,15.0,12.812330882457834,5.247823409220947,71.56122830755837,61.12440902876972,study_results/v4p2_followups_20260806/pseudo65/gp_window_ensemble_20260806/runs/window_3p0/draw_06/attempt_01/results_single.csv,1,1,1,1,single_attempt_outside_55_75MeV,False,,,,,,,window_3p0,6
2021,0.208,0.005277546,0.1961255214999999,0.2198744785,100755569.91566654,1.64,0.19934482456,0.21665517544,0.0173103508799999,0.0,1.0,8000,0.000125,True,5486.6349989056,8.501461505512417e-06,0.0978409229682252,1.2939524495629746,2695.5770333706428,2083.5517940914656,True,tilde_q_mu,asymptotic,default,sidak_approx,observed,8.24**2 * RBF(length_scale=0.321),0.0275618977275242,0.3758440599207857,0.1017790525650254,0.3210081536517483,0.0250562706613857,67.82006927878179,1580.9026037147323,378,250,128,416,38,0.04,0.3,0.000625,1.0,1e-08,1e+18,False,False,False,False,12,1.1,15.0,12.811489706105975,5.222483655760516,71.21568621491612,60.82526872371141,study_results/v4p2_followups_20260806/pseudo65/gp_window_ensemble_20260806/runs/window_3p0/draw_06/attempt_01/results_single.csv,1,1,1,1,single_attempt_outside_55_75MeV,False,,,,,,,window_3p0,6
2021,0.209,0.005311980875,0.1970480430312499,0.22095195696875,97975291.24730824,1.64,0.200288351365,0.2177116486349999,0.0174232972699999,0.0,1.0,8000,0.000125,True,5522.622970614442,8.757950127151856e-06,0.0919463258653941,1.3288645788809843,2753.9398420882844,2072.6041316765136,True,tilde_q_mu,asymptotic,default,sidak_approx,observed,8.24**2 * RBF(length_scale=0.321),0.0276084115723308,0.3764783396226934,0.101950816320278,0.3210102211793891,0.0250985559748462,67.8155467621403,1577.12611568562,377,251,126,416,39,0.04,0.3,0.000625,1.0,1e-08,1e+18,False,False,False,False,12,1.1,15.0,12.789987659095036,5.197385348705882,70.87343657326201,60.431358608645056,study_results/v4p2_followups_20260806/pseudo65/gp_window_ensemble_20260806/runs/window_3p0/draw_06/attempt_01/results_single.csv,1,1,1,1,single_attempt_outside_55_75MeV,False,,,,,,,window_3p0,6
2021,0.21,0.0053465875,0.197970178125,0.2220298218749999,95309478.67396852,1.64,0.2012315965,0.2187684034999999,0.0175368069999999,0.0,1.0,8000,0.000125,True,5230.912965322748,8.486762082359733e-06,0.1144678225169004,1.2031051182033043,2465.397886631322,2049.079652224608,True,tilde_q_mu,asymptotic,default,sidak_approx,observed,8.19**2 * RBF(length_scale=0.321),0.0276553577964078,0.3771185154055612,0.1021241767418025,0.3205096291127956,0.0251412343603707,67.08509643657968,1582.024834463485,378,253,125,416,38,0.04,0.3,0.000625,1.0,1e-08,1e+18,False,False,False,False,12,1.1,15.0,12.748364878138355,5.172525053860584,70.53443255264432,59.94657884356997,study_results/v4p2_followups_20260806/pseudo65/gp_window_ensemble_20260806/runs/window_3p0/draw_06/attempt_01/results_single.csv,1,1,1,1,single_attempt_outside_55_75MeV,False,,,,,,,window_3p0,6
2021,0.211,0.005381365875,0.19889192678125,0.2231080732187499,92716703.49811862,1.64,0.202174559965,0.2198254400349999,0.0176508800699999,0.0,1.0,8000,0.000125,True,4844.220519958446,8.04087646007006e-06,0.1599235215780876,0.9947722551272724,2030.1904091255803,2040.9929274740157,True,tilde_q_mu,asymptotic,default,sidak_approx,observed,8.13**2 * RBF(length_scale=0.32),0.0277027301690448,0.3777645023051568,0.1022991108211761,0.3197657531984759,0.0251843001536771,66.10101799739732,1575.904379075955,377,254,123,416,39,0.04,0.3,0.000625,1.0,1e-08,1e+18,False,False,False,False,12,1.1,15.0,12.697027562697128,5.147899401849318,70.19862820703615,59.4209278138844,study_results/v4p2_followups_20260806/pseudo65/gp_window_ensemble_20260806/runs/window_3p0/draw_06/attempt_01/results_single.csv,1,1,1,1,single_attempt_outside_55_75MeV,False,,,,,,,window_3p0,6
2021,0.212,0.005416316,0.199813289,0.2241867109999999,90185144.73372865,1.64,0.2031172417599999,0.22088275824,0.01776551648,0.0,1.0,8000,0.000125,True,4522.183703695548,7.680637266189689e-06,0.204813548275942,0.8245500377880558,1669.8717294450146,2025.149029629232,True,tilde_q_mu,asymptotic,default,sidak_approx,observed,8.13**2 * RBF(length_scale=0.32),0.0277505225766093,0.3784162169537641,0.1024755959823144,0.3197575523149378,0.0252277477969176,66.08971186234623,1576.2717032991898,377,256,121,416,39,0.04,0.3,0.000625,1.0,1e-08,1e+18,False,False,False,False,12,1.1,15.0,12.67483545851868,5.123505086595644,69.86597845357696,59.03598540316663,study_results/v4p2_followups_20260806/pseudo65/gp_window_ensemble_20260806/runs/window_3p0/draw_06/attempt_01/results_single.csv,1,1,1,1,single_attempt_outside_55_75MeV,False,,,,,,,window_3p0,6
2021,0.213,0.005451437875,0.20073426478125,0.2252657352187499,87692400.078589,1.64,0.204059641885,0.2219403581149999,0.0178807162299999,0.0,1.0,8000,0.000125,True,4108.893089032242,7.143370951059199e-06,0.278522060687422,0.5872376322801973,1175.690035272746,2008.06224272418,True,tilde_q_mu,asymptotic,default,sidak_approx,observed,8.09**2 * RBF(length_scale=0.319),0.0277987290198092,0.3790735775428533,0.1026536100713629,0.3192245493002578,0.0252715718361902,65.38299424753794,1575.3332884745637,377,257,120,416,39,0.04,0.3,0.000625,1.0,1e-08,1e+18,False,False,False,False,12,1.1,15.0,12.631764710539748,5.0993388638422745,69.53643905239464,58.55786246124244,study_results/v4p2_followups_20260806/pseudo65/gp_window_ensemble_20260806/runs/window_3p0/draw_06/attempt_01/results_single.csv,1,1,1,1,single_attempt_outside_55_75MeV,False,,,,,,,window_3p0,6
2021,0.214,0.0054867315,0.201654854125,0.226345145875,85297275.72952412,1.64,0.20500176034,0.2229982396599999,0.0179964793199999,0.0,1.0,8000,0.000125,True,3757.799502445524,6.68504896509535e-06,0.3562973554164212,0.3683735582810826,733.4655374614125,1990.7077823461668,True,tilde_q_mu,asymptotic,default,sidak_approx,observed,8.16**2 * RBF(length_scale=0.32),0.0278473436110351,0.3797365037868427,0.1028331313468833,0.3200934842268755,0.0253157669191228,66.55775246825702,1574.3738948772136,377,259,118,416,39,0.04,0.3,0.000625,1.0,1e-08,1e+18,False,False,False,False,12,1.1,15.0,12.644036629405267,5.075397549713366,69.20996658700044,58.33955684306322,study_results/v4p2_followups_20260806/pseudo65/gp_window_ensemble_20260806/runs/window_3p0/draw_06/attempt_01/results_single.csv,1,1,1,1,single_attempt_outside_55_75MeV,False,,,,,,,window_3p0,6
2021,0.215,0.005522196875,0.20257505703125,0.22742494296875,82936171.06195708,1.64,0.205943597125,0.224056402875,0.01811280575,0.0,1.0,8000,0.000125,True,3232.511156315517,5.886776035996773e-06,0.4999655646006563,8.631674575031098e-05,-42.93553820691258,1980.6775817133791,True,tilde_q_mu,asymptotic,default,sidak_approx,observed,8.18**2 * RBF(length_scale=0.32),0.0278963605717713,0.380404916887791,0.1030141384702921,0.3203258230600124,0.0253603277925194,66.96032196077462,1571.6432275237914,376,260,116,416,40,0.04,0.3,0.000625,1.0,1e-08,1e+18,False,False,False,False,12,1.1,15.0,12.630981179766128,5.051678019315698,68.88651844521407,58.006954534740736,study_results/v4p2_followups_20260806/pseudo65/gp_window_ensemble_20260806/runs/window_3p0/draw_06/attempt_01/results_single.csv,1,1,1,1,single_attempt_outside_55_75MeV,False,,,,,,,window_3p0,6
2021,0.216,0.0055578339999999,0.2034948735,0.2285051265,80666190.61149085,1.64,0.20688515224,0.22511484776,0.0182296955199999,0.0,1.0,8000,0.000125,True,2849.71621341191,5.31099919943352e-06,0.5,0.0,-746.9074475854575,1964.4551003064464,True,tilde_q_mu,asymptotic,default,sidak_approx,observed,8.18**2 * RBF(length_scale=0.32),0.0279457742300831,0.3810787395011339,0.1031966104965824,0.3202263400403584,0.0254052493000755,66.86736888451591,1572.6781786153022,376,262,114,416,40,0.04,0.3,0.000625,1.0,1e-08,1e+18,False,False,False,False,12,1.1,15.0,12.60473126077159,5.028177205379499,68.56605280062952,57.61711127758735,study_results/v4p2_followups_20260806/pseudo65/gp_window_ensemble_20260806/runs/window_3p0/draw_06/attempt_01/results_single.csv,1,1,1,1,single_attempt_outside_55_75MeV,False,,,,,,,window_3p0,6
2021,0.217,0.005593642875,0.20441430353125,0.22958569646875,78431109.94118327,1.64,0.207826425685,0.226173574315,0.0183471486299999,0.0,1.0,8000,0.000125,True,2639.6487951577215,5.036374020451399e-06,0.5,0.0,-1216.910122441725,1945.5904819810387,True,tilde_q_mu,asymptotic,default,sidak_approx,observed,8.15**2 * RBF(length_scale=0.32),0.0279955790181704,0.3817578957023249,0.1033805268652899,0.3199733237282729,0.0254505263801549,66.43426903489834,1574.160386062559,376,263,113,416,40,0.04,0.3,0.000625,1.0,1e-08,1e+18,False,False,False,False,12,1.1,15.0,12.5723656536146,5.0048920969361115,68.24852859458333,57.20303045415156,study_results/v4p2_followups_20260806/pseudo65/gp_window_ensemble_20260806/runs/window_3p0/draw_06/attempt_01/results_single.csv,1,1,1,1,single_attempt_outside_55_75MeV,False,,,,,,,window_3p0,6
2021,0.218,0.0056296235,0.205333347125,0.230666652875,76236851.52538474,1.64,0.20876741746,0.22723258254,0.01846516508,0.0,1.0,8000,0.000125,True,2478.6528269034634,4.8429967507030775e-06,0.5,0.0,-1641.912033101685,1927.8884164218464,True,tilde_q_mu,asymptotic,default,sidak_approx,observed,8.15**2 * RBF(length_scale=0.32),0.0280457694699898,0.3824423109544073,0.103565867391711,0.3200199212566446,0.0254961540636271,66.4836323758655,1574.355024327647,376,265,111,416,40,0.04,0.3,0.000625,1.0,1e-08,1e+18,False,False,False,False,12,1.1,15.0,12.551693893048183,4.981819738032192,67.93390551862079,56.845705801932326,study_results/v4p2_followups_20260806/pseudo65/gp_window_ensemble_20260806/runs/window_3p0/draw_06/attempt_01/results_single.csv,1,1,1,1,single_attempt_outside_55_75MeV,False,,,,,,,window_3p0,6
2021,0.219,0.005665775875,0.20625200428125,0.23174799571875,74103158.47642389,1.64,0.209708127565,0.228291872435,0.0185837448699999,0.0,1.0,8000,0.000125,True,2321.025765942107,4.644286999535486e-06,0.4999655646006563,8.631674575031098e-05,-2176.4827946983924,1915.3111827934356,True,tilde_q_mu,asymptotic,default,sidak_approx,observed,8.2**2 * RBF(length_scale=0.32),0.0280963402189413,0.3831319120764731,0.1037526122583625,0.3204364592555057,0.0255421274717648,67.17963605388209,1571.5552840636258,375,266,109,416,41,0.04,0.3,0.000625,1.0,1e-08,1e+18,False,False,False,False,12,1.1,15.0,12.545409915823456,4.958957226478954,67.62214399744026,56.556501055648575,study_results/v4p2_followups_20260806/pseudo65/gp_window_ensemble_20260806/runs/window_3p0/draw_06/attempt_01/results_single.csv,1,1,1,1,single_attempt_outside_55_75MeV,False,,,,,,,window_3p0,6
2021,0.22,0.0057021,0.207170275,0.232829725,72056230.15568508,1.64,0.210648556,0.229351444,0.018702888,0.0,1.0,8000,0.000125,True,2277.8487576394255,4.666062902439485e-06,0.5,0.0,-2286.7610610428123,1903.2469818582333,True,tilde_q_mu,asymptotic,default,sidak_approx,observed,8.12**2 * RBF(length_scale=0.32),0.0281472859956161,0.3838266272129476,0.1039407420066625,0.3196412530402278,0.0255884418141965,66.01169461615747,1569.830013334523,374,267,107,416,42,0.04,0.3,0.000625,1.0,1e-08,1e+18,False,False,False,False,12,1.1,15.0,12.491626311645533,4.936301712635021,67.31320517229574,56.05676032342958,study_results/v4p2_followups_20260806/pseudo65/gp_window_ensemble_20260806/runs/window_3p0/draw_06/attempt_01/results_single.csv,1,1,1,1,single_attempt_outside_55_75MeV,False,,,,,,,window_3p0,6
2021,0.221,0.005738595875,0.20808815928125,0.23391184071875,70072537.02592257,1.64,0.211588702765,0.230411297235,0.01882259447,0.0,1.0,8000,0.000125,True,2202.204870857192,4.617825584103159e-06,0.5,0.0,-2453.2789464148,1875.971150716499,True,tilde_q_mu,asymptotic,default,sidak_approx,observed,8.15**2 * RBF(length_scale=0.32),0.0281986016256085,0.3845263858037528,0.1041302375288517,0.3199483913319196,0.0256350923869168,66.45921922370847,1575.2778727557964,375,269,106,416,41,0.04,0.3,0.000625,1.0,1e-08,1e+18,False,False,False,False,12,1.1,15.0,12.480875297925929,4.913850398222813,67.00705088485654,55.75377641171145,study_results/v4p2_followups_20260806/pseudo65/gp_window_ensemble_20260806/runs/window_3p0/draw_06/attempt_01/results_single.csv,1,1,1,1,single_attempt_outside_55_75MeV,False,,,,,,,window_3p0,6
2021,0.222,0.0057752635,0.209005657125,0.234994342875,68109664.16035153,1.64,0.21252856786,0.23147143214,0.01894286428,0.0,1.0,8000,0.000125,True,2147.1685084887654,4.611310197675477e-06,0.5,0.0,-2619.626532587124,1861.0582732859211,True,tilde_q_mu,asymptotic,default,sidak_approx,observed,8.21**2 * RBF(length_scale=0.32),0.0282502820273846,0.3852311185552448,0.1043210800601226,0.3204990352158697,0.0256820745703496,67.39983220180682,1573.631920029077,374,270,104,416,42,0.04,0.3,0.000625,1.0,1e-08,1e+18,False,False,False,False,12,1.1,15.0,12.479483864823395,4.891600535176381,66.7036436614961,55.49513631990466,study_results/v4p2_followups_20260806/pseudo65/gp_window_ensemble_20260806/runs/window_3p0/draw_06/attempt_01/results_single.csv,1,1,1,1,single_attempt_outside_55_75MeV,False,,,,,,,window_3p0,6
2021,0.223,0.005812102875,0.20992276853125,0.23607723146875,66214738.059975564,1.64,0.213468151285,0.232531848715,0.01906369743,0.0,1.0,8000,0.000125,True,2138.087540445281,4.7020352040060566e-06,0.4999655646006563,8.631674575031098e-05,-2529.9264097699715,1842.0043710041396,True,tilde_q_mu,asymptotic,default,sidak_approx,observed,8.19**2 * RBF(length_scale=0.32),0.0283023222102076,0.3859407574119222,0.1045132511709582,0.3201555577762895,0.0257293838274614,67.02874507881798,1572.1872425569711,374,272,102,416,42,0.04,0.3,0.000625,1.0,1e-08,1e+18,False,False,False,False,12,1.1,15.0,12.443187910103823,4.869549424520059,66.40294669800079,55.08428956985548,study_results/v4p2_followups_20260806/pseudo65/gp_window_ensemble_20260806/runs/window_3p0/draw_06/attempt_01/results_single.csv,1,1,1,1,single_attempt_outside_55_75MeV,False,,,,,,,window_3p0,6
2021,0.224,0.005849114,0.2108394935,0.2371605065,64362913.74671155,1.64,0.21440745304,0.23359254696,0.01918509392,0.0,1.0,8000,0.000125,True,2159.2417238920384,4.8633717835831616e-06,0.5,0.0,-2267.008583317302,1818.769212926152,True,tilde_q_mu,asymptotic,default,sidak_approx,observed,8.2**2 * RBF(length_scale=0.32),0.0283547172721207,0.3866552355289188,0.1047067327596833,0.3203085005554561,0.0257770157019279,67.20232997765977,1571.8948559516596,374,273,101,416,42,0.04,0.3,0.000625,1.0,1e-08,1e+18,False,False,False,False,12,1.1,15.0,12.426128154606335,4.847694415277375,66.10492384469147,54.7618836896419,study_results/v4p2_followups_20260806/pseudo65/gp_window_ensemble_20260806/runs/window_3p0/draw_06/attempt_01/results_single.csv,1,1,1,1,single_attempt_outside_55_75MeV,False,,,,,,,window_3p0,6
2021,0.225,0.005886296875,0.21175583203125,0.23824416796875,62544678.25081808,1.64,0.215346473125,0.234653526875,0.01930705375,0.0,1.0,8000,0.000125,True,2234.213577424961,5.155511120103711e-06,0.5,0.0,-1823.5724048424368,1798.7316110679128,True,tilde_q_mu,asymptotic,default,sidak_approx,observed,8.16**2 * RBF(length_scale=0.32),0.0284074623979809,0.3873744872451945,0.1049015070452041,0.3199113260787838,0.0258249658163463,66.5228829404019,1572.2463607084812,374,275,99,416,42,0.04,0.3,0.000625,1.0,1e-08,1e+18,False,False,False,False,12,1.1,15.0,12.387676651881224,4.82603290340855,65.80953959193478,54.348486471604225,study_results/v4p2_followups_20260806/pseudo65/gp_window_ensemble_20260806/runs/window_3p0/draw_06/attempt_01/results_single.csv,1,1,1,1,single_attempt_outside_55_75MeV,False,,,,,,,window_3p0,6
2021,0.226,0.0059236515,0.212671784125,0.239328215875,60771554.15297639,1.64,0.21628521154,0.23571478846,0.01942957692,0.0,1.0,8000,0.000125,True,2276.74422076634,5.383012431203643e-06,0.5,0.0,-1575.7078571560153,1783.1129946017795,True,tilde_q_mu,asymptotic,default,sidak_approx,observed,8.18**2 * RBF(length_scale=0.32),0.0284605528575465,0.3880984480574534,0.1050975565599455,0.3201884437086927,0.0258732298704968,66.92323837356636,1569.3049742615258,373,276,97,416,43,0.04,0.3,0.000625,1.0,1e-08,1e+18,False,False,False,False,12,1.1,15.0,12.375279209875606,4.804562330776309,65.51675905604058,54.052545749643215,study_results/v4p2_followups_20260806/pseudo65/gp_window_ensemble_20260806/runs/window_3p0/draw_06/attempt_01/results_single.csv,1,1,1,1,single_attempt_outside_55_75MeV,False,,,,,,,window_3p0,6
2021,0.227,0.005961177875,0.21358734978125,0.24041265021875,59077484.03982016,1.64,0.217223668285,0.236776331715,0.01955266343,0.0,1.0,8000,0.000125,True,2308.3527870166954,5.5895166785801085e-06,0.5,0.0,-1358.4711957778898,1762.1353335659778,True,tilde_q_mu,asymptotic,default,sidak_approx,observed,8.22**2 * RBF(length_scale=0.321),0.0285139840036164,0.3888270545947703,0.1052948641429799,0.3205794648274794,0.0259218036396513,67.52615050729565,1570.3647410740964,373,278,95,416,43,0.04,0.3,0.000625,1.0,1e-08,1e+18,False,False,False,False,12,1.1,15.0,12.36717434033426,4.783280184139193,65.22654796553445,53.77787268719596,study_results/v4p2_followups_20260806/pseudo65/gp_window_ensemble_20260806/runs/window_3p0/draw_06/attempt_01/results_single.csv,1,1,1,1,single_attempt_outside_55_75MeV,False,,,,,,,window_3p0,6
2021,0.228,0.005998876,0.214502529,0.241497471,57436780.43420136,1.64,0.21816184336,0.23783815664,0.01967631328,0.0,1.0,8000,0.000125,True,2371.775404810291,5.881235205036866e-06,0.5,0.0,-1061.9094367636303,1740.5528984556902,True,tilde_q_mu,asymptotic,default,sidak_approx,observed,8.22**2 * RBF(length_scale=0.321),0.0285677512702127,0.3895602445938106,0.1054934129333165,0.3205618974121361,0.0259706829729207,67.52953133955306,1570.6658784722215,373,279,94,416,43,0.04,0.3,0.000625,1.0,1e-08,1e+18,False,False,False,False,12,1.1,15.0,12.34322169141188,4.762183994170372,64.9388726477778,53.43699343212563,study_results/v4p2_followups_20260806/pseudo65/gp_window_ensemble_20260806/runs/window_3p0/draw_06/attempt_01/results_single.csv,1,1,1,1,single_attempt_outside_55_75MeV,False,,,,,,,window_3p0,6
2021,0.229,0.006036745875,0.21541732178125,0.24258267821875,55831675.293223605,1.64,0.219099736765,0.238900263235,0.01980052647,0.0,1.0,8000,0.000125,True,2458.277692700147,6.243594945923314e-06,0.5,0.0,-752.5637748908969,1721.8453678881974,True,tilde_q_mu,asymptotic,default,sidak_approx,observed,8.22**2 * RBF(length_scale=0.321),0.0286218501708174,0.3902979568747833,0.1056931863633896,0.3205600865773061,0.0260198637916522,67.63070312059811,1570.7386898697678,373,281,92,416,43,0.04,0.3,0.000625,1.0,1e-08,1e+18,False,False,False,False,12,1.1,15.0,12.319821853954108,4.741271334503118,64.6537000159516,53.10147109303423,study_results/v4p2_followups_20260806/pseudo65/gp_window_ensemble_20260806/runs/window_3p0/draw_06/attempt_01/results_single.csv,1,1,1,1,single_attempt_outside_55_75MeV,False,,,,,,,window_3p0,6
2021,0.23,0.0060747875,0.216331728125,0.243668271875,54262302.35414737,1.64,0.2200373485,0.2399626515,0.019925303,0.0,1.0,8000,0.000125,True,2460.861427093677,6.402963527673759e-06,0.5,0.0,-694.1922643171523,1707.9334519334293,True,tilde_q_mu,asymptotic,default,sidak_approx,observed,8.3**2 * RBF(length_scale=0.321),0.0286762762966508,0.3910401313179656,0.1058941681527014,0.3212693381086883,0.0260693420878643,68.89605776902916,1568.5506290780995,372,282,90,416,44,0.04,0.3,0.000625,1.0,1e-08,1e+18,False,False,False,False,12,1.1,15.0,12.32364579918737,4.720539820800449,64.37099755636976,52.88569157500378,study_results/v4p2_followups_20260806/pseudo65/gp_window_ensemble_20260806/runs/window_3p0/draw_06/attempt_01/results_single.csv,1,1,1,1,single_attempt_outside_55_75MeV,False,,,,,,,window_3p0,6
2021,0.231,0.006113000875,0.21724574803125,0.24475425196875,52721717.822498925,1.64,0.220974678565,0.241025321435,0.02005064287,0.0,1.0,8000,0.000125,True,2586.1768494004364,6.895672220800062e-06,0.499975650495596,6.103515625e-05,-356.03598731374785,1690.9386606605076,True,tilde_q_mu,asymptotic,default,sidak_approx,observed,8.22**2 * RBF(length_scale=0.321),0.0287310253149946,0.3917867088408355,0.1060963423016291,0.3206371376223297,0.0261191139227223,67.59883531719727,1566.128042492316,372,284,88,416,44,0.04,0.3,0.000625,1.0,1e-08,1e+18,False,False,False,False,12,1.1,15.0,12.275957697913745,4.699987109848828,64.09073331612038,52.451675401130984,study_results/v4p2_followups_20260806/pseudo65/gp_window_ensemble_20260806/runs/window_3p0/draw_06/attempt_01/results_single.csv,1,1,1,1,single_attempt_outside_55_75MeV,False,,,,,,,window_3p0,6
2021,0.232,0.006151386,0.2181593815,0.2458406185,51251552.38699205,1.64,0.22191172696,0.24208827304,0.02017654608,0.0,1.0,8000,0.000125,True,2596.042811907797,7.089845363214939e-06,0.5,0.0,-278.6600815219404,1672.7145808201662,True,tilde_q_mu,asymptotic,default,sidak_approx,observed,8.23**2 * RBF(length_scale=0.321),0.0287860929675617,0.3925376313758422,0.1062996930854058,0.3207132426976334,0.0261691754250561,67.65442729481508,1566.929049937848,372,285,87,416,44,0.04,0.3,0.000625,1.0,1e-08,1e+18,False,False,False,False,12,1.1,15.0,12.255382047328888,4.679610898675804,63.81287589103368,52.13674490556004,study_results/v4p2_followups_20260806/pseudo65/gp_window_ensemble_20260806/runs/window_3p0/draw_06/attempt_01/results_single.csv,1,1,1,1,single_attempt_outside_55_75MeV,False,,,,,,,window_3p0,6
2021,0.233,0.006189942875,0.21907262853125,0.24692737146875,49805482.399550624,1.64,0.222848493685,0.243151506315,0.02030301263,0.0,1.0,8000,0.000125,True,19674.551046672383,5.505435527647799e-05,0.211783114935186,0.8002495442607825,7108.073840720224,8897.812626365054,True,tilde_q_mu,asymptotic,default,sidak_approx,observed,3.44**2 * RBF(length_scale=0.0898),0.0288414750689017,0.3932928418486603,0.1065042050482311,0.0897900951856824,0.0262195227899106,11.802824709776557,1363.907898655213,372,287,85,416,44,0.04,0.3,0.000625,1.0,1e-08,1e+18,False,False,False,False,12,1.1,15.0,3.4245510837532787,4.659408923689259,63.53739441394444,14.505803526608863,study_results/v4p2_followups_20260806/pseudo65/gp_window_ensemble_20260806/runs/window_3p0/draw_06/attempt_01/results_single.csv,1,1,1,1,single_attempt_outside_55_75MeV,False,,,,,,,window_3p0,6
2021,0.234,0.0062286715,0.219985489125,0.248014510875,48395595.20414742,1.64,0.22378497874,0.24421502126,0.02043004252,0.0,1.0,8000,0.000125,True,2688.8134171922807,7.710080202746399e-06,0.499975650495596,6.103515625e-05,-41.05059509931485,1649.3459701775391,True,tilde_q_mu,asymptotic,default,sidak_approx,observed,8.14**2 * RBF(length_scale=0.32),0.0288971675048537,0.394052284157097,0.1067098629975592,0.3197867898111872,0.0262701522771398,66.21111737947474,1564.1482485762008,371,288,83,416,45,0.04,0.3,0.000625,1.0,1e-08,1e+18,False,False,False,False,12,1.1,15.0,12.173008608308091,4.639378959839796,63.26425854326993,51.34109092303024,study_results/v4p2_followups_20260806/pseudo65/gp_window_ensemble_20260806/runs/window_3p0/draw_06/attempt_01/results_single.csv,1,1,1,1,single_attempt_outside_55_75MeV,False,,,,,,,window_3p0,6
2021,0.235,0.006267571875,0.22089796328125,0.2491020367187499,47012739.219878465,1.64,0.2247211821249999,0.245278817875,0.02055763575,0.0,1.0,8000,0.000125,True,2616.6458296615992,7.690975840609984e-06,0.5,0.0,-142.04593692019324,1641.0182895982414,True,tilde_q_mu,asymptotic,default,sidak_approx,observed,8.16**2 * RBF(length_scale=0.32),0.0289531662310341,0.394815903150465,0.1069166519985136,0.3200389607052439,0.026321060210031,66.53180090447671,1561.3856911520488,370,289,81,416,46,0.04,0.3,0.000625,1.0,1e-08,1e+18,False,False,False,False,12,1.1,15.0,12.159045196183875,4.619518819803578,62.993438451866965,51.062671013285176,study_results/v4p2_followups_20260806/pseudo65/gp_window_ensemble_20260806/runs/window_3p0/draw_06/attempt_01/results_single.csv,1,1,1,1,single_attempt_outside_55_75MeV,False,,,,,,,window_3p0,6
2021,0.236,0.006306644,0.2218100509999999,0.2501899489999999,45679826.44124699,1.64,0.2256571038399999,0.24634289616,0.02068579232,0.0,1.0,8000,0.000125,True,2618.405926109653,7.887156332852767e-06,0.5,0.0,-87.14228157956374,1623.1354624283613,True,tilde_q_mu,asymptotic,default,sidak_approx,observed,8.12**2 * RBF(length_scale=0.32),0.0290094672713634,0.3955836446095018,0.1071245573684485,0.3196386605390932,0.0263722429739667,65.97423619266259,1565.7686078092383,371,291,80,416,45,0.04,0.3,0.000625,1.0,1e-08,1e+18,False,False,False,False,12,1.1,15.0,12.120268300827606,4.599826353186174,62.7249048161751,50.68284503439439,study_results/v4p2_followups_20260806/pseudo65/gp_window_ensemble_20260806/runs/window_3p0/draw_06/attempt_01/results_single.csv,1,1,1,1,single_attempt_outside_55_75MeV,False,,,,,,,window_3p0,6
2021,0.237,0.006345887875,0.22272175228125,0.25127824771875,44384391.87212218,1.64,0.226592743885,0.2474072561149999,0.0208145122299999,0.0,1.0,8000,0.000125,True,2709.13992092903,8.363204918385975e-06,0.4807388752589133,0.0482992522001131,77.65986870779989,1617.5889776848103,True,tilde_q_mu,asymptotic,default,sidak_approx,observed,8.08**2 * RBF(length_scale=0.319),0.0290660667166324,0.3963554552268056,0.1073335646716512,0.3190911022276312,0.0264236970151203,65.29813171044185,1564.079038982593,370,292,78,416,46,0.04,0.3,0.000625,1.0,1e-08,1e+18,False,False,False,False,12,1.1,15.0,12.075944635795604,4.580299445746575,62.458628805635115,50.28312956563721,study_results/v4p2_followups_20260806/pseudo65/gp_window_ensemble_20260806/runs/window_3p0/draw_06/attempt_01/results_single.csv,1,1,1,1,single_attempt_outside_55_75MeV,False,,,,,,,window_3p0,6
2021,0.238,0.0063853035,0.223633067125,0.252366932875,43150069.97440755,1.64,0.2275281022599999,0.24847189774,0.02094379548,0.0,1.0,8000,0.000125,True,2735.199488577388,8.64869271905031e-06,0.4644960528755586,0.0891130003053723,142.48315781144362,1608.5241501548917,True,tilde_q_mu,asymptotic,default,sidak_approx,observed,8.08**2 * RBF(length_scale=0.319),0.0291229607231004,0.3971312825877338,0.1075436597141695,0.3190186460954213,0.0264754188391822,65.26006835343418,1565.0437930090757,370,294,76,416,46,0.04,0.3,0.000625,1.0,1e-08,1e+18,False,False,False,False,12,1.1,15.0,12.049616590891857,4.560936018640379,62.1945820723688,49.961391200186696,study_results/v4p2_followups_20260806/pseudo65/gp_window_ensemble_20260806/runs/window_3p0/draw_06/attempt_01/results_single.csv,1,1,1,1,single_attempt_outside_55_75MeV,False,,,,,,,window_3p0,6
2021,0.239,0.006424890875,0.2245439955312499,0.25345600446875,41910564.95451811,1.64,0.2284631789649999,0.249536821035,0.02107364207,0.0,1.0,8000,0.000125,True,2698.437395553253,8.748041864325076e-06,0.4764038945116853,0.0591811932161352,94.68417741265328,1604.770525513875,True,tilde_q_mu,asymptotic,default,sidak_approx,observed,8.09**2 * RBF(length_scale=0.319),0.0291801455111333,0.3979110751518178,0.1077548285387784,0.3192619308525867,0.0265274050101211,65.51893148748047,1561.549559420031,369,295,74,416,47,0.04,0.3,0.000625,1.0,1e-08,1e+18,False,False,False,False,12,1.1,15.0,12.035173841194664,4.541734027682346,61.9327367411229,49.691416876023865,study_results/v4p2_followups_20260806/pseudo65/gp_window_ensemble_20260806/runs/window_3p0/draw_06/attempt_01/results_single.csv,1,1,1,1,single_attempt_outside_55_75MeV,False,,,,,,,window_3p0,6
2021,0.24,0.00646465,0.2254545375,0.2545454625,40722504.22475857,1.64,0.229397974,0.250602026,0.0212040519999999,0.0,1.0,8000,0.000125,True,2680.989783692241,8.907777535703692e-06,0.4735602563386403,0.0663232003530389,104.7801671660054,1590.6003970431243,True,tilde_q_mu,asymptotic,default,sidak_approx,observed,8.08**2 * RBF(length_scale=0.319),0.0292376173638717,0.3986947822346143,0.1079670574200659,0.3190869505642232,0.0265796521489742,65.25259141601683,1566.0544374098135,370,297,73,416,46,0.04,0.3,0.000625,1.0,1e-08,1e+18,False,False,False,False,12,1.1,15.0,12.00493327662066,4.522691462627012,61.673065399459254,49.35873567234471,study_results/v4p2_followups_20260806/pseudo65/gp_window_ensemble_20260806/runs/window_3p0/draw_06/attempt_01/results_single.csv,1,1,1,1,single_attempt_outside_55_75MeV,False,,,,,,,window_3p0,6
2021,0.241,0.006504580875,0.2263646930312499,0.25563530696875,39555789.66735767,1.64,0.230332487365,0.251667512635,0.0213350252699999,0.0,1.0,8000,0.000125,True,2753.888340143684,9.380784253095e-06,0.4436849195963194,0.1416330762851549,224.5492323966888,1587.8679725393606,True,tilde_q_mu,asymptotic,default,sidak_approx,observed,8.1**2 * RBF(length_scale=0.319),0.0292953726259335,0.3994823539900027,0.1081803328596386,0.3192854455772715,0.0266321569326668,65.57135318684266,1562.9978284063636,369,298,71,416,47,0.04,0.3,0.000625,1.0,1e-08,1e+18,False,False,False,False,12,1.1,15.0,11.98871899052374,4.503806346467102,61.41554108818776,49.086244250483176,study_results/v4p2_followups_20260806/pseudo65/gp_window_ensemble_20260806/runs/window_3p0/draw_06/attempt_01/results_single.csv,1,1,1,1,single_attempt_outside_55_75MeV,False,,,,,,,window_3p0,6
2021,0.242,0.0065446835,0.227274462125,0.256725537875,38433549.77614895,1.64,0.23126671906,0.2527332809399999,0.0214665618799999,0.0,1.0,8000,0.000125,True,2883.583431819694,1.006761453865556e-05,0.3916600350859219,0.2749950124006539,435.2389484917146,1581.1739112847304,True,tilde_q_mu,asymptotic,default,sidak_approx,observed,8.07**2 * RBF(length_scale=0.319),0.0293534077021493,0.4002737413929458,0.1083946415814538,0.3189376876341019,0.026684916092863,65.18797490204591,1564.5265795351402,369,300,69,416,47,0.04,0.3,0.000625,1.0,1e-08,1e+18,False,False,False,False,12,1.1,15.0,11.951983904472634,4.4850767347495655,61.16013729203953,48.73233176731952,study_results/v4p2_followups_20260806/pseudo65/gp_window_ensemble_20260806/runs/window_3p0/draw_06/attempt_01/results_single.csv,1,1,1,1,single_attempt_outside_55_75MeV,False,,,,,,,window_3p0,6
2021,0.243,0.006584957875,0.22818384478125,0.25781615521875,37332878.58161166,1.64,0.232200669085,0.253799330915,0.02159866183,0.0,1.0,8000,0.000125,True,2932.3073260654446,1.0496189333242188e-05,0.3730690096809529,0.3237358599137642,511.90676092994016,1578.9689879129023,True,tilde_q_mu,asymptotic,default,sidak_approx,observed,8.09**2 * RBF(length_scale=0.319),0.0294117190563266,0.4010688962226361,0.108609970527255,0.3191311017161115,0.0267379264148424,65.44768108350034,1560.850825526868,368,301,67,416,48,0.04,0.3,0.000625,1.0,1e-08,1e+18,False,False,False,False,12,1.1,15.0,11.935521729125549,4.466500714908013,60.90682793056381,48.46365121449034,study_results/v4p2_followups_20260806/pseudo65/gp_window_ensemble_20260806/runs/window_3p0/draw_06/attempt_01/results_single.csv,1,1,1,1,single_attempt_outside_55_75MeV,False,,,,,,,window_3p0,6
2021,0.244,0.006625404,0.229092841,0.258907159,36240747.78783116,1.64,0.23313433744,0.25486566256,0.0217313251199999,0.0,1.0,8000,0.000125,True,4859.609394530398,1.784572960655839e-05,0.5,0.0,-4393.2915237926945,3981.114415080784,True,tilde_q_mu,asymptotic,default,sidak_approx,observed,1**2 * RBF(length_scale=0.109),0.029470303210048,0.4018677710461094,0.1088263068521347,0.1088263068521347,0.0267911847364072,1.0,896.8602747455302,369,303,66,416,47,0.04,0.3,0.000625,1.0,1e-08,1e+18,False,False,False,False,12,1.1,15.0,4.0620192023179795,4.448076405612099,60.65558734925589,16.42561070270353,study_results/v4p2_followups_20260806/pseudo65/gp_window_ensemble_20260806/runs/window_3p0/draw_06/attempt_01/results_single.csv,1,1,1,1,single_attempt_outside_55_75MeV,False,,,,,,,window_3p0,6
2021,0.245,0.006666021875,0.23000145078125,0.25999854921875,35231160.94273463,1.64,0.234067724125,0.255932275875,0.02186455175,0.0,1.0,8000,0.000125,True,3259.481676566312,1.2262398547812378e-05,0.2607707433903198,0.6409710583254932,999.3394032308914,1560.9377294505243,True,tilde_q_mu,asymptotic,default,sidak_approx,observed,8.16**2 * RBF(length_scale=0.32),0.0295291567414944,0.4026703192021974,0.1090436379201891,0.3197125152538294,0.0268446879468131,66.59539639118516,1565.299950255444,368,304,64,416,48,0.04,0.3,0.000625,1.0,1e-08,1e+18,False,False,False,False,12,1.1,15.0,11.90971248715088,4.429801956132116,60.40639031089249,47.9615160659564,study_results/v4p2_followups_20260806/pseudo65/gp_window_ensemble_20260806/runs/window_3p0/draw_06/attempt_01/results_single.csv,1,1,1,1,single_attempt_outside_55_75MeV,False,,,,,,,window_3p0,6
2021,0.246,0.0067068115,0.230909674125,0.261090325875,34231611.46534635,1.64,0.23500082914,0.25699917086,0.02199834172,0.0,1.0,8000,0.000125,True,3412.447434618959,1.3159016787949666e-05,0.2196690275306725,0.7733114939456254,1203.0981856041424,1556.9609038066408,True,tilde_q_mu,asymptotic,default,sidak_approx,observed,8.18**2 * RBF(length_scale=0.32),0.0295882762843003,0.4034764947859137,0.1092619513002888,0.3198511390468253,0.0268984329857275,66.88287590532093,1561.8349913426778,367,305,62,416,49,0.04,0.3,0.000625,1.0,1e-08,1e+18,False,False,False,False,12,1.1,15.0,11.891069610506294,4.411675545719503,60.159211987084134,47.69049183010814,study_results/v4p2_followups_20260806/pseudo65/gp_window_ensemble_20260806/runs/window_3p0/draw_06/attempt_01/results_single.csv,1,1,1,1,single_attempt_outside_55_75MeV,False,,,,,,,window_3p0,6
2021,0.247,0.006747772875,0.23181751103125,0.26218248896875,33240766.184267055,1.64,0.235933652485,0.258066347515,0.02213269503,0.0,1.0,8000,0.000125,True,3642.740235067966,1.4407218606692618e-05,0.1621633958896333,0.9856053905374772,1515.7970272705663,1539.9237711130477,True,tilde_q_mu,asymptotic,default,sidak_approx,observed,8.19**2 * RBF(length_scale=0.32),0.0296476585264336,0.4042862526331858,0.1094812347619452,0.3197792396598296,0.0269524168422123,67.1387959112403,1566.4930659069446,368,307,61,416,48,0.04,0.3,0.000625,1.0,1e-08,1e+18,False,False,False,False,12,1.1,15.0,11.864584965864625,4.393695383001999,59.91402795002726,47.39033835068575,study_results/v4p2_followups_20260806/pseudo65/gp_window_ensemble_20260806/runs/window_3p0/draw_06/attempt_01/results_single.csv,1,1,1,1,single_attempt_outside_55_75MeV,False,,,,,,,window_3p0,6
2021,0.248,0.006788906,0.2327249615,0.2632750385,32306957.309929177,1.64,0.23686619416,0.25913380584,0.02226761168,0.0,1.0,8000,0.000125,True,3789.7265936544422,1.5359605550593193e-05,0.1337128916397441,1.109010196531638,1699.4927768992077,1533.8752154047058,True,tilde_q_mu,asymptotic,default,sidak_approx,observed,8.23**2 * RBF(length_scale=0.32),0.0297073002091074,0.4050995483060104,0.1097014762712903,0.3200578393294842,0.027006636553734,67.65240740665087,1562.855612076889,367,308,59,416,49,0.04,0.3,0.000625,1.0,1e-08,1e+18,False,False,False,False,12,1.1,15.0,11.851081073819682,4.375859705393982,59.67081416446339,47.144243760258895,study_results/v4p2_followups_20260806/pseudo65/gp_window_ensemble_20260806/runs/window_3p0/draw_06/attempt_01/results_single.csv,1,1,1,1,single_attempt_outside_55_75MeV,False,,,,,,,window_3p0,6
2021,0.249,0.006830210875,0.23363202553125,0.26436797446875,31367919.80580777,1.64,0.237798454165,0.260201545835,0.0224030916699999,0.0,1.0,8000,0.000125,True,3864.318230816346,1.6065999155807027e-05,0.1175983661520035,1.1870783116731622,1806.020104587219,1522.2026559095686,True,tilde_q_mu,asymptotic,default,sidak_approx,observed,8.23**2 * RBF(length_scale=0.32),0.029767198125712,0.4059163380778918,0.1099226639871329,0.3202229473702139,0.0270610892051927,67.74437134021831,1561.309980781105,367,310,57,416,49,0.04,0.3,0.000625,1.0,1e-08,1e+18,False,False,False,False,12,1.1,15.0,11.833335492969214,4.358166778520153,59.429546979820266,46.883317840492566,study_results/v4p2_followups_20260806/pseudo65/gp_window_ensemble_20260806/runs/window_3p0/draw_06/attempt_01/results_single.csv,1,1,1,1,single_attempt_outside_55_75MeV,False,,,,,,,window_3p0,6
2021,0.25,0.0068716875,0.234538703125,0.265461296875,30463229.35640608,1.64,0.2387304325,0.2612695675,0.022539135,0.0,1.0,8000,0.000125,True,3875.90036698665,1.652633598169211e-05,0.1131912863947794,1.209729847611474,1832.2062140534665,1514.251449838651,True,tilde_q_mu,asymptotic,default,sidak_approx,observed,8.19**2 * RBF(length_scale=0.32),0.0298273491207752,0.4067365789196631,0.1101447862571196,0.3199308086502632,0.0271157719279775,67.00044144304344,1560.064789537848,366,311,55,416,50,0.04,0.3,0.000625,1.0,1e-08,1e+18,False,False,False,False,12,1.1,15.0,11.798698170940312,4.3406148956534025,59.19020312254639,46.557822754638245,study_results/v4p2_followups_20260806/pseudo65/gp_window_ensemble_20260806/runs/window_3p0/draw_06/attempt_01/results_single.csv,1,1,1,1,single_attempt_outside_55_75MeV,False,,,,,,,window_3p0,6
2021,0.05,0.0019941875,0.045513078125,0.054486921875,432274745.5035101,1.64,0.0467295325,0.0532704675,0.0065409349999999,0.0,1.0,8000,0.000125,True,20551.75904061536,3.087728122805075e-05,0.001166848143196,3.0441102126110144,14438.292790994212,4750.69862020161,True,tilde_q_mu,asymptotic,default,sidak_approx,observed,7.32**2 * RBF(length_scale=0.323),0.0430198208653474,0.586633920891102,0.1588612167593829,0.3234631990469687,0.0391089280594068,53.59364299501803,1683.1420274074696,402,9,393,416,14,0.04,0.3,0.000625,1.0,1e-08,1e+18,False,False,False,False,12,1.1,15.0,8.270827534715993,21.57260581833327,294.1718975227264,162.20300199804112,study_results/v4p2_followups_20260806/pseudo65/gp_window_ensemble_20260806/runs/window_3p0/draw_07/attempt_01/results_single.csv,1,1,1,1,single_attempt_outside_55_75MeV,False,,,,,,,window_3p0,7
2021,0.051,0.002001485875,0.04649665678125,0.0555033432187499,505722115.71658146,1.64,0.047717563165,0.0542824368349999,0.0065648736699999,0.0,1.0,8000,0.000125,True,16923.226680099113,2.1306934533087935e-05,0.0160047021800325,2.1442931621526458,10540.302452503072,4934.3550303271095,True,tilde_q_mu,asymptotic,default,sidak_approx,observed,7.3**2 * RBF(length_scale=0.324),0.0423437473933882,0.5774147371825666,0.1563646500091317,0.3244475463694734,0.0384943158121711,53.3142899344181,1677.1076990915074,401,10,391,416,15,0.04,0.3,0.000625,1.0,1e-08,1e+18,False,False,False,False,12,1.1,15.0,8.428453383938047,21.15615599504954,288.4930362961301,162.1033405341786,study_results/v4p2_followups_20260806/pseudo65/gp_window_ensemble_20260806/runs/window_3p0/draw_07/attempt_01/results_single.csv,1,1,1,1,single_attempt_outside_55_75MeV,False,,,,,,,window_3p0,7
2021,0.052,0.002008956,0.047479849,0.056520151,582496150.2912881,1.64,0.04870531216,0.0552946878399999,0.0065893756799999,0.0,1.0,8000,0.000125,True,8360.492261408557,8.963040693371118e-06,0.4699336348858953,0.075436687727429,367.1203343108529,4958.06674823717,True,tilde_q_mu,asymptotic,default,sidak_approx,observed,7.6**2 * RBF(length_scale=0.318),0.0416967826910809,0.5685924912420126,0.1539755745145915,0.318099646115786,0.0379061660828008,57.76108880696617,1674.6575002076167,402,12,390,416,14,0.04,0.3,0.000625,1.0,1e-08,1e+18,False,False,False,False,12,1.1,15.0,8.391765218907679,20.75544844739304,283.02884246445046,158.3407730760584,study_results/v4p2_followups_20260806/pseudo65/gp_window_ensemble_20260806/runs/window_3p0/draw_07/attempt_01/results_single.csv,1,1,1,1,single_attempt_outside_55_75MeV,False,,,,,,,window_3p0,7
2021,0.053,0.002016597875,0.0484626547812499,0.05753734521875,661992830.0519445,1.64,0.049692779485,0.056307220515,0.00661444103,0.0,1.0,8000,0.000125,True,6331.016317656085,5.8595491252984256e-06,0.5,0.0,-5129.083152221627,5107.624500430688,True,tilde_q_mu,asymptotic,default,sidak_approx,observed,7.67**2 * RBF(length_scale=0.317),0.0410773062694674,0.5601450854927381,0.1516880062237032,0.3173702410515994,0.0373430056995158,58.86244944025094,1670.7977450882129,402,14,388,416,14,0.04,0.3,0.000625,1.0,1e-08,1e+18,False,False,False,False,12,1.1,15.0,8.498786723418837,20.369607039017364,277.76736871387317,157.37904169496332,study_results/v4p2_followups_20260806/pseudo65/gp_window_ensemble_20260806/runs/window_3p0/draw_07/attempt_01/results_single.csv,1,1,1,1,single_attempt_outside_55_75MeV,False,,,,,,,window_3p0,7
2021,0.054,0.0020244115,0.049445074125,0.058554925875,743432117.467634,1.64,0.05067996514,0.05732003486,0.00664006972,0.0,1.0,8000,0.000125,True,5926.289176829053,4.793665017626536e-06,0.5,0.0,-10313.12676823582,5518.081308662412,True,tilde_q_mu,asymptotic,default,sidak_approx,observed,7.52**2 * RBF(length_scale=0.315),0.0404838157112043,0.552052032425514,0.1494963970927404,0.3153393757750861,0.0368034688283676,56.501683052022614,1664.691909938943,401,15,386,416,15,0.04,0.3,0.000625,1.0,1e-08,1e+18,False,False,False,False,12,1.1,15.0,8.568197124180504,19.99781947059892,272.6975382354398,155.7684175253332,study_results/v4p2_followups_20260806/pseudo65/gp_window_ensemble_20260806/runs/window_3p0/draw_07/attempt_01/results_single.csv,1,1,1,1,single_attempt_outside_55_75MeV,False,,,,,,,window_3p0,7
2021,0.055,0.002032396875,0.05042710703125,0.05957289296875,825863093.242175,1.64,0.051666869125,0.058333130875,0.0066662617499999,0.0,1.0,8000,0.000125,True,6070.7105058049,4.339989684122422e-06,0.5,0.0,-10164.26583698356,5620.390240050032,True,tilde_q_mu,asymptotic,default,sidak_approx,observed,7.53**2 * RBF(length_scale=0.316),0.0399149161083646,0.5442943105686093,0.1473955960828078,0.3158776750748285,0.0362862873712406,56.631750940356106,1669.331006325005,402,17,385,416,14,0.04,0.3,0.000625,1.0,1e-08,1e+18,False,False,False,False,12,1.1,15.0,8.705152771434626,19.639331569216612,267.8090668529538,155.42125603535408,study_results/v4p2_followups_20260806/pseudo65/gp_window_ensemble_20260806/runs/window_3p0/draw_07/attempt_01/results_single.csv,3,3,2,2,resolved_reproduced_max_lml,False,attempt_01_full,False,1669.331006325005,1292.154157407682,study_results/v4p2_followups_20260806/pseudo65/gp_window_ensemble_20260806/runs/window_3p0/draw_07/attempt_01/results_single.csv|study_results/v4p2_followups_20260806/pseudo65/gp_window_ensemble_20260806/central_repeat/window_3p0/draw_07/attempt_02/results_single.csv|study_results/v4p2_followups_20260806/pseudo65/gp_window_ensemble_20260806/central_repairs/window_3p0/draw_07/m055/attempt_03/results_single.csv,1669.33100633|1292.15415741|1669.33100539,window_3p0,7
2021,0.056,0.002040554,0.0514087535,0.0605912465,908458237.6027632,1.64,0.05265349144,0.05934650856,0.00669301712,0.0,1.0,8000,0.000125,True,7170.221640793774,4.576774427999195e-06,0.5,0.0,-6329.381203603145,5872.816836016902,True,tilde_q_mu,asymptotic,default,sidak_approx,observed,7.53**2 * RBF(length_scale=0.317),0.0393693106142212,0.5368542356484718,0.1453808142699889,0.3166492828736928,0.0357902823765647,56.70728596827644,1663.240328005579,401,18,383,416,15,0.04,0.3,0.000625,1.0,1e-08,1e+18,False,False,False,False,12,1.1,15.0,8.847353578887448,19.293442180026243,263.0923933639942,155.17809520046654,study_results/v4p2_followups_20260806/pseudo65/gp_window_ensemble_20260806/central_repeat/window_3p0/draw_07/attempt_02/results_single.csv,2,2,1,2,stable_reproduced,False,attempt_02_55_75MeV,False,1663.2403273874822,1663.240328005579,study_results/v4p2_followups_20260806/pseudo65/gp_window_ensemble_20260806/runs/window_3p0/draw_07/attempt_01/results_single.csv|study_results/v4p2_followups_20260806/pseudo65/gp_window_ensemble_20260806/central_repeat/window_3p0/draw_07/attempt_02/results_single.csv,1663.24032739|1663.24032801,window_3p0,7
2021,0.057,0.002048882875,0.05239001353125,0.06160998646875,990453372.7453624,1.64,0.053639832085,0.060360167915,0.0067203358299999,0.0,1.0,8000,0.000125,True,8949.035315282916,5.147392116835123e-06,0.5,0.0,-1278.0516859043682,5883.647371337137,True,tilde_q_mu,asymptotic,default,sidak_approx,observed,7.89**2 * RBF(length_scale=0.32),0.0388457919743114,0.5297153451042469,0.1434475935717297,0.320108464006172,0.0353143563402831,62.21983123777255,1661.2765584511533,401,20,381,416,15,0.04,0.3,0.000625,1.0,1e-08,1e+18,False,False,False,False,12,1.1,15.0,9.064541936476523,18.959498587400432,258.53861710091496,156.23560912732603,study_results/v4p2_followups_20260806/pseudo65/gp_window_ensemble_20260806/central_repeat/window_3p0/draw_07/attempt_02/results_single.csv,2,2,1,2,stable_reproduced,False,attempt_02_55_75MeV,False,1661.2765579321042,1661.2765584511533,study_results/v4p2_followups_20260806/pseudo65/gp_window_ensemble_20260806/runs/window_3p0/draw_07/attempt_01/results_single.csv|study_results/v4p2_followups_20260806/pseudo65/gp_window_ensemble_20260806/central_repeat/window_3p0/draw_07/attempt_02/results_single.csv,1661.27655793|1661.27655845,window_3p0,7
2021,0.058,0.0020573835,0.053370887125,0.062629112875,1071466014.7577338,1.64,0.05462589106,0.06137410894,0.00674821788,0.0,1.0,8000,0.000125,True,12243.192388242343,6.397469175722874e-06,0.2732275299789733,0.6030806174279261,3562.3163275984466,5986.241782477031,True,tilde_q_mu,asymptotic,default,sidak_approx,observed,7.96**2 * RBF(length_scale=0.318),0.0383432349203511,0.5228622943684247,0.1415917786595051,0.3179009290622825,0.0348574862912283,63.44004891079759,1658.9018901545326,401,21,380,416,15,0.04,0.3,0.000625,1.0,1e-08,1e+18,False,False,False,False,12,1.1,15.0,9.120018764585458,18.63689240258374,254.13944185341464,154.5170985682944,study_results/v4p2_followups_20260806/pseudo65/gp_window_ensemble_20260806/central_repeat/window_3p0/draw_07/attempt_02/results_single.csv,2,2,1,2,stable_reproduced,False,attempt_02_55_75MeV,False,1658.901888729915,1658.9018901545326,study_results/v4p2_followups_20260806/pseudo65/gp_window_ensemble_20260806/runs/window_3p0/draw_07/attempt_01/results_single.csv|study_results/v4p2_followups_20260806/pseudo65/gp_window_ensemble_20260806/central_repeat/window_3p0/draw_07/attempt_02/results_single.csv,1658.90188873|1658.90189015,window_3p0,7
2021,0.059,0.002066055875,0.0543513742812499,0.0636486257187499,1150518641.351014,1.64,0.055611668365,0.0623883316349999,0.0067766632699999,0.0,1.0,8000,0.000125,True,11987.638610317976,5.734662881699951e-06,0.3066756353234283,0.5052955460402496,2964.4025066034924,6056.018050463016,True,tilde_q_mu,asymptotic,default,sidak_approx,observed,8.08**2 * RBF(length_scale=0.318),0.0378605893261601,0.516280763538548,0.139809491685398,0.3184764175154784,0.0344187175692365,65.27808893336861,1658.2982098914124,401,23,378,416,15,0.04,0.3,0.000625,1.0,1e-08,1e+18,False,False,False,False,12,1.1,15.0,9.253000692859423,18.325055863341635,249.88712540920412,154.14704963653435,study_results/v4p2_followups_20260806/pseudo65/gp_window_ensemble_20260806/central_repeat/window_3p0/draw_07/attempt_02/results_single.csv,2,2,1,2,stable_reproduced,False,attempt_02_55_75MeV,False,1658.2982092362693,1658.2982098914124,study_results/v4p2_followups_20260806/pseudo65/gp_window_ensemble_20260806/runs/window_3p0/draw_07/attempt_01/results_single.csv|study_results/v4p2_followups_20260806/pseudo65/gp_window_ensemble_20260806/central_repeat/window_3p0/draw_07/attempt_02/results_single.csv,1658.29820924|1658.29820989,window_3p0,7
2021,0.06,0.0020749,0.055331475,0.064668525,1227000800.7250423,1.64,0.056597164,0.063402836,0.006805672,0.0,1.0,8000,0.000125,True,10337.220138369948,4.559608877009992e-06,0.4665199005360043,0.0840209171727641,511.2353193668799,6094.441063378963,True,tilde_q_mu,asymptotic,default,sidak_approx,observed,7.94**2 * RBF(length_scale=0.316),0.0373968740379758,0.5099573732451246,0.1380971094990222,0.3158488120672941,0.0339971582163416,63.0592013486199,1662.2650482877,402,25,377,416,14,0.04,0.3,0.000625,1.0,1e-08,1e+18,False,False,False,False,12,1.1,15.0,9.290447456148645,18.023458498229218,245.77443406676204,152.22363105079478,study_results/v4p2_followups_20260806/pseudo65/gp_window_ensemble_20260806/central_repeat/window_3p0/draw_07/attempt_02/results_single.csv,2,2,1,2,stable_reproduced,False,attempt_02_55_75MeV,False,1662.2650474059085,1662.2650482877,study_results/v4p2_followups_20260806/pseudo65/gp_window_ensemble_20260806/runs/window_3p0/draw_07/attempt_01/results_single.csv|study_results/v4p2_followups_20260806/pseudo65/gp_window_ensemble_20260806/central_repeat/window_3p0/draw_07/attempt_02/results_single.csv,1662.26504741|1662.26504829,window_3p0,7
2021,0.061,0.002083915875,0.05631118928125,0.06568881071875,1300269118.2715938,1.64,0.057582377965,0.064417622035,0.0068352440699999,0.0,1.0,8000,0.000125,True,9727.576162553043,3.982552217563958e-06,0.5,0.0,-1298.9026953899208,6335.416354144222,True,tilde_q_mu,asymptotic,default,sidak_approx,observed,7.71**2 * RBF(length_scale=0.315),0.0369511713028735,0.5038796086755482,0.136451243073103,0.3153990586563431,0.0335919739117032,59.45245234988563,1657.858851105533,401,26,375,416,15,0.04,0.3,0.000625,1.0,1e-08,1e+18,False,False,False,False,12,1.1,15.0,9.38911954044059,17.731604114236877,241.7946015577755,151.3492278839438,study_results/v4p2_followups_20260806/pseudo65/gp_window_ensemble_20260806/central_repeat/window_3p0/draw_07/attempt_02/results_single.csv,2,2,1,2,stable_reproduced,False,attempt_02_55_75MeV,False,1657.858849873459,1657.858851105533,study_results/v4p2_followups_20260806/pseudo65/gp_window_ensemble_20260806/runs/window_3p0/draw_07/attempt_01/results_single.csv|study_results/v4p2_followups_20260806/pseudo65/gp_window_ensemble_20260806/central_repeat/window_3p0/draw_07/attempt_02/results_single.csv,1657.85884987|1657.85885111,window_3p0,7
2021,0.062,0.0020931035,0.057290517125,0.066709482875,1370185265.9585123,1.64,0.05856731026,0.06543268974,0.0068653794799999,0.0,1.0,8000,0.000125,True,9116.264544070444,3.484703719353359e-06,0.5,0.0,-2752.1733880420175,6399.4264851640455,True,tilde_q_mu,asymptotic,default,sidak_approx,observed,7.98**2 * RBF(length_scale=0.318),0.0365226217287332,0.4980357508463617,0.1348687188919183,0.3179552599716405,0.0332023833897574,63.6447537706837,1656.4332747568703,401,28,373,416,15,0.04,0.3,0.000625,1.0,1e-08,1e+18,False,False,False,False,12,1.1,15.0,9.576278191815772,17.449028071824063,237.9412918885099,151.90613362962728,study_results/v4p2_followups_20260806/pseudo65/gp_window_ensemble_20260806/central_repeat/window_3p0/draw_07/attempt_02/results_single.csv,2,2,1,2,stable_reproduced,False,attempt_02_55_75MeV,False,1656.4332731596853,1656.4332747568703,study_results/v4p2_followups_20260806/pseudo65/gp_window_ensemble_20260806/runs/window_3p0/draw_07/attempt_01/results_single.csv|study_results/v4p2_followups_20260806/pseudo65/gp_window_ensemble_20260806/central_repeat/window_3p0/draw_07/attempt_02/results_single.csv,1656.43327316|1656.43327476,window_3p0,7
2021,0.063,0.002102462875,0.05826945853125,0.06773054146875,1435478040.2852578,1.64,0.059551960885,0.066448039115,0.0068960782299999,0.0,1.0,8000,0.000125,True,11224.431691266787,4.030391003866089e-06,0.4422938018351363,0.1451561281267358,947.3570313967545,6464.637250449973,True,tilde_q_mu,asymptotic,default,sidak_approx,observed,7.99**2 * RBF(length_scale=0.319),0.0361104197174945,0.4924148143294715,0.133346562087477,0.3193817696309519,0.0328276542886314,63.790653801422216,1657.026958754437,401,29,372,416,15,0.04,0.3,0.000625,1.0,1e-08,1e+18,False,False,False,False,12,1.1,15.0,9.729046334619076,17.17529481584524,234.20856567061688,151.90839915827377,study_results/v4p2_followups_20260806/pseudo65/gp_window_ensemble_20260806/runs/window_3p0/draw_07/attempt_01/results_single.csv,2,2,1,2,stable_reproduced,False,attempt_01_full,False,1657.026958754437,1657.0269579063713,study_results/v4p2_followups_20260806/pseudo65/gp_window_ensemble_20260806/runs/window_3p0/draw_07/attempt_01/results_single.csv|study_results/v4p2_followups_20260806/pseudo65/gp_window_ensemble_20260806/central_repeat/window_3p0/draw_07/attempt_02/results_single.csv,1657.02695875|1657.02695791,window_3p0,7
2021,0.064,0.002111994,0.0592480135,0.0687519865,1496572137.7645252,1.64,0.06053632984,0.06746367016,0.00692734032,0.0,1.0,8000,0.000125,True,14839.675545471611,5.031143425462222e-06,0.1845695818353407,0.8980870102272066,5813.297213676165,6474.054738214924,True,tilde_q_mu,asymptotic,default,sidak_approx,observed,8.26**2 * RBF(length_scale=0.322),0.0357138093206567,0.4870064907362281,0.1318819811349368,0.3219469214655219,0.0324670993824152,68.22438968138103,1656.350720603048,401,31,370,416,15,0.04,0.3,0.000625,1.0,1e-08,1e+18,False,False,False,False,12,1.1,15.0,9.916097452176292,16.909995634768247,230.59084956502153,152.4374223911251,study_results/v4p2_followups_20260806/pseudo65/gp_window_ensemble_20260806/runs/window_3p0/draw_07/attempt_01/results_single.csv,2,2,1,2,stable_reproduced,False,attempt_01_full,False,1656.350720603048,1656.3507205095657,study_results/v4p2_followups_20260806/pseudo65/gp_window_ensemble_20260806/runs/window_3p0/draw_07/attempt_01/results_single.csv|study_results/v4p2_followups_20260806/pseudo65/gp_window_ensemble_20260806/central_repeat/window_3p0/draw_07/attempt_02/results_single.csv,1656.3507206|1656.35072051,window_3p0,7
2021,0.065,0.002121696875,0.06022618203125,0.06977381796875,1552578396.5478897,1.64,0.061520417125,0.068479582875,0.0069591657499999,0.0,1.0,8000,0.000125,True,19148.884357054303,6.1616425866656e-06,0.0543811623243664,1.6037810427723052,10528.918734047642,6566.00235746511,True,tilde_q_mu,asymptotic,default,sidak_approx,observed,8.39**2 * RBF(length_scale=0.323),0.0353320804721528,0.4818010973475384,0.1304723539415717,0.3231400603809988,0.0321200731565025,70.32519256424094,1650.3961720504851,400,32,368,416,16,0.04,0.3,0.000625,1.0,1e-08,1e+18,False,False,False,False,12,1.1,15.0,10.060377471947962,16.652746623927047,227.08290850809607,152.30265180128467,study_results/v4p2_followups_20260806/pseudo65/gp_window_ensemble_20260806/central_repeat/window_3p0/draw_07/attempt_02/results_single.csv,2,2,1,2,stable_reproduced,False,attempt_02_55_75MeV,False,1650.396170981109,1650.3961720504851,study_results/v4p2_followups_20260806/pseudo65/gp_window_ensemble_20260806/runs/window_3p0/draw_07/attempt_01/results_single.csv|study_results/v4p2_followups_20260806/pseudo65/gp_window_ensemble_20260806/central_repeat/window_3p0/draw_07/attempt_02/results_single.csv,1650.39617098|1650.39617205,window_3p0,7
2021,0.066,0.0021315715,0.061203964125,0.070796035875,1603465890.845916,1.64,0.06250422274,0.06949577726,0.0069915545199999,0.0,1.0,8000,0.000125,True,20576.4747571105,6.313747830309583e-06,0.0305213592459318,1.8731859014345889,12152.65097094515,6491.209529533321,True,tilde_q_mu,asymptotic,default,sidak_approx,observed,8.33**2 * RBF(length_scale=0.323),0.0349645655591176,0.4767895303516045,0.1291152151834926,0.3228112114211741,0.0317859686901069,69.34675957093461,1656.0044385741578,401,34,367,416,15,0.04,0.3,0.000625,1.0,1e-08,1e+18,False,False,False,False,12,1.1,15.0,10.155777052710857,16.403186831461046,223.67982042901423,151.4428258311645,study_results/v4p2_followups_20260806/pseudo65/gp_window_ensemble_20260806/central_repeat/window_3p0/draw_07/attempt_02/results_single.csv,2,2,1,2,stable_reproduced,False,attempt_02_55_75MeV,False,1656.004437735009,1656.0044385741578,study_results/v4p2_followups_20260806/pseudo65/gp_window_ensemble_20260806/runs/window_3p0/draw_07/attempt_01/results_single.csv|study_results/v4p2_followups_20260806/pseudo65/gp_window_ensemble_20260806/central_repeat/window_3p0/draw_07/attempt_02/results_single.csv,1656.00443774|1656.00443857,window_3p0,7
2021,0.067,0.002141617875,0.06218135978125,0.07181864021875,1648983872.8020468,1.64,0.063487746685,0.070512253315,0.00702450663,0.0,1.0,8000,0.000125,True,18496.016600559906,5.4363438437048e-06,0.0694223355992245,1.4801070846015898,9769.737063407523,6601.713327175324,True,tilde_q_mu,asymptotic,default,sidak_approx,observed,8.16**2 * RBF(length_scale=0.321),0.034610636295701,0.4719632222141046,0.1278082447614374,0.3212180795156394,0.0314642148142736,66.62593659241328,1650.5680206844038,400,35,365,416,16,0.04,0.3,0.000625,1.0,1e-08,1e+18,False,False,False,False,12,1.1,15.0,10.208997154758803,16.16097656810088,220.37695320137564,149.98851254715055,study_results/v4p2_followups_20260806/pseudo65/gp_window_ensemble_20260806/central_repeat/window_3p0/draw_07/attempt_02/results_single.csv,2,2,1,2,stable_reproduced,False,attempt_02_55_75MeV,False,1650.568020360108,1650.5680206844038,study_results/v4p2_followups_20260806/pseudo65/gp_window_ensemble_20260806/runs/window_3p0/draw_07/attempt_01/results_single.csv|study_results/v4p2_followups_20260806/pseudo65/gp_window_ensemble_20260806/central_repeat/window_3p0/draw_07/attempt_02/results_single.csv,1650.56802036|1650.56802068,window_3p0,7
2021,0.068,0.002151836,0.063158369,0.072841631,1688821662.9540064,1.64,0.06447098896,0.07152901104,0.00705802208,0.0,1.0,8000,0.000125,True,14027.844499186636,3.966597750202309e-06,0.2495883702508931,0.6757856600402528,4482.563302821715,6634.749637787336,True,tilde_q_mu,asymptotic,default,sidak_approx,observed,8.04**2 * RBF(length_scale=0.32),0.0342697008691363,0.4673141027609495,0.1265492572619316,0.3196775905560456,0.0311542735173966,64.6909106572289,1651.5689246483164,400,37,363,416,16,0.04,0.3,0.000625,1.0,1e-08,1e+18,False,False,False,False,12,1.1,15.0,10.261115232795808,15.92579586415336,217.1699436020912,148.560387760055,study_results/v4p2_followups_20260806/pseudo65/gp_window_ensemble_20260806/runs/window_3p0/draw_07/attempt_01/results_single.csv,2,2,1,2,stable_reproduced,False,attempt_01_full,False,1651.5689246483164,1651.568924483747,study_results/v4p2_followups_20260806/pseudo65/gp_window_ensemble_20260806/runs/window_3p0/draw_07/attempt_01/results_single.csv|study_results/v4p2_followups_20260806/pseudo65/gp_window_ensemble_20260806/central_repeat/window_3p0/draw_07/attempt_02/results_single.csv,1651.56892465|1651.56892448,window_3p0,7
2021,0.069,0.002162225875,0.06413499178125,0.07386500821875,1723670907.6303897,1.64,0.065453949565,0.072546050435,0.00709210087,0.0,1.0,8000,0.000125,True,9389.86113426409,2.563749857803401e-06,0.5,0.0,-2798.8303145654695,6563.847661196177,True,tilde_q_mu,asymptotic,default,sidak_approx,observed,8.01**2 * RBF(length_scale=0.32),0.0339412013307978,0.4628345636017883,0.1253361923231284,0.3202286087482622,0.0308556375734525,64.16036338999531,1657.5703872629426,401,39,362,416,15,0.04,0.3,0.000625,1.0,1e-08,1e+18,False,False,False,False,12,1.1,15.0,10.37828526427142,15.697343058942815,214.05467807649293,148.10136741530863,study_results/v4p2_followups_20260806/pseudo65/gp_window_ensemble_20260806/runs/window_3p0/draw_07/attempt_01/results_single.csv,2,2,1,2,stable_reproduced,False,attempt_01_full,False,1657.5703872629426,1657.570385829353,study_results/v4p2_followups_20260806/pseudo65/gp_window_ensemble_20260806/runs/window_3p0/draw_07/attempt_01/results_single.csv|study_results/v4p2_followups_20260806/pseudo65/gp_window_ensemble_20260806/central_repeat/window_3p0/draw_07/attempt_02/results_single.csv,1657.57038726|1657.57038583,window_3p0,7
2021,0.07,0.0021727875,0.065111228125,0.074888771875,1753784744.9922094,1.64,0.0664366285,0.0735633715,0.0071267429999999,0.0,1.0,8000,0.000125,True,7609.514158496872,2.012808803947328e-06,0.5,0.0,-9908.239936081776,6685.025202812859,True,tilde_q_mu,asymptotic,default,sidak_approx,observed,7.89**2 * RBF(length_scale=0.319),0.0336246112080568,0.4585174255644109,0.1241671058160028,0.3185371548889217,0.0305678283709607,62.29203349851391,1650.8061542154653,400,40,360,416,16,0.04,0.3,0.000625,1.0,1e-08,1e+18,False,False,False,False,12,1.1,15.0,10.42066682079157,15.475333509630737,211.02727513132825,146.60299494953907,study_results/v4p2_followups_20260806/pseudo65/gp_window_ensemble_20260806/central_repeat/window_3p0/draw_07/attempt_02/results_single.csv,2,2,1,2,stable_reproduced,False,attempt_02_55_75MeV,False,1650.8061540094766,1650.8061542154653,study_results/v4p2_followups_20260806/pseudo65/gp_window_ensemble_20260806/runs/window_3p0/draw_07/attempt_01/results_single.csv|study_results/v4p2_followups_20260806/pseudo65/gp_window_ensemble_20260806/central_repeat/window_3p0/draw_07/attempt_02/results_single.csv,1650.80615401|1650.80615422,window_3p0,7
2021,0.071,0.002183520875,0.06608707803125,0.0759129219687499,1779051899.0014813,1.64,0.0674190257649999,0.074580974235,0.00716194847,0.0,1.0,8000,0.000125,True,6776.658836452749,1.742162164974926e-06,0.5,0.0,-14316.236461907283,6578.4580759499595,True,tilde_q_mu,asymptotic,default,sidak_approx,observed,7.96**2 * RBF(length_scale=0.32),0.0333194333154327,0.4543559088468107,0.1230401617614922,0.3202563675828268,0.0302903939231207,63.383985508475575,1657.416382899589,401,42,359,416,15,0.04,0.3,0.000625,1.0,1e-08,1e+18,False,False,False,False,12,1.1,15.0,10.572869022293386,15.259498407787282,208.08406919709927,146.66970728311762,study_results/v4p2_followups_20260806/pseudo65/gp_window_ensemble_20260806/runs/window_3p0/draw_07/attempt_01/results_single.csv,2,2,1,2,stable_reproduced,False,attempt_01_full,False,1657.416382899589,1657.4163819600838,study_results/v4p2_followups_20260806/pseudo65/gp_window_ensemble_20260806/runs/window_3p0/draw_07/attempt_01/results_single.csv|study_results/v4p2_followups_20260806/pseudo65/gp_window_ensemble_20260806/central_repeat/window_3p0/draw_07/attempt_02/results_single.csv,1657.4163829|1657.41638196,window_3p0,7
2021,0.072,0.002194426,0.0670625414999999,0.0769374585,1799482099.8396108,1.64,0.06840114136,0.0755988586399999,0.0071977172799999,0.0,1.0,8000,0.000125,True,6721.4414337554845,1.6846214009279352e-06,0.5,0.0,-15406.157237434234,6648.101698249047,True,tilde_q_mu,asymptotic,default,sidak_approx,observed,7.96**2 * RBF(length_scale=0.32),0.0330251977459068,0.4503436056260024,0.1219536249129291,0.3201407460567541,0.0300229070417334,63.30902624166266,1651.57512133479,400,43,357,416,16,0.04,0.3,0.000625,1.0,1e-08,1e+18,False,False,False,False,12,1.1,15.0,10.663216110676451,15.049583693369856,205.22159581867984,145.8881484528319,study_results/v4p2_followups_20260806/pseudo65/gp_window_ensemble_20260806/runs/window_3p0/draw_07/attempt_01/results_single.csv,2,2,1,2,stable_reproduced,False,attempt_01_full,False,1651.57512133479,1651.5751212993289,study_results/v4p2_followups_20260806/pseudo65/gp_window_ensemble_20260806/runs/window_3p0/draw_07/attempt_01/results_single.csv|study_results/v4p2_followups_20260806/pseudo65/gp_window_ensemble_20260806/central_repeat/window_3p0/draw_07/attempt_02/results_single.csv,1651.57512133|1651.5751213,window_3p0,7
2021,0.073,0.002205502875,0.06803761853125,0.07796238146875,1816316189.2711165,1.64,0.069382975285,0.076617024715,0.00723404943,0.0,1.0,8000,0.000125,True,7238.175871255564,1.7726979369486e-06,0.5,0.0,-11607.19230012446,6629.139567699023,True,tilde_q_mu,asymptotic,default,sidak_approx,observed,7.89**2 * RBF(length_scale=0.319),0.0327414600253253,0.4464744548907995,0.1209058539407253,0.3186744253086449,0.0297649636593866,62.30026015737842,1651.6205762713105,400,45,355,416,16,0.04,0.3,0.000625,1.0,1e-08,1e+18,False,False,False,False,12,1.1,15.0,10.706360301842608,14.845349056879057,202.43657804835075,144.49059619051502,study_results/v4p2_followups_20260806/pseudo65/gp_window_ensemble_20260806/central_repeat/window_3p0/draw_07/attempt_02/results_single.csv,2,2,1,2,stable_reproduced,False,attempt_02_55_75MeV,False,1651.6205760977962,1651.6205762713105,study_results/v4p2_followups_20260806/pseudo65/gp_window_ensemble_20260806/runs/window_3p0/draw_07/attempt_01/results_single.csv|study_results/v4p2_followups_20260806/pseudo65/gp_window_ensemble_20260806/central_repeat/window_3p0/draw_07/attempt_02/results_single.csv,1651.6205761|1651.62057627,window_3p0,7
2021,0.074,0.0022167515,0.0690123091249999,0.078987690875,1829148577.478151,1.64,0.07036452754,0.07763547246,0.0072709449199999,0.0,1.0,8000,0.000125,True,7922.0744799448,1.9005449246816207e-06,0.5,0.0,-7483.857412555867,6565.2982495646975,True,tilde_q_mu,asymptotic,default,sidak_approx,observed,8.04**2 * RBF(length_scale=0.321),0.0324677994146582,0.442742719290794,0.1198952951630456,0.3214197705600244,0.0295161812860529,64.6748530184204,1654.1051679899886,400,46,354,416,16,0.04,0.3,0.000625,1.0,1e-08,1e+18,False,False,False,False,12,1.1,15.0,10.889612292492004,14.646567021453794,199.72591392891536,144.9958511633011,study_results/v4p2_followups_20260806/pseudo65/gp_window_ensemble_20260806/central_repeat/window_3p0/draw_07/attempt_02/results_single.csv,2,2,1,2,stable_reproduced,False,attempt_02_55_75MeV,False,1654.105166753329,1654.1051679899886,study_results/v4p2_followups_20260806/pseudo65/gp_window_ensemble_20260806/runs/window_3p0/draw_07/attempt_01/results_single.csv|study_results/v4p2_followups_20260806/pseudo65/gp_window_ensemble_20260806/central_repeat/window_3p0/draw_07/attempt_02/results_single.csv,1654.10516675|1654.10516799,window_3p0,7
2021,0.075,0.002228171875,0.06998661328125,0.08001338671875,1838368958.6354597,1.64,0.071345798125,0.078654201875,0.0073084037499999,0.0,1.0,8000,0.000125,True,9756.938591940005,2.2979445883117077e-06,0.5,0.0,-1863.6445580759655,6538.348251366614,True,tilde_q_mu,asymptotic,default,sidak_approx,observed,8.07**2 * RBF(length_scale=0.321),0.032203817346461,0.4391429638153776,0.1189204767720596,0.3207610421823367,0.0292761975876918,65.08965397392281,1653.8641051964985,400,48,352,416,16,0.04,0.3,0.000625,1.0,1e-08,1e+18,False,False,False,False,12,1.1,15.0,10.956376463219032,14.45302209752604,197.08666496626415,143.95704648338076,study_results/v4p2_followups_20260806/pseudo65/gp_window_ensemble_20260806/central_repeat/window_3p0/draw_07/attempt_02/results_single.csv,2,2,1,2,stable_reproduced,False,attempt_02_55_75MeV,False,1653.8641043694618,1653.8641051964985,study_results/v4p2_followups_20260806/pseudo65/gp_window_ensemble_20260806/runs/window_3p0/draw_07/attempt_01/results_single.csv|study_results/v4p2_followups_20260806/pseudo65/gp_window_ensemble_20260806/central_repeat/window_3p0/draw_07/attempt_02/results_single.csv,1653.86410437|1653.8641052,window_3p0,7
2021,0.076,0.002239764,0.070960531,0.081039469,1844398591.748667,1.64,0.0723267870399999,0.07967321296,0.00734642592,0.0,1.0,8000,0.000125,True,13273.42138918291,3.0749243095155326e-06,0.2846741819622835,0.5690114583603135,3714.609057532858,6528.020474237033,True,tilde_q_mu,asymptotic,default,sidak_approx,observed,7.88**2 * RBF(length_scale=0.317),0.0319491359833398,0.4356700361364529,0.1179800035107226,0.3170005725297568,0.0290446690757635,62.118711705568906,1652.2388750993491,400,50,350,416,16,0.04,0.3,0.000625,1.0,1e-08,1e+18,False,False,False,False,12,1.1,15.0,10.914242875443176,14.264510003437811,194.51604550142468,141.53302425155366,study_results/v4p2_followups_20260806/pseudo65/gp_window_ensemble_20260806/runs/window_3p0/draw_07/attempt_01/results_single.csv,1,1,1,1,single_attempt_outside_55_75MeV,False,,,,,,,window_3p0,7
2021,0.077,0.002251527875,0.07193406228125,0.08206593771875,1847461207.5520144,1.64,0.073307494285,0.080692505715,0.00738501143,0.0,1.0,8000,0.000125,True,16139.465246132071,3.684198402617244e-06,0.1400204668043679,1.080227391446704,7162.3056098009265,6528.38517476601,True,tilde_q_mu,asymptotic,default,sidak_approx,observed,7.69**2 * RBF(length_scale=0.314),0.0317033968874435,0.4323190484651396,0.1170725517595489,0.3144491868025364,0.0288212698976759,59.161905317730216,1653.2298533006494,400,51,349,416,16,0.04,0.3,0.000625,1.0,1e-08,1e+18,False,False,False,False,12,1.1,15.0,10.91031685692282,14.080836946086476,192.0114129011792,139.66035699315356,study_results/v4p2_followups_20260806/pseudo65/gp_window_ensemble_20260806/runs/window_3p0/draw_07/attempt_01/results_single.csv,1,1,1,1,single_attempt_outside_55_75MeV,False,,,,,,,window_3p0,7
2021,0.078,0.0022634635,0.072907207125,0.083092792875,1847769944.3645077,1.64,0.07428791986,0.08171208014,0.00742416028,0.0,1.0,8000,0.000125,True,17441.504440853445,3.929717796024696e-06,0.0879701928781049,1.3533608264119257,8791.31993241133,6499.164034480604,True,tilde_q_mu,asymptotic,default,sidak_approx,observed,7.66**2 * RBF(length_scale=0.314),0.0314662597911359,0.4290853607882172,0.1161968649970184,0.3143468224344138,0.0286056907192144,58.72280559454127,1652.8736222812456,400,53,347,416,16,0.04,0.3,0.000625,1.0,1e-08,1e+18,False,False,False,False,12,1.1,15.0,10.988961095886651,13.901818956274722,189.57025849465532,138.87867970232955,study_results/v4p2_followups_20260806/pseudo65/gp_window_ensemble_20260806/runs/window_3p0/draw_07/attempt_01/results_single.csv,1,1,1,1,single_attempt_outside_55_75MeV,False,,,,,,,window_3p0,7
2021,0.079,0.002275570875,0.07387996553125,0.08412003446875,1845689661.7151537,1.64,0.075268063765,0.082731936235,0.0074638724699999,0.0,1.0,8000,0.000125,True,18244.758104987544,4.063237994856676e-06,0.072424045920144,1.4579726136360491,9536.119136684949,6539.637765057258,True,tilde_q_mu,asymptotic,default,sidak_approx,observed,7.63**2 * RBF(length_scale=0.314),0.0312374014599871,0.4259645653634614,0.1153517496008941,0.3139364493083045,0.0283976376908974,58.27754795266472,1646.8388350612092,399,54,345,416,17,0.04,0.3,0.000625,1.0,1e-08,1e+18,False,False,False,False,12,1.1,15.0,11.05501988318323,13.727281273973578,187.1901991905488,137.95942493256973,study_results/v4p2_followups_20260806/pseudo65/gp_window_ensemble_20260806/runs/window_3p0/draw_07/attempt_01/results_single.csv,1,1,1,1,single_attempt_outside_55_75MeV,False,,,,,,,window_3p0,7
2021,0.08,0.00228785,0.0748523375,0.0851476625,1840971776.2432177,1.64,0.076247926,0.083752074,0.0075041479999999,0.0,1.0,8000,0.000125,True,17478.750438167135,3.853835617273881e-06,0.0819613398697715,1.391999069460196,8937.562501412724,6418.47187067331,True,tilde_q_mu,asymptotic,default,sidak_approx,observed,7.82**2 * RBF(length_scale=0.316),0.0310165146400847,0.4229524723647926,0.1145360709609101,0.3164880852593673,0.0281968314909861,61.10440542947829,1651.2055474048832,400,56,344,416,16,0.04,0.3,0.000625,1.0,1e-08,1e+18,False,False,False,False,12,1.1,15.0,11.224242885607223,13.55705777917468,184.8689697160183,138.33428120697042,study_results/v4p2_followups_20260806/pseudo65/gp_window_ensemble_20260806/runs/window_3p0/draw_07/attempt_01/results_single.csv,1,1,1,1,single_attempt_outside_55_75MeV,False,,,,,,,window_3p0,7
2021,0.081,0.002300300875,0.07582432303125,0.08617567696875,1834117166.8439004,1.64,0.077227506565,0.084772493435,0.0075449868699999,0.0,1.0,8000,0.000125,True,41584.60162687409,9.089507928132256e-06,0.2800574858494064,0.5826707437461365,11604.63738452615,20474.928356734417,True,tilde_q_mu,asymptotic,default,sidak_approx,observed,1**2 * RBF(length_scale=0.114),0.030803307082474,0.4200450965791913,0.113748749876279,0.113748749876279,0.0280030064386127,1.0,1006.06483393465,399,57,342,416,17,0.04,0.3,0.000625,1.0,1e-08,1e+18,False,False,False,False,12,1.1,15.0,4.06201920231798,13.390990464442623,182.6044154242176,49.4495094587481,study_results/v4p2_followups_20260806/pseudo65/gp_window_ensemble_20260806/runs/window_3p0/draw_07/attempt_01/results_single.csv,1,1,1,1,single_attempt_outside_55_75MeV,False,,,,,,,window_3p0,7
2021,0.082,0.0023129235,0.076795922125,0.087204077875,1825600864.265104,1.64,0.07820680546,0.08579319454,0.00758638908,0.0,1.0,8000,0.000125,True,14773.501659355992,3.2046727116095357e-06,0.1776089468098483,0.9245156760013707,5909.591674498678,6386.524987001543,True,tilde_q_mu,asymptotic,default,sidak_approx,observed,7.93**2 * RBF(length_scale=0.318),0.0305975006382008,0.4172386450663756,0.1129887592139169,0.3182347415437674,0.0278159096710917,62.92026344290162,1643.98080145801,399,59,340,416,17,0.04,0.3,0.000625,1.0,1e-08,1e+18,False,False,False,False,12,1.1,15.0,11.44074543334097,13.228928945639955,180.39448562236305,137.58982583892956,study_results/v4p2_followups_20260806/pseudo65/gp_window_ensemble_20260806/runs/window_3p0/draw_07/attempt_01/results_single.csv,1,1,1,1,single_attempt_outside_55_75MeV,False,,,,,,,window_3p0,7
2021,0.083,0.002325717875,0.07776713478125,0.08823286521875,1815668681.2943528,1.64,0.079185822685,0.086814177315,0.00762835463,0.0,1.0,8000,0.000125,True,11479.363276700176,2.4735632906012e-06,0.4027543641485117,0.2462241417722592,1567.178531340657,6366.719192747532,True,tilde_q_mu,asymptotic,default,sidak_approx,observed,7.85**2 * RBF(length_scale=0.316),0.030398830418065,0.4145295057008868,0.1122551208056255,0.3156939397344193,0.0276353003800591,61.56026353434646,1646.7230235343015,399,60,339,416,17,0.04,0.3,0.000625,1.0,1e-08,1e+18,False,False,False,False,12,1.1,15.0,11.423575477479352,13.070730007639057,178.2372273768962,135.7404279891082,study_results/v4p2_followups_20260806/pseudo65/gp_window_ensemble_20260806/runs/window_3p0/draw_07/attempt_01/results_single.csv,1,1,1,1,single_attempt_outside_55_75MeV,False,,,,,,,window_3p0,7
2021,0.084,0.002338684,0.078737961,0.089262039,1803665927.1918256,1.64,0.08016455824,0.08783544176,0.00767088352,0.0,1.0,8000,0.000125,True,10060.476153004834,2.15626965322879e-06,0.5,0.0,-541.9730754680205,6311.246101020945,True,tilde_q_mu,asymptotic,default,sidak_approx,observed,7.88**2 * RBF(length_scale=0.317),0.0302070440117673,0.4119142365241002,0.111546902564603,0.3168548346094181,0.0274609491016066,62.16886044270965,1646.8259873989698,399,62,337,416,17,0.04,0.3,0.000625,1.0,1e-08,1e+18,False,False,False,False,12,1.1,15.0,11.538378860724796,12.916257182144893,176.13077975652126,135.48424439104133,study_results/v4p2_followups_20260806/pseudo65/gp_window_ensemble_20260806/runs/window_3p0/draw_07/attempt_01/results_single.csv,1,1,1,1,single_attempt_outside_55_75MeV,False,,,,,,,window_3p0,7
2021,0.085,0.002351821875,0.07970840078125,0.09029159921875,1790440672.4133158,1.64,0.081143012125,0.088856987875,0.0077139757499999,0.0,1.0,8000,0.000125,True,8534.138110116626,1.8209613513943592e-06,0.5,0.0,-3564.355176917328,6208.822236158993,True,tilde_q_mu,asymptotic,default,sidak_approx,observed,7.84**2 * RBF(length_scale=0.316),0.0300219007615834,0.4093895558397742,0.1108632158033061,0.315744134163717,0.0272926370559849,61.41208725559915,1652.4573986644857,400,64,336,416,16,0.04,0.3,0.000625,1.0,1e-08,1e+18,False,False,False,False,12,1.1,15.0,11.568839372906186,12.76538035499965,174.07336847726796,134.25512260094828,study_results/v4p2_followups_20260806/pseudo65/gp_window_ensemble_20260806/runs/window_3p0/draw_07/attempt_01/results_single.csv,1,1,1,1,single_attempt_outside_55_75MeV,False,,,,,,,window_3p0,7
2021,0.086,0.0023651315,0.080678454125,0.091321545875,1775696555.8627672,1.64,0.0821211843399999,0.08987881566,0.00775763132,0.0,1.0,8000,0.000125,True,7930.299722641008,1.686329044285609e-06,0.5,0.0,-5569.440594234453,6230.764169243245,True,tilde_q_mu,asymptotic,default,sidak_approx,observed,7.8**2 * RBF(length_scale=0.315),0.0298431710861948,0.4069523329935665,0.1102032127365311,0.3151945352753604,0.0271301555329044,60.91245855418768,1646.741242075973,399,65,334,416,17,0.04,0.3,0.000625,1.0,1e-08,1e+18,False,False,False,False,12,1.1,15.0,11.617866874853744,12.61797540060452,172.0633009173344,133.26723494036605,study_results/v4p2_followups_20260806/pseudo65/gp_window_ensemble_20260806/runs/window_3p0/draw_07/attempt_01/results_single.csv,1,1,1,1,single_attempt_outside_55_75MeV,False,,,,,,,window_3p0,7
2021,0.087,0.002378612875,0.0816481210312499,0.09235187896875,1760136602.064715,1.64,0.083099074885,0.0909009251149999,0.0078018502299999,0.0,1.0,8000,0.000125,True,7442.571029754914,1.5782553979111915e-06,0.5,0.0,-7357.250486033105,6201.98663355885,True,tilde_q_mu,asymptotic,default,sidak_approx,observed,7.71**2 * RBF(length_scale=0.313),0.0296706358506726,0.4045995797818991,0.1095660841549239,0.3132476000395477,0.0269733053187932,59.42980976556605,1646.111626270257,399,67,332,416,17,0.04,0.3,0.000625,1.0,1e-08,1e+18,False,False,False,False,12,1.1,15.0,11.613244885538624,12.47392384129452,170.098961472198,131.693392956829,study_results/v4p2_followups_20260806/pseudo65/gp_window_ensemble_20260806/runs/window_3p0/draw_07/attempt_01/results_single.csv,1,1,1,1,single_attempt_outside_55_75MeV,False,,,,,,,window_3p0,7
2021,0.088,0.002392266,0.0826174014999999,0.0933825985,1743632625.119082,1.64,0.0840766837599999,0.09192331624,0.00784663248,0.0,1.0,8000,0.000125,True,7366.360662021334,1.5589609679128953e-06,0.5,0.0,-7448.884197445138,6162.635571831527,True,tilde_q_mu,asymptotic,default,sidak_approx,observed,7.68**2 * RBF(length_scale=0.313),0.0295040857789749,0.4023284424405671,0.1089510572554845,0.3128303412614559,0.0268218961627044,58.95961663178169,1646.2096730809656,399,68,331,416,17,0.04,0.3,0.000625,1.0,1e-08,1e+18,False,False,False,False,12,1.1,15.0,11.663244811768482,12.33311252969984,168.17880722317963,130.76737338634413,study_results/v4p2_followups_20260806/pseudo65/gp_window_ensemble_20260806/runs/window_3p0/draw_07/attempt_01/results_single.csv,1,1,1,1,single_attempt_outside_55_75MeV,False,,,,,,,window_3p0,7
2021,0.089,0.002406090875,0.08358629553125,0.09441370446875,1725874782.225614,1.64,0.085054010965,0.092945989035,0.00789197807,0.0,1.0,8000,0.000125,True,7820.730528086789,1.653362009853794e-06,0.5,0.0,-5276.482290276285,6098.066169163266,True,tilde_q_mu,asymptotic,default,sidak_approx,observed,7.86**2 * RBF(length_scale=0.316),0.0293433209056615,0.4001361941681125,0.1083573936168872,0.3156397105741431,0.0266757462778741,61.77753742260007,1644.8977019397728,399,70,329,416,17,0.04,0.3,0.000625,1.0,1e-08,1e+18,False,False,False,False,12,1.1,15.0,11.832460366289588,12.1954333523091,166.3013638951241,131.18361980993052,study_results/v4p2_followups_20260806/pseudo65/gp_window_ensemble_20260806/runs/window_3p0/draw_07/attempt_01/results_single.csv,1,1,1,1,single_attempt_outside_55_75MeV,False,,,,,,,window_3p0,7
2021,0.09,0.0024200875,0.084554803125,0.095445196875,1707421799.183081,1.64,0.0860310565,0.0939689435,0.007937887,0.0,1.0,8000,0.000125,True,8754.374374206125,1.8499573058338011e-06,0.5,0.0,-2524.153116700408,6101.774943061491,True,tilde_q_mu,asymptotic,default,sidak_approx,observed,7.92**2 * RBF(length_scale=0.316),0.0291881500637943,0.3980202281426503,0.1077843873084286,0.3162578419992073,0.0265346818761766,62.67680264335547,1639.916700999228,398,71,327,416,18,0.04,0.3,0.000625,1.0,1e-08,1e+18,False,False,False,False,12,1.1,15.0,11.918659642313228,12.060782952597524,164.46522208087532,130.68033366529406,study_results/v4p2_followups_20260806/pseudo65/gp_window_ensemble_20260806/runs/window_3p0/draw_07/attempt_01/results_single.csv,1,1,1,1,single_attempt_outside_55_75MeV,False,,,,,,,window_3p0,7
2021,0.091,0.002434255875,0.08552292428125,0.09647707571875,1688209960.037576,1.64,0.087007820365,0.094992179635,0.0079843592699999,0.0,1.0,8000,0.000125,True,10638.351606642716,2.2486735502340726e-06,0.4207850924838325,0.1998854308994025,1201.6065522088588,6011.978969949289,True,tilde_q_mu,asymptotic,default,sidak_approx,observed,7.92**2 * RBF(length_scale=0.316),0.0290383904062669,0.3959780509945498,0.1072313631224206,0.3159141439544012,0.0263985367329699,62.71321640574816,1646.6138420044192,399,73,326,416,17,0.04,0.3,0.000625,1.0,1e-08,1e+18,False,False,False,False,12,1.1,15.0,11.967108145045245,11.929062472229626,162.66903371222216,129.77852788561154,study_results/v4p2_followups_20260806/pseudo65/gp_window_ensemble_20260806/runs/window_3p0/draw_07/attempt_01/results_single.csv,1,1,1,1,single_attempt_outside_55_75MeV,False,,,,,,,window_3p0,7
2021,0.092,0.002448596,0.086490659,0.097509341,1668257878.789034,1.64,0.08798430256,0.0960156974399999,0.0080313948799999,0.0,1.0,8000,0.000125,True,11763.518322192518,2.4888925249501677e-06,0.3209649372549678,0.4650022092377059,2797.786454591444,6008.973773643975,True,tilde_q_mu,asymptotic,default,sidak_approx,observed,7.92**2 * RBF(length_scale=0.317),0.0288938669580575,0.3940072767007851,0.1066976749207735,0.3170447113654687,0.0262671517800523,62.68346785507751,1643.6502176892432,398,74,324,416,18,0.04,0.3,0.000625,1.0,1e-08,1e+18,False,False,False,False,12,1.1,15.0,12.07000720977434,11.800177308979343,160.9115087588092,129.48020472363294,study_results/v4p2_followups_20260806/pseudo65/gp_window_ensemble_20260806/runs/window_3p0/draw_07/attempt_01/results_single.csv,1,1,1,1,single_attempt_outside_55_75MeV,False,,,,,,,window_3p0,7
2021,0.093,0.002463107875,0.08745800728125,0.09854199271875,1647188801.3305027,1.64,0.088960503085,0.097039496915,0.0080789938299999,0.0,1.0,8000,0.000125,True,11889.111377462295,2.520246312934868e-06,0.3022016544946515,0.5180787742066034,3080.9701560434873,5957.315924888405,True,tilde_q_mu,asymptotic,default,sidak_approx,observed,7.96**2 * RBF(length_scale=0.318),0.0287544121970801,0.3921056208692741,0.106182704087187,0.318066900697882,0.0261403747246182,63.42018710475963,1644.3931814488674,398,76,322,416,18,0.04,0.3,0.000625,1.0,1e-08,1e+18,False,False,False,False,12,1.1,15.0,12.167648859231369,11.674036890113918,159.19141213791704,129.13234695329044,study_results/v4p2_followups_20260806/pseudo65/gp_window_ensemble_20260806/runs/window_3p0/draw_07/attempt_01/results_single.csv,1,1,1,1,single_attempt_outside_55_75MeV,False,,,,,,,window_3p0,7
2021,0.094,0.0024777915,0.088424969125,0.099575030875,1625450307.8031468,1.64,0.08993642194,0.09806357806,0.00812715612,0.0,1.0,8000,0.000125,True,10789.291541104643,2.293038253347681e-06,0.3883960898021015,0.2835018292726305,1672.7305818352193,5900.341672979312,True,tilde_q_mu,asymptotic,default,sidak_approx,observed,8.1**2 * RBF(length_scale=0.319),0.0286198656615447,0.3902708953847011,0.1056858580772325,0.3190943074041873,0.0260180596923134,65.56395965080779,1640.47212599956,398,77,321,416,18,0.04,0.3,0.000625,1.0,1e-08,1e+18,False,False,False,False,12,1.1,15.0,12.264339123584156,11.550554460108833,157.50756081966588,128.78174269472927,study_results/v4p2_followups_20260806/pseudo65/gp_window_ensemble_20260806/runs/window_3p0/draw_07/attempt_01/results_single.csv,1,1,1,1,single_attempt_outside_55_75MeV,False,,,,,,,window_3p0,7
2021,0.095,0.002492646875,0.08939154453125,0.10060845546875,1603496027.5520115,1.64,0.090912059125,0.099087940875,0.00817588175,0.0,1.0,8000,0.000125,True,9512.75761404381,2.027845481661738e-06,0.4999026019832914,0.000244140625,-249.3924274470892,5875.043632795409,True,tilde_q_mu,asymptotic,default,sidak_approx,observed,7.94**2 * RBF(length_scale=0.317),0.0284900735818755,0.3885010033892122,0.1052065690591188,0.3165509450867917,0.0259000668926141,63.06595079303733,1640.9769476019171,398,79,319,416,18,0.04,0.3,0.000625,1.0,1e-08,1e+18,False,False,False,False,12,1.1,15.0,12.222012645730338,11.429646881640853,155.85882111328436,126.99389883967892,study_results/v4p2_followups_20260806/pseudo65/gp_window_ensemble_20260806/runs/window_3p0/draw_07/attempt_01/results_single.csv,1,1,1,1,single_attempt_outside_55_75MeV,False,,,,,,,window_3p0,7
2021,0.096,0.002507674,0.0903577335,0.1016422665,1581239228.7143855,1.64,0.09188741464,0.10011258536,0.00822517072,0.0,1.0,8000,0.000125,True,8124.080035891057,1.7379020766022815e-06,0.5,0.0,-3008.787971595249,5819.299012842192,True,tilde_q_mu,asymptotic,default,sidak_approx,observed,7.99**2 * RBF(length_scale=0.317),0.0283648885354218,0.3867939345739346,0.1047442926386298,0.3171158752684166,0.0257862623049289,63.79905778565715,1641.240114955859,398,81,317,416,18,0.04,0.3,0.000625,1.0,1e-08,1e+18,False,False,False,False,12,1.1,15.0,12.297861222322275,11.311234448904392,154.24410612142353,126.45817409616107,study_results/v4p2_followups_20260806/pseudo65/gp_window_ensemble_20260806/runs/window_3p0/draw_07/attempt_01/results_single.csv,1,1,1,1,single_attempt_outside_55_75MeV,False,,,,,,,window_3p0,7
2021,0.097,0.002522872875,0.09132353603125,0.10267646396875,1558363770.3660083,1.64,0.092862488485,0.101137511515,0.0082750230299999,0.0,1.0,8000,0.000125,True,7517.549734143056,1.614937260212453e-06,0.5,0.0,-4553.428870807704,5767.4805461147635,True,tilde_q_mu,asymptotic,default,sidak_approx,observed,8.02**2 * RBF(length_scale=0.318),0.02824416912233,0.3851477607590459,0.104298506662201,0.3177616432260348,0.0256765173839363,64.3089923342797,1641.199212709986,398,82,316,416,18,0.04,0.3,0.000625,1.0,1e-08,1e+18,False,False,False,False,12,1.1,15.0,12.375574088752051,11.195240712368449,152.66237335047882,125.95230079757182,study_results/v4p2_followups_20260806/pseudo65/gp_window_ensemble_20260806/runs/window_3p0/draw_07/attempt_01/results_single.csv,1,1,1,1,single_attempt_outside_55_75MeV,False,,,,,,,window_3p0,7
2021,0.098,0.0025382435,0.092288952125,0.103711047875,1534811175.2125387,1.64,0.09383728066,0.10216271934,0.0083254386799999,0.0,1.0,8000,0.000125,True,7532.397315602128,1.626193098405012e-06,0.5,0.0,-4240.790818224198,5714.778461665088,True,tilde_q_mu,asymptotic,default,sidak_approx,observed,8.04**2 * RBF(length_scale=0.318),0.0281277796610786,0.3835606317419815,0.1038687100926096,0.3182491887699454,0.0255707087827987,64.67584963797984,1641.4892543564365,398,84,314,416,18,0.04,0.3,0.000625,1.0,1e-08,1e+18,False,False,False,False,12,1.1,15.0,12.445849329918822,11.081592314164752,151.11262246588296,125.38166207061904,study_results/v4p2_followups_20260806/pseudo65/gp_window_ensemble_20260806/runs/window_3p0/draw_07/attempt_01/results_single.csv,1,1,1,1,single_attempt_outside_55_75MeV,False,,,,,,,window_3p0,7
2021,0.099,0.002553785875,0.09325398178125,0.10474601821875,1511028905.8514876,1.64,0.094811791165,0.103188208835,0.0083764176699999,0.0,1.0,8000,0.000125,True,8213.989116657944,1.7830604954364366e-06,0.5,0.0,-2321.718958978636,5709.214843835553,True,tilde_q_mu,asymptotic,default,sidak_approx,observed,8.01**2 * RBF(length_scale=0.318),0.0280155899022987,0.3820307713949833,0.1034544219521848,0.3178615142972991,0.0254687180929988,64.2346581296819,1636.0926120762151,397,85,312,416,19,0.04,0.3,0.000625,1.0,1e-08,1e+18,False,False,False,False,12,1.1,15.0,12.480467730516688,10.970218833361969,149.59389318220866,124.46678376952772,study_results/v4p2_followups_20260806/pseudo65/gp_window_ensemble_20260806/runs/window_3p0/draw_07/attempt_01/results_single.csv,1,1,1,1,single_attempt_outside_55_75MeV,False,,,,,,,window_3p0,7
2021,0.1,0.0025695,0.094218625,0.105781375,1487397833.440122,1.64,0.09578602,0.10421398,0.00842796,0.0,1.0,8000,0.000125,True,9095.106566858492,1.985640258714084e-06,0.5,0.0,-219.4409236715644,5619.682632297154,True,tilde_q_mu,asymptotic,default,sidak_approx,observed,8**2 * RBF(length_scale=0.318),0.027907474759607,0.3805564739946421,0.1030551803288439,0.3178706541150798,0.0253704315996428,63.92817052136495,1642.5774352905682,398,87,311,416,18,0.04,0.3,0.000625,1.0,1e-08,1e+18,False,False,False,False,12,1.1,15.0,12.529178026264054,10.861052640438642,148.10526327870872,123.70914734971,study_results/v4p2_followups_20260806/pseudo65/gp_window_ensemble_20260806/runs/window_3p0/draw_07/attempt_01/results_single.csv,1,1,1,1,single_attempt_outside_55_75MeV,False,,,,,,,window_3p0,7
2021,0.101,0.002585385875,0.09518288178125,0.10681711821875,1463545807.7925766,1.64,0.096759967165,0.105240032835,0.00848006567,0.0,1.0,8000,0.000125,True,10299.81993522436,2.2626733437587216e-06,0.3817015677683801,0.3010148961572959,1688.3876464030304,5609.941273171457,True,tilde_q_mu,asymptotic,default,sidak_approx,observed,8.01**2 * RBF(length_scale=0.318),0.0278033140562975,0.3791361007676941,0.1026705414406892,0.3184159127125077,0.0252757400511796,64.23788908533517,1636.9182544396845,397,88,309,416,19,0.04,0.3,0.000625,1.0,1e-08,1e+18,False,False,False,False,12,1.1,15.0,12.59768901198394,10.754028760328694,146.64584673175492,123.15991813504732,study_results/v4p2_followups_20260806/pseudo65/gp_window_ensemble_20260806/runs/window_3p0/draw_07/attempt_01/results_single.csv,1,1,1,1,single_attempt_outside_55_75MeV,False,,,,,,,window_3p0,7
2021,0.102,0.0026014435,0.096146752125,0.1078532478749999,1439773239.9828668,1.64,0.09773363266,0.1062663673399999,0.0085327346799999,0.0,1.0,8000,0.000125,True,10858.10799315116,2.400931721797117e-06,0.3181282750996758,0.4729392095338038,2572.3899716285973,5560.081431685825,True,tilde_q_mu,asymptotic,default,sidak_approx,observed,8.09**2 * RBF(length_scale=0.319),0.0277029922867878,0.3777680766380165,0.1023000787550902,0.3190721805098289,0.0251845384425344,65.44403997627633,1637.2139388631267,397,90,307,416,19,0.04,0.3,0.000625,1.0,1e-08,1e+18,False,False,False,False,12,1.1,15.0,12.66936780429315,10.649084743446428,145.21479195608765,122.65197399437233,study_results/v4p2_followups_20260806/pseudo65/gp_window_ensemble_20260806/runs/window_3p0/draw_07/attempt_01/results_single.csv,1,1,1,1,single_attempt_outside_55_75MeV,False,,,,,,,window_3p0,7
2021,0.103,0.002617672875,0.0971102360312499,0.10888976396875,1415306075.6792226,1.64,0.098707016485,0.107292983515,0.00858596703,0.0,1.0,8000,0.000125,True,12081.830790267588,2.691318367399145e-06,0.2207507759755022,0.7696600869083249,4232.381587105534,5526.580352354075,True,tilde_q_mu,asymptotic,default,sidak_approx,observed,7.92**2 * RBF(length_scale=0.317),0.0276063983918545,0.3764508871616523,0.1019433821586847,0.3169298291869586,0.0250967258107768,62.74553792429788,1635.544622624312,397,91,306,416,19,0.04,0.3,0.000625,1.0,1e-08,1e+18,False,False,False,False,12,1.1,15.0,12.628333734708349,10.546160544164444,143.81128014769695,121.0731227013836,study_results/v4p2_followups_20260806/pseudo65/gp_window_ensemble_20260806/runs/window_3p0/draw_07/attempt_01/results_single.csv,1,1,1,1,single_attempt_outside_55_75MeV,False,,,,,,,window_3p0,7
2021,0.104,0.002634074,0.0980733335,0.1099266664999999,1390650623.4117515,1.64,0.09968011864,0.10831988136,0.00863976272,0.0,1.0,8000,0.000125,True,12777.500814553588,2.86889375579977e-06,0.1735747964043231,0.9401325140542336,5164.249758089262,5490.533243445765,True,tilde_q_mu,asymptotic,default,sidak_approx,observed,7.82**2 * RBF(length_scale=0.316),0.0275134255467139,0.3751830756370089,0.1016000571748166,0.3157320748609069,0.0250122050424672,61.162717470366715,1636.0305574908807,397,93,304,416,19,0.04,0.3,0.000625,1.0,1e-08,1e+18,False,False,False,False,12,1.1,15.0,12.623120365631,10.445198406238394,142.4345237214326,119.8645424771312,study_results/v4p2_followups_20260806/pseudo65/gp_window_ensemble_20260806/runs/window_3p0/draw_07/attempt_01/results_single.csv,1,1,1,1,single_attempt_outside_55_75MeV,False,,,,,,,window_3p0,7
2021,0.105,0.002650646875,0.0990360445312499,0.11096395546875,1366191403.4118524,1.64,0.100652939125,0.109347060875,0.00869412175,0.0,1.0,8000,0.000125,True,12507.975903704748,2.8314318344891698e-06,0.1868161621652107,0.8896900757677626,4889.713409551868,5478.791728630324,True,tilde_q_mu,asymptotic,default,sidak_approx,observed,7.82**2 * RBF(length_scale=0.316),0.0274239709611162,0.3739632403788584,0.1012697242253318,0.3156887189956083,0.0249308826919238,61.11026713968115,1630.6956436070705,396,94,302,416,20,0.04,0.3,0.000625,1.0,1e-08,1e+18,False,False,False,False,12,1.1,15.0,12.662556833492,10.346142754725216,141.08376483716202,119.0987460355723,study_results/v4p2_followups_20260806/pseudo65/gp_window_ensemble_20260806/runs/window_3p0/draw_07/attempt_01/results_single.csv,1,1,1,1,single_attempt_outside_55_75MeV,False,,,,,,,window_3p0,7
2021,0.106,0.0026673915,0.099998369125,0.112001630875,1341676381.151068,1.64,0.10162547794,0.11037452206,0.0087490441199999,0.0,1.0,8000,0.000125,True,11635.638940169734,2.656785661046844e-06,0.2326221111697972,0.7302388120014255,3940.9265755997976,5385.888563801029,True,tilde_q_mu,asymptotic,default,sidak_approx,observed,7.98**2 * RBF(length_scale=0.318),0.0273379356906521,0.3727900321452559,0.1009520179337844,0.3178009758517333,0.0248526688096837,63.67854497970918,1633.729963023295,397,96,301,416,19,0.04,0.3,0.000625,1.0,1e-08,1e+18,False,False,False,False,12,1.1,15.0,12.787398338801488,10.248940093965247,139.758274008617,119.14298139277015,study_results/v4p2_followups_20260806/pseudo65/gp_window_ensemble_20260806/runs/window_3p0/draw_07/attempt_01/results_single.csv,1,1,1,1,single_attempt_outside_55_75MeV,False,,,,,,,window_3p0,7
2021,0.107,0.002684307875,0.10096030728125,0.11303969271875,1317225676.2626095,1.64,0.102597735085,0.111402264915,0.0088045298299999,0.0,1.0,8000,0.000125,True,10948.131658006252,2.522411676331113e-06,0.2775369176394308,0.5901742476632031,3153.3879718378075,5340.989604706636,True,tilde_q_mu,asymptotic,default,sidak_approx,observed,7.96**2 * RBF(length_scale=0.318),0.0272552244585561,0.3716621517075835,0.1006465864674015,0.3175147511423875,0.0247774767805055,63.427820308980685,1634.0239643925347,397,98,299,416,19,0.04,0.3,0.000625,1.0,1e-08,1e+18,False,False,False,False,12,1.1,15.0,12.814652353632791,10.153538911238387,138.45734878961437,118.2855193696392,study_results/v4p2_followups_20260806/pseudo65/gp_window_ensemble_20260806/runs/window_3p0/draw_07/attempt_01/results_single.csv,1,1,1,1,single_attempt_outside_55_75MeV,False,,,,,,,window_3p0,7
2021,0.108,0.002701396,0.101921859,0.114078141,1292640439.8447058,1.64,0.10356971056,0.11243028944,0.0088605788799999,0.0,1.0,8000,0.000125,True,9886.055596825428,2.299542690170528e-06,0.367925352142762,0.3373531410567467,1728.730283134549,5332.89426173467,True,tilde_q_mu,asymptotic,default,sidak_approx,observed,7.93**2 * RBF(length_scale=0.317),0.0271757454873275,0.3705783475544666,0.1003530909153006,0.3169721867749054,0.0247052231702977,62.955517414679505,1629.9750549614437,396,99,297,416,20,0.04,0.3,0.000625,1.0,1e-08,1e+18,False,False,False,False,12,1.1,15.0,12.83016893188765,10.059889585728104,137.18031253265593,117.336438928208,study_results/v4p2_followups_20260806/pseudo65/gp_window_ensemble_20260806/runs/window_3p0/draw_07/attempt_01/results_single.csv,1,1,1,1,single_attempt_outside_55_75MeV,False,,,,,,,window_3p0,7
2021,0.109,0.002718655875,0.10288302428125,0.11511697571875,1268214292.8765628,1.64,0.104541404365,0.1134585956349999,0.0089171912699999,0.0,1.0,8000,0.000125,True,9125.753608139985,2.143727205515007e-06,0.4534298561590568,0.1170004305220288,773.011452201816,5246.847299772688,True,tilde_q_mu,asymptotic,default,sidak_approx,observed,7.95**2 * RBF(length_scale=0.317),0.0270994103395402,0.3695374137210039,0.1000712047006427,0.3174213422720792,0.0246358275814002,63.231631613685174,1636.0974540613242,397,101,296,416,19,0.04,0.3,0.000625,1.0,1e-08,1e+18,False,False,False,False,12,1.1,15.0,12.884541476160043,9.967944302454349,135.92651321528655,116.7567198154784,study_results/v4p2_followups_20260806/pseudo65/gp_window_ensemble_20260806/runs/window_3p0/draw_07/attempt_01/results_single.csv,1,1,1,1,single_attempt_outside_55_75MeV,False,,,,,,,window_3p0,7
2021,0.11,0.0027360875,0.103843803125,0.116156196875,1243647528.4440663,1.64,0.1055128165,0.1144871835,0.008974367,0.0,1.0,8000,0.000125,True,8196.181852711688,1.945546035466586e-06,0.4999026019832914,0.000244140625,-728.7719494812237,5238.112843756248,True,tilde_q_mu,asymptotic,default,sidak_approx,observed,7.92**2 * RBF(length_scale=0.317),0.0270261337672677,0.3685381877354698,0.0998006130245964,0.3167395516902384,0.0245692125156979,62.723093335051736,1630.503973435715,396,102,294,416,20,0.04,0.3,0.000625,1.0,1e-08,1e+18,False,False,False,False,12,1.1,15.0,12.891725833209518,9.87765697086361,134.69532232995832,115.76367776624043,study_results/v4p2_followups_20260806/pseudo65/gp_window_ensemble_20260806/runs/window_3p0/draw_07/attempt_01/results_single.csv,1,1,1,1,single_attempt_outside_55_75MeV,False,,,,,,,window_3p0,7
2021,0.111,0.002753690875,0.10480419553125,0.11719580446875,1219296431.1209323,1.64,0.106483946965,0.115516053035,0.0090321060699999,0.0,1.0,8000,0.000125,True,7563.017938606799,1.8146077908028304e-06,0.5,0.0,-1906.6171629874543,5190.859616061929,True,tilde_q_mu,asymptotic,default,sidak_approx,observed,7.89**2 * RBF(length_scale=0.316),0.0269558335695793,0.3675795486760824,0.0995410123401082,0.3162483374915312,0.0245053032450721,62.31272370439232,1630.3727556860358,396,104,292,416,20,0.04,0.3,0.000625,1.0,1e-08,1e+18,False,False,False,False,12,1.1,15.0,12.905301939290489,9.788983147783204,133.4861338334073,114.84525745524404,study_results/v4p2_followups_20260806/pseudo65/gp_window_ensemble_20260806/runs/window_3p0/draw_07/attempt_01/results_single.csv,1,1,1,1,single_attempt_outside_55_75MeV,False,,,,,,,window_3p0,7
2021,0.112,0.002771466,0.1057642015,0.1182357985,1195083180.8359652,1.64,0.10745479576,0.11654520424,0.00909040848,0.0,1.0,8000,0.000125,True,6881.009969883887,1.6693828675687814e-06,0.5,0.0,-3572.847684623398,5153.859730278266,True,tilde_q_mu,asymptotic,default,sidak_approx,observed,7.79**2 * RBF(length_scale=0.314),0.0268884304576102,0.3666604153310482,0.0992921098536402,0.314442778690023,0.0244440276887365,60.65899599628352,1631.1746115688388,396,105,291,416,20,0.04,0.3,0.000625,1.0,1e-08,1e+18,False,False,False,False,12,1.1,15.0,12.863787535100595,9.70187996447014,132.29836315186554,113.457202321812,study_results/v4p2_followups_20260806/pseudo65/gp_window_ensemble_20260806/runs/window_3p0/draw_07/attempt_01/results_single.csv,1,1,1,1,single_attempt_outside_55_75MeV,False,,,,,,,window_3p0,7
2021,0.113,0.002789412875,0.10672382103125,0.11927617896875,1171074447.656905,1.64,0.108425362885,0.117574637115,0.00914927423,0.0,1.0,8000,0.000125,True,6668.429575766463,1.6363663593335105e-06,0.5,0.0,-3972.167225120896,5101.372370967075,True,tilde_q_mu,asymptotic,default,sidak_approx,observed,7.84**2 * RBF(length_scale=0.315),0.0268238479267369,0.3657797444555033,0.0990536230531478,0.3151953001600273,0.0243853162970335,61.53155546007681,1631.403573393667,396,107,289,416,20,0.04,0.3,0.000625,1.0,1e-08,1e+18,False,False,False,False,12,1.1,15.0,12.925618692851256,9.616306057502122,131.1314462386653,112.99700484820748,study_results/v4p2_followups_20260806/pseudo65/gp_window_ensemble_20260806/runs/window_3p0/draw_07/attempt_01/results_single.csv,1,1,1,1,single_attempt_outside_55_75MeV,False,,,,,,,window_3p0,7
2021,0.114,0.0028075315,0.107683054125,0.120316945875,1146935681.7505815,1.64,0.10939564834,0.11860435166,0.00920870332,0.0,1.0,8000,0.000125,True,6515.126314527055,1.6180757412022874e-06,0.4999026019832914,0.000244140625,-4388.58474774516,5081.709327463457,True,tilde_q_mu,asymptotic,default,sidak_approx,observed,7.83**2 * RBF(length_scale=0.315),0.0267620121354335,0.3649365291195483,0.0988252792607253,0.315289579186824,0.0243291019413032,61.37522534350745,1626.288962897448,395,108,287,416,21,0.04,0.3,0.000625,1.0,1e-08,1e+18,False,False,False,False,12,1.1,15.0,12.959359533594649,9.532221503279144,129.9848386810792,112.30135055896042,study_results/v4p2_followups_20260806/pseudo65/gp_window_ensemble_20260806/runs/window_3p0/draw_07/attempt_01/results_single.csv,1,1,1,1,single_attempt_outside_55_75MeV,False,,,,,,,window_3p0,7
2021,0.115,0.002825821875,0.10864190078125,0.12135809921875,1123372222.1676126,1.64,0.110365652125,0.119634347875,0.00926869575,0.0,1.0,8000,0.000125,True,6392.627404816812,1.606859087177824e-06,0.4998622584051908,0.0003452669830012,-4387.4802582537495,5001.022124437054,True,tilde_q_mu,asymptotic,default,sidak_approx,observed,7.86**2 * RBF(length_scale=0.316),0.026702851790388,0.3641297971416546,0.0986068152083701,0.31567549492218,0.0242753198094436,61.792783469935465,1631.3242496682033,396,110,286,416,20,0.04,0.3,0.000625,1.0,1e-08,1e+18,False,False,False,False,12,1.1,15.0,13.00396853265658,9.4495877559119,128.85801485334406,111.71103802223205,study_results/v4p2_followups_20260806/pseudo65/gp_window_ensemble_20260806/runs/window_3p0/draw_07/attempt_01/results_single.csv,1,1,1,1,single_attempt_outside_55_75MeV,False,,,,,,,window_3p0,7
2021,0.116,0.002844284,0.109600361,0.122399639,1099793946.70252,1.64,0.11133537424,0.12066462576,0.0093292515199999,0.0,1.0,8000,0.000125,True,6366.6606531593,1.620549533534559e-06,0.5,0.0,-4427.605021022759,4989.730887228698,True,tilde_q_mu,asymptotic,default,sidak_approx,observed,7.79**2 * RBF(length_scale=0.315),0.0266462980375249,0.3633586096026131,0.0983979766355584,0.3146239000887904,0.0242239073068408,60.694081402695694,1625.8534144568016,395,111,284,416,21,0.04,0.3,0.000625,1.0,1e-08,1e+18,False,False,False,False,12,1.1,15.0,12.988156539054293,9.368367588301648,127.75046711320428,110.6162043202403,study_results/v4p2_followups_20260806/pseudo65/gp_window_ensemble_20260806/runs/window_3p0/draw_07/attempt_01/results_single.csv,1,1,1,1,single_attempt_outside_55_75MeV,False,,,,,,,window_3p0,7
2021,0.117,0.002862917875,0.11055843478125,0.12344156521875,1076409135.485572,1.64,0.112304814685,0.121695185315,0.00939037063,0.0,1.0,8000,0.000125,True,6661.40888515876,1.7176029499709237e-06,0.5,0.0,-3165.5173449012195,4931.837008061478,True,tilde_q_mu,asymptotic,default,sidak_approx,observed,7.91**2 * RBF(length_scale=0.316),0.0265922843585697,0.3626220594350426,0.0981985179072823,0.3163507246758024,0.0241748039623361,62.56201528835526,1626.6083055390482,395,113,282,416,21,0.04,0.3,0.000625,1.0,1e-08,1e+18,False,False,False,False,12,1.1,15.0,13.085968563330232,9.288525036216694,126.66170503931852,110.4994060214886,study_results/v4p2_followups_20260806/pseudo65/gp_window_ensemble_20260806/runs/window_3p0/draw_07/attempt_01/results_single.csv,1,1,1,1,single_attempt_outside_55_75MeV,False,,,,,,,window_3p0,7
2021,0.118,0.0028817235,0.1115161221249999,0.124483877875,1053178929.4199272,1.64,0.11327397346,0.1227260265399999,0.0094520530799999,0.0,1.0,8000,0.000125,True,7113.245897181929,1.8586755029724296e-06,0.4999026019832914,0.000244140625,-1772.157105728456,4884.121476486721,True,tilde_q_mu,asymptotic,default,sidak_approx,observed,7.92**2 * RBF(length_scale=0.316),0.0265407464728296,0.3619192700840412,0.0980082016513522,0.3162637311525491,0.024127951338936,62.69946763281627,1627.798626144146,395,114,281,416,21,0.04,0.3,0.000625,1.0,1e-08,1e+18,False,False,False,False,12,1.1,15.0,13.107773913742262,9.21002534519002,125.59125470713664,109.74811814962436,study_results/v4p2_followups_20260806/pseudo65/gp_window_ensemble_20260806/runs/window_3p0/draw_07/attempt_01/results_single.csv,1,1,1,1,single_attempt_outside_55_75MeV,False,,,,,,,window_3p0,7
2021,0.119,0.002900700875,0.1124734230312499,0.12552657696875,1030627124.242168,1.64,0.114242850565,0.1237571494349999,0.0095142988699999,0.0,1.0,8000,0.000125,True,7695.267275218376,2.037488194553791e-06,0.5,0.0,-458.2640937634851,4839.13685210319,True,tilde_q_mu,asymptotic,default,sidak_approx,observed,7.92**2 * RBF(length_scale=0.316),0.0264916222438949,0.3612493942349304,0.0978267984138683,0.3164648414755173,0.0240832929489953,62.67112733167016,1630.2752824619593,395,116,279,416,21,0.04,0.3,0.000625,1.0,1e-08,1e+18,False,False,False,False,12,1.1,15.0,13.140430677222598,9.13283492007596,124.53865800103584,109.09944013979631,study_results/v4p2_followups_20260806/pseudo65/gp_window_ensemble_20260806/runs/window_3p0/draw_07/attempt_01/results_single.csv,1,1,1,1,single_attempt_outside_55_75MeV,False,,,,,,,window_3p0,7
2021,0.12,0.00291985,0.1134303374999999,0.1265696624999999,1008026180.837055,1.64,0.115211446,0.124788554,0.009577108,0.0,1.0,8000,0.000125,True,8323.888643642484,2.234565687315767e-06,0.4449141118972978,0.1385215696897693,632.108828486837,4817.9834200300975,True,tilde_q_mu,asymptotic,default,sidak_approx,observed,7.91**2 * RBF(length_scale=0.317),0.0264448515909636,0.3606116126040493,0.0976540863317667,0.3165794969324949,0.0240407741736032,62.62740930853005,1625.1037862238918,394,117,277,416,22,0.04,0.3,0.000625,1.0,1e-08,1e+18,False,False,False,False,12,1.1,15.0,13.168440194413476,9.05692127710794,123.5034719605628,108.4232056210062,study_results/v4p2_followups_20260806/pseudo65/gp_window_ensemble_20260806/runs/window_3p0/draw_07/attempt_01/results_single.csv,1,1,1,1,single_attempt_outside_55_75MeV,False,,,,,,,window_3p0,7
2021,0.121,0.002939170875,0.1143868655312499,0.12761313446875,985440224.1699862,1.64,0.116179759765,0.125820240235,0.0096404804699999,0.0,1.0,8000,0.000125,True,8903.733191475578,2.4248026818138262e-06,0.361768746228821,0.3537349968684056,1676.4676658973249,4743.39421130044,True,tilde_q_mu,asymptotic,default,sidak_approx,observed,7.96**2 * RBF(length_scale=0.317),0.0264003764045369,0.3600051327891407,0.0974898508215015,0.3171314260895019,0.0240003421859427,63.38214836917301,1629.3370219356698,395,119,276,416,21,0.04,0.3,0.000625,1.0,1e-08,1e+18,False,False,False,False,12,1.1,15.0,13.2136210239223,8.982252998317762,122.48526815887854,107.89826096432787,study_results/v4p2_followups_20260806/pseudo65/gp_window_ensemble_20260806/runs/window_3p0/draw_07/attempt_01/results_single.csv,1,1,1,1,single_attempt_outside_55_75MeV,False,,,,,,,window_3p0,7
2021,0.122,0.0029586635,0.115343007125,0.128656992875,963312661.4875358,1.64,0.11714779186,0.12685220814,0.00970441628,0.0,1.0,8000,0.000125,True,9453.418403047745,2.612051303949308e-06,0.2931140536831415,0.5443100861870251,2526.5010824410597,4701.904412607256,True,tilde_q_mu,asymptotic,default,sidak_approx,observed,7.91**2 * RBF(length_scale=0.316),0.0263581404662262,0.3594291881758127,0.0973338842829142,0.3162715176923075,0.0239619458783875,62.623406123881864,1630.2759994872667,395,121,274,416,21,0.04,0.3,0.000625,1.0,1e-08,1e+18,False,False,False,False,12,1.1,15.0,13.198907939174036,8.908799688178892,121.48363211153033,106.89675175710504,study_results/v4p2_followups_20260806/pseudo65/gp_window_ensemble_20260806/runs/window_3p0/draw_07/attempt_01/results_single.csv,1,1,1,1,single_attempt_outside_55_75MeV,False,,,,,,,window_3p0,7
2021,0.123,0.002978327875,0.11629876228125,0.12970123771875,941612336.1342888,1.64,0.118115542285,0.127884457715,0.00976891543,0.0,1.0,8000,0.000125,True,9326.36424913296,2.6148997539978247e-06,0.3022868640680495,0.5178345243090163,2412.332199775904,4677.019763055632,True,tilde_q_mu,asymptotic,default,sidak_approx,observed,7.99**2 * RBF(length_scale=0.317),0.026318089372443,0.3588830368969509,0.0971859858174404,0.3174443173890404,0.02392553579313,63.79941765848482,1625.8679181688667,394,122,272,416,22,0.04,0.3,0.000625,1.0,1e-08,1e+18,False,False,False,False,12,1.1,15.0,13.268012893579204,8.836531932349143,120.49816271385194,106.58474510266616,study_results/v4p2_followups_20260806/pseudo65/gp_window_ensemble_20260806/runs/window_3p0/draw_07/attempt_01/results_single.csv,1,1,1,1,single_attempt_outside_55_75MeV,False,,,,,,,window_3p0,7
2021,0.124,0.002998164,0.117254131,0.130745869,920037116.668702,1.64,0.1190830110399999,0.12891698896,0.00983397792,0.0,1.0,8000,0.000125,True,8980.40555363832,2.5561647315363597e-06,0.3245151167167149,0.455109820264941,2097.0660177210643,4606.49372659355,True,tilde_q_mu,asymptotic,default,sidak_approx,observed,7.97**2 * RBF(length_scale=0.317),0.0262801704617562,0.3583659608421308,0.0970459609598579,0.3170218994792728,0.023891064056142,63.471136004177296,1632.1204177652835,395,124,271,416,21,0.04,0.3,0.000625,1.0,1e-08,1e+18,False,False,False,False,12,1.1,15.0,13.269475931850383,8.765421258395557,119.52847170539395,105.73867856437232,study_results/v4p2_followups_20260806/pseudo65/gp_window_ensemble_20260806/runs/window_3p0/draw_07/attempt_01/results_single.csv,1,1,1,1,single_attempt_outside_55_75MeV,False,,,,,,,window_3p0,7
2021,0.125,0.003018171875,0.11820911328125,0.13179088671875,898531012.9433209,1.64,0.120050198125,0.129949801875,0.00989960375,0.0,1.0,8000,0.000125,True,9033.1558519789,2.6116582165943643e-06,0.3161243453441298,0.4785642015362886,2198.851588072972,4594.683749574561,True,tilde_q_mu,asymptotic,default,sidak_approx,observed,7.88**2 * RBF(length_scale=0.315),0.0262443327457108,0.3578772647142392,0.0969136214228183,0.315358881917331,0.0238584843142826,62.05783613480519,1627.606876043063,394,125,269,416,22,0.04,0.3,0.000625,1.0,1e-08,1e+18,False,False,False,False,12,1.1,15.0,13.21789254351522,8.695440098390975,118.57418315987692,104.486720762823,study_results/v4p2_followups_20260806/pseudo65/gp_window_ensemble_20260806/runs/window_3p0/draw_07/attempt_01/results_single.csv,1,1,1,1,single_attempt_outside_55_75MeV,False,,,,,,,window_3p0,7
2021,0.126,0.0030383515,0.119163709125,0.132836290875,877660484.0400469,1.64,0.12101710354,0.13098289646,0.0099657929199999,0.0,1.0,8000,0.000125,True,8615.748722101995,2.5299728241253363e-06,0.3541531945008895,0.3741316277821502,1722.8585828862722,4547.182487877797,True,tilde_q_mu,asymptotic,default,sidak_approx,observed,7.86**2 * RBF(length_scale=0.315),0.0262105268429174,0.3574162751306931,0.0967887848534561,0.3154306519195293,0.0238277516753795,61.824147728309754,1626.6903938843643,394,127,267,416,22,0.04,0.3,0.000625,1.0,1e-08,1e+18,False,False,False,False,12,1.1,15.0,13.237952796253698,8.626561753278871,117.63493299925732,103.81637934897569,study_results/v4p2_followups_20260806/pseudo65/gp_window_ensemble_20260806/runs/window_3p0/draw_07/attempt_01/results_single.csv,1,1,1,1,single_attempt_outside_55_75MeV,False,,,,,,,window_3p0,7
2021,0.127,0.003058702875,0.12011791853125,0.13388208146875,857126402.643784,1.64,0.121983727285,0.132016272715,0.0100325454299999,0.0,1.0,8000,0.000125,True,8717.365301045538,2.60049829514496e-06,0.3323232409236389,0.4335069999173669,1965.8976230093117,4499.563412866846,True,tilde_q_mu,asymptotic,default,sidak_approx,observed,7.86**2 * RBF(length_scale=0.315),0.0261787049162304,0.3569823397667782,0.0966712746014036,0.3154990571397757,0.0237988226511185,61.81641764324443,1626.7191134090465,394,128,266,416,22,0.04,0.3,0.000625,1.0,1e-08,1e+18,False,False,False,False,12,1.1,15.0,13.25691870412536,8.558760358908806,116.71036853057464,103.14799116922256,study_results/v4p2_followups_20260806/pseudo65/gp_window_ensemble_20260806/runs/window_3p0/draw_07/attempt_01/results_single.csv,1,1,1,1,single_attempt_outside_55_75MeV,False,,,,,,,window_3p0,7
2021,0.128,0.003079226,0.1210717415,0.1349282585,836870911.2847852,1.64,0.12295006936,0.13304993064,0.01009986128,0.0,1.0,8000,0.000125,True,8643.663213189415,2.6202897429637536e-06,0.3283492283163445,0.444476027989069,1987.641018517214,4448.553685525301,True,tilde_q_mu,asymptotic,default,sidak_approx,observed,7.94**2 * RBF(length_scale=0.317),0.0261488206128557,0.3565748265389423,0.0965609194976257,0.3165611328931823,0.0237716551025961,62.976176188469935,1626.7652023845185,394,130,264,416,22,0.04,0.3,0.000625,1.0,1e-08,1e+18,False,False,False,False,12,1.1,15.0,13.316747678145893,8.492010853654708,115.80014800438238,102.80542347108732,study_results/v4p2_followups_20260806/pseudo65/gp_window_ensemble_20260806/runs/window_3p0/draw_07/attempt_01/results_single.csv,1,1,1,1,single_attempt_outside_55_75MeV,False,,,,,,,window_3p0,7
2021,0.129,0.003099920875,0.12202517803125,0.13597482196875,816661383.882061,1.64,0.123916129765,0.134083870235,0.01016774047,0.0,1.0,8000,0.000125,True,8903.68839376474,2.744467826184547e-06,0.2894311328248183,0.555047361741541,2397.966182568552,4425.701846997451,True,tilde_q_mu,asymptotic,default,sidak_approx,observed,7.92**2 * RBF(length_scale=0.316),0.0261208290072193,0.3561931228257187,0.096457553643445,0.3162834872311688,0.0237462081883812,62.76560563642517,1621.7296663320003,393,131,262,416,23,0.04,0.3,0.000625,1.0,1e-08,1e+18,False,False,False,False,12,1.1,15.0,13.319325962362395,8.426288947526562,114.90394019354402,102.02953558650712,study_results/v4p2_followups_20260806/pseudo65/gp_window_ensemble_20260806/runs/window_3p0/draw_07/attempt_01/results_single.csv,1,1,1,1,single_attempt_outside_55_75MeV,False,,,,,,,window_3p0,7
2021,0.13,0.0031207875,0.122978228125,0.137021771875,796778619.4646972,1.64,0.1248819085,0.1351180915,0.010236183,0.0,1.0,8000,0.000125,True,8700.132217143953,2.7274999457075807e-06,0.3011114933195861,0.5212064137977586,2270.652609747762,4354.276494503216,True,tilde_q_mu,asymptotic,default,sidak_approx,observed,7.93**2 * RBF(length_scale=0.316),0.0260946865464589,0.3558366347244401,0.0963610162092589,0.3164843338691717,0.0237224423149626,62.95421643531138,1627.3839942252516,394,133,261,416,22,0.04,0.3,0.000625,1.0,1e-08,1e+18,False,False,False,False,12,1.1,15.0,13.341136197833752,8.36157109269982,114.0214239913612,101.41168979597992,study_results/v4p2_followups_20260806/pseudo65/gp_window_ensemble_20260806/runs/window_3p0/draw_07/attempt_01/results_single.csv,1,1,1,1,single_attempt_outside_55_75MeV,False,,,,,,,window_3p0,7
2021,0.131,0.003141825875,0.12393089178125,0.13806910821875,777717056.7816086,1.64,0.125847405565,0.136152594435,0.0103051888699999,0.0,1.0,8000,0.000125,True,152728.63206830944,4.867965194660146e-05,0.5,0.0,-27492.952196422477,120825.88498045182,True,tilde_q_mu,asymptotic,default,sidak_approx,observed,4.06**2 * RBF(length_scale=0.0521),0.0260703509983903,0.3555047863416871,0.0962711512423922,0.0520902337502853,0.0237003190894458,16.449755957337427,1237.7823470049534,393,134,259,416,23,0.04,0.3,0.000625,1.0,1e-08,1e+18,False,False,False,False,12,1.1,15.0,2.197870566792583,8.297834455383493,113.1522880279567,16.579605561458852,study_results/v4p2_followups_20260806/pseudo65/gp_window_ensemble_20260806/runs/window_3p0/draw_07/attempt_01/results_single.csv,1,1,1,1,single_attempt_outside_55_75MeV,False,,,,,,,window_3p0,7
2021,0.132,0.003163036,0.124883169,0.139116831,758729637.4451472,1.64,0.12681262096,0.13718737904,0.0103747580799999,0.0,1.0,8000,0.000125,True,7154.218314355631,2.319642893040636e-06,0.4812023321131918,0.0471362147254895,199.24152244318833,4273.472145067604,True,tilde_q_mu,asymptotic,default,sidak_approx,observed,8.09**2 * RBF(length_scale=0.319),0.0260477814018274,0.3551970191158293,0.0961878074836403,0.3189426581212819,0.0236798012743886,65.45344868883689,1620.199071182693,393,136,257,416,23,0.04,0.3,0.000625,1.0,1e-08,1e+18,False,False,False,False,12,1.1,15.0,13.468975285119512,8.235056888959685,112.2962303039957,100.8343433717738,study_results/v4p2_followups_20260806/pseudo65/gp_window_ensemble_20260806/runs/window_3p0/draw_07/attempt_01/results_single.csv,1,1,1,1,single_attempt_outside_55_75MeV,False,,,,,,,window_3p0,7
2021,0.133,0.003184417875,0.12583505978125,0.14016494021875,740120080.2932594,1.64,0.127777554685,0.138222445315,0.0104448906299999,0.0,1.0,8000,0.000125,True,6648.681618130018,2.193318139673581e-06,0.5,0.0,-550.985332724513,4234.223036571061,True,tilde_q_mu,asymptotic,default,sidak_approx,observed,7.98**2 * RBF(length_scale=0.317),0.0260269380191233,0.3549127911698635,0.0961108381920171,0.31728969596304,0.0236608527446575,63.71489963035248,1617.17126412764,393,137,256,416,23,0.04,0.3,0.000625,1.0,1e-08,1e+18,False,False,False,False,12,1.1,15.0,13.409901130240604,8.173216908325301,111.45295784079954,99.6382096878664,study_results/v4p2_followups_20260806/pseudo65/gp_window_ensemble_20260806/runs/window_3p0/draw_07/attempt_01/results_single.csv,1,1,1,1,single_attempt_outside_55_75MeV,False,,,,,,,window_3p0,7
2021,0.134,0.0032059715,0.126786564125,0.141213435875,721731213.3148873,1.64,0.12874220674,0.13925779326,0.01051558652,0.0,1.0,8000,0.000125,True,6211.8171953957735,2.085731029898486e-06,0.5,0.0,-1309.1798675014377,4195.462857484951,True,tilde_q_mu,asymptotic,default,sidak_approx,observed,7.92**2 * RBF(length_scale=0.316),0.0260077822908281,0.3546515766931113,0.0960401009773177,0.3163806730800879,0.0236434384462074,62.64847867459989,1618.9224262315977,393,139,254,416,23,0.04,0.3,0.000625,1.0,1e-08,1e+18,False,False,False,False,12,1.1,15.0,13.381330883826571,8.112293665376676,110.62218634604557,98.68480523925052,study_results/v4p2_followups_20260806/pseudo65/gp_window_ensemble_20260806/runs/window_3p0/draw_07/attempt_01/results_single.csv,1,1,1,1,single_attempt_outside_55_75MeV,False,,,,,,,window_3p0,7
2021,0.135,0.003227696875,0.12773768203125,0.14226231796875,703839749.1336825,1.64,0.129706577125,0.140293422875,0.01058684575,0.0,1.0,8000,0.000125,True,5753.964920691804,1.966434900814197e-06,0.4940370289148654,0.0149475085195008,-2325.3249956182203,4169.205440857844,True,tilde_q_mu,asymptotic,default,sidak_approx,observed,7.96**2 * RBF(length_scale=0.317),0.025990276792342,0.3544128653501188,0.0959754576400479,0.316938639942795,0.0236275243566745,63.3462275792563,1613.6941861142311,392,140,252,416,24,0.04,0.3,0.000625,1.0,1e-08,1e+18,False,False,False,False,12,1.1,15.0,13.41395887094969,8.052266925574306,109.80363989419509,98.19343396142024,study_results/v4p2_followups_20260806/pseudo65/gp_window_ensemble_20260806/runs/window_3p0/draw_07/attempt_01/results_single.csv,1,1,1,1,single_attempt_outside_55_75MeV,False,,,,,,,window_3p0,7
2021,0.136,0.003249594,0.1286884135,0.1433115865,686424779.2721932,1.64,0.13067066584,0.14132933416,0.01065866832,0.0,1.0,8000,0.000125,True,5456.201287553017,1.897922370014483e-06,0.5,0.0,-2886.1528221478284,4100.685594923011,True,tilde_q_mu,asymptotic,default,sidak_approx,observed,8.04**2 * RBF(length_scale=0.318),0.0259743851924713,0.3541961617155187,0.0959167740183841,0.3180533643743147,0.0236130774477012,64.66419359265426,1618.9714334684563,393,142,251,416,23,0.04,0.3,0.000625,1.0,1e-08,1e+18,False,False,False,False,12,1.1,15.0,13.469373701024198,7.993117045535957,108.99705062094486,97.87480047486386,study_results/v4p2_followups_20260806/pseudo65/gp_window_ensemble_20260806/runs/window_3p0/draw_07/attempt_01/results_single.csv,1,1,1,1,single_attempt_outside_55_75MeV,False,,,,,,,window_3p0,7
2021,0.137,0.003271662875,0.12963875853125,0.14436124146875,669116428.5880822,1.64,0.131634472885,0.142365527115,0.0107310542299999,0.0,1.0,8000,0.000125,True,5464.3972543401505,1.935708362410002e-06,0.4999311292015692,0.0001726334915006,-2762.055112450528,4080.134039923757,True,tilde_q_mu,asymptotic,default,sidak_approx,observed,8.02**2 * RBF(length_scale=0.318),0.0259600722137896,0.3540009847334957,0.0958639198417955,0.3176416548876464,0.0236000656488997,64.28173032009035,1614.974353920249,392,143,249,416,24,0.04,0.3,0.000625,1.0,1e-08,1e+18,False,False,False,False,12,1.1,15.0,13.45935471592451,7.93482495160498,108.20215843097698,97.0887487567454,study_results/v4p2_followups_20260806/pseudo65/gp_window_ensemble_20260806/runs/window_3p0/draw_07/attempt_01/results_single.csv,1,1,1,1,single_attempt_outside_55_75MeV,False,,,,,,,window_3p0,7
2021,0.138,0.0032939035,0.130588717125,0.145411282875,652262296.7982231,1.64,0.13259799826,0.14340200174,0.0108040034799999,0.0,1.0,8000,0.000125,True,5625.981976607287,2.0296301084248107e-06,0.5,0.0,-2121.949962842546,4040.497154769428,True,tilde_q_mu,asymptotic,default,sidak_approx,observed,7.98**2 * RBF(length_scale=0.317),0.0259473035947063,0.3538268672005407,0.095816768590974,0.3172900162611078,0.0235884578133693,63.668558909511496,1614.1693041904264,392,145,247,416,24,0.04,0.3,0.000625,1.0,1e-08,1e+18,False,False,False,False,12,1.1,15.0,13.451070806387154,7.877372119342997,107.41871071831358,96.32644558685698,study_results/v4p2_followups_20260806/pseudo65/gp_window_ensemble_20260806/runs/window_3p0/draw_07/attempt_01/results_single.csv,1,1,1,1,single_attempt_outside_55_75MeV,False,,,,,,,window_3p0,7
2021,0.139,0.003316315875,0.13153828928125,0.14646171071875,635785521.2448627,1.64,0.133561241965,0.144438758035,0.0108775160699999,0.0,1.0,8000,0.000125,True,5718.374180824333,2.101198384572851e-06,0.5,0.0,-1706.2666059628073,3996.129288596296,True,tilde_q_mu,asymptotic,default,sidak_approx,observed,7.99**2 * RBF(length_scale=0.317),0.0259360460531648,0.3536733552704296,0.0957751973637809,0.3174576628442425,0.0235782236846953,63.91558262433934,1614.2964087714204,392,146,246,416,24,0.04,0.3,0.000625,1.0,1e-08,1e+18,False,False,False,False,12,1.1,15.0,13.464019473625791,7.820740553903008,106.64646209867738,95.72600283265912,study_results/v4p2_followups_20260806/pseudo65/gp_window_ensemble_20260806/runs/window_3p0/draw_07/attempt_01/results_single.csv,1,1,1,1,single_attempt_outside_55_75MeV,False,,,,,,,window_3p0,7
2021,0.14,0.0033389,0.132487475,0.147512525,619834689.867921,1.64,0.134524204,0.145475796,0.010951592,0.0,1.0,8000,0.000125,True,5885.009882332174,2.2022326867692584e-06,0.5,0.0,-1161.1814757674024,3955.0191753024887,True,tilde_q_mu,asymptotic,default,sidak_approx,observed,8.06**2 * RBF(length_scale=0.318),0.0259262672518869,0.3535400079802764,0.0957390867469023,0.3182969219134101,0.0235693338653517,64.95030242263147,1613.9859333604943,392,148,244,416,24,0.04,0.3,0.000625,1.0,1e-08,1e+18,False,False,False,False,12,1.1,15.0,13.504705891638473,7.764912771238112,105.88517415324698,95.32987568163468,study_results/v4p2_followups_20260806/pseudo65/gp_window_ensemble_20260806/runs/window_3p0/draw_07/attempt_01/results_single.csv,1,1,1,1,single_attempt_outside_55_75MeV,False,,,,,,,window_3p0,7
2021,0.141,0.003361655875,0.13343627428125,0.1485637257187499,604132627.2786524,1.64,0.1354868843649999,0.146513115635,0.01102623127,0.0,1.0,8000,0.000125,True,5903.160052376079,2.250365580176882e-06,0.4999311292015692,0.0001726334915006,-1067.8898163945628,3936.9579025104663,True,tilde_q_mu,asymptotic,default,sidak_approx,observed,8**2 * RBF(length_scale=0.317),0.0259179357650831,0.3534263967965889,0.0957083206929198,0.3172531786352893,0.0235617597864392,63.93726964314775,1611.2103604903618,391,149,242,416,25,0.04,0.3,0.000625,1.0,1e-08,1e+18,False,False,False,False,12,1.1,15.0,13.464748877453594,7.709871780103963,105.13461518323584,94.37407945133268,study_results/v4p2_followups_20260806/pseudo65/gp_window_ensemble_20260806/runs/window_3p0/draw_07/attempt_01/results_single.csv,1,1,1,1,single_attempt_outside_55_75MeV,False,,,,,,,window_3p0,7
2021,0.142,0.0033845835,0.1343846871249999,0.149615312875,588792286.6909375,1.64,0.1364492830599999,0.14755071694,0.01110143388,0.0,1.0,8000,0.000125,True,6013.186403035842,2.3354691365913774e-06,0.5,0.0,-648.4848708273743,3877.7049160615534,True,tilde_q_mu,asymptotic,default,sidak_approx,observed,7.98**2 * RBF(length_scale=0.317),0.0259110210465671,0.3533321051804605,0.0956827864025644,0.3171980366410102,0.0235554736786973,63.69373418657826,1616.280879634735,392,151,241,416,24,0.04,0.3,0.000625,1.0,1e-08,1e+18,False,False,False,False,12,1.1,15.0,13.466001192235478,7.6556010648184945,104.39455997479764,93.71848460556822,study_results/v4p2_followups_20260806/pseudo65/gp_window_ensemble_20260806/runs/window_3p0/draw_07/attempt_01/results_single.csv,1,1,1,1,single_attempt_outside_55_75MeV,False,,,,,,,window_3p0,7
2021,0.143,0.003407682875,0.1353327135312499,0.15066728646875,573696429.0826498,1.64,0.137411400085,0.1485885999149999,0.0111771998299999,0.0,1.0,8000,0.000125,True,6210.1657370831235,2.4581304617340117e-06,0.5,0.0,-166.39011186284117,3836.185643307432,True,tilde_q_mu,asymptotic,default,sidak_approx,observed,8.01**2 * RBF(length_scale=0.318),0.025905493399191,0.3532567281707865,0.0956623742118505,0.3177411308594399,0.0235504485447191,64.17720638568316,1616.9153397189502,392,153,239,416,24,0.04,0.3,0.000625,1.0,1e-08,1e+18,False,False,False,False,12,1.1,15.0,13.491935419238096,7.602084568738228,103.66478957370308,93.24257641182058,study_results/v4p2_followups_20260806/pseudo65/gp_window_ensemble_20260806/runs/window_3p0/draw_07/attempt_01/results_single.csv,1,1,1,1,single_attempt_outside_55_75MeV,False,,,,,,,window_3p0,7
2021,0.144,0.003430954,0.1362803534999999,0.1517196465,559083772.4170778,1.64,0.13837323544,0.14962676456,0.0112535291199999,0.0,1.0,8000,0.000125,True,6267.07113241944,2.527814304389634e-06,0.5,0.0,-15.862126497406765,3815.9185524508753,True,tilde_q_mu,asymptotic,default,sidak_approx,observed,7.98**2 * RBF(length_scale=0.317),0.0259013239455544,0.3531998719848339,0.0956469774839098,0.3173674879239435,0.0235466581323222,63.70198844736901,1611.7632845097437,391,154,237,416,25,0.04,0.3,0.000625,1.0,1e-08,1e+18,False,False,False,False,12,1.1,15.0,13.47823908346027,7.5493066784207805,102.94509106937429,92.5012366601078,study_results/v4p2_followups_20260806/pseudo65/gp_window_ensemble_20260806/runs/window_3p0/draw_07/attempt_01/results_single.csv,1,1,1,1,single_attempt_outside_55_75MeV,False,,,,,,,window_3p0,7
2021,0.145,0.003454396875,0.1372276070312499,0.15277239296875,544779001.7566646,1.64,0.139334789125,0.1506652108749999,0.0113304217499999,0.0,1.0,8000,0.000125,True,6369.208027335993,2.618285460376197e-06,0.4670761830867193,0.082621674832886,310.1853799125469,3754.437792934498,True,tilde_q_mu,asymptotic,default,sidak_approx,observed,8.01**2 * RBF(length_scale=0.318),0.0258984845999115,0.3531611536351575,0.095636492505252,0.3177832670464199,0.0235440769090105,64.08644736275001,1617.6773198321598,392,156,236,416,24,0.04,0.3,0.000625,1.0,1e-08,1e+18,False,False,False,False,12,1.1,15.0,13.497376358161734,7.49725220843698,102.235257387777,91.9938497357574,study_results/v4p2_followups_20260806/pseudo65/gp_window_ensemble_20260806/runs/window_3p0/draw_07/attempt_01/results_single.csv,1,1,1,1,single_attempt_outside_55_75MeV,False,,,,,,,window_3p0,7
2021,0.146,0.0034780115,0.138174474125,0.1538255258749999,530723198.11642635,1.64,0.1402960611399999,0.15170393886,0.01140787772,0.0,1.0,8000,0.000125,True,6283.2382920210675,2.633191992302098e-06,0.475942899729117,0.0603388010501568,225.86614376955075,3734.925145389356,True,tilde_q_mu,asymptotic,default,sidak_approx,observed,7.98**2 * RBF(length_scale=0.317),0.0258969480412312,0.3531402005622441,0.0956308183862839,0.3173324114351958,0.0235426800374829,63.65403081121286,1612.5844710159854,391,157,234,416,25,0.04,0.3,0.000625,1.0,1e-08,1e+18,False,False,False,False,12,1.1,15.0,13.47902664140031,7.445906386805,101.53508709279544,91.23960959737936,study_results/v4p2_followups_20260806/pseudo65/gp_window_ensemble_20260806/runs/window_3p0/draw_07/attempt_01/results_single.csv,1,1,1,1,single_attempt_outside_55_75MeV,False,,,,,,,window_3p0,7
2021,0.147,0.0035017978749999,0.13912095478125,0.1548790452187499,517058895.8195766,1.64,0.141257051485,0.1527429485149999,0.0114858970299999,0.0,1.0,8000,0.000125,True,6168.3995088497195,2.6353303691798716e-06,0.4856989790246891,0.0358550244852518,142.57933273341777,3696.145847340458,True,tilde_q_mu,asymptotic,default,sidak_approx,observed,7.96**2 * RBF(length_scale=0.317),0.025896687687343,0.353136650281951,0.0956298569658356,0.3170813794522237,0.02354244335213,63.35833706778391,1613.751562541263,391,159,232,416,25,0.04,0.3,0.000625,1.0,1e-08,1e+18,False,False,False,False,12,1.1,15.0,13.468499199915666,7.3952548410130845,100.84438419563295,90.5481671903247,study_results/v4p2_followups_20260806/pseudo65/gp_window_ensemble_20260806/runs/window_3p0/draw_07/attempt_01/results_single.csv,1,1,1,1,single_attempt_outside_55_75MeV,False,,,,,,,window_3p0,7
2021,0.148,0.0035257559999999,0.140067049,0.155932951,503681799.08701915,1.64,0.1422177601599999,0.15378223984,0.01156447968,0.0,1.0,8000,0.000125,True,5920.560914879171,2.5790799359976144e-06,0.5,0.0,-158.05283407484538,3656.21665366071,True,tilde_q_mu,asymptotic,default,sidak_approx,observed,7.93**2 * RBF(length_scale=0.317),0.0258976776701328,0.3531501500472667,0.0956335127195648,0.3166074287633458,0.0235433433364844,62.82610712533231,1614.3693831735163,391,160,231,416,25,0.04,0.3,0.000625,1.0,1e-08,1e+18,False,False,False,False,12,1.1,15.0,13.447853358732967,7.345283584607923,100.16295797192622,89.79845138555982,study_results/v4p2_followups_20260806/pseudo65/gp_window_ensemble_20260806/runs/window_3p0/draw_07/attempt_01/results_single.csv,1,1,1,1,single_attempt_outside_55_75MeV,False,,,,,,,window_3p0,7
2021,0.149,0.003549885875,0.14101275678125,0.15698724321875,490644352.2917579,1.64,0.143178187165,0.154821812835,0.0116436256699999,0.0,1.0,8000,0.000125,True,5676.85777219561,2.521592261864915e-06,0.5,0.0,-482.86347616697486,3619.217694942246,True,tilde_q_mu,asymptotic,default,sidak_approx,observed,7.91**2 * RBF(length_scale=0.316),0.0258998928117245,0.353180356523517,0.0956416926720024,0.3162659048462095,0.0235453571015678,62.5116506095163,1613.3118975211237,391,162,229,416,25,0.04,0.3,0.000625,1.0,1e-08,1e+18,False,False,False,False,12,1.1,15.0,13.43219826660223,7.295979004317872,99.49062278615278,89.09185139542252,study_results/v4p2_followups_20260806/pseudo65/gp_window_ensemble_20260806/runs/window_3p0/draw_07/attempt_01/results_single.csv,1,1,1,1,single_attempt_outside_55_75MeV,False,,,,,,,window_3p0,7
2021,0.15,0.0035741875,0.141958078125,0.158041921875,477946931.2512179,1.64,0.1441383325,0.1558616675,0.011723335,0.0,1.0,8000,0.000125,True,5559.523708022324,2.5181788505128247e-06,0.4999311292015692,0.0001726334915006,-627.4317541071294,3594.3562801694907,True,tilde_q_mu,asymptotic,default,sidak_approx,observed,7.94**2 * RBF(length_scale=0.317),0.0259033086016125,0.3532269354765349,0.0956543063121079,0.3167263465071795,0.0235484623651023,62.98686881973287,1608.4494072155464,390,163,227,416,26,0.04,0.3,0.000625,1.0,1e-08,1e+18,False,False,False,False,12,1.1,15.0,13.449979943342395,7.247327847689178,98.82719792303423,88.61492199476932,study_results/v4p2_followups_20260806/pseudo65/gp_window_ensemble_20260806/runs/window_3p0/draw_07/attempt_01/results_single.csv,1,1,1,1,single_attempt_outside_55_75MeV,False,,,,,,,window_3p0,7
2021,0.151,0.003598660875,0.14290301303125,0.15909698696875,465470649.96646106,1.64,0.145098196165,0.156901803835,0.0118036076699999,0.0,1.0,8000,0.000125,True,5536.302530351297,2.5578229919277954e-06,0.5,0.0,-533.6140957185343,3550.1463070216537,True,tilde_q_mu,asymptotic,default,sidak_approx,observed,8.02**2 * RBF(length_scale=0.318),0.0259079011746969,0.3532895614731401,0.0956712655121596,0.3179481574553229,0.0235526374315426,64.37656895467937,1609.5716295271811,390,165,225,416,26,0.04,0.3,0.000625,1.0,1e-08,1e+18,False,False,False,False,12,1.1,15.0,13.499471487193762,7.199317211210392,98.17250742559624,88.35179765454362,study_results/v4p2_followups_20260806/pseudo65/gp_window_ensemble_20260806/runs/window_3p0/draw_07/attempt_01/results_single.csv,1,1,1,1,single_attempt_outside_55_75MeV,False,,,,,,,window_3p0,7
2021,0.152,0.003623306,0.1438475615,0.1601524385,453362715.5960102,1.64,0.1460577781599999,0.15794222184,0.01188444368,0.0,1.0,8000,0.000125,True,5264.006575542169,2.480544121195156e-06,0.5,0.0,-962.961423941186,3514.4948804551477,True,tilde_q_mu,asymptotic,default,sidak_approx,observed,7.96**2 * RBF(length_scale=0.317),0.0259136472901786,0.3533679175933457,0.0956924844498192,0.3170973918935517,0.0235578611728897,63.37338693665869,1609.941933234814,390,166,224,416,26,0.04,0.3,0.000625,1.0,1e-08,1e+18,False,False,False,False,12,1.1,15.0,13.46036423113258,7.151934528902247,97.5263799395761,87.51603974203441,study_results/v4p2_followups_20260806/pseudo65/gp_window_ensemble_20260806/runs/window_3p0/draw_07/attempt_01/results_single.csv,1,1,1,1,single_attempt_outside_55_75MeV,False,,,,,,,window_3p0,7
2021,0.153,0.003648122875,0.14479172353125,0.16120827646875,441644549.5313737,1.64,0.147017078485,0.158982921515,0.0119658430299999,0.0,1.0,8000,0.000125,True,5284.311398434538,2.53947544798736e-06,0.5,0.0,-790.296695205849,3475.916354332677,True,tilde_q_mu,asymptotic,default,sidak_approx,observed,8**2 * RBF(length_scale=0.318),0.0259205243112793,0.3534616951538094,0.0957178795332425,0.3175722923650009,0.0235641130102539,63.961827196790146,1609.0335280989436,390,168,222,416,26,0.04,0.3,0.000625,1.0,1e-08,1e+18,False,False,False,False,12,1.1,15.0,13.476946585123269,7.105167561352867,96.88864856390272,87.05087609336648,study_results/v4p2_followups_20260806/pseudo65/gp_window_ensemble_20260806/runs/window_3p0/draw_07/attempt_01/results_single.csv,1,1,1,1,single_attempt_outside_55_75MeV,False,,,,,,,window_3p0,7
2021,0.154,0.0036731115,0.145735499125,0.162264500875,430164399.9517347,1.64,0.1479760971399999,0.16002390286,0.01204780572,0.0,1.0,8000,0.000125,True,5509.722053128485,2.7008124457430433e-06,0.4999311292015692,0.0001726334915006,-298.8049674890204,3453.630455053912,True,tilde_q_mu,asymptotic,default,sidak_approx,observed,8.01**2 * RBF(length_scale=0.318),0.0259285101857464,0.3535705934419964,0.0957473693290902,0.3176865493450178,0.023571372896133,64.22306095114921,1606.0067867502896,389,169,220,416,27,0.04,0.3,0.000625,1.0,1e-08,1e+18,False,False,False,False,12,1.1,15.0,13.477643018287432,7.0590043851776345,96.25915070696774,86.4897646981361,study_results/v4p2_followups_20260806/pseudo65/gp_window_ensemble_20260806/runs/window_3p0/draw_07/attempt_01/results_single.csv,1,1,1,1,single_attempt_outside_55_75MeV,False,,,,,,,window_3p0,7
2021,0.155,0.003698271875,0.14667888828125,0.16332111171875,419006242.6242384,1.64,0.148934834125,0.161065165875,0.01213033175,0.0,1.0,8000,0.000125,True,5832.973576925808,2.916471518453056e-06,0.4563531276634757,0.1096256653472996,372.7871052403055,3403.8425575099286,True,tilde_q_mu,asymptotic,default,sidak_approx,observed,7.98**2 * RBF(length_scale=0.317),0.0259375834271065,0.3536943194605435,0.0957808744933012,0.3172294581947771,0.0235796212973695,63.75481371073536,1611.358918548883,390,171,219,416,26,0.04,0.3,0.000625,1.0,1e-08,1e+18,False,False,False,False,12,1.1,15.0,13.453543387915468,7.01343338288414,95.63772794842008,85.77775483171503,study_results/v4p2_followups_20260806/pseudo65/gp_window_ensemble_20260806/runs/window_3p0/draw_07/attempt_01/results_single.csv,1,1,1,1,single_attempt_outside_55_75MeV,False,,,,,,,window_3p0,7
2021,0.156,0.003723604,0.147621891,0.164378109,408018948.64312065,1.64,0.14989328944,0.16210671056,0.01221342112,0.0,1.0,8000,0.000125,True,6467.95794415489,3.2997586699878734e-06,0.3396277939077403,0.413479160161929,1367.8048793655014,3383.5662584642555,True,tilde_q_mu,asymptotic,default,sidak_approx,observed,7.99**2 * RBF(length_scale=0.317),0.0259477230966391,0.353832587681443,0.0958183177045254,0.3172953237058954,0.0235888391787628,63.82738381861912,1607.349413657302,389,172,217,416,27,0.04,0.3,0.000625,1.0,1e-08,1e+18,False,False,False,False,12,1.1,15.0,13.451078338418524,6.968443233125529,95.0242259062572,85.21188711417632,study_results/v4p2_followups_20260806/pseudo65/gp_window_ensemble_20260806/runs/window_3p0/draw_07/attempt_01/results_single.csv,1,1,1,1,single_attempt_outside_55_75MeV,False,,,,,,,window_3p0,7
2021,0.157,0.003749107875,0.14856450728125,0.16543549271875,397354285.67265946,1.64,0.150851463085,0.163148536915,0.01229707383,0.0,1.0,8000,0.000125,True,7207.629592606168,3.7517580916783687e-06,0.2340080176533128,0.7257108721985366,2428.3368932082485,3346.333498226421,True,tilde_q_mu,asymptotic,default,sidak_approx,observed,8.06**2 * RBF(length_scale=0.318),0.0259589087860322,0.3539851198095312,0.0958596236000764,0.3182765783605276,0.023599007987302,64.9528997454572,1606.0028674024795,389,174,215,416,27,0.04,0.3,0.000625,1.0,1e-08,1e+18,False,False,False,False,12,1.1,15.0,13.4868626059105,6.924022901323501,94.41849410895684,84.89395050029803,study_results/v4p2_followups_20260806/pseudo65/gp_window_ensemble_20260806/runs/window_3p0/draw_07/attempt_01/results_single.csv,1,1,1,1,single_attempt_outside_55_75MeV,False,,,,,,,window_3p0,7
2021,0.158,0.0037747835,0.149506737125,0.166493262875,387039666.85970527,1.64,0.15180935506,0.16419064494,0.0123812898799999,0.0,1.0,8000,0.000125,True,7772.342030167503,4.127235608455887e-06,0.1677902098114075,0.9629344504637336,3189.2502399610253,3312.2140110669616,True,tilde_q_mu,asymptotic,default,sidak_approx,observed,8.03**2 * RBF(length_scale=0.318),0.0259711206006934,0.3541516445549109,0.0959047187143026,0.3179483832384894,0.023610109636994,64.55118661567975,1606.035473860916,389,175,214,416,27,0.04,0.3,0.000625,1.0,1e-08,1e+18,False,False,False,False,12,1.1,15.0,13.466620364197908,6.880161630645431,93.82038587243768,84.22956793111166,study_results/v4p2_followups_20260806/pseudo65/gp_window_ensemble_20260806/runs/window_3p0/draw_07/attempt_01/results_single.csv,1,1,1,1,single_attempt_outside_55_75MeV,False,,,,,,,window_3p0,7
2021,0.159,0.003800630875,0.15044858053125,0.16755141946875,376812670.72105056,1.64,0.152766965365,0.165233034635,0.0124660692699999,0.0,1.0,8000,0.000125,True,8274.936820792434,4.4849952391930765e-06,0.1218749833024545,1.165664875688196,3824.102698410184,3283.321157777462,True,tilde_q_mu,asymptotic,default,sidak_approx,observed,7.98**2 * RBF(length_scale=0.317),0.0259843391436889,0.3543318974139398,0.0959535314192792,0.3171435022537364,0.0236221264942626,63.62379965860332,1605.7748474357802,389,177,212,416,27,0.04,0.3,0.000625,1.0,1e-08,1e+18,False,False,False,False,12,1.1,15.0,13.425696553219472,6.836848933320556,93.22975818164392,83.44496287178545,study_results/v4p2_followups_20260806/pseudo65/gp_window_ensemble_20260806/runs/window_3p0/draw_07/attempt_01/results_single.csv,1,1,1,1,single_attempt_outside_55_75MeV,False,,,,,,,window_3p0,7
2021,0.16,0.00382665,0.1513900375,0.1686099625,367005424.0565123,1.64,0.153724294,0.166275706,0.0125514119999999,0.0,1.0,8000,0.000125,True,8472.711457323872,4.685434522124985e-06,0.1052254399910915,1.2523266001649724,4086.76175648502,3263.1844683738655,True,tilde_q_mu,asymptotic,default,sidak_approx,observed,8.01**2 * RBF(length_scale=0.318),0.0259985455002782,0.3545256204583391,0.0960059918676979,0.3176422765875006,0.0236350413638892,64.15442578156257,1601.0154031772297,388,178,210,416,28,0.04,0.3,0.000625,1.0,1e-08,1e+18,False,False,False,False,12,1.1,15.0,13.439463536239437,6.7940745822790705,92.64647157653278,83.00792510093703,study_results/v4p2_followups_20260806/pseudo65/gp_window_ensemble_20260806/runs/window_3p0/draw_07/attempt_01/results_single.csv,1,1,1,1,single_attempt_outside_55_75MeV,False,,,,,,,window_3p0,7
2021,0.161,0.003852840875,0.15233110803125,0.16966889196875,357410945.39902496,1.64,0.154681340965,0.167318659035,0.01263731807,0.0,1.0,8000,0.000125,True,8115.441731986945,4.579714044384119e-06,0.1212360540484707,1.1688300564320784,3759.227167303237,3217.3221921998897,True,tilde_q_mu,asymptotic,default,sidak_approx,observed,7.99**2 * RBF(length_scale=0.317),0.0260137212230255,0.3547325621321662,0.0960620319378876,0.3174005349002942,0.0236488374754777,63.807806927919216,1606.3021985414375,389,180,209,416,27,0.04,0.3,0.000625,1.0,1e-08,1e+18,False,False,False,False,12,1.1,15.0,13.42140116736889,6.751828603101996,92.07039004229992,82.3809093595889,study_results/v4p2_followups_20260806/pseudo65/gp_window_ensemble_20260806/runs/window_3p0/draw_07/attempt_01/results_single.csv,1,1,1,1,single_attempt_outside_55_75MeV,False,,,,,,,window_3p0,7
2021,0.162,0.0038792035,0.153271792125,0.170728207875,348034765.9525295,1.64,0.15563810626,0.16836189374,0.01272378748,0.0,1.0,8000,0.000125,True,7701.388600174032,4.435589191679233e-06,0.1505322027777049,1.034153506602293,3309.164383710222,3199.5112261580243,True,tilde_q_mu,asymptotic,default,sidak_approx,observed,7.99**2 * RBF(length_scale=0.317),0.0260298483174566,0.3549524770562273,0.0961215851808485,0.3174420463079181,0.0236634984704151,63.879973996885,1601.5451472710977,388,181,207,416,28,0.04,0.3,0.000625,1.0,1e-08,1e+18,False,False,False,False,12,1.1,15.0,13.414840020582504,6.710101266266818,91.50138090363842,81.83175909897949,study_results/v4p2_followups_20260806/pseudo65/gp_window_ensemble_20260806/runs/window_3p0/draw_07/attempt_01/results_single.csv,1,1,1,1,single_attempt_outside_55_75MeV,False,,,,,,,window_3p0,7
2021,0.163,0.003905737875,0.15421208978125,0.17178791021875,338899709.6922806,1.64,0.156594589885,0.169405410115,0.01281082023,0.0,1.0,8000,0.000125,True,7047.9940633011975,4.143111778318101e-06,0.2067370939174743,0.8177951151159223,2583.960503836707,3168.415428061055,True,tilde_q_mu,asymptotic,default,sidak_approx,observed,8.01**2 * RBF(length_scale=0.318),0.0260469092282431,0.3551851258396787,0.0961845867692335,0.3175987901885814,0.0236790083893119,64.159403681188,1601.8046526281694,388,183,205,416,28,0.04,0.3,0.000625,1.0,1e-08,1e+18,False,False,False,False,12,1.1,15.0,13.41267273387754,6.668883079677514,90.93931472287518,81.3159511347344,study_results/v4p2_followups_20260806/pseudo65/gp_window_ensemble_20260806/runs/window_3p0/draw_07/attempt_01/results_single.csv,1,1,1,1,single_attempt_outside_55_75MeV,False,,,,,,,window_3p0,7
2021,0.164,0.003932444,0.155152001,0.172847999,329984866.4340829,1.64,0.15755079184,0.17044920816,0.0128984163199999,0.0,1.0,8000,0.000125,True,6244.578306307306,3.7470127165870458e-06,0.31001133995812,0.495818204274959,1571.8959064986843,3150.774034170364,True,tilde_q_mu,asymptotic,default,sidak_approx,observed,7.98**2 * RBF(length_scale=0.317),0.0260648868258862,0.3554302748984483,0.096250973448177,0.3172559913570802,0.0236953516598965,63.740694999766745,1596.9552728838496,387,184,203,416,29,0.04,0.3,0.000625,1.0,1e-08,1e+18,False,False,False,False,12,1.1,15.0,13.388954758330234,6.6281647814657285,90.38406520180536,80.67654399072948,study_results/v4p2_followups_20260806/pseudo65/gp_window_ensemble_20260806/runs/window_3p0/draw_07/attempt_01/results_single.csv,1,1,1,1,single_attempt_outside_55_75MeV,False,,,,,,,window_3p0,7
2021,0.165,0.003959321875,0.15609152578125,0.17390847421875,321257494.71634173,1.64,0.158506712125,0.171493287875,0.01298657575,0.0,1.0,8000,0.000125,True,5566.148225068695,3.4098672904055487e-06,0.4100508114068669,0.22741427294528,707.3051951956768,3106.863060320964,True,tilde_q_mu,asymptotic,default,sidak_approx,observed,7.97**2 * RBF(length_scale=0.317),0.0260837643938859,0.3556876962802624,0.0963206834879114,0.3169617898762722,0.0237125130853508,63.46522859393213,1602.3753258550312,388,186,202,416,28,0.04,0.3,0.000625,1.0,1e-08,1e+18,False,False,False,False,12,1.1,15.0,13.366857774011546,6.587937333053001,89.83550908708638,80.05456486820036,study_results/v4p2_followups_20260806/pseudo65/gp_window_ensemble_20260806/runs/window_3p0/draw_07/attempt_01/results_single.csv,1,1,1,1,single_attempt_outside_55_75MeV,False,,,,,,,window_3p0,7
2021,0.166,0.0039863715,0.157030664125,0.174969335875,312800005.7109213,1.64,0.15946235074,0.17253764926,0.01307529852,0.0,1.0,8000,0.000125,True,4870.248792268259,3.045763858884211e-06,0.4999513009912829,0.0001220703125,-357.5655095466025,3086.6834306775836,True,tilde_q_mu,asymptotic,default,sidak_approx,observed,8**2 * RBF(length_scale=0.317),0.0261035256163684,0.3559571674959338,0.09639365663808,0.3174992910258636,0.0237304778330622,64.04611173002311,1599.5014137993592,387,187,200,416,29,0.04,0.3,0.000625,1.0,1e-08,1e+18,False,False,False,False,12,1.1,15.0,13.379388871112862,6.548191912461868,89.29352607902545,79.64618727227597,study_results/v4p2_followups_20260806/pseudo65/gp_window_ensemble_20260806/runs/window_3p0/draw_07/attempt_01/results_single.csv,1,1,1,1,single_attempt_outside_55_75MeV,False,,,,,,,window_3p0,7
2021,0.167,0.004013592875,0.15796941603125,0.17603058396875,304614329.32244956,1.64,0.160417707685,0.173582292315,0.0131645846299999,0.0,1.0,8000,0.000125,True,4231.028847833764,2.700841562705078e-06,0.5,0.0,-1651.2596441941048,3051.017375128935,True,tilde_q_mu,asymptotic,default,sidak_approx,observed,8.11**2 * RBF(length_scale=0.319),0.0261241545661564,0.3562384713566791,0.0964698340836822,0.3190730213195945,0.0237492314237786,65.83442903473856,1603.156135451526,387,189,198,416,29,0.04,0.3,0.000625,1.0,1e-08,1e+18,False,False,False,False,12,1.1,15.0,13.435088303536713,6.508919907865958,88.7579987436267,79.49810338438834,study_results/v4p2_followups_20260806/pseudo65/gp_window_ensemble_20260806/runs/window_3p0/draw_07/attempt_01/results_single.csv,1,1,1,1,single_attempt_outside_55_75MeV,False,,,,,,,window_3p0,7
2021,0.168,0.004040986,0.1589077815,0.1770922185,296547392.151297,1.64,0.16137278296,0.17462721704,0.0132544340799999,0.0,1.0,8000,0.000125,True,3891.4113812034298,2.536434641095226e-06,0.4999513009912829,0.0001220703125,-2526.231905712225,3016.790266352887,True,tilde_q_mu,asymptotic,default,sidak_approx,observed,8.13**2 * RBF(length_scale=0.319),0.0261456356932645,0.3565313958172433,0.0965491584025916,0.3193121444431047,0.0237687597211495,66.11958726225781,1603.2971824033918,387,190,197,416,29,0.04,0.3,0.000625,1.0,1e-08,1e+18,False,False,False,False,12,1.1,15.0,13.434110495844646,6.470112911369777,88.22881242776968,79.01837433812062,study_results/v4p2_followups_20260806/pseudo65/gp_window_ensemble_20260806/runs/window_3p0/draw_07/attempt_01/results_single.csv,1,1,1,1,single_attempt_outside_55_75MeV,False,,,,,,,window_3p0,7
2021,0.169,0.004068550875,0.15984576053125,0.17815423946875,288615660.9608933,1.64,0.162327576565,0.175672423435,0.0133448468699999,0.0,1.0,8000,0.000125,True,3607.145049874663,2.4014687005450286e-06,0.5,0.0,-3431.0018222581675,2983.594854635778,True,tilde_q_mu,asymptotic,default,sidak_approx,observed,8.2**2 * RBF(length_scale=0.32),0.026167953813799,0.356835733824532,0.0966315735245651,0.320070154061541,0.0237890489216354,67.1588280567245,1604.0320524280075,387,192,195,416,29,0.04,0.3,0.000625,1.0,1e-08,1e+18,False,False,False,False,12,1.1,15.0,13.454516618797916,6.431762713007495,87.70585517737493,78.66932573665827,study_results/v4p2_followups_20260806/pseudo65/gp_window_ensemble_20260806/runs/window_3p0/draw_07/attempt_01/results_single.csv,1,1,1,1,single_attempt_outside_55_75MeV,False,,,,,,,window_3p0,7
2021,0.17,0.0040962875,0.160783353125,0.179216646875,280901072.63455325,1.64,0.1632820885,0.1767179115,0.013435823,0.0,1.0,8000,0.000125,True,17303.250029662915,1.1766445468642545e-05,0.3718005043810303,0.3270884216828006,3086.7204149854274,9277.607588411527,True,tilde_q_mu,asymptotic,default,sidak_approx,observed,1**2 * RBF(length_scale=0.0967),0.026191094099248,0.3571512831715639,0.0967170246916933,0.0967170246916933,0.0238100855447709,1.0,839.0238414051865,386,193,193,416,30,0.04,0.3,0.000625,1.0,1e-08,1e+18,False,False,False,False,12,1.1,15.0,4.06201920231798,6.39386129495257,87.18901765844413,23.61089759732277,study_results/v4p2_followups_20260806/pseudo65/gp_window_ensemble_20260806/runs/window_3p0/draw_07/attempt_01/results_single.csv,1,1,1,1,single_attempt_outside_55_75MeV,False,,,,,,,window_3p0,7
2021,0.171,0.004124195875,0.16172055928125,0.18027944071875,273501986.67337126,1.64,0.164236318765,0.177763681235,0.01352736247,0.0,1.0,8000,0.000125,True,3372.2868484550654,2.3414658885056684e-06,0.5,0.0,-4108.06652327092,2921.9484072085243,True,tilde_q_mu,asymptotic,default,sidak_approx,observed,8.1**2 * RBF(length_scale=0.319),0.0262150420661463,0.3574778463565409,0.0968054584202363,0.3189682532545138,0.0238318564237693,65.66293681840304,1606.1893986034886,387,195,192,416,29,0.04,0.3,0.000625,1.0,1e-08,1e+18,False,False,False,False,12,1.1,15.0,13.38411274315926,6.356400825929815,86.67819308086109,77.34071390450478,study_results/v4p2_followups_20260806/pseudo65/gp_window_ensemble_20260806/runs/window_3p0/draw_07/attempt_01/results_single.csv,1,1,1,1,single_attempt_outside_55_75MeV,False,,,,,,,window_3p0,7
2021,0.172,0.004152276,0.162657379,0.1813426209999999,266350991.61926585,1.64,0.1651902673599999,0.17880973264,0.01361946528,0.0,1.0,8000,0.000125,True,3233.0826488963858,2.29167994413008e-06,0.5,0.0,-4697.085724578262,2900.3610340261425,True,tilde_q_mu,asymptotic,default,sidak_approx,observed,8.16**2 * RBF(length_scale=0.32),0.0262397835660971,0.3578152304467796,0.0968968224637768,0.319698637799271,0.0238543486964519,66.5778424732212,1602.1176637921244,386,196,190,416,30,0.04,0.3,0.000625,1.0,1e-08,1e+18,False,False,False,False,12,1.1,15.0,13.402111366252562,6.31937365582085,86.17327712482977,76.9935904547942,study_results/v4p2_followups_20260806/pseudo65/gp_window_ensemble_20260806/runs/window_3p0/draw_07/attempt_01/results_single.csv,1,1,1,1,single_attempt_outside_55_75MeV,False,,,,,,,window_3p0,7
2021,0.173,0.004180527875,0.1635938122812499,0.18240618771875,259386988.21142492,1.64,0.166143934285,0.1798560657149999,0.0137121314299999,0.0,1.0,8000,0.000125,True,3201.3672229381036,2.316653739837929e-06,0.4999513009912829,0.0001220703125,-4640.972037418038,2870.816681183376,True,tilde_q_mu,asymptotic,default,sidak_approx,observed,8.15**2 * RBF(length_scale=0.32),0.0262653047761392,0.3581632469473539,0.0969910657776472,0.3195484177008044,0.0238775497964902,66.3484113268142,1603.080325373252,386,198,188,416,30,0.04,0.3,0.000625,1.0,1e-08,1e+18,False,False,False,False,12,1.1,15.0,13.382797666608765,6.282772310455958,85.67416786985397,76.43733692382195,study_results/v4p2_followups_20260806/pseudo65/gp_window_ensemble_20260806/runs/window_3p0/draw_07/attempt_01/results_single.csv,1,1,1,1,single_attempt_outside_55_75MeV,False,,,,,,,window_3p0,7
2021,0.174,0.0042089515,0.1645298591249999,0.183470140875,252502277.02987137,1.64,0.1670973195399999,0.18090268046,0.01380536092,0.0,1.0,8000,0.000125,True,3297.7629616616073,2.43738879828391e-06,0.5,0.0,-3992.53796176435,2854.3829036021675,True,tilde_q_mu,asymptotic,default,sidak_approx,observed,8.06**2 * RBF(length_scale=0.318),0.0262915921894454,0.3585217116742556,0.0970881384845824,0.318429237484068,0.0239014474449503,64.9036304750514,1598.5884402535307,385,199,186,416,31,0.04,0.3,0.000625,1.0,1e-08,1e+18,False,False,False,False,12,1.1,15.0,13.32259220775109,6.246589486584821,85.18076572615664,75.65524038090437,study_results/v4p2_followups_20260806/pseudo65/gp_window_ensemble_20260806/runs/window_3p0/draw_07/attempt_01/results_single.csv,1,1,1,1,single_attempt_outside_55_75MeV,False,,,,,,,window_3p0,7
2021,0.175,0.0042375468749999,0.16546551953125,0.1845344804687499,245918579.9416027,1.64,0.168050423125,0.181949576875,0.01389915375,0.0,1.0,8000,0.000125,True,3448.3806842193235,2.6019906690240076e-06,0.4998622584051908,0.0003452669830012,-3043.9100717230076,2815.278456575264,True,tilde_q_mu,asymptotic,default,sidak_approx,observed,8**2 * RBF(length_scale=0.318),0.0263186326063351,0.358890444631843,0.0971879918415323,0.317692134567485,0.0239260296421228,64.00833587371575,1604.1976954421448,386,201,185,416,30,0.04,0.3,0.000625,1.0,1e-08,1e+18,False,False,False,False,12,1.1,15.0,13.27809667209362,6.210818047018103,84.69297336842865,74.97076585553641,study_results/v4p2_followups_20260806/pseudo65/gp_window_ensemble_20260806/runs/window_3p0/draw_07/attempt_01/results_single.csv,1,1,1,1,single_attempt_outside_55_75MeV,False,,,,,,,window_3p0,7
2021,0.176,0.004266314,0.1664007934999999,0.1855992065,239463041.25493088,1.64,0.16900324504,0.1829967549599999,0.0139935099199999,0.0,1.0,8000,0.000125,True,3638.450205955867,2.8034008205304893e-06,0.5,0.0,-2229.0388422284145,2795.6680577306147,True,tilde_q_mu,asymptotic,default,sidak_approx,observed,8.04**2 * RBF(length_scale=0.318),0.0263464131255956,0.3592692698944855,0.0972905782076107,0.3181545541152006,0.0239512846596323,64.59163947235824,1600.430784057021,385,202,183,416,31,0.04,0.3,0.000625,1.0,1e-08,1e+18,False,False,False,False,12,1.1,15.0,13.283402482849707,6.175451015934506,84.21069567183416,74.57363759798285,study_results/v4p2_followups_20260806/pseudo65/gp_window_ensemble_20260806/runs/window_3p0/draw_07/attempt_01/results_single.csv,1,1,1,1,single_attempt_outside_55_75MeV,False,,,,,,,window_3p0,7
2021,0.177,0.004295252875,0.16733568103125,0.18666431896875,233151670.99112496,1.64,0.169955785285,0.184044214715,0.0140884294299999,0.0,1.0,8000,0.000125,True,4057.959817115424,3.193124599434442e-06,0.5,0.0,-951.1836253976228,2767.652885302747,True,tilde_q_mu,asymptotic,default,sidak_approx,observed,8.03**2 * RBF(length_scale=0.318),0.026374921136093,0.359658015492178,0.0973958510131203,0.3181055717347025,0.0239772010328118,64.51436496947103,1600.8060127481867,385,204,181,416,31,0.04,0.3,0.000625,1.0,1e-08,1e+18,False,False,False,False,12,1.1,15.0,13.267001903157396,6.140481574345738,83.73383965016914,74.05980066649802,study_results/v4p2_followups_20260806/pseudo65/gp_window_ensemble_20260806/runs/window_3p0/draw_07/attempt_01/results_single.csv,1,1,1,1,single_attempt_outside_55_75MeV,False,,,,,,,window_3p0,7
2021,0.178,0.0043243635,0.168270182125,0.1877298178749999,227019370.79188985,1.64,0.17090804386,0.1850919561399999,0.0141839122799999,0.0,1.0,8000,0.000125,True,4837.989480983502,3.887782171520509e-06,0.4246083800665521,0.1901178790507643,520.9230007950008,2739.443193287286,True,tilde_q_mu,asymptotic,default,sidak_approx,observed,7.99**2 * RBF(length_scale=0.318),0.0264041443086661,0.3600565132999933,0.0975037647296154,0.3175886213401647,0.0240037675533328,63.89787656835511,1600.5874303289252,385,205,180,416,31,0.04,0.3,0.000625,1.0,1e-08,1e+18,False,False,False,False,12,1.1,15.0,13.230782235935626,6.105903055713559,83.26231439609397,73.44170334898182,study_results/v4p2_followups_20260806/pseudo65/gp_window_ensemble_20260806/runs/window_3p0/draw_07/attempt_01/results_single.csv,1,1,1,1,single_attempt_outside_55_75MeV,False,,,,,,,window_3p0,7
2021,0.179,0.004353645875,0.1692042967812499,0.18879570321875,220993245.42708975,1.64,0.1718600207649999,0.186139979235,0.01427995847,0.0,1.0,8000,0.000125,True,5653.207916116997,4.640693112859095e-06,0.2626849770536884,0.635089638983762,1723.789314711816,2713.6782047393644,True,tilde_q_mu,asymptotic,default,sidak_approx,observed,7.98**2 * RBF(length_scale=0.317),0.0264340705882899,0.3604645989312272,0.0976142748409662,0.3174130416237447,0.0240309732620818,63.702351052437315,1601.1439391991366,385,207,178,416,31,0.04,0.3,0.000625,1.0,1e-08,1e+18,False,False,False,False,12,1.1,15.0,13.20849714083728,6.0717089417131325,82.79603102336088,72.90740926964914,study_results/v4p2_followups_20260806/pseudo65/gp_window_ensemble_20260806/runs/window_3p0/draw_07/attempt_01/results_single.csv,1,1,1,1,single_attempt_outside_55_75MeV,False,,,,,,,window_3p0,7
2021,0.18,0.0043831,0.170138025,0.189861975,215155115.9948604,1.64,0.172811716,0.1871882839999999,0.0143765679999999,0.0,1.0,8000,0.000125,True,6485.545451178399,5.4380381114073095e-06,0.1511283408711614,1.0316060997509529,2783.229765872318,2697.0897791480984,True,tilde_q_mu,asymptotic,default,sidak_approx,observed,7.99**2 * RBF(length_scale=0.317),0.0264646881865,0.360882111634091,0.0977273378153825,0.3174923381115709,0.0240588074422727,63.78013374080443,1597.5511998456082,384,208,176,416,32,0.04,0.3,0.000625,1.0,1e-08,1e+18,False,False,False,False,12,1.1,15.0,13.19651187505322,6.037892858136936,82.33490261095821,72.43556800245736,study_results/v4p2_followups_20260806/pseudo65/gp_window_ensemble_20260806/runs/window_3p0/draw_07/attempt_01/results_single.csv,1,1,1,1,single_attempt_outside_55_75MeV,False,,,,,,,window_3p0,7
2021,0.181,0.004412725875,0.1710713667812499,0.19092863321875,209423665.4643851,1.64,0.173763129565,0.1882368704349999,0.0144737408699999,0.0,1.0,8000,0.000125,True,7161.118031334614,6.134743688784673e-06,0.0868208464116595,1.3605950624364156,3617.56567619409,2661.1686043098703,True,tilde_q_mu,asymptotic,default,sidak_approx,observed,7.96**2 * RBF(length_scale=0.317),0.0264959855740647,0.3613088941917919,0.0978429110783556,0.3171325602043607,0.0240872596127861,63.34369896014904,1602.8768976656263,385,210,175,416,31,0.04,0.3,0.000625,1.0,1e-08,1e+18,False,False,False,False,12,1.1,15.0,13.165987551195684,6.004448570933435,81.87884414909227,71.86772285154936,study_results/v4p2_followups_20260806/pseudo65/gp_window_ensemble_20260806/runs/window_3p0/draw_07/attempt_01/results_single.csv,1,1,1,1,single_attempt_outside_55_75MeV,False,,,,,,,window_3p0,7
2021,0.182,0.0044425235,0.172004322125,0.191995677875,203890389.41582435,1.64,0.17471426146,0.18928573854,0.01457147708,0.0,1.0,8000,0.000125,True,7331.636871410301,6.415828189382277e-06,0.0742724330351745,1.4446904055042,3825.615122330545,2646.016180821612,True,tilde_q_mu,asymptotic,default,sidak_approx,observed,7.99**2 * RBF(length_scale=0.317),0.0265279514739,0.3617447928259099,0.0979609529864923,0.317472484420373,0.0241163195217273,63.760476710237505,1598.435225760206,384,211,173,416,32,0.04,0.3,0.000625,1.0,1e-08,1e+18,False,False,False,False,12,1.1,15.0,13.16421787057307,5.971369982376021,81.42777248694574,71.46219584890729,study_results/v4p2_followups_20260806/pseudo65/gp_window_ensemble_20260806/runs/window_3p0/draw_07/attempt_01/results_single.csv,1,1,1,1,single_attempt_outside_55_75MeV,False,,,,,,,window_3p0,7
2021,0.183,0.004472492875,0.1729368910312499,0.19306310896875,198621214.40460417,1.64,0.1756651116849999,0.190334888315,0.01466977663,0.0,1.0,8000,0.000125,True,7140.6794262279855,6.379442622633383e-06,0.081830812952527,1.3928616677811592,3653.3742204390674,2622.5847991597566,True,tilde_q_mu,asymptotic,default,sidak_approx,observed,8**2 * RBF(length_scale=0.318),0.0265605748542153,0.3621896571029359,0.098081422802206,0.3176049636172258,0.0241459771401957,63.941571779628354,1599.165125350068,384,213,171,416,32,0.04,0.3,0.000625,1.0,1e-08,1e+18,False,False,False,False,12,1.1,15.0,13.153535339371704,5.938651127357089,80.98160628214212,71.0129613380828,study_results/v4p2_followups_20260806/pseudo65/gp_window_ensemble_20260806/runs/window_3p0/draw_07/attempt_01/results_single.csv,1,1,1,1,single_attempt_outside_55_75MeV,False,,,,,,,window_3p0,7
2021,0.184,0.004502634,0.1738690735,0.1941309265,193360941.65798712,1.64,0.17661568024,0.19138431976,0.01476863952,0.0,1.0,8000,0.000125,True,6614.626842694453,6.037243541616405e-06,0.1185141035341696,1.1824474449152853,3085.329377349731,2608.3975245160896,True,tilde_q_mu,asymptotic,default,sidak_approx,observed,8.01**2 * RBF(length_scale=0.318),0.026593844921878,0.3626433398437911,0.0982042806692136,0.317696122718836,0.0241762226562527,64.09399528343329,1597.468196644671,383,214,169,416,33,0.04,0.3,0.000625,1.0,1e-08,1e+18,False,False,False,False,12,1.1,15.0,13.140850298905963,5.906286169801502,80.54026595183866,70.55783852714566,study_results/v4p2_followups_20260806/pseudo65/gp_window_ensemble_20260806/runs/window_3p0/draw_07/attempt_01/results_single.csv,1,1,1,1,single_attempt_outside_55_75MeV,False,,,,,,,window_3p0,7
2021,0.185,0.004532946875,0.1748008695312499,0.19519913046875,188216407.4390779,1.64,0.177565967125,0.192434032875,0.0148680657499999,0.0,1.0,8000,0.000125,True,6037.621337994859,5.6306247619032025e-06,0.1683428220620131,0.9607345707935188,2471.925771007832,2575.220652587171,True,tilde_q_mu,asymptotic,default,sidak_approx,observed,7.97**2 * RBF(length_scale=0.317),0.0266277511159985,0.3631056970363433,0.0983294875888454,0.3172951436773786,0.0242070464690895,63.58447204402705,1600.671991275579,384,216,168,416,32,0.04,0.3,0.000625,1.0,1e-08,1e+18,False,False,False,False,12,1.1,15.0,13.10755296324725,5.874269399197075,80.10367362541467,69.99754297305297,study_results/v4p2_followups_20260806/pseudo65/gp_window_ensemble_20260806/runs/window_3p0/draw_07/attempt_01/results_single.csv,1,1,1,1,single_attempt_outside_55_75MeV,False,,,,,,,window_3p0,7
2021,0.186,0.0045634315,0.175732279125,0.196267720875,183203373.0638776,1.64,0.17851597234,0.19348402766,0.01496805532,0.0,1.0,8000,0.000125,True,5261.4976043920815,5.013983372177392e-06,0.2763842303793059,0.5936167718088549,1521.5231973684974,2563.9620468168146,True,tilde_q_mu,asymptotic,default,sidak_approx,observed,7.9**2 * RBF(length_scale=0.316),0.0266622831017154,0.3635765877506647,0.0984570053970965,0.3162144094909401,0.0242384391833776,62.38788476955181,1594.6708443983002,383,217,166,416,33,0.04,0.3,0.000625,1.0,1e-08,1e+18,False,False,False,False,12,1.1,15.0,13.045988939246351,5.84259522723534,79.67175309866373,69.29312064636889,study_results/v4p2_followups_20260806/pseudo65/gp_window_ensemble_20260806/runs/window_3p0/draw_07/attempt_01/results_single.csv,1,1,1,1,single_attempt_outside_55_75MeV,False,,,,,,,window_3p0,7
2021,0.187,0.004594087875,0.17666330228125,0.19733669771875,178278504.14348978,1.64,0.179465695885,0.194534304115,0.01506860823,0.0,1.0,8000,0.000125,True,4491.289455741136,4.374721187860888e-06,0.4239324561355712,0.1918433511832081,487.4939348277792,2541.5133157572127,True,tilde_q_mu,asymptotic,default,sidak_approx,observed,7.88**2 * RBF(length_scale=0.316),0.0266974307641825,0.3640558740570343,0.0985867967424219,0.315978798326862,0.0242703916038022,62.11031764171691,1594.87905573049,383,219,164,416,33,0.04,0.3,0.000625,1.0,1e-08,1e+18,False,False,False,False,12,1.1,15.0,13.019105891862068,5.811258184560199,79.24442978945724,68.77944151794485,study_results/v4p2_followups_20260806/pseudo65/gp_window_ensemble_20260806/runs/window_3p0/draw_07/attempt_01/results_single.csv,1,1,1,1,single_attempt_outside_55_75MeV,False,,,,,,,window_3p0,7
2021,0.188,0.004624916,0.177593939,0.198406061,173567784.67781383,1.64,0.18041513776,0.19558486224,0.0151697244799999,0.0,1.0,8000,0.000125,True,3865.448392066476,3.846739984574507e-06,0.5,0.0,-489.6012898310826,2515.8225866702473,True,tilde_q_mu,asymptotic,default,sidak_approx,observed,7.89**2 * RBF(length_scale=0.316),0.0267331842027451,0.3645434209465248,0.0987188250642313,0.3161511339099149,0.0243028947297683,62.26937143342032,1595.444383598296,383,220,163,416,33,0.04,0.3,0.000625,1.0,1e-08,1e+18,False,False,False,False,12,1.1,15.0,13.008785061421728,5.78025291761951,78.8216306948115,68.35824345997094,study_results/v4p2_followups_20260806/pseudo65/gp_window_ensemble_20260806/runs/window_3p0/draw_07/attempt_01/results_single.csv,1,1,1,1,single_attempt_outside_55_75MeV,False,,,,,,,window_3p0,7
2021,0.189,0.004655915875,0.17852418928125,0.19947581071875,168874228.16818193,1.64,0.181364297965,0.196635702035,0.0152714040699999,0.0,1.0,8000,0.000125,True,3497.9698828595983,3.5588592037043776e-06,0.5,0.0,-1236.8886122581491,2492.0238181717737,True,tilde_q_mu,asymptotic,default,sidak_approx,observed,7.93**2 * RBF(length_scale=0.317),0.0267695337253012,0.3650390962541072,0.0988530545720656,0.3166625708148225,0.0243359397502738,62.82930732404077,1596.68734060223,383,222,161,416,33,0.04,0.3,0.000625,1.0,1e-08,1e+18,False,False,False,False,12,1.1,15.0,13.012136538152776,5.749574185616315,78.40328434931338,68.0129493995255,study_results/v4p2_followups_20260806/pseudo65/gp_window_ensemble_20260806/runs/window_3p0/draw_07/attempt_01/results_single.csv,1,1,1,1,single_attempt_outside_55_75MeV,False,,,,,,,window_3p0,7
2021,0.19,0.0046870875,0.179454053125,0.200545946875,164378838.92039412,1.64,0.1823131765,0.1976868235,0.0153736469999999,0.0,1.0,8000,0.000125,True,3321.1577317389856,3.4531060360442896e-06,0.4999513009912829,0.0001220703125,-1661.6395669262502,2475.4058647612187,True,tilde_q_mu,asymptotic,default,sidak_approx,observed,7.99**2 * RBF(length_scale=0.318),0.0268064698428396,0.3655427705841774,0.0989894502254296,0.3175676682644451,0.0243695180389451,63.904355710365095,1593.3060182859354,382,223,159,416,34,0.04,0.3,0.000625,1.0,1e-08,1e+18,False,False,False,False,12,1.1,15.0,13.031347922307583,5.719216857555929,77.98932078485358,67.75373155812541,study_results/v4p2_followups_20260806/pseudo65/gp_window_ensemble_20260806/runs/window_3p0/draw_07/attempt_01/results_single.csv,1,1,1,1,single_attempt_outside_55_75MeV,False,,,,,,,window_3p0,7
2021,0.191,0.004718430875,0.18038353053125,0.20161646946875,160024504.07567304,1.64,0.183261773365,0.198738226635,0.01547645327,0.0,1.0,8000,0.000125,True,3133.444119256574,3.329063038004213e-06,0.4999513009912829,0.0001220703125,-2168.655696290946,2454.462707532559,True,tilde_q_mu,asymptotic,default,sidak_approx,observed,7.93**2 * RBF(length_scale=0.317),0.026843983264149,0.3660543172383967,0.099127977714251,0.3166404053098384,0.0244036211492264,62.8389241172845,1594.647065037905,382,225,157,416,34,0.04,0.3,0.000625,1.0,1e-08,1e+18,False,False,False,False,12,1.1,15.0,12.975140179959537,5.68917590938515,77.57967149161568,67.10714084792826,study_results/v4p2_followups_20260806/pseudo65/gp_window_ensemble_20260806/runs/window_3p0/draw_07/attempt_01/results_single.csv,1,1,1,1,single_attempt_outside_55_75MeV,False,,,,,,,window_3p0,7
2021,0.192,0.004749946,0.1813126215,0.2026873785,155718995.1526329,1.64,0.18421008856,0.19978991144,0.0155798228799999,0.0,1.0,8000,0.000125,True,3030.5886205775223,3.291577530136002e-06,0.5,0.0,-2409.3721977315167,2429.4636841098145,True,tilde_q_mu,asymptotic,default,sidak_approx,observed,7.93**2 * RBF(length_scale=0.317),0.0268820648906906,0.3665736121457819,0.0992686034399486,0.3165727671233737,0.0244382408097187,62.80857462009957,1594.0717540277433,382,226,156,416,34,0.04,0.3,0.000625,1.0,1e-08,1e+18,False,False,False,False,12,1.1,15.0,12.953991639098527,5.659446421220509,77.17426938027965,66.64765602037868,study_results/v4p2_followups_20260806/pseudo65/gp_window_ensemble_20260806/runs/window_3p0/draw_07/attempt_01/results_single.csv,1,1,1,1,single_attempt_outside_55_75MeV,False,,,,,,,window_3p0,7
2021,0.193,0.004781632875,0.18224132603125,0.20375867396875,151601184.85939226,1.64,0.185158122085,0.200841877915,0.0156837558299999,0.0,1.0,8000,0.000125,True,3024.9988787898046,3.3572620050244112e-06,0.5,0.0,-2296.910544166792,2405.4412304032985,True,tilde_q_mu,asymptotic,default,sidak_approx,observed,7.94**2 * RBF(length_scale=0.317),0.0269207058116312,0.3671005337949717,0.0994112944970904,0.3167251800586866,0.0244733689196647,63.023955404031014,1593.9354753803868,382,228,154,416,34,0.04,0.3,0.000625,1.0,1e-08,1e+18,False,False,False,False,12,1.1,15.0,12.941625695193618,5.630023574662507,76.77304874539782,66.23787068945285,study_results/v4p2_followups_20260806/pseudo65/gp_window_ensemble_20260806/runs/window_3p0/draw_07/attempt_01/results_single.csv,1,1,1,1,single_attempt_outside_55_75MeV,False,,,,,,,window_3p0,7
2021,0.194,0.0048134915,0.183169644125,0.204830355875,147523768.56605715,1.64,0.18610587394,0.20189412606,0.01578825212,0.0,1.0,8000,0.000125,True,3029.8023561217515,3.4377199382272024e-06,0.5,0.0,-2197.375635190263,2391.705714577136,True,tilde_q_mu,asymptotic,default,sidak_approx,observed,7.89**2 * RBF(length_scale=0.316),0.0269598972990275,0.3676349631685571,0.0995560186556095,0.3159849145904105,0.0245089975445704,62.2730072994871,1590.119254718196,381,229,152,416,35,0.04,0.3,0.000625,1.0,1e-08,1e+18,False,False,False,False,12,1.1,15.0,12.892608684454794,5.600902650192177,76.37594522989332,65.64567831695776,study_results/v4p2_followups_20260806/pseudo65/gp_window_ensemble_20260806/runs/window_3p0/draw_07/attempt_01/results_single.csv,1,1,1,1,single_attempt_outside_55_75MeV,False,,,,,,,window_3p0,7
2021,0.195,0.004845521875,0.18409757578125,0.20590242421875,143578408.5209931,1.64,0.187053344125,0.202946655875,0.0158933117499999,0.0,1.0,8000,0.000125,True,3044.364819029988,3.5309605883234284e-06,0.5,0.0,-1973.7564477788455,2359.1270022434933,True,tilde_q_mu,asymptotic,default,sidak_approx,observed,7.86**2 * RBF(length_scale=0.315),0.0269996308031587,0.368176783679438,0.09970274434357,0.3153664508929124,0.0245451189119625,61.73724646218343,1594.1726044127263,382,231,151,416,34,0.04,0.3,0.000625,1.0,1e-08,1e+18,False,False,False,False,12,1.1,15.0,12.84843850315235,5.572079024647637,75.9828957906496,65.08410425717298,study_results/v4p2_followups_20260806/pseudo65/gp_window_ensemble_20260806/runs/window_3p0/draw_07/attempt_01/results_single.csv,1,1,1,1,single_attempt_outside_55_75MeV,False,,,,,,,window_3p0,7
2021,0.196,0.004877724,0.185025121,0.206974879,139755894.5302579,1.64,0.18800053264,0.20399946736,0.01599893472,0.0,1.0,8000,0.000125,True,3175.830061725287,3.76487855612646e-06,0.4999655646006563,8.631674575031098e-05,-1472.054654763681,2341.97138126992,True,tilde_q_mu,asymptotic,default,sidak_approx,observed,7.87**2 * RBF(length_scale=0.316),0.0270398979480013,0.3687258811091098,0.0998514406304547,0.3156214430099834,0.0245817254072739,61.96782327272565,1589.7738037292902,381,232,149,416,35,0.04,0.3,0.000625,1.0,1e-08,1e+18,False,False,False,False,12,1.1,15.0,12.839678166634622,5.543548168777362,75.59383866514584,64.7067039893982,study_results/v4p2_followups_20260806/pseudo65/gp_window_ensemble_20260806/runs/window_3p0/draw_07/attempt_01/results_single.csv,1,1,1,1,single_attempt_outside_55_75MeV,False,,,,,,,window_3p0,7
2021,0.197,0.004910097875,0.18595227978125,0.20804772021875,136004179.86803293,1.64,0.188947439485,0.205052560515,0.01610512103,0.0,1.0,8000,0.000125,True,3311.8412653134087,4.013940708847353e-06,0.5,0.0,-996.3609732020832,2315.6931977250706,True,tilde_q_mu,asymptotic,default,sidak_approx,observed,7.9**2 * RBF(length_scale=0.316),0.0270806905268411,0.3692821435478344,0.1000020772109632,0.3160705924412819,0.0246188095698556,62.3877234653009,1589.213892425818,381,234,147,416,35,0.04,0.3,0.000625,1.0,1e-08,1e+18,False,False,False,False,12,1.1,15.0,12.838581473423188,5.51530564486786,75.20871333910718,64.37154624769713,study_results/v4p2_followups_20260806/pseudo65/gp_window_ensemble_20260806/runs/window_3p0/draw_07/attempt_01/results_single.csv,1,1,1,1,single_attempt_outside_55_75MeV,False,,,,,,,window_3p0,7
2021,0.198,0.0049426435,0.186879052125,0.209120947875,132354320.73115931,1.64,0.18989406466,0.20610593534,0.01621187068,0.0,1.0,8000,0.000125,True,3516.7543203845566,4.35771313899541e-06,0.5,0.0,-472.8716461197335,2296.699374834267,True,tilde_q_mu,asymptotic,default,sidak_approx,observed,7.95**2 * RBF(length_scale=0.317),0.0271220004980165,0.3698454613365898,0.1001546243892919,0.3167635342809835,0.0246563640891059,63.153575016534695,1585.7930703463735,380,235,145,416,36,0.04,0.3,0.000625,1.0,1e-08,1e+18,False,False,False,False,12,1.1,15.0,12.847130790907665,5.487347104442508,74.82746051512511,64.08787813261941,study_results/v4p2_followups_20260806/pseudo65/gp_window_ensemble_20260806/runs/window_3p0/draw_07/attempt_01/results_single.csv,1,1,1,1,single_attempt_outside_55_75MeV,False,,,,,,,window_3p0,7
2021,0.199,0.004975360875,0.18780543803125,0.21019456196875,128788002.15036236,1.64,0.190840408165,0.207159591835,0.01631918367,0.0,1.0,8000,0.000125,True,3798.334671520811,4.812654305380672e-06,0.4811523541846315,0.0472616304333226,107.11956925419577,2268.3973785625267,True,tilde_q_mu,asymptotic,default,sidak_approx,observed,8**2 * RBF(length_scale=0.317),0.0271638199807916,0.3704157270107955,0.100309053063895,0.3174569069566654,0.0246943818007197,63.974725660396466,1588.6897638385371,380,236,144,416,36,0.04,0.3,0.000625,1.0,1e-08,1e+18,False,False,False,False,12,1.1,15.0,12.855430418080497,5.459668286029939,74.45002208222643,63.80580523350789,study_results/v4p2_followups_20260806/pseudo65/gp_window_ensemble_20260806/runs/window_3p0/draw_07/attempt_01/results_single.csv,1,1,1,1,single_attempt_outside_55_75MeV,False,,,,,,,window_3p0,7
2021,0.2,0.00500825,0.1887314375,0.2112685625,125353032.55969112,1.64,0.19178647,0.20821353,0.0164270599999999,0.0,1.0,8000,0.000125,True,3928.768673198267,5.088754971272804e-06,0.4344542907381955,0.1650449763034164,370.60607961123213,2245.4419278757587,True,tilde_q_mu,asymptotic,default,sidak_approx,observed,7.99**2 * RBF(length_scale=0.317),0.027206141251351,0.3709928352456959,0.1004653347126938,0.3174225810255462,0.0247328556830463,63.89098143401463,1589.6337378694857,380,238,142,416,36,0.04,0.3,0.000625,1.0,1e-08,1e+18,False,False,False,False,12,1.1,15.0,12.834044927659912,5.432265012998759,74.0763410863467,63.37993930525556,study_results/v4p2_followups_20260806/pseudo65/gp_window_ensemble_20260806/runs/window_3p0/draw_07/attempt_01/results_single.csv,1,1,1,1,single_attempt_outside_55_75MeV,False,,,,,,,window_3p0,7
2021,0.201,0.005041310875,0.18965705053125,0.21234294946875,122019355.53382406,1.64,0.192732250165,0.209267749835,0.01653549967,0.0,1.0,8000,0.000125,True,4088.2808620258434,5.412973010232208e-06,0.385320812402339,0.2915357256061341,649.7807178841773,2228.854816009261,True,tilde_q_mu,asymptotic,default,sidak_approx,observed,8**2 * RBF(length_scale=0.318),0.027248956738914,0.3715766828033728,0.1006234413787278,0.3175835485008135,0.0247717788535581,64.07154557967704,1585.7531912962409,379,239,140,416,37,0.04,0.3,0.000625,1.0,1e-08,1e+18,False,False,False,False,12,1.1,15.0,12.820377187211816,5.405133191456678,73.70636170168197,62.99622387417508,study_results/v4p2_followups_20260806/pseudo65/gp_window_ensemble_20260806/runs/window_3p0/draw_07/attempt_01/results_single.csv,1,1,1,1,single_attempt_outside_55_75MeV,False,,,,,,,window_3p0,7
2021,0.202,0.0050745435,0.190582277125,0.213417722875,118808713.66471364,1.64,0.19367774866,0.21032225134,0.01664450268,0.0,1.0,8000,0.000125,True,4096.439474092649,5.542769279112189e-06,0.3700029114012252,0.3318456355356659,729.6053527009043,2199.954225815464,True,tilde_q_mu,asymptotic,default,sidak_approx,observed,7.95**2 * RBF(length_scale=0.317),0.0272922590219629,0.3721671684813132,0.100783345656227,0.3167590243281153,0.0248111445654208,63.12475382371704,1590.2686549367313,380,241,139,416,36,0.04,0.3,0.000625,1.0,1e-08,1e+18,False,False,False,False,12,1.1,15.0,12.766804187243348,5.37826880821161,73.34002920288559,62.421186127996606,study_results/v4p2_followups_20260806/pseudo65/gp_window_ensemble_20260806/runs/window_3p0/draw_07/attempt_01/results_single.csv,1,1,1,1,single_attempt_outside_55_75MeV,False,,,,,,,window_3p0,7
2021,0.203,0.005107947875,0.19150711728125,0.21449288271875,115574322.00533302,1.64,0.194622965485,0.211377034515,0.0167540690299999,0.0,1.0,8000,0.000125,True,4390.162993983231,6.076355497572068e-06,0.29497224328306,0.5389164782134416,1175.8879296099071,2183.090302155639,True,tilde_q_mu,asymptotic,default,sidak_approx,observed,8**2 * RBF(length_scale=0.317),0.0273360408245852,0.3727641930625258,0.1009450206771031,0.3174659527375115,0.0248509462041683,63.9510266375957,1586.0884552195305,379,242,137,416,37,0.04,0.3,0.000625,1.0,1e-08,1e+18,False,False,False,False,12,1.1,15.0,12.774803427173374,5.351667928793269,72.97728993809002,62.15136890712916,study_results/v4p2_followups_20260806/pseudo65/gp_window_ensemble_20260806/runs/window_3p0/draw_07/attempt_01/results_single.csv,1,1,1,1,single_attempt_outside_55_75MeV,False,,,,,,,window_3p0,7
2021,0.204,0.005141524,0.192431571,0.2155684289999999,112452833.18684237,1.64,0.19556790064,0.21243209936,0.01686419872,0.0,1.0,8000,0.000125,True,4750.366380401982,6.72429037881582e-06,0.2172080576101366,0.7816571080930542,1687.704514980796,2160.8724638809585,True,tilde_q_mu,asymptotic,default,sidak_approx,observed,8.04**2 * RBF(length_scale=0.318),0.0273802950129184,0.3733676592670698,0.1011084400978236,0.3179727241685684,0.0248911772844713,64.6066168300098,1588.3558124315036,379,244,135,416,37,0.04,0.3,0.000625,1.0,1e-08,1e+18,False,False,False,False,12,1.1,15.0,12.77451526436798,5.325326695531998,72.61809130270905,61.844061054381626,study_results/v4p2_followups_20260806/pseudo65/gp_window_ensemble_20260806/runs/window_3p0/draw_07/attempt_01/results_single.csv,1,1,1,1,single_attempt_outside_55_75MeV,False,,,,,,,window_3p0,7
2021,0.205,0.005175271875,0.19335563828125,0.2166443617187499,109447447.25856656,1.64,0.196512554125,0.213487445875,0.01697489175,0.0,1.0,8000,0.000125,True,4995.390216766468,7.229859263212958e-06,0.1737126680320855,0.9395950115067374,2015.7632473111228,2146.589413390658,True,tilde_q_mu,asymptotic,default,sidak_approx,observed,8.05**2 * RBF(length_scale=0.318),0.0274250145917023,0.3739774717050326,0.1012735780866781,0.3182003190902193,0.0249318314470021,64.8634962495318,1587.1012225263764,378,245,133,416,38,0.04,0.3,0.000625,1.0,1e-08,1e+18,False,False,False,False,12,1.1,15.0,12.762813665198273,5.2992413256941004,72.26238171401046,61.484754187956426,study_results/v4p2_followups_20260806/pseudo65/gp_window_ensemble_20260806/runs/window_3p0/draw_07/attempt_01/results_single.csv,1,1,1,1,single_attempt_outside_55_75MeV,False,,,,,,,window_3p0,7
2021,0.206,0.0052091915,0.194279319125,0.217720680875,106491864.68179588,1.64,0.19745692594,0.2145430740599999,0.0170861481199999,0.0,1.0,8000,0.000125,True,5225.802972400974,7.735516229129596e-06,0.1347359237361517,1.1042796502998162,2339.033421593588,2117.8884156228523,True,tilde_q_mu,asymptotic,default,sidak_approx,observed,8.08**2 * RBF(length_scale=0.318),0.0274701927009294,0.3745935368308561,0.1014404093114096,0.3184953456907199,0.0249729024553904,65.25250549412776,1589.555789443123,379,247,132,416,37,0.04,0.3,0.000625,1.0,1e-08,1e+18,False,False,False,False,12,1.1,15.0,12.75363751809204,5.273408109671041,71.91011058642329,61.14103228701037,study_results/v4p2_followups_20260806/pseudo65/gp_window_ensemble_20260806/runs/window_3p0/draw_07/attempt_01/results_single.csv,1,1,1,1,single_attempt_outside_55_75MeV,False,,,,,,,window_3p0,7
2021,0.207,0.005243282875,0.1952026135312499,0.21879738646875,103594993.30477582,1.64,0.198401016085,0.215598983915,0.0171979678299999,0.0,1.0,8000,0.000125,True,10131.138457698284,1.5341543669645342e-05,0.4706897822527384,0.0735360417812976,436.1456018239186,5993.928273317356,True,tilde_q_mu,asymptotic,default,sidak_approx,observed,1**2 * RBF(length_scale=0.102),0.0275158226125923,0.375215762898986,0.1016089089272047,0.1016089089272047,0.0250143841932657,1.0,863.8471800978614,378,248,130,416,38,0.04,0.3,0.000625,1.0,1e-08,1e+18,False,False,False,False,12,1.1,15.0,4.06201920231798,5.247823409220947,71.56122830755837,19.37887223511754,study_results/v4p2_followups_20260806/pseudo65/gp_window_ensemble_20260806/runs/window_3p0/draw_07/attempt_01/results_single.csv,1,1,1,1,single_attempt_outside_55_75MeV,False,,,,,,,window_3p0,7
2021,0.208,0.005277546,0.1961255214999999,0.2198744785,100755569.91566654,1.64,0.19934482456,0.21665517544,0.0173103508799999,0.0,1.0,8000,0.000125,True,5432.757248874239,8.417978711780632e-06,0.10397040742253,1.2592478730568295,2628.415387555226,2087.605473929207,True,tilde_q_mu,asymptotic,default,sidak_approx,observed,8.11**2 * RBF(length_scale=0.319),0.0275618977275242,0.3758440599207857,0.1017790525650254,0.3188711633796644,0.0250562706613857,65.71856468892763,1586.0388445933984,378,250,128,416,38,0.04,0.3,0.000625,1.0,1e-08,1e+18,False,False,False,False,12,1.1,15.0,12.726202062906257,5.222483655760516,71.21568621491612,60.42034752130335,study_results/v4p2_followups_20260806/pseudo65/gp_window_ensemble_20260806/runs/window_3p0/draw_07/attempt_01/results_single.csv,1,1,1,1,single_attempt_outside_55_75MeV,False,,,,,,,window_3p0,7
2021,0.209,0.005311980875,0.1970480430312499,0.22095195696875,97975291.24730824,1.64,0.200288351365,0.2177116486349999,0.0174232972699999,0.0,1.0,8000,0.000125,True,5473.65151312733,8.680289641435529e-06,0.0973566397210731,1.296761447462325,2692.705318773295,2076.659862468974,True,tilde_q_mu,asymptotic,default,sidak_approx,observed,8.1**2 * RBF(length_scale=0.319),0.0276084115723308,0.3764783396226934,0.101950816320278,0.3188040993266414,0.0250985559748462,65.64704782200114,1582.259186225083,377,251,126,416,39,0.04,0.3,0.000625,1.0,1e-08,1e+18,False,False,False,False,12,1.1,15.0,12.702089301318647,5.197385348705882,70.87343657326201,60.01604802966114,study_results/v4p2_followups_20260806/pseudo65/gp_window_ensemble_20260806/runs/window_3p0/draw_07/attempt_01/results_single.csv,1,1,1,1,single_attempt_outside_55_75MeV,False,,,,,,,window_3p0,7
2021,0.21,0.0053465875,0.197970178125,0.2220298218749999,95309478.67396852,1.64,0.2012315965,0.2187684034999999,0.0175368069999999,0.0,1.0,8000,0.000125,True,5191.177645934558,8.422294521123349e-06,0.1198415012175542,1.1757794947310112,2413.7694483678224,2052.7789600858314,True,tilde_q_mu,asymptotic,default,sidak_approx,observed,8.07**2 * RBF(length_scale=0.318),0.0276553577964078,0.3771185154055612,0.1021241767418025,0.3184223952955045,0.0251412343603707,65.0998937559195,1587.1781309057722,378,253,125,416,38,0.04,0.3,0.000625,1.0,1e-08,1e+18,False,False,False,False,12,1.1,15.0,12.66534453842977,5.172525053860584,70.53443255264432,59.55619267345845,study_results/v4p2_followups_20260806/pseudo65/gp_window_ensemble_20260806/runs/window_3p0/draw_07/attempt_01/results_single.csv,1,1,1,1,single_attempt_outside_55_75MeV,False,,,,,,,window_3p0,7
2021,0.211,0.005381365875,0.19889192678125,0.2231080732187499,92716703.49811862,1.64,0.202174559965,0.2198254400349999,0.0176508800699999,0.0,1.0,8000,0.000125,True,4814.178555386417,7.99101008327193e-06,0.1654075965639058,0.9724731962462182,1988.0459666093784,2044.4631819042652,True,tilde_q_mu,asymptotic,default,sidak_approx,observed,8.02**2 * RBF(length_scale=0.318),0.0277027301690448,0.3777645023051568,0.1022991108211761,0.3178080971294624,0.0251843001536771,64.29595839104863,1581.0867939567572,377,254,123,416,39,0.04,0.3,0.000625,1.0,1e-08,1e+18,False,False,False,False,12,1.1,15.0,12.619294369514565,5.147899401849318,70.19862820703615,59.05714357871317,study_results/v4p2_followups_20260806/pseudo65/gp_window_ensemble_20260806/runs/window_3p0/draw_07/attempt_01/results_single.csv,1,1,1,1,single_attempt_outside_55_75MeV,False,,,,,,,window_3p0,7
2021,0.212,0.005416316,0.199813289,0.2241867109999999,90185144.73372865,1.64,0.2031172417599999,0.22088275824,0.01776551648,0.0,1.0,8000,0.000125,True,4499.659203680848,7.642380856112006e-06,0.2101025907963408,0.8060653288360433,1635.1999098318356,2028.5837311361236,True,tilde_q_mu,asymptotic,default,sidak_approx,observed,8.02**2 * RBF(length_scale=0.318),0.0277505225766093,0.3784162169537641,0.1024755959823144,0.3178034918986966,0.0252277477969176,64.29283172952859,1581.4539618086967,377,256,121,416,39,0.04,0.3,0.000625,1.0,1e-08,1e+18,False,False,False,False,12,1.1,15.0,12.59737866641931,5.123505086595644,69.86597845357696,58.67521243197344,study_results/v4p2_followups_20260806/pseudo65/gp_window_ensemble_20260806/runs/window_3p0/draw_07/attempt_01/results_single.csv,1,1,1,1,single_attempt_outside_55_75MeV,False,,,,,,,window_3p0,7
2021,0.213,0.005451437875,0.20073426478125,0.2252657352187499,87692400.078589,1.64,0.204059641885,0.2219403581149999,0.0178807162299999,0.0,1.0,8000,0.000125,True,4094.886776466832,7.119020771061022e-06,0.2831510368237078,0.5735060947043646,1149.783825275325,2011.4425733785852,True,tilde_q_mu,asymptotic,default,sidak_approx,observed,7.98**2 * RBF(length_scale=0.317),0.0277987290198092,0.3790735775428533,0.1026536100713629,0.3173145164452458,0.0252715718361902,63.68719417020986,1580.5342746666497,377,257,120,416,39,0.04,0.3,0.000625,1.0,1e-08,1e+18,False,False,False,False,12,1.1,15.0,12.556184415519208,5.0993388638422745,69.53643905239464,58.20749015602526,study_results/v4p2_followups_20260806/pseudo65/gp_window_ensemble_20260806/runs/window_3p0/draw_07/attempt_01/results_single.csv,1,1,1,1,single_attempt_outside_55_75MeV,False,,,,,,,window_3p0,7
2021,0.214,0.0054867315,0.201654854125,0.226345145875,85297275.72952412,1.64,0.20500176034,0.2229982396599999,0.0179964793199999,0.0,1.0,8000,0.000125,True,3748.639002529989,6.668752621865688e-06,0.3605495167702763,0.3569903452540084,712.1310421453721,1994.2902422015975,True,tilde_q_mu,asymptotic,default,sidak_approx,observed,8.04**2 * RBF(length_scale=0.318),0.0278473436110351,0.3797365037868427,0.1028331313468833,0.3180863669295633,0.0253157669191228,64.67611791230733,1579.5428821271478,377,259,118,416,39,0.04,0.3,0.000625,1.0,1e-08,1e+18,False,False,False,False,12,1.1,15.0,12.564753339125168,5.075397549713366,69.20996658700044,57.973743918317005,study_results/v4p2_followups_20260806/pseudo65/gp_window_ensemble_20260806/runs/window_3p0/draw_07/attempt_01/results_single.csv,1,1,1,1,single_attempt_outside_55_75MeV,False,,,,,,,window_3p0,7
2021,0.215,0.005522196875,0.20257505703125,0.22742494296875,82936171.06195708,1.64,0.205943597125,0.224056402875,0.01811280575,0.0,1.0,8000,0.000125,True,3228.53872018442,5.879541771151196e-06,0.5,0.0,-59.41245641116899,1984.23504543072,True,tilde_q_mu,asymptotic,default,sidak_approx,observed,8.07**2 * RBF(length_scale=0.318),0.0278963605717713,0.380404916887791,0.1030141384702921,0.3184127885945312,0.0253603277925194,65.15241601315026,1576.8088235646749,376,260,116,416,40,0.04,0.3,0.000625,1.0,1e-08,1e+18,False,False,False,False,12,1.1,15.0,12.555547041803392,5.051678019315698,68.88651844521407,57.66052819232948,study_results/v4p2_followups_20260806/pseudo65/gp_window_ensemble_20260806/runs/window_3p0/draw_07/attempt_01/results_single.csv,1,1,1,1,single_attempt_outside_55_75MeV,False,,,,,,,window_3p0,7
2021,0.216,0.0055578339999999,0.2034948735,0.2285051265,80666190.61149085,1.64,0.20688515224,0.22511484776,0.0182296955199999,0.0,1.0,8000,0.000125,True,2851.3154004982,5.313979594918185e-06,0.5,0.0,-756.799416717585,1968.0494702461135,True,tilde_q_mu,asymptotic,default,sidak_approx,observed,8.07**2 * RBF(length_scale=0.318),0.0279457742300831,0.3810787395011339,0.1031966104965824,0.3183707733477812,0.0254052493000755,65.12443347119142,1577.8492485678664,376,262,114,416,40,0.04,0.3,0.000625,1.0,1e-08,1e+18,False,False,False,False,12,1.1,15.0,12.53169254854877,5.028177205379499,68.56605280062952,57.28324619767003,study_results/v4p2_followups_20260806/pseudo65/gp_window_ensemble_20260806/runs/window_3p0/draw_07/attempt_01/results_single.csv,1,1,1,1,single_attempt_outside_55_75MeV,False,,,,,,,window_3p0,7
2021,0.217,0.005593642875,0.20441430353125,0.22958569646875,78431109.94118327,1.64,0.207826425685,0.226173574315,0.0183471486299999,0.0,1.0,8000,0.000125,True,2644.9632817187785,5.046513908036917e-06,0.4999655646006563,8.631674575031098e-05,-1219.1524366467547,1949.4684730714248,True,tilde_q_mu,asymptotic,default,sidak_approx,observed,8.04**2 * RBF(length_scale=0.318),0.0279955790181704,0.3817578957023249,0.1033805268652899,0.3180464131915888,0.0254505263801549,64.6576841118978,1579.336040803303,376,263,113,416,40,0.04,0.3,0.000625,1.0,1e-08,1e+18,False,False,False,False,12,1.1,15.0,12.496653642479668,5.0048920969361115,68.24852859458333,56.85854823035851,study_results/v4p2_followups_20260806/pseudo65/gp_window_ensemble_20260806/runs/window_3p0/draw_07/attempt_01/results_single.csv,1,1,1,1,single_attempt_outside_55_75MeV,False,,,,,,,window_3p0,7
2021,0.218,0.0056296235,0.205333347125,0.230666652875,76236851.52538474,1.64,0.20876741746,0.22723258254,0.01846516508,0.0,1.0,8000,0.000125,True,2486.5061613897506,4.858341244690477e-06,0.5,0.0,-1637.0201640251084,1932.103952199596,True,tilde_q_mu,asymptotic,default,sidak_approx,observed,8.04**2 * RBF(length_scale=0.318),0.0280457694699898,0.3824423109544073,0.103565867391711,0.3180159711815319,0.0254961540636271,64.6208758833846,1579.5262236931155,376,265,111,416,40,0.04,0.3,0.000625,1.0,1e-08,1e+18,False,False,False,False,12,1.1,15.0,12.473095761341275,4.981819738032192,67.93390551862079,56.48974059837784,study_results/v4p2_followups_20260806/pseudo65/gp_window_ensemble_20260806/runs/window_3p0/draw_07/attempt_01/results_single.csv,1,1,1,1,single_attempt_outside_55_75MeV,False,,,,,,,window_3p0,7
2021,0.219,0.005665775875,0.20625200428125,0.23174799571875,74103158.47642389,1.64,0.209708127565,0.228291872435,0.0185837448699999,0.0,1.0,8000,0.000125,True,2329.3444894227064,4.660932458573722e-06,0.5,0.0,-2168.054760588686,1919.6094046896728,True,tilde_q_mu,asymptotic,default,sidak_approx,observed,8.08**2 * RBF(length_scale=0.318),0.0280963402189413,0.3831319120764731,0.1037526122583625,0.3184929994425473,0.0255421274717648,65.31709270952155,1576.7163926364676,375,266,109,416,41,0.04,0.3,0.000625,1.0,1e-08,1e+18,False,False,False,False,12,1.1,15.0,12.469321507952705,4.958957226478954,67.62214399744026,56.21348363741044,study_results/v4p2_followups_20260806/pseudo65/gp_window_ensemble_20260806/runs/window_3p0/draw_07/attempt_01/results_single.csv,1,1,1,1,single_attempt_outside_55_75MeV,False,,,,,,,window_3p0,7
2021,0.22,0.0057021,0.207170275,0.232829725,72056230.15568508,1.64,0.210648556,0.229351444,0.018702888,0.0,1.0,8000,0.000125,True,2288.7389155704886,4.688370863735608e-06,0.5,0.0,-2268.6970537394172,1907.9049677103112,True,tilde_q_mu,asymptotic,default,sidak_approx,observed,8.01**2 * RBF(length_scale=0.318),0.0281472859956161,0.3838266272129476,0.1039407420066625,0.317649326930824,0.0255884418141965,64.1803616447574,1575.013838027596,374,267,107,416,42,0.04,0.3,0.000625,1.0,1e-08,1e+18,False,False,False,False,12,1.1,15.0,12.41378155173918,4.936301712635021,67.31320517229574,55.70742830375195,study_results/v4p2_followups_20260806/pseudo65/gp_window_ensemble_20260806/runs/window_3p0/draw_07/attempt_01/results_single.csv,1,1,1,1,single_attempt_outside_55_75MeV,False,,,,,,,window_3p0,7
2021,0.221,0.005738595875,0.20808815928125,0.23391184071875,70072537.02592257,1.64,0.211588702765,0.230411297235,0.01882259447,0.0,1.0,8000,0.000125,True,2213.5201483435685,4.641552703482147e-06,0.5,0.0,-2431.172636234204,1880.582562465548,True,tilde_q_mu,asymptotic,default,sidak_approx,observed,8.04**2 * RBF(length_scale=0.318),0.0281986016256085,0.3845263858037528,0.1041302375288517,0.3180128011421994,0.0256350923869168,64.65590457296348,1580.4547434785347,375,269,106,416,41,0.04,0.3,0.000625,1.0,1e-08,1e+18,False,False,False,False,12,1.1,15.0,12.405369808789946,4.913850398222813,67.00705088485654,55.4164830682034,study_results/v4p2_followups_20260806/pseudo65/gp_window_ensemble_20260806/runs/window_3p0/draw_07/attempt_01/results_single.csv,1,1,1,1,single_attempt_outside_55_75MeV,False,,,,,,,window_3p0,7
2021,0.222,0.0057752635,0.209005657125,0.234994342875,68109664.16035153,1.64,0.21252856786,0.23147143214,0.01894286428,0.0,1.0,8000,0.000125,True,2158.6440394687097,4.635955321158963e-06,0.4999655646006563,8.631674575031098e-05,-2594.519077541111,1865.6231997219563,True,tilde_q_mu,asymptotic,default,sidak_approx,observed,8.1**2 * RBF(length_scale=0.319),0.0282502820273846,0.3852311185552448,0.1043210800601226,0.318645525517448,0.0256820745703496,65.62617264725132,1578.795049199822,374,270,104,416,42,0.04,0.3,0.000625,1.0,1e-08,1e+18,False,False,False,False,12,1.1,15.0,12.407312526275785,4.891600535176381,66.7036436614961,55.17419690330113,study_results/v4p2_followups_20260806/pseudo65/gp_window_ensemble_20260806/runs/window_3p0/draw_07/attempt_01/results_single.csv,1,1,1,1,single_attempt_outside_55_75MeV,False,,,,,,,window_3p0,7
2021,0.223,0.005812102875,0.20992276853125,0.23607723146875,66214738.059975564,1.64,0.213468151285,0.232531848715,0.01906369743,0.0,1.0,8000,0.000125,True,2150.2390793746877,4.728758601784719e-06,0.5,0.0,-2500.1570973258026,1846.2859106578492,True,tilde_q_mu,asymptotic,default,sidak_approx,observed,8.09**2 * RBF(length_scale=0.318),0.0283023222102076,0.3859407574119222,0.1045132511709582,0.3184676488846352,0.0257293838274614,65.46760788118641,1577.36712016154,374,272,102,416,42,0.04,0.3,0.000625,1.0,1e-08,1e+18,False,False,False,False,12,1.1,15.0,12.377585527125154,4.869549424520059,66.40294669800079,54.79387680050918,study_results/v4p2_followups_20260806/pseudo65/gp_window_ensemble_20260806/runs/window_3p0/draw_07/attempt_01/results_single.csv,1,1,1,1,single_attempt_outside_55_75MeV,False,,,,,,,window_3p0,7
2021,0.224,0.005849114,0.2108394935,0.2371605065,64362913.74671155,1.64,0.21440745304,0.23359254696,0.01918509392,0.0,1.0,8000,0.000125,True,2173.651256123402,4.895827118107881e-06,0.499975650495596,6.103515625e-05,-2231.0160652599698,1823.235727208916,True,tilde_q_mu,asymptotic,default,sidak_approx,observed,8.09**2 * RBF(length_scale=0.319),0.0283547172721207,0.3866552355289188,0.1047067327596833,0.3185419899778541,0.0257770157019279,65.52828238319303,1577.0677899504292,374,273,101,416,42,0.04,0.3,0.000625,1.0,1e-08,1e+18,False,False,False,False,12,1.1,15.0,12.357597701041463,4.847694415277375,66.10492384469147,54.45987032871203,study_results/v4p2_followups_20260806/pseudo65/gp_window_ensemble_20260806/runs/window_3p0/draw_07/attempt_01/results_single.csv,1,1,1,1,single_attempt_outside_55_75MeV,False,,,,,,,window_3p0,7
2021,0.225,0.005886296875,0.21175583203125,0.23824416796875,62544678.25081808,1.64,0.215346473125,0.234653526875,0.01930705375,0.0,1.0,8000,0.000125,True,2252.7631327413483,5.1983147444630415e-06,0.5,0.0,-1779.0427689563114,1803.4673581154343,True,tilde_q_mu,asymptotic,default,sidak_approx,observed,8.05**2 * RBF(length_scale=0.318),0.0284074623979809,0.3873744872451945,0.1049015070452041,0.3180346170461542,0.0258249658163463,64.7306466736911,1577.4284287229386,374,275,99,416,42,0.04,0.3,0.000625,1.0,1e-08,1e+18,False,False,False,False,12,1.1,15.0,12.315006312412985,4.82603290340855,65.80953959193478,54.0296596994446,study_results/v4p2_followups_20260806/pseudo65/gp_window_ensemble_20260806/runs/window_3p0/draw_07/attempt_01/results_single.csv,1,1,1,1,single_attempt_outside_55_75MeV,False,,,,,,,window_3p0,7
2021,0.226,0.0059236515,0.212671784125,0.239328215875,60771554.15297639,1.64,0.21628521154,0.23571478846,0.01942957692,0.0,1.0,8000,0.000125,True,2297.675627527493,5.432501531371399e-06,0.5,0.0,-1527.0239744657729,1787.8007122648985,True,tilde_q_mu,asymptotic,default,sidak_approx,observed,8.07**2 * RBF(length_scale=0.318),0.0284605528575465,0.3880984480574534,0.1050975565599455,0.3183380426393521,0.0258732298704968,65.18351277487332,1574.4789531349852,373,276,97,416,43,0.04,0.3,0.000625,1.0,1e-08,1e+18,False,False,False,False,12,1.1,15.0,12.303761232467975,4.804562330776309,65.51675905604058,53.74017067671049,study_results/v4p2_followups_20260806/pseudo65/gp_window_ensemble_20260806/runs/window_3p0/draw_07/attempt_01/results_single.csv,1,1,1,1,single_attempt_outside_55_75MeV,False,,,,,,,window_3p0,7
2021,0.227,0.005961177875,0.21358734978125,0.24041265021875,59077484.03982016,1.64,0.217223668285,0.236776331715,0.01955266343,0.0,1.0,8000,0.000125,True,2331.9514789051955,5.6466592794188305e-06,0.5,0.0,-1305.4169647298315,1766.8062355709933,True,tilde_q_mu,asymptotic,default,sidak_approx,observed,8.1**2 * RBF(length_scale=0.319),0.0285139840036164,0.3888270545947703,0.1052948641429799,0.3186784825856097,0.0259218036396513,65.6755497699967,1575.5253264803828,373,278,95,416,43,0.04,0.3,0.000625,1.0,1e-08,1e+18,False,False,False,False,12,1.1,15.0,12.293839079088707,4.783280184139193,65.22654796553445,53.45897895818277,study_results/v4p2_followups_20260806/pseudo65/gp_window_ensemble_20260806/runs/window_3p0/draw_07/attempt_01/results_single.csv,1,1,1,1,single_attempt_outside_55_75MeV,False,,,,,,,window_3p0,7
2021,0.228,0.005998876,0.214502529,0.241497471,57436780.43420136,1.64,0.21816184336,0.23783815664,0.01967631328,0.0,1.0,8000,0.000125,True,12102.030084896214,3.000911690177506e-05,0.1046834307816305,1.2553083047257798,5846.801569275535,4657.057788377734,True,tilde_q_mu,asymptotic,default,sidak_approx,observed,1**2 * RBF(length_scale=0.105),0.0285677512702127,0.3895602445938106,0.1054934129333165,0.1054934129333165,0.0259706829729207,1.0,882.8045326403852,373,279,94,416,43,0.04,0.3,0.000625,1.0,1e-08,1e+18,False,False,False,False,12,1.1,15.0,4.06201920231798,4.762183994170372,64.9388726477778,17.585529844810353,study_results/v4p2_followups_20260806/pseudo65/gp_window_ensemble_20260806/runs/window_3p0/draw_07/attempt_01/results_single.csv,1,1,1,1,single_attempt_outside_55_75MeV,False,,,,,,,window_3p0,7
2021,0.229,0.006036745875,0.21541732178125,0.24258267821875,55831675.293223605,1.64,0.219099736765,0.238900263235,0.01980052647,0.0,1.0,8000,0.000125,True,2488.1934768543897,6.319575800040574e-06,0.5,0.0,-695.5184037298671,1725.9224223703045,True,tilde_q_mu,asymptotic,default,sidak_approx,observed,8.12**2 * RBF(length_scale=0.319),0.0286218501708174,0.3902979568747833,0.1056931863633896,0.3187782458907637,0.0260198637916522,65.90345345706214,1575.9037469327077,373,281,92,416,43,0.04,0.3,0.000625,1.0,1e-08,1e+18,False,False,False,False,12,1.1,15.0,12.251341838039725,4.741271334503118,64.6537000159516,52.80630533263316,study_results/v4p2_followups_20260806/pseudo65/gp_window_ensemble_20260806/runs/window_3p0/draw_07/attempt_01/results_single.csv,1,1,1,1,single_attempt_outside_55_75MeV,False,,,,,,,window_3p0,7
2021,0.23,0.0060747875,0.216331728125,0.243668271875,54262302.35414737,1.64,0.2200373485,0.2399626515,0.019925303,0.0,1.0,8000,0.000125,True,2491.864199353143,6.483630247810284e-06,0.5,0.0,-635.5845356942212,1711.8501207294396,True,tilde_q_mu,asymptotic,default,sidak_approx,observed,8.19**2 * RBF(length_scale=0.319),0.0286762762966508,0.3910401313179656,0.1058941681527014,0.319464815572151,0.0260693420878643,67.06913233967542,1573.6929255927907,372,282,90,416,44,0.04,0.3,0.000625,1.0,1e-08,1e+18,False,False,False,False,12,1.1,15.0,12.254425696491438,4.720539820800449,64.37099755636976,52.588640437571016,study_results/v4p2_followups_20260806/pseudo65/gp_window_ensemble_20260806/runs/window_3p0/draw_07/attempt_01/results_single.csv,1,1,1,1,single_attempt_outside_55_75MeV,False,,,,,,,window_3p0,7
2021,0.231,0.006113000875,0.21724574803125,0.24475425196875,52721717.822498925,1.64,0.220974678565,0.241025321435,0.02005064287,0.0,1.0,8000,0.000125,True,73626.28445339776,0.0001963140009329,0.2409818377552996,0.7031477527116001,23318.27856538327,35662.26934260328,True,tilde_q_mu,asymptotic,default,sidak_approx,observed,2.48**2 * RBF(length_scale=0.0522),0.0287310253149946,0.3917867088408355,0.1060963423016291,0.0522395520146373,0.0261191139227223,6.1651597029125496,1099.6796832343102,372,284,88,416,44,0.04,0.3,0.000625,1.0,1e-08,1e+18,False,False,False,False,12,1.1,15.0,2.0000506973244394,4.699987109848828,64.09073331612038,8.54564772406275,study_results/v4p2_followups_20260806/pseudo65/gp_window_ensemble_20260806/runs/window_3p0/draw_07/attempt_01/results_single.csv,1,1,1,1,single_attempt_outside_55_75MeV,False,,,,,,,window_3p0,7
2021,0.232,0.006151386,0.2181593815,0.2458406185,51251552.38699205,1.64,0.22191172696,0.24208827304,0.02017654608,0.0,1.0,8000,0.000125,True,2634.927503705792,7.196040242043404e-06,0.5,0.0,-216.77301328970583,1676.475634311391,True,tilde_q_mu,asymptotic,default,sidak_approx,observed,8.11**2 * RBF(length_scale=0.319),0.0287860929675617,0.3925376313758422,0.1062996930854058,0.3187730372897523,0.0261691754250561,65.7626339902983,1572.0846279861053,372,285,87,416,44,0.04,0.3,0.000625,1.0,1e-08,1e+18,False,False,False,False,12,1.1,15.0,12.181241178296256,4.679610898675804,63.81287589103368,51.82133543395786,study_results/v4p2_followups_20260806/pseudo65/gp_window_ensemble_20260806/runs/window_3p0/draw_07/attempt_01/results_single.csv,1,1,1,1,single_attempt_outside_55_75MeV,False,,,,,,,window_3p0,7
2021,0.233,0.006189942875,0.21907262853125,0.24692737146875,49805482.399550624,1.64,0.222848493685,0.243151506315,0.02030301263,0.0,1.0,8000,0.000125,True,2647.909993049875,7.40951989967569e-06,0.5,0.0,-147.58389451218255,1661.484236294595,True,tilde_q_mu,asymptotic,default,sidak_approx,observed,8.08**2 * RBF(length_scale=0.319),0.0288414750689017,0.3932928418486603,0.1065042050482311,0.3185115477553568,0.0262195227899106,65.33861838866271,1573.0950066685105,372,287,85,416,44,0.04,0.3,0.000625,1.0,1e-08,1e+18,False,False,False,False,12,1.1,15.0,12.147877377765264,4.659408923689259,63.53739441394444,51.45629841622032,study_results/v4p2_followups_20260806/pseudo65/gp_window_ensemble_20260806/runs/window_3p0/draw_07/attempt_01/results_single.csv,1,1,1,1,single_attempt_outside_55_75MeV,False,,,,,,,window_3p0,7
2021,0.234,0.0062286715,0.219985489125,0.248014510875,48395595.20414742,1.64,0.22378497874,0.24421502126,0.02043004252,0.0,1.0,8000,0.000125,True,2729.8272741780993,7.82768603019531e-06,0.4957663454913747,0.0106123972929353,17.402173793887545,1652.712837205357,True,tilde_q_mu,asymptotic,default,sidak_approx,observed,8.03**2 * RBF(length_scale=0.318),0.0288971675048537,0.394052284157097,0.1067098629975592,0.3178357955485151,0.0262701522771398,64.41005815600684,1569.3318030333508,371,288,83,416,45,0.04,0.3,0.000625,1.0,1e-08,1e+18,False,False,False,False,12,1.1,15.0,12.098742032230046,4.639378959839796,63.26425854326993,51.027862931688574,study_results/v4p2_followups_20260806/pseudo65/gp_window_ensemble_20260806/runs/window_3p0/draw_07/attempt_01/results_single.csv,1,1,1,1,single_attempt_outside_55_75MeV,False,,,,,,,window_3p0,7
2021,0.235,0.006267571875,0.22089796328125,0.2491020367187499,47012739.219878465,1.64,0.2247211821249999,0.245278817875,0.02055763575,0.0,1.0,8000,0.000125,True,2654.2815501836412,7.801596626196547e-06,0.5,0.0,-85.46869628429619,1644.238806077013,True,tilde_q_mu,asymptotic,default,sidak_approx,observed,8.04**2 * RBF(length_scale=0.318),0.0289531662310341,0.394815903150465,0.1069166519985136,0.3180312560536226,0.026321060210031,64.64535595272473,1566.5595635698437,370,289,81,416,46,0.04,0.3,0.000625,1.0,1e-08,1e+18,False,False,False,False,12,1.1,15.0,12.082767696888608,4.619518819803578,62.993438451866965,50.74233888281059,study_results/v4p2_followups_20260806/pseudo65/gp_window_ensemble_20260806/runs/window_3p0/draw_07/attempt_01/results_single.csv,1,1,1,1,single_attempt_outside_55_75MeV,False,,,,,,,window_3p0,7
2021,0.236,0.006306644,0.2218100509999999,0.2501899489999999,45679826.44124699,1.64,0.2256571038399999,0.24634289616,0.02068579232,0.0,1.0,8000,0.000125,True,2652.79769396558,7.990751137209896e-06,0.5,0.0,-35.64543711374921,1626.0423282475087,True,tilde_q_mu,asymptotic,default,sidak_approx,observed,8.01**2 * RBF(length_scale=0.318),0.0290094672713634,0.3955836446095018,0.1071245573684485,0.3176796880793097,0.0263722429739667,64.17563322113384,1570.9561386028354,371,291,80,416,45,0.04,0.3,0.000625,1.0,1e-08,1e+18,False,False,False,False,12,1.1,15.0,12.045986698700808,4.599826353186174,62.7249048161751,50.37222460619463,study_results/v4p2_followups_20260806/pseudo65/gp_window_ensemble_20260806/runs/window_3p0/draw_07/attempt_01/results_single.csv,1,1,1,1,single_attempt_outside_55_75MeV,False,,,,,,,window_3p0,7
2021,0.237,0.006345887875,0.22272175228125,0.25127824771875,44384391.87212218,1.64,0.226592743885,0.2474072561149999,0.0208145122299999,0.0,1.0,8000,0.000125,True,2742.803301325,8.467124891777577e-06,0.4694352008052507,0.076689696239308,123.75085602633956,1620.1962641379648,True,tilde_q_mu,asymptotic,default,sidak_approx,observed,7.98**2 * RBF(length_scale=0.317),0.0290660667166324,0.3963554552268056,0.1073335646716512,0.3172415443273073,0.0264236970151203,63.65381778163603,1569.2867687123353,370,292,78,416,46,0.04,0.3,0.000625,1.0,1e-08,1e+18,False,False,False,False,12,1.1,15.0,12.005948453987076,4.580299445746575,62.458628805635115,49.9916718631445,study_results/v4p2_followups_20260806/pseudo65/gp_window_ensemble_20260806/runs/window_3p0/draw_07/attempt_01/results_single.csv,1,1,1,1,single_attempt_outside_55_75MeV,False,,,,,,,window_3p0,7
2021,0.238,0.0063853035,0.223633067125,0.252366932875,43150069.97440755,1.64,0.2275281022599999,0.24847189774,0.02094379548,0.0,1.0,8000,0.000125,True,2765.479407560969,8.744437733606062e-06,0.4543707507100266,0.114626087174205,183.74662551097316,1610.9155531100969,True,tilde_q_mu,asymptotic,default,sidak_approx,observed,7.98**2 * RBF(length_scale=0.317),0.0291229607231004,0.3971312825877338,0.1075436597141695,0.3172128373945134,0.0264754188391822,63.6369769298653,1570.2551363857533,370,294,76,416,46,0.04,0.3,0.000625,1.0,1e-08,1e+18,False,False,False,False,12,1.1,15.0,11.981409598138436,4.560936018640379,62.1945820723688,49.67858417293922,study_results/v4p2_followups_20260806/pseudo65/gp_window_ensemble_20260806/runs/window_3p0/draw_07/attempt_01/results_single.csv,1,1,1,1,single_attempt_outside_55_75MeV,False,,,,,,,window_3p0,7
2021,0.239,0.006424890875,0.2245439955312499,0.25345600446875,41910564.95451811,1.64,0.2284631789649999,0.249536821035,0.02107364207,0.0,1.0,8000,0.000125,True,2726.555524145871,8.839197792745e-06,0.4671054611244887,0.0825480349818618,132.3432811086337,1607.1477002434294,True,tilde_q_mu,asymptotic,default,sidak_approx,observed,7.99**2 * RBF(length_scale=0.317),0.0291801455111333,0.3979110751518178,0.1077548285387784,0.3174002929791637,0.0265274050101211,63.84465035855339,1566.7515108492262,369,295,74,416,47,0.04,0.3,0.000625,1.0,1e-08,1e+18,False,False,False,False,12,1.1,15.0,11.964995929985,4.541734027682346,61.9327367411229,49.40166286935787,study_results/v4p2_followups_20260806/pseudo65/gp_window_ensemble_20260806/runs/window_3p0/draw_07/attempt_01/results_single.csv,1,1,1,1,single_attempt_outside_55_75MeV,False,,,,,,,window_3p0,7
2021,0.24,0.00646465,0.2254545375,0.2545454625,40722504.22475857,1.64,0.229397974,0.250602026,0.0212040519999999,0.0,1.0,8000,0.000125,True,2705.0610579421264,8.987756041150882e-06,0.4656124342448541,0.0863038620144872,136.87916413392676,1592.9482936689185,True,tilde_q_mu,asymptotic,default,sidak_approx,observed,7.97**2 * RBF(length_scale=0.317),0.0292376173638717,0.3986947822346143,0.1079670574200659,0.3171857100845396,0.0265796521489742,63.551255087660394,1571.260243377434,370,297,73,416,46,0.04,0.3,0.000625,1.0,1e-08,1e+18,False,False,False,False,12,1.1,15.0,11.933403353315889,4.522691462627012,61.673065399459254,49.06463769647848,study_results/v4p2_followups_20260806/pseudo65/gp_window_ensemble_20260806/runs/window_3p0/draw_07/attempt_01/results_single.csv,1,1,1,1,single_attempt_outside_55_75MeV,False,,,,,,,window_3p0,7
2021,0.241,0.006504580875,0.2263646930312499,0.25563530696875,39555789.66735767,1.64,0.230332487365,0.251667512635,0.0213350252699999,0.0,1.0,8000,0.000125,True,2775.5550609422967,9.454589290983076e-06,0.4369248282731387,0.1587705444198494,252.0911733992769,1590.154356309638,True,tilde_q_mu,asymptotic,default,sidak_approx,observed,7.99**2 * RBF(length_scale=0.317),0.0292953726259335,0.3994823539900027,0.1081803328596386,0.3174442985974917,0.0266321569326668,63.91865010481581,1568.1993368165304,369,298,71,416,47,0.04,0.3,0.000625,1.0,1e-08,1e+18,False,False,False,False,12,1.1,15.0,11.919586513404642,4.503806346467102,61.41554108818776,48.8031903512141,study_results/v4p2_followups_20260806/pseudo65/gp_window_ensemble_20260806/runs/window_3p0/draw_07/attempt_01/results_single.csv,1,1,1,1,single_attempt_outside_55_75MeV,False,,,,,,,window_3p0,7
2021,0.242,0.0065446835,0.227274462125,0.256725537875,38433549.77614895,1.64,0.23126671906,0.2527332809399999,0.0214665618799999,0.0,1.0,8000,0.000125,True,2901.928694654952,1.0131664370818435e-05,0.3866411910620387,0.2880840754044693,456.63569913514834,1583.422776444046,True,tilde_q_mu,asymptotic,default,sidak_approx,observed,7.98**2 * RBF(length_scale=0.317),0.0293534077021493,0.4002737413929458,0.1083946415814538,0.3171797166888703,0.026684916092863,63.6471024001302,1569.741373351459,369,300,69,416,47,0.04,0.3,0.000625,1.0,1e-08,1e+18,False,False,False,False,12,1.1,15.0,11.886105078430464,4.4850767347495655,61.16013729203953,48.46372123096103,study_results/v4p2_followups_20260806/pseudo65/gp_window_ensemble_20260806/runs/window_3p0/draw_07/attempt_01/results_single.csv,1,1,1,1,single_attempt_outside_55_75MeV,False,,,,,,,window_3p0,7
2021,0.243,0.006584957875,0.22818384478125,0.25781615521875,37332878.58161166,1.64,0.232200669085,0.253799330915,0.02159866183,0.0,1.0,8000,0.000125,True,2947.817951508291,1.0551709591940162e-05,0.3692917943203236,0.3337296300736763,528.5489505138198,1581.3840420817228,True,tilde_q_mu,asymptotic,default,sidak_approx,observed,7.99**2 * RBF(length_scale=0.317),0.0294117190563266,0.4010688962226361,0.108609970527255,0.3173415312349566,0.0267379264148424,63.85330098999152,1566.0586284773544,368,301,67,416,48,0.04,0.3,0.000625,1.0,1e-08,1e+18,False,False,False,False,12,1.1,15.0,11.868591689249252,4.466500714908013,60.90682793056381,48.191884786348254,study_results/v4p2_followups_20260806/pseudo65/gp_window_ensemble_20260806/runs/window_3p0/draw_07/attempt_01/results_single.csv,1,1,1,1,single_attempt_outside_55_75MeV,False,,,,,,,window_3p0,7
2021,0.244,0.006625404,0.229092841,0.258907159,36240747.78783116,1.64,0.23313433744,0.25486566256,0.0217313251199999,0.0,1.0,8000,0.000125,True,3083.14437688168,1.1322095341600657e-05,0.3152711311614494,0.4809637504921564,752.3817622623133,1566.4218763328156,True,tilde_q_mu,asymptotic,default,sidak_approx,observed,8.04**2 * RBF(length_scale=0.318),0.029470303210048,0.4018677710461094,0.1088263068521347,0.3178616488555512,0.0267911847364072,64.6904165949653,1571.1395967818153,369,303,66,416,47,0.04,0.3,0.000625,1.0,1e-08,1e+18,False,False,False,False,12,1.1,15.0,11.864411819892387,4.448076405612099,60.65558734925589,47.97619116593511,study_results/v4p2_followups_20260806/pseudo65/gp_window_ensemble_20260806/runs/window_3p0/draw_07/attempt_01/results_single.csv,1,1,1,1,single_attempt_outside_55_75MeV,False,,,,,,,window_3p0,7
2021,0.245,0.006666021875,0.23000145078125,0.25999854921875,35231160.94273463,1.64,0.234067724125,0.255932275875,0.02186455175,0.0,1.0,8000,0.000125,True,3270.1698300870357,1.2302608130567078e-05,0.2593646405049685,0.6453054200262031,1007.7767320201652,1563.5688024697715,True,tilde_q_mu,asymptotic,default,sidak_approx,observed,8.06**2 * RBF(length_scale=0.318),0.0295291567414944,0.4026703192021974,0.1090436379201891,0.3179992750830772,0.0268446879468131,65.0059787400468,1570.4930903606328,368,304,64,416,48,0.04,0.3,0.000625,1.0,1e-08,1e+18,False,False,False,False,12,1.1,15.0,11.84589203320682,4.429801956132116,60.40639031089249,47.7045051825722,study_results/v4p2_followups_20260806/pseudo65/gp_window_ensemble_20260806/runs/window_3p0/draw_07/attempt_01/results_single.csv,1,1,1,1,single_attempt_outside_55_75MeV,False,,,,,,,window_3p0,7
2021,0.246,0.0067068115,0.230909674125,0.261090325875,34231611.46534635,1.64,0.23500082914,0.25699917086,0.02199834172,0.0,1.0,8000,0.000125,True,3420.221093684111,1.3188993428499312e-05,0.2193206054138713,0.7744897778935754,1207.1477948757176,1559.8423965793154,True,tilde_q_mu,asymptotic,default,sidak_approx,observed,8.08**2 * RBF(length_scale=0.318),0.0295882762843003,0.4034764947859137,0.1092619513002888,0.3181374484142746,0.0268984329857275,65.2673644257278,1567.0236014874145,367,305,62,416,49,0.04,0.3,0.000625,1.0,1e-08,1e+18,False,False,False,False,12,1.1,15.0,11.827359927735555,4.411675545719503,60.159211987084134,47.43497687601249,study_results/v4p2_followups_20260806/pseudo65/gp_window_ensemble_20260806/runs/window_3p0/draw_07/attempt_01/results_single.csv,1,1,1,1,single_attempt_outside_55_75MeV,False,,,,,,,window_3p0,7
2021,0.247,0.006747772875,0.23181751103125,0.26218248896875,33240766.184267055,1.64,0.235933652485,0.258066347515,0.02213269503,0.0,1.0,8000,0.000125,True,3647.376292539452,1.4425554444318888e-05,0.1625969861636838,0.9838404396096432,1515.9264532516806,1542.841389457958,True,tilde_q_mu,asymptotic,default,sidak_approx,observed,8.1**2 * RBF(length_scale=0.318),0.0296476585264336,0.4042862526331858,0.1094812347619452,0.3181567477807683,0.0269524168422123,65.59820975524,1571.6872639010926,368,307,61,416,48,0.04,0.3,0.000625,1.0,1e-08,1e+18,False,False,False,False,12,1.1,15.0,11.804386584080913,4.393695383001999,59.91402795002726,47.14988984877005,study_results/v4p2_followups_20260806/pseudo65/gp_window_ensemble_20260806/runs/window_3p0/draw_07/attempt_01/results_single.csv,1,1,1,1,single_attempt_outside_55_75MeV,False,,,,,,,window_3p0,7
2021,0.248,0.006788906,0.2327249615,0.2632750385,32306957.309929177,1.64,0.23686619416,0.25913380584,0.02226761168,0.0,1.0,8000,0.000125,True,3791.5459071852806,1.536697915328351e-05,0.1347302286876872,1.1043059160788788,1695.8669656248742,1537.1380790495975,True,tilde_q_mu,asymptotic,default,sidak_approx,observed,8.13**2 * RBF(length_scale=0.318),0.0297073002091074,0.4050995483060104,0.1097014762712903,0.3183919315615788,0.027006636553734,66.02529488865554,1568.0407825133889,367,308,59,416,49,0.04,0.3,0.000625,1.0,1e-08,1e+18,False,False,False,False,12,1.1,15.0,11.789395948217656,4.375859705393982,59.67081416446339,46.89885698249156,study_results/v4p2_followups_20260806/pseudo65/gp_window_ensemble_20260806/runs/window_3p0/draw_07/attempt_01/results_single.csv,1,1,1,1,single_attempt_outside_55_75MeV,False,,,,,,,window_3p0,7
2021,0.249,0.006830210875,0.23363202553125,0.26436797446875,31367919.80580777,1.64,0.237798454165,0.260201545835,0.0224030916699999,0.0,1.0,8000,0.000125,True,3862.970193978263,1.606039465912507e-05,0.1191710303236249,1.1791409353696731,1798.2389427325045,1525.848135909972,True,tilde_q_mu,asymptotic,default,sidak_approx,observed,8.13**2 * RBF(length_scale=0.319),0.029767198125712,0.4059163380778918,0.1099226639871329,0.3185057463713779,0.0270610892051927,66.06982427273962,1566.4875461795964,367,310,57,416,49,0.04,0.3,0.000625,1.0,1e-08,1e+18,False,False,False,False,12,1.1,15.0,11.76987903022985,4.358166778520153,59.429546979820266,46.63190525158975,study_results/v4p2_followups_20260806/pseudo65/gp_window_ensemble_20260806/runs/window_3p0/draw_07/attempt_01/results_single.csv,1,1,1,1,single_attempt_outside_55_75MeV,False,,,,,,,window_3p0,7
2021,0.25,0.0068716875,0.234538703125,0.265461296875,30463229.35640608,1.64,0.2387304325,0.2612695675,0.022539135,0.0,1.0,8000,0.000125,True,3870.761343775211,1.6504423853884766e-05,0.1154853423495835,1.19786215602856,1819.299151837734,1518.332812903271,True,tilde_q_mu,asymptotic,default,sidak_approx,observed,8.08**2 * RBF(length_scale=0.318),0.0298273491207752,0.4067365789196631,0.1101447862571196,0.3181574891127918,0.0271157719279775,65.3078719410686,1565.2488844197808,366,311,55,416,50,0.04,0.3,0.000625,1.0,1e-08,1e+18,False,False,False,False,12,1.1,15.0,11.733300086674756,4.3406148956534025,59.19020312254639,46.299761028538,study_results/v4p2_followups_20260806/pseudo65/gp_window_ensemble_20260806/runs/window_3p0/draw_07/attempt_01/results_single.csv,1,1,1,1,single_attempt_outside_55_75MeV,False,,,,,,,window_3p0,7
2021,0.05,0.0019941875,0.045513078125,0.054486921875,432274745.5035101,1.64,0.0467295325,0.0532704675,0.0065409349999999,0.0,1.0,8000,0.000125,True,19995.642961036567,3.0041763813183213e-05,0.001678458860095,2.9330112092221428,13892.139185081764,4743.635760787245,True,tilde_q_mu,asymptotic,default,sidak_approx,observed,7.24**2 * RBF(length_scale=0.324),0.0430198208653474,0.586633920891102,0.1588612167593829,0.3237323075807313,0.0391089280594068,52.357283879105395,1683.2608081923038,402,9,393,416,14,0.04,0.3,0.000625,1.0,1e-08,1e+18,False,False,False,False,12,1.1,15.0,8.277708534710518,21.57260581833327,294.1718975227264,162.33794845305735,study_results/v4p2_followups_20260806/pseudo65/gp_window_ensemble_20260806/runs/window_3p0/draw_08/attempt_01/results_single.csv,1,1,1,1,single_attempt_outside_55_75MeV,False,,,,,,,window_3p0,8
2021,0.051,0.002001485875,0.04649665678125,0.0555033432187499,505722115.71658146,1.64,0.047717563165,0.0542824368349999,0.0065648736699999,0.0,1.0,8000,0.000125,True,15268.29899826086,1.922332267581793e-05,0.036377471339478,1.7943649175049077,8830.286370119062,4938.828529223622,True,tilde_q_mu,asymptotic,default,sidak_approx,observed,7.2**2 * RBF(length_scale=0.324),0.0423437473933882,0.5774147371825666,0.1563646500091317,0.3239926647794732,0.0384943158121711,51.78418184370282,1677.1530700121957,401,10,391,416,15,0.04,0.3,0.000625,1.0,1e-08,1e+18,False,False,False,False,12,1.1,15.0,8.41663653304973,21.15615599504954,288.4930362961301,161.87606858803002,study_results/v4p2_followups_20260806/pseudo65/gp_window_ensemble_20260806/runs/window_3p0/draw_08/attempt_01/results_single.csv,1,1,1,1,single_attempt_outside_55_75MeV,False,,,,,,,window_3p0,8
2021,0.052,0.002008956,0.047479849,0.056520151,582496150.2912881,1.64,0.04870531216,0.0552946878399999,0.0065893756799999,0.0,1.0,8000,0.000125,True,7281.695186183913,7.806493712308645e-06,0.4999513009912829,0.0001220703125,-1653.2286623198715,4951.455699396911,True,tilde_q_mu,asymptotic,default,sidak_approx,observed,7.49**2 * RBF(length_scale=0.319),0.0416967826910809,0.5685924912420126,0.1539755745145915,0.3185361147240105,0.0379061660828008,56.05514871254386,1675.2930774072113,402,12,390,416,14,0.04,0.3,0.000625,1.0,1e-08,1e+18,False,False,False,False,12,1.1,15.0,8.403279667698705,20.75544844739304,283.02884246445046,158.55803448358776,study_results/v4p2_followups_20260806/pseudo65/gp_window_ensemble_20260806/runs/window_3p0/draw_08/attempt_01/results_single.csv,1,1,1,1,single_attempt_outside_55_75MeV,False,,,,,,,window_3p0,8
2021,0.053,0.002016597875,0.0484626547812499,0.05753734521875,661992830.0519445,1.64,0.049692779485,0.056307220515,0.00661444103,0.0,1.0,8000,0.000125,True,5872.419657850519,5.435103898497406e-06,0.5,0.0,-7033.466527638408,5088.069162239767,True,tilde_q_mu,asymptotic,default,sidak_approx,observed,7.58**2 * RBF(length_scale=0.318),0.0410773062694674,0.5601450854927381,0.1516880062237032,0.3183590012282638,0.0373430056995158,57.410286710635845,1671.5073387766454,402,14,388,416,14,0.04,0.3,0.000625,1.0,1e-08,1e+18,False,False,False,False,12,1.1,15.0,8.525264511110072,20.369607039017364,277.76736871387317,157.86935272272058,study_results/v4p2_followups_20260806/pseudo65/gp_window_ensemble_20260806/runs/window_3p0/draw_08/attempt_01/results_single.csv,1,1,1,1,single_attempt_outside_55_75MeV,False,,,,,,,window_3p0,8
2021,0.054,0.0020244115,0.049445074125,0.058554925875,743432117.467634,1.64,0.05067996514,0.05732003486,0.00664006972,0.0,1.0,8000,0.000125,True,5743.618594163498,4.645906183093614e-06,0.5,0.0,-11367.160978068394,5495.599024922899,True,tilde_q_mu,asymptotic,default,sidak_approx,observed,7.49**2 * RBF(length_scale=0.316),0.0404838157112043,0.552052032425514,0.1494963970927404,0.3164150705322089,0.0368034688283676,56.16413694743743,1665.6599568820277,401,15,386,416,15,0.04,0.3,0.000625,1.0,1e-08,1e+18,False,False,False,False,12,1.1,15.0,8.59742520488505,19.99781947059892,272.6975382354398,156.29977923569834,study_results/v4p2_followups_20260806/pseudo65/gp_window_ensemble_20260806/runs/window_3p0/draw_08/attempt_01/results_single.csv,1,1,1,1,single_attempt_outside_55_75MeV,False,,,,,,,window_3p0,8
2021,0.055,0.002032396875,0.05042710703125,0.05957289296875,825863093.242175,1.64,0.051666869125,0.058333130875,0.0066662617499999,0.0,1.0,8000,0.000125,True,6000.0556369088645,4.2894780674263866e-06,0.5,0.0,-10322.896431367117,5585.992729102592,True,tilde_q_mu,asymptotic,default,sidak_approx,observed,7.47**2 * RBF(length_scale=0.318),0.0399149161083646,0.5442943105686093,0.1473955960828078,0.3178105405504453,0.0362862873712406,55.81838278090138,1671.24465120565,402,17,385,416,14,0.04,0.3,0.000625,1.0,1e-08,1e+18,False,False,False,False,12,1.1,15.0,8.758419876328599,19.639331569216612,267.8090668529538,156.37228361239497,study_results/v4p2_followups_20260806/pseudo65/gp_window_ensemble_20260806/runs/window_3p0/draw_08/attempt_01/results_single.csv,2,2,1,2,stable_reproduced,False,attempt_01_full,False,1671.24465120565,1671.2446510290283,study_results/v4p2_followups_20260806/pseudo65/gp_window_ensemble_20260806/runs/window_3p0/draw_08/attempt_01/results_single.csv|study_results/v4p2_followups_20260806/pseudo65/gp_window_ensemble_20260806/central_repeat/window_3p0/draw_08/attempt_02/results_single.csv,1671.24465121|1671.24465103,window_3p0,8
2021,0.056,0.002040554,0.0514087535,0.0605912465,908269765.1619576,1.64,0.05265349144,0.05934650856,0.00669301712,0.0,1.0,8000,0.000125,True,7335.753602772549,4.683405624555657e-06,0.5,0.0,-5522.462886834177,5844.612408829328,True,tilde_q_mu,asymptotic,default,sidak_approx,observed,7.49**2 * RBF(length_scale=0.319),0.0393693106142212,0.5368542356484718,0.1453808142699889,0.318582491332518,0.0357902823765647,56.11116934654472,1665.127612077553,401,18,383,416,15,0.04,0.3,0.000625,1.0,1e-08,1e+18,False,False,False,False,12,1.1,15.0,8.901368477079227,19.293442180026243,263.0923933639942,156.12548912330573,study_results/v4p2_followups_20260806/pseudo65/gp_window_ensemble_20260806/central_repeat/window_3p0/draw_08/attempt_02/results_single.csv,2,2,1,2,stable_reproduced,False,attempt_02_55_75MeV,False,1665.1276114593236,1665.127612077553,study_results/v4p2_followups_20260806/pseudo65/gp_window_ensemble_20260806/runs/window_3p0/draw_08/attempt_01/results_single.csv|study_results/v4p2_followups_20260806/pseudo65/gp_window_ensemble_20260806/central_repeat/window_3p0/draw_08/attempt_02/results_single.csv,1665.12761146|1665.12761208,window_3p0,8
2021,0.057,0.002048882875,0.05239001353125,0.06160998646875,990281832.8145669,1.64,0.053639832085,0.060360167915,0.0067203358299999,0.0,1.0,8000,0.000125,True,10044.316700331132,5.778387365803798e-06,0.4579720118376085,0.105544169269162,637.5272200278681,5872.871536263522,True,tilde_q_mu,asymptotic,default,sidak_approx,observed,7.81**2 * RBF(length_scale=0.321),0.0388457919743114,0.5297153451042469,0.1434475935717297,0.3206553276706664,0.0353143563402831,60.95479142642328,1662.378797405988,401,20,381,416,15,0.04,0.3,0.000625,1.0,1e-08,1e+18,False,False,False,False,12,1.1,15.0,9.080027527073868,18.959498587400432,258.53861710091496,156.5025173391946,study_results/v4p2_followups_20260806/pseudo65/gp_window_ensemble_20260806/central_repeat/window_3p0/draw_08/attempt_02/results_single.csv,2,2,1,2,stable_reproduced,False,attempt_02_55_75MeV,False,1662.378796985687,1662.378797405988,study_results/v4p2_followups_20260806/pseudo65/gp_window_ensemble_20260806/runs/window_3p0/draw_08/attempt_01/results_single.csv|study_results/v4p2_followups_20260806/pseudo65/gp_window_ensemble_20260806/central_repeat/window_3p0/draw_08/attempt_02/results_single.csv,1662.37879699|1662.37879741,window_3p0,8
2021,0.058,0.0020573835,0.053370887125,0.062629112875,1071064818.8823924,1.64,0.05462589106,0.06137410894,0.00674821788,0.0,1.0,8000,0.000125,True,14027.997033282862,7.332833762423663e-06,0.1631740414497379,0.9814962497227554,5869.04498445862,5978.381217681153,True,tilde_q_mu,asymptotic,default,sidak_approx,observed,7.83**2 * RBF(length_scale=0.318),0.0383432349203511,0.5228622943684247,0.1415917786595051,0.3179176262521809,0.0348574862912283,61.32038480726531,1660.4547734562336,401,21,380,416,15,0.04,0.3,0.000625,1.0,1e-08,1e+18,False,False,False,False,12,1.1,15.0,9.120497777608913,18.63689240258374,254.13944185341464,154.52521430845584,study_results/v4p2_followups_20260806/pseudo65/gp_window_ensemble_20260806/runs/window_3p0/draw_08/attempt_01/results_single.csv,2,2,1,2,stable_reproduced,False,attempt_01_full,False,1660.4547734562336,1660.4547733837255,study_results/v4p2_followups_20260806/pseudo65/gp_window_ensemble_20260806/runs/window_3p0/draw_08/attempt_01/results_single.csv|study_results/v4p2_followups_20260806/pseudo65/gp_window_ensemble_20260806/central_repeat/window_3p0/draw_08/attempt_02/results_single.csv,1660.45477346|1660.45477338,window_3p0,8
2021,0.059,0.002066055875,0.0543513742812499,0.0636486257187499,1150087426.9121065,1.64,0.055611668365,0.0623883316349999,0.0067766632699999,0.0,1.0,8000,0.000125,True,13614.58597146432,6.51540615022283e-06,0.1922318826183474,0.8697011104811313,5115.8552836130175,6036.692769563146,True,tilde_q_mu,asymptotic,default,sidak_approx,observed,7.95**2 * RBF(length_scale=0.319),0.0378605893261601,0.516280763538548,0.139809491685398,0.319244404970966,0.0344187175692365,63.15498311319859,1659.3615443949832,401,23,378,416,15,0.04,0.3,0.000625,1.0,1e-08,1e+18,False,False,False,False,12,1.1,15.0,9.275313768700869,18.325055863341635,249.88712540920412,154.51876632860476,study_results/v4p2_followups_20260806/pseudo65/gp_window_ensemble_20260806/central_repeat/window_3p0/draw_08/attempt_02/results_single.csv,2,2,1,2,stable_reproduced,False,attempt_02_55_75MeV,False,1659.361543998247,1659.3615443949832,study_results/v4p2_followups_20260806/pseudo65/gp_window_ensemble_20260806/runs/window_3p0/draw_08/attempt_01/results_single.csv|study_results/v4p2_followups_20260806/pseudo65/gp_window_ensemble_20260806/central_repeat/window_3p0/draw_08/attempt_02/results_single.csv,1659.361544|1659.36154439,window_3p0,8
2021,0.06,0.0020749,0.055331475,0.064668525,1226466883.0869312,1.64,0.056597164,0.063402836,0.006805672,0.0,1.0,8000,0.000125,True,11940.559033143052,5.269112919567981e-06,0.3139931420130218,0.4845631141850596,2936.762602309622,6061.394125507765,True,tilde_q_mu,asymptotic,default,sidak_approx,observed,7.85**2 * RBF(length_scale=0.317),0.0373968740379758,0.5099573732451246,0.1380971094990222,0.3174098002024199,0.0339971582163416,61.628958842281094,1663.656760411293,402,25,377,416,14,0.04,0.3,0.000625,1.0,1e-08,1e+18,False,False,False,False,12,1.1,15.0,9.336362709570484,18.023458498229218,245.77443406676204,152.97595074578044,study_results/v4p2_followups_20260806/pseudo65/gp_window_ensemble_20260806/central_repeat/window_3p0/draw_08/attempt_02/results_single.csv,2,2,1,2,stable_reproduced,False,attempt_02_55_75MeV,False,1663.6567603598166,1663.656760411293,study_results/v4p2_followups_20260806/pseudo65/gp_window_ensemble_20260806/runs/window_3p0/draw_08/attempt_01/results_single.csv|study_results/v4p2_followups_20260806/pseudo65/gp_window_ensemble_20260806/central_repeat/window_3p0/draw_08/attempt_02/results_single.csv,1663.65676036|1663.65676041,window_3p0,8
2021,0.061,0.002083915875,0.05631118928125,0.06568881071875,1299662247.4412389,1.64,0.057582377965,0.064417622035,0.0068352440699999,0.0,1.0,8000,0.000125,True,10926.361777503897,4.4754340261194375e-06,0.4442874956615315,0.140107580471873,880.6778268782381,6310.797111746337,True,tilde_q_mu,asymptotic,default,sidak_approx,observed,7.67**2 * RBF(length_scale=0.317),0.0369511713028735,0.5038796086755482,0.136451243073103,0.3165231002250429,0.0335919739117032,58.801458752176515,1658.872224471542,401,26,375,416,15,0.04,0.3,0.000625,1.0,1e-08,1e+18,False,False,False,False,12,1.1,15.0,9.422581151587773,17.731604114236877,241.7946015577755,151.88861701293143,study_results/v4p2_followups_20260806/pseudo65/gp_window_ensemble_20260806/central_repeat/window_3p0/draw_08/attempt_02/results_single.csv,2,2,1,2,stable_reproduced,False,attempt_02_55_75MeV,False,1658.8722241581806,1658.872224471542,study_results/v4p2_followups_20260806/pseudo65/gp_window_ensemble_20260806/runs/window_3p0/draw_08/attempt_01/results_single.csv|study_results/v4p2_followups_20260806/pseudo65/gp_window_ensemble_20260806/central_repeat/window_3p0/draw_08/attempt_02/results_single.csv,1658.87222416|1658.87222447,window_3p0,8
2021,0.062,0.0020931035,0.057290517125,0.066709482875,1369156133.7006114,1.64,0.05856731026,0.06543268974,0.0068653794799999,0.0,1.0,8000,0.000125,True,9643.0741406916,3.688848014183939e-06,0.5,0.0,-1422.6548747530449,6362.99209435738,True,tilde_q_mu,asymptotic,default,sidak_approx,observed,7.97**2 * RBF(length_scale=0.32),0.0365226217287332,0.4980357508463617,0.1348687188919183,0.3200723663989995,0.0332023833897574,63.44402206551419,1656.9247380541376,401,28,373,416,15,0.04,0.3,0.000625,1.0,1e-08,1e+18,False,False,False,False,12,1.1,15.0,9.64004188017834,17.449028071824063,237.9412918885099,152.917601255265,study_results/v4p2_followups_20260806/pseudo65/gp_window_ensemble_20260806/runs/window_3p0/draw_08/attempt_01/results_single.csv,2,2,1,2,stable_reproduced,False,attempt_01_full,False,1656.9247380541376,1656.924737688779,study_results/v4p2_followups_20260806/pseudo65/gp_window_ensemble_20260806/runs/window_3p0/draw_08/attempt_01/results_single.csv|study_results/v4p2_followups_20260806/pseudo65/gp_window_ensemble_20260806/central_repeat/window_3p0/draw_08/attempt_02/results_single.csv,1656.92473805|1656.92473769,window_3p0,8
2021,0.063,0.002102462875,0.05826945853125,0.06773054146875,1434617435.7334387,1.64,0.059551960885,0.066448039115,0.0068960782299999,0.0,1.0,8000,0.000125,True,10703.144484960683,3.845516294995942e-06,0.4845995368206791,0.0386128292722978,272.5194128659923,6441.983773534402,True,tilde_q_mu,asymptotic,default,sidak_approx,observed,7.98**2 * RBF(length_scale=0.321),0.0361104197174945,0.4924148143294715,0.133346562087477,0.320884304690165,0.0328276542886314,63.64865673497478,1656.9714342445798,401,29,372,416,15,0.04,0.3,0.000625,1.0,1e-08,1e+18,False,False,False,False,12,1.1,15.0,9.77481674044833,17.17529481584524,234.20856567061688,152.62305389823587,study_results/v4p2_followups_20260806/pseudo65/gp_window_ensemble_20260806/central_repeat/window_3p0/draw_08/attempt_02/results_single.csv,2,2,1,2,stable_reproduced,False,attempt_02_55_75MeV,False,1656.9714342443724,1656.9714342445798,study_results/v4p2_followups_20260806/pseudo65/gp_window_ensemble_20260806/runs/window_3p0/draw_08/attempt_01/results_single.csv|study_results/v4p2_followups_20260806/pseudo65/gp_window_ensemble_20260806/central_repeat/window_3p0/draw_08/attempt_02/results_single.csv,1656.97143424|1656.97143424,window_3p0,8
2021,0.064,0.002111994,0.0592480135,0.0687519865,1495711397.9347258,1.64,0.06053632984,0.06746367016,0.00692734032,0.0,1.0,8000,0.000125,True,12346.382535990357,4.188243023687293e-06,0.3449799463729028,0.3989094949150268,2589.2746806453165,6472.375133454802,True,tilde_q_mu,asymptotic,default,sidak_approx,observed,8.07**2 * RBF(length_scale=0.322),0.0357138093206567,0.4870064907362281,0.1318819811349368,0.3215042185467363,0.0324670993824152,65.19094483357055,1654.9861118669603,401,31,370,416,15,0.04,0.3,0.000625,1.0,1e-08,1e+18,False,False,False,False,12,1.1,15.0,9.902462020394376,16.909995634768247,230.59084956502153,152.2278086712066,study_results/v4p2_followups_20260806/pseudo65/gp_window_ensemble_20260806/central_repeat/window_3p0/draw_08/attempt_02/results_single.csv,2,2,1,2,stable_reproduced,False,attempt_02_55_75MeV,False,1654.9861115031238,1654.9861118669603,study_results/v4p2_followups_20260806/pseudo65/gp_window_ensemble_20260806/runs/window_3p0/draw_08/attempt_01/results_single.csv|study_results/v4p2_followups_20260806/pseudo65/gp_window_ensemble_20260806/central_repeat/window_3p0/draw_08/attempt_02/results_single.csv,1654.9861115|1654.98611187,window_3p0,8
2021,0.065,0.002121696875,0.06022618203125,0.06977381796875,1551876503.522709,1.64,0.061520417125,0.068479582875,0.0069591657499999,0.0,1.0,8000,0.000125,True,13265.318279048934,4.270385505421341e-06,0.2907543851544972,0.5511822154090991,3601.5397805773373,6589.262828065788,True,tilde_q_mu,asymptotic,default,sidak_approx,observed,8.04**2 * RBF(length_scale=0.32),0.0353320804721528,0.4818010973475384,0.1304723539415717,0.3202511840334026,0.0321200731565025,64.61587806607577,1649.4899473172188,400,32,368,416,16,0.04,0.3,0.000625,1.0,1e-08,1e+18,False,False,False,False,12,1.1,15.0,9.970437566346863,16.652746623927047,227.08290850809607,150.94106411096192,study_results/v4p2_followups_20260806/pseudo65/gp_window_ensemble_20260806/runs/window_3p0/draw_08/attempt_01/results_single.csv,2,2,1,2,stable_reproduced,False,attempt_01_full,False,1649.4899473172188,1649.4899472604768,study_results/v4p2_followups_20260806/pseudo65/gp_window_ensemble_20260806/runs/window_3p0/draw_08/attempt_01/results_single.csv|study_results/v4p2_followups_20260806/pseudo65/gp_window_ensemble_20260806/central_repeat/window_3p0/draw_08/attempt_02/results_single.csv,1649.48994732|1649.48994726,window_3p0,8
2021,0.066,0.0021315715,0.061203964125,0.070796035875,1602402123.8736918,1.64,0.06250422274,0.06949577726,0.0069915545199999,0.0,1.0,8000,0.000125,True,13532.48660314807,4.1551057413643205e-06,0.2512303594796246,0.6706230120171681,4179.11960492398,6500.958177951981,True,tilde_q_mu,asymptotic,default,sidak_approx,observed,8.16**2 * RBF(length_scale=0.321),0.0349645655591176,0.4767895303516045,0.1291152151834926,0.3214362395059839,0.0317859686901069,66.50413068796499,1655.6769527465383,401,34,367,416,15,0.04,0.3,0.000625,1.0,1e-08,1e+18,False,False,False,False,12,1.1,15.0,10.1125198555307,16.403186831461046,223.67982042901423,150.7977750246632,study_results/v4p2_followups_20260806/pseudo65/gp_window_ensemble_20260806/central_repeat/window_3p0/draw_08/attempt_02/results_single.csv,2,2,1,2,stable_reproduced,False,attempt_02_55_75MeV,False,1655.6769514462796,1655.6769527465383,study_results/v4p2_followups_20260806/pseudo65/gp_window_ensemble_20260806/runs/window_3p0/draw_08/attempt_01/results_single.csv|study_results/v4p2_followups_20260806/pseudo65/gp_window_ensemble_20260806/central_repeat/window_3p0/draw_08/attempt_02/results_single.csv,1655.67695145|1655.67695275,window_3p0,8
2021,0.067,0.002141617875,0.06218135978125,0.07181864021875,1648256541.0718696,1.64,0.063487746685,0.070512253315,0.00702450663,0.0,1.0,8000,0.000125,True,13149.030423281922,3.866464630052324e-06,0.3050709121469213,0.509871022520569,3445.9590568036356,6589.136768532309,True,tilde_q_mu,asymptotic,default,sidak_approx,observed,8.14**2 * RBF(length_scale=0.322),0.034610636295701,0.4719632222141046,0.1278082447614374,0.3219797345006431,0.0314642148142736,66.1859272337534,1649.9871968338475,400,35,365,416,16,0.04,0.3,0.000625,1.0,1e-08,1e+18,False,False,False,False,12,1.1,15.0,10.233204178182069,16.16097656810088,220.37695320137564,150.34415721835677,study_results/v4p2_followups_20260806/pseudo65/gp_window_ensemble_20260806/runs/window_3p0/draw_08/attempt_01/results_single.csv,3,3,1,2,stable_reproduced,False,attempt_01_full,False,1649.9871968338475,1649.987196181404,study_results/v4p2_followups_20260806/pseudo65/gp_window_ensemble_20260806/runs/window_3p0/draw_08/attempt_01/results_single.csv|study_results/v4p2_followups_20260806/pseudo65/gp_window_ensemble_20260806/central_repeat/window_3p0/draw_08/attempt_02/results_single.csv|study_results/v4p2_followups_20260806/pseudo65/gp_window_ensemble_20260806/central_repairs/window_3p0/draw_08/m067/attempt_03/results_single.csv,1649.98719683|1649.98719618|1649.98719644,window_3p0,8
2021,0.068,0.002151836,0.063158369,0.072841631,1688373906.9459434,1.64,0.06447098896,0.07152901104,0.00705802208,0.0,1.0,8000,0.000125,True,12003.61064833672,3.3951133456335073e-06,0.4219239492637062,0.1969739816495287,1757.37418552413,6610.476908143172,True,tilde_q_mu,asymptotic,default,sidak_approx,observed,8.09**2 * RBF(length_scale=0.321),0.0342697008691363,0.4673141027609495,0.1265492572619316,0.3214308942402699,0.0311542735173966,65.48228194980288,1650.6654057820808,400,37,363,416,16,0.04,0.3,0.000625,1.0,1e-08,1e+18,False,False,False,False,12,1.1,15.0,10.317393344472691,15.92579586415336,217.1699436020912,149.37518204931504,study_results/v4p2_followups_20260806/pseudo65/gp_window_ensemble_20260806/central_repeat/window_3p0/draw_08/attempt_02/results_single.csv,2,2,1,2,stable_reproduced,False,attempt_02_55_75MeV,False,1650.6654053593254,1650.6654057820808,study_results/v4p2_followups_20260806/pseudo65/gp_window_ensemble_20260806/runs/window_3p0/draw_08/attempt_01/results_single.csv|study_results/v4p2_followups_20260806/pseudo65/gp_window_ensemble_20260806/central_repeat/window_3p0/draw_08/attempt_02/results_single.csv,1650.66540536|1650.66540578,window_3p0,8
2021,0.069,0.002162225875,0.06413499178125,0.07386500821875,1723681727.810475,1.64,0.065453949565,0.072546050435,0.00709210087,0.0,1.0,8000,0.000125,True,10520.025032941176,2.872304818103743e-06,0.5,0.0,-413.9947080035368,6547.422439613535,True,tilde_q_mu,asymptotic,default,sidak_approx,observed,8.02**2 * RBF(length_scale=0.321),0.0339412013307978,0.4628345636017883,0.1253361923231284,0.3214002095871392,0.0308556375734525,64.39052163278878,1656.8622062818206,401,39,362,416,15,0.04,0.3,0.000625,1.0,1e-08,1e+18,False,False,False,False,12,1.1,15.0,10.4162556622607,15.697343058942815,214.05467807649293,148.64321683651076,study_results/v4p2_followups_20260806/pseudo65/gp_window_ensemble_20260806/runs/window_3p0/draw_08/attempt_01/results_single.csv,2,2,1,2,stable_reproduced,False,attempt_01_full,False,1656.8622062818206,1656.862206184756,study_results/v4p2_followups_20260806/pseudo65/gp_window_ensemble_20260806/runs/window_3p0/draw_08/attempt_01/results_single.csv|study_results/v4p2_followups_20260806/pseudo65/gp_window_ensemble_20260806/central_repeat/window_3p0/draw_08/attempt_02/results_single.csv,1656.86220628|1656.86220618,window_3p0,8
2021,0.07,0.0021727875,0.065111228125,0.074888771875,1753689577.522301,1.64,0.0664366285,0.0735633715,0.0071267429999999,0.0,1.0,8000,0.000125,True,9774.098118818496,2.5855078195896134e-06,0.5,0.0,-2264.537106377177,6668.723944649984,True,tilde_q_mu,asymptotic,default,sidak_approx,observed,7.92**2 * RBF(length_scale=0.32),0.0336246112080568,0.4585174255644109,0.1241671058160028,0.3196929947231346,0.0305678283709607,62.65672524943662,1650.181448510058,400,40,360,416,16,0.04,0.3,0.000625,1.0,1e-08,1e+18,False,False,False,False,12,1.1,15.0,10.458479118746991,15.475333509630737,211.02727513132825,147.1349566964715,study_results/v4p2_followups_20260806/pseudo65/gp_window_ensemble_20260806/central_repeat/window_3p0/draw_08/attempt_02/results_single.csv,2,2,1,2,stable_reproduced,False,attempt_02_55_75MeV,False,1650.181448362007,1650.181448510058,study_results/v4p2_followups_20260806/pseudo65/gp_window_ensemble_20260806/runs/window_3p0/draw_08/attempt_01/results_single.csv|study_results/v4p2_followups_20260806/pseudo65/gp_window_ensemble_20260806/central_repeat/window_3p0/draw_08/attempt_02/results_single.csv,1650.18144836|1650.18144851,window_3p0,8
2021,0.071,0.002183520875,0.06608707803125,0.0759129219687499,1779068322.729573,1.64,0.0674190257649999,0.074580974235,0.00716194847,0.0,1.0,8000,0.000125,True,8743.926411174241,2.247891993050724e-06,0.5,0.0,-4575.244205502356,6562.287540151701,True,tilde_q_mu,asymptotic,default,sidak_approx,observed,8**2 * RBF(length_scale=0.322),0.0333194333154327,0.4543559088468107,0.1230401617614922,0.3216162135232568,0.0302903939231207,64.0761212062936,1657.3566230320514,401,42,359,416,15,0.04,0.3,0.000625,1.0,1e-08,1e+18,False,False,False,False,12,1.1,15.0,10.61776265899819,15.259498407787282,208.08406919709927,147.29248399022376,study_results/v4p2_followups_20260806/pseudo65/gp_window_ensemble_20260806/runs/window_3p0/draw_08/attempt_01/results_single.csv,2,2,1,2,stable_reproduced,False,attempt_01_full,False,1657.3566230320514,1657.3566221196672,study_results/v4p2_followups_20260806/pseudo65/gp_window_ensemble_20260806/runs/window_3p0/draw_08/attempt_01/results_single.csv|study_results/v4p2_followups_20260806/pseudo65/gp_window_ensemble_20260806/central_repeat/window_3p0/draw_08/attempt_02/results_single.csv,1657.35662303|1657.35662212,window_3p0,8
2021,0.072,0.002194426,0.0670625414999999,0.0769374585,1799617423.3584695,1.64,0.06840114136,0.0755988586399999,0.0071977172799999,0.0,1.0,8000,0.000125,True,8185.779874752412,2.0514800510868716e-06,0.5,0.0,-6904.2448436710365,6636.262872646809,True,tilde_q_mu,asymptotic,default,sidak_approx,observed,7.96**2 * RBF(length_scale=0.321),0.0330251977459068,0.4503436056260024,0.1219536249129291,0.3211932090487597,0.0300229070417334,63.440456150637104,1651.4569795889918,400,43,357,416,16,0.04,0.3,0.000625,1.0,1e-08,1e+18,False,False,False,False,12,1.1,15.0,10.698271443277743,15.049583693369856,205.22159581867984,146.36775587272464,study_results/v4p2_followups_20260806/pseudo65/gp_window_ensemble_20260806/runs/window_3p0/draw_08/attempt_01/results_single.csv,2,2,1,2,stable_reproduced,False,attempt_01_full,False,1651.4569795889918,1651.4569791449587,study_results/v4p2_followups_20260806/pseudo65/gp_window_ensemble_20260806/runs/window_3p0/draw_08/attempt_01/results_single.csv|study_results/v4p2_followups_20260806/pseudo65/gp_window_ensemble_20260806/central_repeat/window_3p0/draw_08/attempt_02/results_single.csv,1651.45697959|1651.45697914,window_3p0,8
2021,0.073,0.002205502875,0.06803761853125,0.07796238146875,1816818721.5817592,1.64,0.069382975285,0.076617024715,0.00723404943,0.0,1.0,8000,0.000125,True,8241.93850759506,2.017970603556082e-06,0.5,0.0,-6552.439053635734,6619.518398665649,True,tilde_q_mu,asymptotic,default,sidak_approx,observed,7.94**2 * RBF(length_scale=0.32),0.0327414600253253,0.4464744548907995,0.1209058539407253,0.3197024104045518,0.0297649636593866,63.05210462944959,1651.3054751474567,400,45,355,416,16,0.04,0.3,0.000625,1.0,1e-08,1e+18,False,False,False,False,12,1.1,15.0,10.740897051414034,14.845349056879057,202.43657804835075,144.9566962838585,study_results/v4p2_followups_20260806/pseudo65/gp_window_ensemble_20260806/runs/window_3p0/draw_08/attempt_01/results_single.csv,2,2,1,2,stable_reproduced,False,attempt_01_full,False,1651.3054751474567,1651.3054739293073,study_results/v4p2_followups_20260806/pseudo65/gp_window_ensemble_20260806/runs/window_3p0/draw_08/attempt_01/results_single.csv|study_results/v4p2_followups_20260806/pseudo65/gp_window_ensemble_20260806/central_repeat/window_3p0/draw_08/attempt_02/results_single.csv,1651.30547515|1651.30547393,window_3p0,8
2021,0.074,0.0022167515,0.0690123091249999,0.078987690875,1829623142.263406,1.64,0.07036452754,0.07763547246,0.0072709449199999,0.0,1.0,8000,0.000125,True,8184.05162833236,1.962885278576783e-06,0.5,0.0,-6461.707518994865,6556.651513053227,True,tilde_q_mu,asymptotic,default,sidak_approx,observed,8.09**2 * RBF(length_scale=0.322),0.0324677994146582,0.442742719290794,0.1198952951630456,0.3223668840572992,0.0295161812860529,65.39930846376683,1653.630608255812,400,46,354,416,16,0.04,0.3,0.000625,1.0,1e-08,1e+18,False,False,False,False,12,1.1,15.0,10.921700233953532,14.646567021453794,199.72591392891536,145.4231040589345,study_results/v4p2_followups_20260806/pseudo65/gp_window_ensemble_20260806/central_repairs/window_3p0/draw_08/m074/attempt_05/results_single.csv,5,5,1,5,stable_reproduced,False,attempt_05_targeted,False,1653.630606960992,1653.6306082158933,study_results/v4p2_followups_20260806/pseudo65/gp_window_ensemble_20260806/runs/window_3p0/draw_08/attempt_01/results_single.csv|study_results/v4p2_followups_20260806/pseudo65/gp_window_ensemble_20260806/central_repeat/window_3p0/draw_08/attempt_02/results_single.csv|study_results/v4p2_followups_20260806/pseudo65/gp_window_ensemble_20260806/central_repairs/window_3p0/draw_08/m074/attempt_03/results_single.csv|study_results/v4p2_followups_20260806/pseudo65/gp_window_ensemble_20260806/central_repairs/window_3p0/draw_08/m074/attempt_04/results_single.csv|study_results/v4p2_followups_20260806/pseudo65/gp_window_ensemble_20260806/central_repairs/window_3p0/draw_08/m074/attempt_05/results_single.csv,1653.63060696|1653.63060822|1653.63060729|1653.63060728|1653.63060826,window_3p0,8
2021,0.075,0.002228171875,0.06998661328125,0.08001338671875,1838368958.6354597,1.64,0.071345798125,0.078654201875,0.0073084037499999,0.0,1.0,8000,0.000125,True,8919.654996704761,2.100748378822146e-06,0.4999026019832914,0.000244140625,-3882.8387696530817,6527.727548774505,True,tilde_q_mu,asymptotic,default,sidak_approx,observed,8.12**2 * RBF(length_scale=0.322),0.032203817346461,0.4391429638153776,0.1189204767720596,0.321856338887772,0.0292761975876918,65.86387472780868,1652.8214348726071,400,48,352,416,16,0.04,0.3,0.000625,1.0,1e-08,1e+18,False,False,False,False,12,1.1,15.0,10.993788996118994,14.45302209752604,197.08666496626415,144.44861390586038,study_results/v4p2_followups_20260806/pseudo65/gp_window_ensemble_20260806/central_repeat/window_3p0/draw_08/attempt_02/results_single.csv,2,2,1,2,stable_reproduced,False,attempt_02_55_75MeV,False,1652.8214341119822,1652.8214348726071,study_results/v4p2_followups_20260806/pseudo65/gp_window_ensemble_20260806/runs/window_3p0/draw_08/attempt_01/results_single.csv|study_results/v4p2_followups_20260806/pseudo65/gp_window_ensemble_20260806/central_repeat/window_3p0/draw_08/attempt_02/results_single.csv,1652.82143411|1652.82143487,window_3p0,8
2021,0.076,0.002239764,0.070960531,0.081039469,1844398591.748667,1.64,0.0723267870399999,0.07967321296,0.00734642592,0.0,1.0,8000,0.000125,True,9878.49676279581,2.2884551726916284e-06,0.5,0.0,-1409.1955408042909,6479.057939408297,True,tilde_q_mu,asymptotic,default,sidak_approx,observed,8.09**2 * RBF(length_scale=0.322),0.0319491359833398,0.4356700361364529,0.1179800035107226,0.3220102906410328,0.0290446690757635,65.4171984531281,1652.6378336677583,400,50,350,416,16,0.04,0.3,0.000625,1.0,1e-08,1e+18,False,False,False,False,12,1.1,15.0,11.086726097689848,14.264510003437811,194.51604550142468,143.76974120533808,study_results/v4p2_followups_20260806/pseudo65/gp_window_ensemble_20260806/runs/window_3p0/draw_08/attempt_01/results_single.csv,1,1,1,1,single_attempt_outside_55_75MeV,False,,,,,,,window_3p0,8
2021,0.077,0.002251527875,0.07193406228125,0.08206593771875,1847461207.5520144,1.64,0.073307494285,0.080692505715,0.00738501143,0.0,1.0,8000,0.000125,True,12031.782407474217,2.7465267807976556e-06,0.3680346745221691,0.3370630791657556,2182.8226533441016,6477.699694515131,True,tilde_q_mu,asymptotic,default,sidak_approx,observed,7.89**2 * RBF(length_scale=0.319),0.0317033968874435,0.4323190484651396,0.1170725517595489,0.3192784821349566,0.0288212698976759,62.29583793851688,1652.7413899425558,400,51,349,416,16,0.04,0.3,0.000625,1.0,1e-08,1e+18,False,False,False,False,12,1.1,15.0,11.077876973099713,14.080836946086476,192.0114129011792,141.80525397002094,study_results/v4p2_followups_20260806/pseudo65/gp_window_ensemble_20260806/runs/window_3p0/draw_08/attempt_01/results_single.csv,1,1,1,1,single_attempt_outside_55_75MeV,False,,,,,,,window_3p0,8
2021,0.078,0.0022634635,0.072907207125,0.083092792875,1847769944.3645077,1.64,0.07428791986,0.08171208014,0.00742416028,0.0,1.0,8000,0.000125,True,13703.493383172034,3.0875124332406948e-06,0.2495243680506951,0.6759872563532193,4407.8876455724885,6455.625928842308,True,tilde_q_mu,asymptotic,default,sidak_approx,observed,7.83**2 * RBF(length_scale=0.318),0.0314662597911359,0.4290853607882172,0.1161968649970184,0.3184532337631312,0.0286056907192144,61.35857541317504,1652.1859966152913,400,53,347,416,16,0.04,0.3,0.000625,1.0,1e-08,1e+18,False,False,False,False,12,1.1,15.0,11.132513348094957,13.901818956274722,189.57025849465532,140.69289553957077,study_results/v4p2_followups_20260806/pseudo65/gp_window_ensemble_20260806/runs/window_3p0/draw_08/attempt_01/results_single.csv,1,1,1,1,single_attempt_outside_55_75MeV,False,,,,,,,window_3p0,8
2021,0.079,0.002275570875,0.07387996553125,0.08412003446875,1845689661.7151537,1.64,0.075268063765,0.082731936235,0.0074638724699999,0.0,1.0,8000,0.000125,True,14916.66251555254,3.3220473267375684e-06,0.1841914044720596,0.899506737058812,5850.92716191845,6500.066503502575,True,tilde_q_mu,asymptotic,default,sidak_approx,observed,7.79**2 * RBF(length_scale=0.318),0.0312374014599871,0.4259645653634614,0.1153517496008941,0.3176356456182492,0.0283976376908974,60.61469520087428,1645.9699467335215,399,54,345,416,17,0.04,0.3,0.000625,1.0,1e-08,1e+18,False,False,False,False,12,1.1,15.0,11.185284109743542,13.727281273973578,187.1901991905488,139.58503736705157,study_results/v4p2_followups_20260806/pseudo65/gp_window_ensemble_20260806/runs/window_3p0/draw_08/attempt_01/results_single.csv,1,1,1,1,single_attempt_outside_55_75MeV,False,,,,,,,window_3p0,8
2021,0.08,0.00228785,0.0748523375,0.0851476625,1840971776.2432177,1.64,0.076247926,0.083752074,0.0075041479999999,0.0,1.0,8000,0.000125,True,15048.650014662666,3.3180302918998363e-06,0.1648244033936564,0.974821507181362,6219.374503662093,6388.980130899342,True,tilde_q_mu,asymptotic,default,sidak_approx,observed,7.92**2 * RBF(length_scale=0.319),0.0310165146400847,0.4229524723647926,0.1145360709609101,0.3194613213038732,0.0281968314909861,62.70705604080153,1651.0428971110744,400,56,344,416,16,0.04,0.3,0.000625,1.0,1e-08,1e+18,False,False,False,False,12,1.1,15.0,11.329688635618403,13.55705777917468,184.8689697160183,139.6338576846704,study_results/v4p2_followups_20260806/pseudo65/gp_window_ensemble_20260806/runs/window_3p0/draw_08/attempt_01/results_single.csv,1,1,1,1,single_attempt_outside_55_75MeV,False,,,,,,,window_3p0,8
2021,0.081,0.002300300875,0.07582432303125,0.08617567696875,1834117166.8439004,1.64,0.077227506565,0.084772493435,0.0075449868699999,0.0,1.0,8000,0.000125,True,15440.385013004628,3.3749391962052983e-06,0.1490927901438897,1.040332219173866,6693.684008612284,6419.5732671533015,True,tilde_q_mu,asymptotic,default,sidak_approx,observed,7.82**2 * RBF(length_scale=0.319),0.030803307082474,0.4200450965791913,0.113748749876279,0.3189018369519697,0.0280030064386127,61.2298118728269,1644.740065967301,399,57,342,416,17,0.04,0.3,0.000625,1.0,1e-08,1e+18,False,False,False,False,12,1.1,15.0,11.388128544378104,13.390990464442623,182.6044154242176,138.6348370414673,study_results/v4p2_followups_20260806/pseudo65/gp_window_ensemble_20260806/runs/window_3p0/draw_08/attempt_01/results_single.csv,1,1,1,1,single_attempt_outside_55_75MeV,False,,,,,,,window_3p0,8
2021,0.082,0.0023129235,0.076795922125,0.087204077875,1825600864.265104,1.64,0.07820680546,0.08579319454,0.00758638908,0.0,1.0,8000,0.000125,True,14005.359111586022,3.0380469841263224e-06,0.2164008786903895,0.7844062753346592,4999.22264321179,6364.500649347958,True,tilde_q_mu,asymptotic,default,sidak_approx,observed,7.97**2 * RBF(length_scale=0.321),0.0305975006382008,0.4172386450663756,0.1129887592139169,0.3205378484490411,0.0278159096710917,63.47951832558367,1643.9932436962638,399,59,340,416,17,0.04,0.3,0.000625,1.0,1e-08,1e+18,False,False,False,False,12,1.1,15.0,11.5235436208713,13.228928945639955,180.39448562236305,138.58558160226272,study_results/v4p2_followups_20260806/pseudo65/gp_window_ensemble_20260806/runs/window_3p0/draw_08/attempt_01/results_single.csv,1,1,1,1,single_attempt_outside_55_75MeV,False,,,,,,,window_3p0,8
2021,0.083,0.002325717875,0.07776713478125,0.08823286521875,1815668681.2943528,1.64,0.079185822685,0.086814177315,0.00762835463,0.0,1.0,8000,0.000125,True,11409.556071657184,2.4585212943117113e-06,0.4008255456334746,0.2512108566386075,1592.5276554125096,6341.565389224979,True,tilde_q_mu,asymptotic,default,sidak_approx,observed,7.91**2 * RBF(length_scale=0.318),0.030398830418065,0.4145295057008868,0.1122551208056255,0.3184585157755816,0.0276353003800591,62.51101590234669,1646.8318952751383,399,60,339,416,17,0.04,0.3,0.000625,1.0,1e-08,1e+18,False,False,False,False,12,1.1,15.0,11.523613327733992,13.070730007639057,178.2372273768962,136.92912592658368,study_results/v4p2_followups_20260806/pseudo65/gp_window_ensemble_20260806/runs/window_3p0/draw_08/attempt_01/results_single.csv,1,1,1,1,single_attempt_outside_55_75MeV,False,,,,,,,window_3p0,8
2021,0.084,0.002338684,0.078737961,0.089262039,1803665927.1918256,1.64,0.08016455824,0.08783544176,0.00767088352,0.0,1.0,8000,0.000125,True,10449.118932748645,2.2395677615054804e-06,0.4857296649842089,0.0357780568393015,224.64823749125793,6286.471709558639,True,tilde_q_mu,asymptotic,default,sidak_approx,observed,7.93**2 * RBF(length_scale=0.32),0.0302070440117673,0.4119142365241002,0.111546902564603,0.3195820493909802,0.0274609491016066,62.87565875468689,1646.8937037250282,399,62,337,416,17,0.04,0.3,0.000625,1.0,1e-08,1e+18,False,False,False,False,12,1.1,15.0,11.637691334283934,12.916257182144893,176.13077975652126,136.6503766182093,study_results/v4p2_followups_20260806/pseudo65/gp_window_ensemble_20260806/runs/window_3p0/draw_08/attempt_01/results_single.csv,1,1,1,1,single_attempt_outside_55_75MeV,False,,,,,,,window_3p0,8
2021,0.085,0.002351821875,0.07970840078125,0.09029159921875,1790440672.4133158,1.64,0.081143012125,0.088856987875,0.0077139757499999,0.0,1.0,8000,0.000125,True,9033.109628722104,1.9274287929922443e-06,0.4999026019832914,0.000244140625,-2175.5997374554177,6181.588208552642,True,tilde_q_mu,asymptotic,default,sidak_approx,observed,7.9**2 * RBF(length_scale=0.319),0.0300219007615834,0.4093895558397742,0.1108632158033061,0.3188363540229796,0.0272926370559849,62.44370057839848,1652.50221502186,400,64,336,416,16,0.04,0.3,0.000625,1.0,1e-08,1e+18,False,False,False,False,12,1.1,15.0,11.682138056830338,12.76538035499965,174.07336847726796,135.56994150459616,study_results/v4p2_followups_20260806/pseudo65/gp_window_ensemble_20260806/runs/window_3p0/draw_08/attempt_01/results_single.csv,1,1,1,1,single_attempt_outside_55_75MeV,False,,,,,,,window_3p0,8
2021,0.086,0.0023651315,0.080678454125,0.091321545875,1775696555.8627672,1.64,0.0821211843399999,0.08987881566,0.00775763132,0.0,1.0,8000,0.000125,True,8478.719348438426,1.8029470758586256e-06,0.5,0.0,-3710.857086233029,6199.237703424475,True,tilde_q_mu,asymptotic,default,sidak_approx,observed,7.89**2 * RBF(length_scale=0.319),0.0298431710861948,0.4069523329935665,0.1102032127365311,0.3185986572207016,0.0271301555329044,62.28632087704795,1646.7577295309018,399,65,334,416,17,0.04,0.3,0.000625,1.0,1e-08,1e+18,False,False,False,False,12,1.1,15.0,11.743340609835196,12.61797540060452,172.0633009173344,134.7065299416551,study_results/v4p2_followups_20260806/pseudo65/gp_window_ensemble_20260806/runs/window_3p0/draw_08/attempt_01/results_single.csv,1,1,1,1,single_attempt_outside_55_75MeV,False,,,,,,,window_3p0,8
2021,0.087,0.002378612875,0.0816481210312499,0.09235187896875,1760136602.064715,1.64,0.083099074885,0.0909009251149999,0.0078018502299999,0.0,1.0,8000,0.000125,True,7929.198482530248,1.6814485553622848e-06,0.5,0.0,-5237.276040752757,6165.7642164165645,True,tilde_q_mu,asymptotic,default,sidak_approx,observed,7.83**2 * RBF(length_scale=0.317),0.0296706358506726,0.4045995797818991,0.1095660841549239,0.3170199809581623,0.0269733053187932,61.26434032646777,1646.025766149896,399,67,332,416,17,0.04,0.3,0.000625,1.0,1e-08,1e+18,False,False,False,False,12,1.1,15.0,11.753100971918451,12.47392384129452,170.098961472198,133.27935129341398,study_results/v4p2_followups_20260806/pseudo65/gp_window_ensemble_20260806/runs/window_3p0/draw_08/attempt_01/results_single.csv,1,1,1,1,single_attempt_outside_55_75MeV,False,,,,,,,window_3p0,8
2021,0.088,0.002392266,0.0826174014999999,0.0933825985,1743632625.119082,1.64,0.0840766837599999,0.09192331624,0.00784663248,0.0,1.0,8000,0.000125,True,7855.214471311228,1.662418298155718e-06,0.5,0.0,-5333.095337098269,6126.566445627522,True,tilde_q_mu,asymptotic,default,sidak_approx,observed,7.79**2 * RBF(length_scale=0.317),0.0295040857789749,0.4023284424405671,0.1089510572554845,0.3165347357345146,0.0268218961627044,60.76144403099542,1646.0578543186978,399,68,331,416,17,0.04,0.3,0.000625,1.0,1e-08,1e+18,False,False,False,False,12,1.1,15.0,11.801355646684383,12.33311252969984,168.17880722317963,132.31586108506104,study_results/v4p2_followups_20260806/pseudo65/gp_window_ensemble_20260806/runs/window_3p0/draw_08/attempt_01/results_single.csv,1,1,1,1,single_attempt_outside_55_75MeV,False,,,,,,,window_3p0,8
2021,0.089,0.002406090875,0.08358629553125,0.09441370446875,1725874782.225614,1.64,0.085054010965,0.092945989035,0.00789197807,0.0,1.0,8000,0.000125,True,8395.754872893755,1.774926536726386e-06,0.5,0.0,-3287.489621352639,6065.327571758589,True,tilde_q_mu,asymptotic,default,sidak_approx,observed,7.97**2 * RBF(length_scale=0.319),0.0293433209056615,0.4001361941681125,0.1083573936168872,0.3191472710501532,0.0266757462778741,63.52021921672003,1645.0966708214469,399,70,329,416,17,0.04,0.3,0.000625,1.0,1e-08,1e+18,False,False,False,False,12,1.1,15.0,11.963949114138394,12.1954333523091,166.3013638951241,132.64140368353844,study_results/v4p2_followups_20260806/pseudo65/gp_window_ensemble_20260806/runs/window_3p0/draw_08/attempt_01/results_single.csv,1,1,1,1,single_attempt_outside_55_75MeV,False,,,,,,,window_3p0,8
2021,0.09,0.0024200875,0.084554803125,0.095445196875,1707421799.183081,1.64,0.0860310565,0.0939689435,0.007937887,0.0,1.0,8000,0.000125,True,9553.302247435877,2.0187851846449204e-06,0.5,0.0,-755.2049026950206,6069.3815977739605,True,tilde_q_mu,asymptotic,default,sidak_approx,observed,8.03**2 * RBF(length_scale=0.32),0.0291881500637943,0.3980202281426503,0.1077843873084286,0.3197445615670935,0.0265346818761766,64.468156575638,1640.2475127721573,398,71,327,416,18,0.04,0.3,0.000625,1.0,1e-08,1e+18,False,False,False,False,12,1.1,15.0,12.050061992797657,12.060782952597524,164.46522208087532,132.1210747822521,study_results/v4p2_followups_20260806/pseudo65/gp_window_ensemble_20260806/runs/window_3p0/draw_08/attempt_01/results_single.csv,1,1,1,1,single_attempt_outside_55_75MeV,False,,,,,,,window_3p0,8
2021,0.091,0.002434255875,0.08552292428125,0.09647707571875,1688209960.037576,1.64,0.087007820365,0.094992179635,0.0079843592699999,0.0,1.0,8000,0.000125,True,11572.153397545902,2.4460551997608715e-06,0.3401658612216379,0.4120105064357979,2567.1621457783463,5982.2601219261205,True,tilde_q_mu,asymptotic,default,sidak_approx,observed,8.03**2 * RBF(length_scale=0.319),0.0290383904062669,0.3959780509945498,0.1072313631224206,0.3193194281339398,0.0263985367329699,64.40864991654053,1646.9855054697016,399,73,326,416,17,0.04,0.3,0.000625,1.0,1e-08,1e+18,False,False,False,False,12,1.1,15.0,12.096103331937009,11.929062472229626,162.66903371222216,131.17742937929228,study_results/v4p2_followups_20260806/pseudo65/gp_window_ensemble_20260806/runs/window_3p0/draw_08/attempt_01/results_single.csv,1,1,1,1,single_attempt_outside_55_75MeV,False,,,,,,,window_3p0,8
2021,0.092,0.002448596,0.086490659,0.097509341,1668257878.789034,1.64,0.08798430256,0.0960156974399999,0.0080313948799999,0.0,1.0,8000,0.000125,True,12491.025188838446,2.642816406619907e-06,0.2612526369279003,0.6394883749071503,3822.232840749766,5985.552748798468,True,tilde_q_mu,asymptotic,default,sidak_approx,observed,7.97**2 * RBF(length_scale=0.32),0.0288938669580575,0.3940072767007851,0.1066976749207735,0.3197077619046302,0.0262671517800523,63.53162894827218,1643.8383138818217,398,74,324,416,18,0.04,0.3,0.000625,1.0,1e-08,1e+18,False,False,False,False,12,1.1,15.0,12.17139051015881,11.800177308979343,160.9115087588092,130.56778737882044,study_results/v4p2_followups_20260806/pseudo65/gp_window_ensemble_20260806/runs/window_3p0/draw_08/attempt_01/results_single.csv,1,1,1,1,single_attempt_outside_55_75MeV,False,,,,,,,window_3p0,8
2021,0.093,0.002463107875,0.08745800728125,0.09854199271875,1647188801.3305027,1.64,0.088960503085,0.097039496915,0.0080789938299999,0.0,1.0,8000,0.000125,True,12347.696043077813,2.617456800413089e-06,0.262682054447531,0.6350986018183926,3733.739522788031,5937.5776039508255,True,tilde_q_mu,asymptotic,default,sidak_approx,observed,7.99**2 * RBF(length_scale=0.32),0.0287544121970801,0.3921056208692741,0.106182704087187,0.3203666947605795,0.0261403747246182,63.78464045560209,1644.598180916185,398,76,322,416,18,0.04,0.3,0.000625,1.0,1e-08,1e+18,False,False,False,False,12,1.1,15.0,12.255627478012665,11.674036890113918,159.19141213791704,130.06604299073967,study_results/v4p2_followups_20260806/pseudo65/gp_window_ensemble_20260806/runs/window_3p0/draw_08/attempt_01/results_single.csv,1,1,1,1,single_attempt_outside_55_75MeV,False,,,,,,,window_3p0,8
2021,0.094,0.0024777915,0.088424969125,0.099575030875,1625450307.8031468,1.64,0.08993642194,0.09806357806,0.00812715612,0.0,1.0,8000,0.000125,True,10954.465004708289,2.328142418346665e-06,0.369240629815572,0.3338652281136289,1962.8921424808373,5879.044342953762,True,tilde_q_mu,asymptotic,default,sidak_approx,observed,8.14**2 * RBF(length_scale=0.322),0.0286198656615447,0.3902708953847011,0.1056858580772325,0.32173810054052,0.0260180596923134,66.25245335377043,1640.9941243442508,398,77,321,416,18,0.04,0.3,0.000625,1.0,1e-08,1e+18,False,False,False,False,12,1.1,15.0,12.365952893696065,11.550554460108833,157.50756081966588,129.8487384997971,study_results/v4p2_followups_20260806/pseudo65/gp_window_ensemble_20260806/runs/window_3p0/draw_08/attempt_01/results_single.csv,1,1,1,1,single_attempt_outside_55_75MeV,False,,,,,,,window_3p0,8
2021,0.095,0.002492646875,0.08939154453125,0.10060845546875,1603496027.5520115,1.64,0.090912059125,0.099087940875,0.00817588175,0.0,1.0,8000,0.000125,True,9379.900486458288,1.999524174969016e-06,0.5,0.0,-412.5619238383824,5852.248899697129,True,tilde_q_mu,asymptotic,default,sidak_approx,observed,8**2 * RBF(length_scale=0.319),0.0284900735818755,0.3885010033892122,0.1052065690591188,0.3194946004941907,0.0259000668926141,64.02376662454526,1641.315106309792,398,79,319,416,18,0.04,0.3,0.000625,1.0,1e-08,1e+18,False,False,False,False,12,1.1,15.0,12.335667001126554,11.429646881640853,155.85882111328436,128.1748344294419,study_results/v4p2_followups_20260806/pseudo65/gp_window_ensemble_20260806/runs/window_3p0/draw_08/attempt_01/results_single.csv,1,1,1,1,single_attempt_outside_55_75MeV,False,,,,,,,window_3p0,8
2021,0.096,0.002507674,0.0903577335,0.1016422665,1581239228.7143855,1.64,0.09188741464,0.10011258536,0.00822517072,0.0,1.0,8000,0.000125,True,7905.31923492293,1.69110479634383e-06,0.5,0.0,-3509.48376782487,5795.62777290171,True,tilde_q_mu,asymptotic,default,sidak_approx,observed,8.06**2 * RBF(length_scale=0.32),0.0283648885354218,0.3867939345739346,0.1047442926386298,0.3202550083399983,0.0257862623049289,64.93882537006384,1641.661842426376,398,81,317,416,18,0.04,0.3,0.000625,1.0,1e-08,1e+18,False,False,False,False,12,1.1,15.0,12.419597867767846,11.311234448904392,154.24410612142353,127.70998476675928,study_results/v4p2_followups_20260806/pseudo65/gp_window_ensemble_20260806/runs/window_3p0/draw_08/attempt_01/results_single.csv,1,1,1,1,single_attempt_outside_55_75MeV,False,,,,,,,window_3p0,8
2021,0.097,0.002522872875,0.09132353603125,0.10267646396875,1558363770.3660083,1.64,0.092862488485,0.101137511515,0.0082750230299999,0.0,1.0,8000,0.000125,True,7262.719607652651,1.5601940685013414e-06,0.5,0.0,-5299.0844965554015,5744.511608512296,True,tilde_q_mu,asymptotic,default,sidak_approx,observed,8.08**2 * RBF(length_scale=0.321),0.02824416912233,0.3851477607590459,0.104298506662201,0.3208219800948208,0.0256765173839363,65.32373574000583,1641.6353407520428,398,82,316,416,18,0.04,0.3,0.000625,1.0,1e-08,1e+18,False,False,False,False,12,1.1,15.0,12.494762249008572,11.195240712368449,152.66237335047882,127.16533729224102,study_results/v4p2_followups_20260806/pseudo65/gp_window_ensemble_20260806/runs/window_3p0/draw_08/attempt_01/results_single.csv,1,1,1,1,single_attempt_outside_55_75MeV,False,,,,,,,window_3p0,8
2021,0.098,0.0025382435,0.092288952125,0.103711047875,1534811175.2125387,1.64,0.09383728066,0.10216271934,0.0083254386799999,0.0,1.0,8000,0.000125,True,7213.545685179275,1.557355210667092e-06,0.5,0.0,-5217.220270554773,5691.767707274606,True,tilde_q_mu,asymptotic,default,sidak_approx,observed,8.11**2 * RBF(length_scale=0.321),0.0281277796610786,0.3835606317419815,0.1038687100926096,0.3213293963242165,0.0255707087827987,65.7101412852186,1641.9420882691195,398,84,314,416,18,0.04,0.3,0.000625,1.0,1e-08,1e+18,False,False,False,False,12,1.1,15.0,12.566307764623737,11.081592314164752,151.11262246588296,126.59518140171204,study_results/v4p2_followups_20260806/pseudo65/gp_window_ensemble_20260806/runs/window_3p0/draw_08/attempt_01/results_single.csv,1,1,1,1,single_attempt_outside_55_75MeV,False,,,,,,,window_3p0,8
2021,0.099,0.002553785875,0.09325398178125,0.10474601821875,1511028905.8514876,1.64,0.094811791165,0.103188208835,0.0083764176699999,0.0,1.0,8000,0.000125,True,7731.868028500581,1.678403543241692e-06,0.5,0.0,-3495.4569122750527,5684.503869692505,True,tilde_q_mu,asymptotic,default,sidak_approx,observed,8.09**2 * RBF(length_scale=0.321),0.0280155899022987,0.3820307713949833,0.1034544219521848,0.321089665543818,0.0254687180929988,65.45936021300577,1636.5198131544885,397,85,312,416,19,0.04,0.3,0.000625,1.0,1e-08,1e+18,False,False,False,False,12,1.1,15.0,12.607217386103253,10.970218833361969,149.59389318220866,125.73084873210756,study_results/v4p2_followups_20260806/pseudo65/gp_window_ensemble_20260806/runs/window_3p0/draw_08/attempt_01/results_single.csv,1,1,1,1,single_attempt_outside_55_75MeV,False,,,,,,,window_3p0,8
2021,0.1,0.0025695,0.094218625,0.105781375,1487397833.440122,1.64,0.09578602,0.10421398,0.00842796,0.0,1.0,8000,0.000125,True,8434.494298028389,1.8414156356437695e-06,0.5,0.0,-1439.0464958452064,5597.2201535745635,True,tilde_q_mu,asymptotic,default,sidak_approx,observed,8.06**2 * RBF(length_scale=0.321),0.027907474759607,0.3805564739946421,0.1030551803288439,0.3208556630145742,0.0253704315996428,64.8940316596106,1642.947773778153,398,87,311,416,18,0.04,0.3,0.000625,1.0,1e-08,1e+18,False,False,False,False,12,1.1,15.0,12.646835027398255,10.861052640438642,148.10526327870872,124.8708554250143,study_results/v4p2_followups_20260806/pseudo65/gp_window_ensemble_20260806/runs/window_3p0/draw_08/attempt_01/results_single.csv,1,1,1,1,single_attempt_outside_55_75MeV,False,,,,,,,window_3p0,8
2021,0.101,0.002585385875,0.09518288178125,0.10681711821875,1463545807.7925766,1.64,0.096759967165,0.105240032835,0.00848006567,0.0,1.0,8000,0.000125,True,9438.632533273274,2.0734869511197996e-06,0.4688439865378648,0.0781761002314639,436.52276568798794,5588.200264169983,True,tilde_q_mu,asymptotic,default,sidak_approx,observed,8.07**2 * RBF(length_scale=0.321),0.0278033140562975,0.3791361007676941,0.1026705414406892,0.3212595991052205,0.0252757400511796,65.07532066780423,1637.298204762158,397,88,309,416,19,0.04,0.3,0.000625,1.0,1e-08,1e+18,False,False,False,False,12,1.1,15.0,12.710195565182966,10.754028760328694,146.64584673175492,124.25982605216348,study_results/v4p2_followups_20260806/pseudo65/gp_window_ensemble_20260806/runs/window_3p0/draw_08/attempt_01/results_single.csv,1,1,1,1,single_attempt_outside_55_75MeV,False,,,,,,,window_3p0,8
2021,0.102,0.0026014435,0.096146752125,0.1078532478749999,1439773239.9828668,1.64,0.09773363266,0.1062663673399999,0.0085327346799999,0.0,1.0,8000,0.000125,True,9953.805460955056,2.200973438363155e-06,0.397125393053218,0.2607947593010293,1338.1291551553395,5537.40202460679,True,tilde_q_mu,asymptotic,default,sidak_approx,observed,8.16**2 * RBF(length_scale=0.322),0.0277029922867878,0.3777680766380165,0.1023000787550902,0.3221330572258059,0.0251845384425344,66.57647800677273,1637.726608679619,397,90,307,416,19,0.04,0.3,0.000625,1.0,1e-08,1e+18,False,False,False,False,12,1.1,15.0,12.790905736106405,10.649084743446428,145.21479195608765,123.82858102657462,study_results/v4p2_followups_20260806/pseudo65/gp_window_ensemble_20260806/runs/window_3p0/draw_08/attempt_01/results_single.csv,1,1,1,1,single_attempt_outside_55_75MeV,False,,,,,,,window_3p0,8
2021,0.103,0.002617672875,0.0971102360312499,0.10888976396875,1415306075.6792226,1.64,0.098707016485,0.107292983515,0.00858596703,0.0,1.0,8000,0.000125,True,11211.515420591128,2.4974490953905634e-06,0.2831526087015582,0.5735014503015008,3148.293744557033,5505.406044857195,True,tilde_q_mu,asymptotic,default,sidak_approx,observed,7.98**2 * RBF(length_scale=0.32),0.0276063983918545,0.3764508871616523,0.1019433821586847,0.3197484001525315,0.0250967258107768,63.62030261334988,1635.8002469419189,397,91,306,416,19,0.04,0.3,0.000625,1.0,1e-08,1e+18,False,False,False,False,12,1.1,15.0,12.74064204882168,10.546160544164444,143.81128014769695,122.14986952964148,study_results/v4p2_followups_20260806/pseudo65/gp_window_ensemble_20260806/runs/window_3p0/draw_08/attempt_01/results_single.csv,1,1,1,1,single_attempt_outside_55_75MeV,False,,,,,,,window_3p0,8
2021,0.104,0.002634074,0.0980733335,0.1099266664999999,1390650623.4117515,1.64,0.09968011864,0.10831988136,0.00863976272,0.0,1.0,8000,0.000125,True,12023.95855292602,2.6997031824247142e-06,0.2174480544618579,0.7808408428700906,4274.732678042273,5472.0265211971255,True,tilde_q_mu,asymptotic,default,sidak_approx,observed,7.86**2 * RBF(length_scale=0.318),0.0275134255467139,0.3751830756370089,0.1016000571748166,0.3182021251895587,0.0250122050424672,61.70174883186153,1636.1080526941,397,93,304,416,19,0.04,0.3,0.000625,1.0,1e-08,1e+18,False,False,False,False,12,1.1,15.0,12.721874167003492,10.445198406238394,142.4345237214326,120.80227252140932,study_results/v4p2_followups_20260806/pseudo65/gp_window_ensemble_20260806/runs/window_3p0/draw_08/attempt_01/results_single.csv,1,1,1,1,single_attempt_outside_55_75MeV,False,,,,,,,window_3p0,8
2021,0.105,0.002650646875,0.0990360445312499,0.11096395546875,1366191403.4118524,1.64,0.100652939125,0.109347060875,0.00869412175,0.0,1.0,8000,0.000125,True,11921.78353939028,2.6987354066872224e-06,0.2226488880455957,0.7632777375030131,4176.729313614742,5461.038353380162,True,tilde_q_mu,asymptotic,default,sidak_approx,observed,7.85**2 * RBF(length_scale=0.318),0.0274239709611162,0.3739632403788584,0.1012697242253318,0.3180825709453392,0.0249308826919238,61.55590097562194,1630.7635776930729,396,94,302,416,20,0.04,0.3,0.000625,1.0,1e-08,1e+18,False,False,False,False,12,1.1,15.0,12.758576375973195,10.346142754725216,141.08376483716202,120.0018659389849,study_results/v4p2_followups_20260806/pseudo65/gp_window_ensemble_20260806/runs/window_3p0/draw_08/attempt_01/results_single.csv,1,1,1,1,single_attempt_outside_55_75MeV,False,,,,,,,window_3p0,8
2021,0.106,0.0026673915,0.099998369125,0.112001630875,1341676381.151068,1.64,0.10162547794,0.11037452206,0.0087490441199999,0.0,1.0,8000,0.000125,True,11174.33031544418,2.5514542610446527e-06,0.2618984701380276,0.6375034855766002,3400.104548345939,5369.007088020748,True,tilde_q_mu,asymptotic,default,sidak_approx,observed,8.01**2 * RBF(length_scale=0.32),0.0273379356906521,0.3727900321452559,0.1009520179337844,0.3202293418206072,0.0248526688096837,64.11187050519794,1634.0395429887812,397,96,301,416,19,0.04,0.3,0.000625,1.0,1e-08,1e+18,False,False,False,False,12,1.1,15.0,12.885108809554945,10.248940093965247,139.758274008617,120.053371175775,study_results/v4p2_followups_20260806/pseudo65/gp_window_ensemble_20260806/runs/window_3p0/draw_08/attempt_01/results_single.csv,1,1,1,1,single_attempt_outside_55_75MeV,False,,,,,,,window_3p0,8
2021,0.107,0.002684307875,0.10096030728125,0.11303969271875,1317225676.2626095,1.64,0.102597735085,0.111402264915,0.0088045298299999,0.0,1.0,8000,0.000125,True,10686.066730715378,2.4620328232806975e-06,0.2967895844726742,0.5336565597898734,2840.6078255397047,5324.634719958421,True,tilde_q_mu,asymptotic,default,sidak_approx,observed,7.99**2 * RBF(length_scale=0.32),0.0272552244585561,0.3716621517075835,0.1006465864674015,0.3199231992882159,0.0247774767805055,63.80770771234896,1634.315103498316,397,98,299,416,19,0.04,0.3,0.000625,1.0,1e-08,1e+18,False,False,False,False,12,1.1,15.0,12.911855477549077,10.153538911238387,138.45734878961437,119.18275182507368,study_results/v4p2_followups_20260806/pseudo65/gp_window_ensemble_20260806/runs/window_3p0/draw_08/attempt_01/results_single.csv,1,1,1,1,single_attempt_outside_55_75MeV,False,,,,,,,window_3p0,8
2021,0.108,0.002701396,0.101921859,0.114078141,1292640439.8447058,1.64,0.10356971056,0.11243028944,0.0088605788799999,0.0,1.0,8000,0.000125,True,9806.546033864091,2.281048394592714e-06,0.37780976435213,0.311238221095009,1643.0340401435303,5315.804302085645,True,tilde_q_mu,asymptotic,default,sidak_approx,observed,7.96**2 * RBF(length_scale=0.319),0.0271757454873275,0.3705783475544666,0.1003530909153006,0.3194819762395444,0.0247052231702977,63.43144464425354,1630.2423343747903,396,99,297,416,20,0.04,0.3,0.000625,1.0,1e-08,1e+18,False,False,False,False,12,1.1,15.0,12.931758358841558,10.059889585728104,137.18031253265593,118.2655102175114,study_results/v4p2_followups_20260806/pseudo65/gp_window_ensemble_20260806/runs/window_3p0/draw_08/attempt_01/results_single.csv,1,1,1,1,single_attempt_outside_55_75MeV,False,,,,,,,window_3p0,8
2021,0.109,0.002718655875,0.10288302428125,0.11511697571875,1268214292.8765628,1.64,0.104541404365,0.1134585956349999,0.0089171912699999,0.0,1.0,8000,0.000125,True,9166.166379590612,2.153220553826723e-06,0.4411017522315304,0.1481764656505437,876.9813614722752,5231.276477590031,True,tilde_q_mu,asymptotic,default,sidak_approx,observed,7.97**2 * RBF(length_scale=0.32),0.0270994103395402,0.3695374137210039,0.1000712047006427,0.3197721143941801,0.0246358275814002,63.50355669373091,1636.3602296272638,397,101,296,416,19,0.04,0.3,0.000625,1.0,1e-08,1e+18,False,False,False,False,12,1.1,15.0,12.979962347017077,9.967944302454349,135.92651321528655,117.62140156638256,study_results/v4p2_followups_20260806/pseudo65/gp_window_ensemble_20260806/runs/window_3p0/draw_08/attempt_01/results_single.csv,1,1,1,1,single_attempt_outside_55_75MeV,False,,,,,,,window_3p0,8
2021,0.11,0.0027360875,0.103843803125,0.116156196875,1243647528.4440663,1.64,0.1055128165,0.1144871835,0.008974367,0.0,1.0,8000,0.000125,True,8349.455995458286,1.9819290618707066e-06,0.5,0.0,-407.0793696457751,5220.788331547161,True,tilde_q_mu,asymptotic,default,sidak_approx,observed,7.95**2 * RBF(length_scale=0.319),0.0270261337672677,0.3685381877354698,0.0998006130245964,0.3193266533594195,0.0245692125156979,63.25082316300026,1630.7556809408306,396,102,294,416,20,0.04,0.3,0.000625,1.0,1e-08,1e+18,False,False,False,False,12,1.1,15.0,12.997024351325562,9.87765697086361,134.69532232995832,116.70922562214092,study_results/v4p2_followups_20260806/pseudo65/gp_window_ensemble_20260806/runs/window_3p0/draw_08/attempt_01/results_single.csv,1,1,1,1,single_attempt_outside_55_75MeV,False,,,,,,,window_3p0,8
2021,0.111,0.002753690875,0.10480419553125,0.11719580446875,1219296431.1209323,1.64,0.106483946965,0.115516053035,0.0090321060699999,0.0,1.0,8000,0.000125,True,7747.495156674575,1.8588697243125488e-06,0.5,0.0,-1392.6947554049618,5172.337120496499,True,tilde_q_mu,asymptotic,default,sidak_approx,observed,7.94**2 * RBF(length_scale=0.319),0.0269558335695793,0.3675795486760824,0.0995410123401082,0.3190311879720317,0.0245053032450721,63.03513142471693,1630.6109277099558,396,104,292,416,20,0.04,0.3,0.000625,1.0,1e-08,1e+18,False,False,False,False,12,1.1,15.0,13.018863091856923,9.788983147783204,133.4861338334073,115.85584673589469,study_results/v4p2_followups_20260806/pseudo65/gp_window_ensemble_20260806/runs/window_3p0/draw_08/attempt_01/results_single.csv,1,1,1,1,single_attempt_outside_55_75MeV,False,,,,,,,window_3p0,8
2021,0.112,0.002771466,0.1057642015,0.1182357985,1195083180.8359652,1.64,0.10745479576,0.11654520424,0.00909040848,0.0,1.0,8000,0.000125,True,7074.067573836356,1.7162200408765783e-06,0.4999026019832914,0.000244140625,-2893.5566208772925,5133.471335375896,True,tilde_q_mu,asymptotic,default,sidak_approx,observed,7.85**2 * RBF(length_scale=0.317),0.0268884304576102,0.3666604153310482,0.0992921098536402,0.3174651772802551,0.0244440276887365,61.6259431612787,1631.312504029882,396,105,291,416,20,0.04,0.3,0.000625,1.0,1e-08,1e+18,False,False,False,False,12,1.1,15.0,12.987433221839234,9.70187996447014,132.29836315186554,114.54774378623269,study_results/v4p2_followups_20260806/pseudo65/gp_window_ensemble_20260806/runs/window_3p0/draw_08/attempt_01/results_single.csv,1,1,1,1,single_attempt_outside_55_75MeV,False,,,,,,,window_3p0,8
2021,0.113,0.002789412875,0.10672382103125,0.11927617896875,1171074447.656905,1.64,0.108425362885,0.117574637115,0.00914927423,0.0,1.0,8000,0.000125,True,6889.666077798418,1.6906555986916543e-06,0.5,0.0,-3183.331978699021,5079.905283915595,True,tilde_q_mu,asymptotic,default,sidak_approx,observed,7.92**2 * RBF(length_scale=0.318),0.0268238479267369,0.3657797444555033,0.0990536230531478,0.3183952164792016,0.0243853162970335,62.691330503479854,1631.6229113279687,396,107,289,416,20,0.04,0.3,0.000625,1.0,1e-08,1e+18,False,False,False,False,12,1.1,15.0,13.056841773175362,9.616306057502122,131.1314462386653,114.14416966839362,study_results/v4p2_followups_20260806/pseudo65/gp_window_ensemble_20260806/runs/window_3p0/draw_08/attempt_01/results_single.csv,1,1,1,1,single_attempt_outside_55_75MeV,False,,,,,,,window_3p0,8
2021,0.114,0.0028075315,0.107683054125,0.120316945875,1146935681.7505815,1.64,0.10939564834,0.11860435166,0.00920870332,0.0,1.0,8000,0.000125,True,6738.1297446480585,1.673460153271033e-06,0.5,0.0,-3549.536600910002,5060.846585480551,True,tilde_q_mu,asymptotic,default,sidak_approx,observed,7.9**2 * RBF(length_scale=0.318),0.0267620121354335,0.3649365291195483,0.0988252792607253,0.3183133558426821,0.0243291019413032,62.36903721143039,1626.4748494326732,395,108,287,416,21,0.04,0.3,0.000625,1.0,1e-08,1e+18,False,False,False,False,12,1.1,15.0,13.083645940185132,9.532221503279144,129.9848386810792,113.37837379302142,study_results/v4p2_followups_20260806/pseudo65/gp_window_ensemble_20260806/runs/window_3p0/draw_08/attempt_01/results_single.csv,1,1,1,1,single_attempt_outside_55_75MeV,False,,,,,,,window_3p0,8
2021,0.115,0.002825821875,0.10864190078125,0.12135809921875,1123372222.1676126,1.64,0.110365652125,0.119634347875,0.00926869575,0.0,1.0,8000,0.000125,True,6616.61277497678,1.6631603393304587e-06,0.5,0.0,-3539.446861549656,4980.922551464528,True,tilde_q_mu,asymptotic,default,sidak_approx,observed,7.93**2 * RBF(length_scale=0.319),0.026702851790388,0.3641297971416546,0.0986068152083701,0.3186964577151087,0.0242753198094436,62.82376043053364,1631.5422393626468,396,110,286,416,20,0.04,0.3,0.000625,1.0,1e-08,1e+18,False,False,False,False,12,1.1,15.0,13.128414382047756,9.4495877559119,128.85801485334406,112.78009436285105,study_results/v4p2_followups_20260806/pseudo65/gp_window_ensemble_20260806/runs/window_3p0/draw_08/attempt_01/results_single.csv,1,1,1,1,single_attempt_outside_55_75MeV,False,,,,,,,window_3p0,8
2021,0.116,0.002844284,0.109600361,0.122399639,1099793946.70252,1.64,0.11133537424,0.12066462576,0.0093292515199999,0.0,1.0,8000,0.000125,True,6581.831128230132,1.6753183412349375e-06,0.5,0.0,-3593.324285743084,4969.312466147269,True,tilde_q_mu,asymptotic,default,sidak_approx,observed,7.85**2 * RBF(length_scale=0.318),0.0266462980375249,0.3633586096026131,0.0983979766355584,0.3176204693452643,0.0242239073068408,61.68710607292655,1625.9849118202817,395,111,284,416,21,0.04,0.3,0.000625,1.0,1e-08,1e+18,False,False,False,False,12,1.1,15.0,13.111859508130124,9.368367588301648,127.75046711320428,111.66974512575548,study_results/v4p2_followups_20260806/pseudo65/gp_window_ensemble_20260806/runs/window_3p0/draw_08/attempt_01/results_single.csv,1,1,1,1,single_attempt_outside_55_75MeV,False,,,,,,,window_3p0,8
2021,0.117,0.002862917875,0.11055843478125,0.12344156521875,1076409135.485572,1.64,0.112304814685,0.121695185315,0.00939037063,0.0,1.0,8000,0.000125,True,6922.9882355553655,1.7850495624876357e-06,0.5,0.0,-2360.458926898707,4912.132706494259,True,tilde_q_mu,asymptotic,default,sidak_approx,observed,7.98**2 * RBF(length_scale=0.319),0.0265922843585697,0.3626220594350426,0.0981985179072823,0.3193949338281782,0.0241748039623361,63.63836777918388,1626.8916468236002,395,113,282,416,21,0.04,0.3,0.000625,1.0,1e-08,1e+18,False,False,False,False,12,1.1,15.0,13.211893437720889,9.288525036216694,126.66170503931852,111.56272997463408,study_results/v4p2_followups_20260806/pseudo65/gp_window_ensemble_20260806/runs/window_3p0/draw_08/attempt_01/results_single.csv,1,1,1,1,single_attempt_outside_55_75MeV,False,,,,,,,window_3p0,8
2021,0.118,0.0028817235,0.1115161221249999,0.124483877875,1053178929.4199272,1.64,0.11327397346,0.1227260265399999,0.0094520530799999,0.0,1.0,8000,0.000125,True,7422.386903741923,1.9394533678406943e-06,0.5,0.0,-1033.346449880202,4863.950475184984,True,tilde_q_mu,asymptotic,default,sidak_approx,observed,8**2 * RBF(length_scale=0.32),0.0265407464728296,0.3619192700840412,0.0980082016513522,0.3195017438206482,0.024127951338936,63.99531003680538,1628.1159279286735,395,114,281,416,21,0.04,0.3,0.000625,1.0,1e-08,1e+18,False,False,False,False,12,1.1,15.0,13.241975637817935,9.21002534519002,125.59125470713664,110.87175567699268,study_results/v4p2_followups_20260806/pseudo65/gp_window_ensemble_20260806/runs/window_3p0/draw_08/attempt_01/results_single.csv,1,1,1,1,single_attempt_outside_55_75MeV,False,,,,,,,window_3p0,8
2021,0.119,0.002900700875,0.1124734230312499,0.12552657696875,1030627124.242168,1.64,0.114242850565,0.1237571494349999,0.0095142988699999,0.0,1.0,8000,0.000125,True,8033.186157586104,2.126959516200838e-06,0.4890001597656702,0.027576005113947,161.76448555483302,4821.602898203139,True,tilde_q_mu,asymptotic,default,sidak_approx,observed,7.97**2 * RBF(length_scale=0.319),0.0264916222438949,0.3612493942349304,0.0978267984138683,0.3193320177910117,0.0240832929489953,63.5551348919187,1630.5556461623082,395,116,279,416,21,0.04,0.3,0.000625,1.0,1e-08,1e+18,False,False,False,False,12,1.1,15.0,13.259483180614332,9.13283492007596,124.53865800103584,110.08788274006768,study_results/v4p2_followups_20260806/pseudo65/gp_window_ensemble_20260806/runs/window_3p0/draw_08/attempt_01/results_single.csv,1,1,1,1,single_attempt_outside_55_75MeV,False,,,,,,,window_3p0,8
2021,0.12,0.00291985,0.1134303374999999,0.1265696624999999,1008026180.837055,1.64,0.115211446,0.124788554,0.009577108,0.0,1.0,8000,0.000125,True,8633.368348469972,2.317646175166395e-06,0.4047423181461919,0.2410909377383397,1142.4620578954914,4801.864340050253,True,tilde_q_mu,asymptotic,default,sidak_approx,observed,7.96**2 * RBF(length_scale=0.319),0.0264448515909636,0.3606116126040493,0.0976540863317667,0.3192322374849144,0.0240407741736032,63.28854366569876,1625.3611685301585,394,117,277,416,22,0.04,0.3,0.000625,1.0,1e-08,1e+18,False,False,False,False,12,1.1,15.0,13.278783585739545,9.05692127710794,123.5034719605628,109.33172508345103,study_results/v4p2_followups_20260806/pseudo65/gp_window_ensemble_20260806/runs/window_3p0/draw_08/attempt_01/results_single.csv,1,1,1,1,single_attempt_outside_55_75MeV,False,,,,,,,window_3p0,8
2021,0.121,0.002939170875,0.1143868655312499,0.12761313446875,985440224.1699862,1.64,0.116179759765,0.125820240235,0.0096404804699999,0.0,1.0,8000,0.000125,True,9159.618197368043,2.494489254308837e-06,0.3303987622575967,0.4388123312035527,2072.76730562538,4727.817289490133,True,tilde_q_mu,asymptotic,default,sidak_approx,observed,8.01**2 * RBF(length_scale=0.32),0.0264003764045369,0.3600051327891407,0.0974898508215015,0.3198571972708708,0.0240003421859427,64.11349439612218,1629.6620832417466,395,119,276,416,21,0.04,0.3,0.000625,1.0,1e-08,1e+18,False,False,False,False,12,1.1,15.0,13.327193203862528,8.982252998317762,122.48526815887854,108.8256555586857,study_results/v4p2_followups_20260806/pseudo65/gp_window_ensemble_20260806/runs/window_3p0/draw_08/attempt_01/results_single.csv,1,1,1,1,single_attempt_outside_55_75MeV,False,,,,,,,window_3p0,8
2021,0.122,0.0029586635,0.115343007125,0.128656992875,963312661.4875358,1.64,0.11714779186,0.12685220814,0.00970441628,0.0,1.0,8000,0.000125,True,9597.467162481054,2.65185307023829e-06,0.274437811466412,0.599445830168648,2773.9916699470587,4686.004112931717,True,tilde_q_mu,asymptotic,default,sidak_approx,observed,7.97**2 * RBF(length_scale=0.319),0.0263581404662262,0.3594291881758127,0.0973338842829142,0.3191424496990275,0.0239619458783875,63.48481785940908,1630.5689761966928,395,121,274,416,21,0.04,0.3,0.000625,1.0,1e-08,1e+18,False,False,False,False,12,1.1,15.0,13.318720078859627,8.908799688178892,121.48363211153033,107.86709935044236,study_results/v4p2_followups_20260806/pseudo65/gp_window_ensemble_20260806/runs/window_3p0/draw_08/attempt_01/results_single.csv,1,1,1,1,single_attempt_outside_55_75MeV,False,,,,,,,window_3p0,8
2021,0.123,0.002978327875,0.11629876228125,0.12970123771875,941612336.1342888,1.64,0.118115542285,0.127884457715,0.00976891543,0.0,1.0,8000,0.000125,True,9414.49125333558,2.639608555354304e-06,0.2912826052432036,0.5496416138043846,2563.0313053465416,4661.9368708168495,True,tilde_q_mu,asymptotic,default,sidak_approx,observed,8.03**2 * RBF(length_scale=0.32),0.026318089372443,0.3588830368969509,0.0971859858174404,0.3201537702491282,0.02392553579313,64.4928319251244,1626.222794731224,394,122,272,416,22,0.04,0.3,0.000625,1.0,1e-08,1e+18,False,False,False,False,12,1.1,15.0,13.38125812593324,8.836531932349143,120.49816271385194,107.49446793165048,study_results/v4p2_followups_20260806/pseudo65/gp_window_ensemble_20260806/runs/window_3p0/draw_08/attempt_01/results_single.csv,1,1,1,1,single_attempt_outside_55_75MeV,False,,,,,,,window_3p0,8
2021,0.124,0.002998164,0.117254131,0.130745869,920037116.668702,1.64,0.1190830110399999,0.12891698896,0.00983397792,0.0,1.0,8000,0.000125,True,8967.535329379616,2.552501376564185e-06,0.3228851213099185,0.4596461293932593,2113.066485449719,4591.241598831921,True,tilde_q_mu,asymptotic,default,sidak_approx,observed,8.02**2 * RBF(length_scale=0.32),0.0262801704617562,0.3583659608421308,0.0970459609598579,0.319877609647036,0.023891064056142,64.30496965649706,1632.470360056821,395,124,271,416,21,0.04,0.3,0.000625,1.0,1e-08,1e+18,False,False,False,False,12,1.1,15.0,13.389006404040844,8.765421258395557,119.52847170539395,106.69116487524896,study_results/v4p2_followups_20260806/pseudo65/gp_window_ensemble_20260806/runs/window_3p0/draw_08/attempt_01/results_single.csv,1,1,1,1,single_attempt_outside_55_75MeV,False,,,,,,,window_3p0,8
2021,0.125,0.003018171875,0.11820911328125,0.13179088671875,898531012.9433209,1.64,0.120050198125,0.129949801875,0.00989960375,0.0,1.0,8000,0.000125,True,8893.11281437172,2.571169094538145e-06,0.3271856333203535,0.4476978595562334,2046.4810892524056,4576.69423177571,True,tilde_q_mu,asymptotic,default,sidak_approx,observed,7.96**2 * RBF(length_scale=0.319),0.0262443327457108,0.3578772647142392,0.0969136214228183,0.3187323556121567,0.0238584843142826,63.429426769032645,1627.9209300539192,394,125,269,416,22,0.04,0.3,0.000625,1.0,1e-08,1e+18,False,False,False,False,12,1.1,15.0,13.359287682049072,8.695440098390975,118.57418315987692,105.60444163311828,study_results/v4p2_followups_20260806/pseudo65/gp_window_ensemble_20260806/runs/window_3p0/draw_08/attempt_01/results_single.csv,1,1,1,1,single_attempt_outside_55_75MeV,False,,,,,,,window_3p0,8
2021,0.126,0.0030383515,0.119163709125,0.132836290875,877660484.0400469,1.64,0.12101710354,0.13098289646,0.0099657929199999,0.0,1.0,8000,0.000125,True,8417.205948694602,2.4716717016867715e-06,0.3737066415292381,0.3220520236419176,1477.2330319896507,4530.823871813796,True,tilde_q_mu,asymptotic,default,sidak_approx,observed,7.92**2 * RBF(length_scale=0.318),0.0262105268429174,0.3574162751306931,0.0967887848534561,0.3184547558625564,0.0238277516753795,62.796322659757806,1626.9441031952574,394,127,267,416,22,0.04,0.3,0.000625,1.0,1e-08,1e+18,False,False,False,False,12,1.1,15.0,13.364867999342366,8.626561753278871,117.63493299925732,104.81169010977052,study_results/v4p2_followups_20260806/pseudo65/gp_window_ensemble_20260806/runs/window_3p0/draw_08/attempt_01/results_single.csv,1,1,1,1,single_attempt_outside_55_75MeV,False,,,,,,,window_3p0,8
2021,0.127,0.003058702875,0.12011791853125,0.13388208146875,857126402.643784,1.64,0.121983727285,0.132016272715,0.0100325454299999,0.0,1.0,8000,0.000125,True,8452.734201719371,2.521555552828369e-06,0.3590701392529441,0.3609453803188889,1632.5055538821762,4483.451317444366,True,tilde_q_mu,asymptotic,default,sidak_approx,observed,7.92**2 * RBF(length_scale=0.318),0.0261787049162304,0.3569823397667782,0.0966712746014036,0.3184620999349081,0.0237988226511185,62.72811524384119,1626.963148894164,394,128,266,416,22,0.04,0.3,0.000625,1.0,1e-08,1e+18,False,False,False,False,12,1.1,15.0,13.3814224595661,8.558760358908806,116.71036853057464,104.1167164479512,study_results/v4p2_followups_20260806/pseudo65/gp_window_ensemble_20260806/runs/window_3p0/draw_08/attempt_01/results_single.csv,1,1,1,1,single_attempt_outside_55_75MeV,False,,,,,,,window_3p0,8
2021,0.128,0.003079226,0.1210717415,0.1349282585,836870911.2847852,1.64,0.12295006936,0.13304993064,0.01009986128,0.0,1.0,8000,0.000125,True,8319.51481180525,2.5220255336353547e-06,0.359297904295987,0.3603360966203891,1574.5378281477967,4432.035194991167,True,tilde_q_mu,asymptotic,default,sidak_approx,observed,8**2 * RBF(length_scale=0.32),0.0261488206128557,0.3565748265389423,0.0965609194976257,0.3195962430791594,0.0237716551025961,63.96771344177171,1627.0881461046506,394,130,264,416,22,0.04,0.3,0.000625,1.0,1e-08,1e+18,False,False,False,False,12,1.1,15.0,13.444425375507642,8.492010853654708,115.80014800438238,103.7910965545106,study_results/v4p2_followups_20260806/pseudo65/gp_window_ensemble_20260806/runs/window_3p0/draw_08/attempt_01/results_single.csv,1,1,1,1,single_attempt_outside_55_75MeV,False,,,,,,,window_3p0,8
2021,0.129,0.003099920875,0.12202517803125,0.13597482196875,816661383.882061,1.64,0.123916129765,0.134083870235,0.01016774047,0.0,1.0,8000,0.000125,True,8513.587517451779,2.6242233548307344e-06,0.3294461427402767,0.4414430451037427,1895.2830421836152,4407.856694120899,True,tilde_q_mu,asymptotic,default,sidak_approx,observed,8**2 * RBF(length_scale=0.32),0.0261208290072193,0.3561931228257187,0.096457553643445,0.3195074268431257,0.0237462081883812,63.97021431148607,1622.0537755581072,393,131,262,416,23,0.04,0.3,0.000625,1.0,1e-08,1e+18,False,False,False,False,12,1.1,15.0,13.455092463960504,8.426288947526562,114.90394019354402,103.06954265183484,study_results/v4p2_followups_20260806/pseudo65/gp_window_ensemble_20260806/runs/window_3p0/draw_08/attempt_01/results_single.csv,1,1,1,1,single_attempt_outside_55_75MeV,False,,,,,,,window_3p0,8
2021,0.13,0.0031207875,0.122978228125,0.137021771875,796778619.4646972,1.64,0.1248819085,0.1351180915,0.010236183,0.0,1.0,8000,0.000125,True,8285.24485575331,2.597432352776307e-06,0.3475657130410851,0.3919009160867483,1729.4861298380704,4337.065211247315,True,tilde_q_mu,asymptotic,default,sidak_approx,observed,8.01**2 * RBF(length_scale=0.32),0.0260946865464589,0.3558366347244401,0.0963610162092589,0.319688962349989,0.0237224423149626,64.14859785828267,1627.7173796362597,394,133,261,416,22,0.04,0.3,0.000625,1.0,1e-08,1e+18,False,False,False,False,12,1.1,15.0,13.47622466968119,8.36157109269982,114.0214239913612,102.43855512430405,study_results/v4p2_followups_20260806/pseudo65/gp_window_ensemble_20260806/runs/window_3p0/draw_08/attempt_01/results_single.csv,1,1,1,1,single_attempt_outside_55_75MeV,False,,,,,,,window_3p0,8
2021,0.131,0.003141825875,0.12393089178125,0.13806910821875,777717056.7816086,1.64,0.125847405565,0.136152594435,0.0103051888699999,0.0,1.0,8000,0.000125,True,7660.031387843139,2.4415046269351035e-06,0.4181831766172307,0.2065435459137917,893.415739727248,4309.140277935161,True,tilde_q_mu,asymptotic,default,sidak_approx,observed,8.06**2 * RBF(length_scale=0.321),0.0260703509983903,0.3555047863416871,0.0962711512423922,0.3205560590095177,0.0237003190894458,64.95140572829405,1621.153455309949,393,134,259,416,23,0.04,0.3,0.000625,1.0,1e-08,1e+18,False,False,False,False,12,1.1,15.0,13.525390008452131,8.297834455383493,113.1522880279567,102.02858839512156,study_results/v4p2_followups_20260806/pseudo65/gp_window_ensemble_20260806/runs/window_3p0/draw_08/attempt_01/results_single.csv,1,1,1,1,single_attempt_outside_55_75MeV,False,,,,,,,window_3p0,8
2021,0.132,0.003163036,0.124883169,0.139116831,758729637.4451472,1.64,0.12681262096,0.13718737904,0.0103747580799999,0.0,1.0,8000,0.000125,True,6794.889080390189,2.2031360341211725e-06,0.5,0.0,-359.70611369471055,4258.5258442206505,True,tilde_q_mu,asymptotic,default,sidak_approx,observed,8.14**2 * RBF(length_scale=0.322),0.0260477814018274,0.3551970191158293,0.0961878074836403,0.3217796510503971,0.0236798012743886,66.27549972376404,1620.6517442012664,393,136,257,416,23,0.04,0.3,0.000625,1.0,1e-08,1e+18,False,False,False,False,12,1.1,15.0,13.588781735192368,8.235056888959685,112.2962303039957,101.7312642190595,study_results/v4p2_followups_20260806/pseudo65/gp_window_ensemble_20260806/runs/window_3p0/draw_08/attempt_01/results_single.csv,1,1,1,1,single_attempt_outside_55_75MeV,False,,,,,,,window_3p0,8
2021,0.133,0.003184417875,0.12583505978125,0.14016494021875,740120080.2932594,1.64,0.127777554685,0.138222445315,0.0104448906299999,0.0,1.0,8000,0.000125,True,6338.8826192638535,2.0911192673418077e-06,0.5,0.0,-1113.2328558451788,4218.143628985548,True,tilde_q_mu,asymptotic,default,sidak_approx,observed,8.05**2 * RBF(length_scale=0.32),0.0260269380191233,0.3549127911698635,0.0961108381920171,0.3203780868275865,0.0236608527446575,64.82632213916281,1617.5391132572695,393,137,256,416,23,0.04,0.3,0.000625,1.0,1e-08,1e+18,False,False,False,False,12,1.1,15.0,13.540428584084966,8.173216908325301,111.45295784079954,100.6080544085586,study_results/v4p2_followups_20260806/pseudo65/gp_window_ensemble_20260806/runs/window_3p0/draw_08/attempt_01/results_single.csv,1,1,1,1,single_attempt_outside_55_75MeV,False,,,,,,,window_3p0,8
2021,0.134,0.0032059715,0.126786564125,0.141213435875,721731213.3148873,1.64,0.12874220674,0.13925779326,0.01051558652,0.0,1.0,8000,0.000125,True,5963.234529485839,2.002264861549627e-06,0.5,0.0,-1832.286674125061,4180.117423234158,True,tilde_q_mu,asymptotic,default,sidak_approx,observed,7.98**2 * RBF(length_scale=0.319),0.0260077822908281,0.3546515766931113,0.0960401009773177,0.3193543469328331,0.0236434384462074,63.61977215294145,1619.2148724120875,393,139,254,416,23,0.04,0.3,0.000625,1.0,1e-08,1e+18,False,False,False,False,12,1.1,15.0,13.507102516388004,8.112293665376676,110.62218634604557,99.61234743753432,study_results/v4p2_followups_20260806/pseudo65/gp_window_ensemble_20260806/runs/window_3p0/draw_08/attempt_01/results_single.csv,1,1,1,1,single_attempt_outside_55_75MeV,False,,,,,,,window_3p0,8
2021,0.135,0.003227696875,0.12773768203125,0.14226231796875,703839749.1336825,1.64,0.129706577125,0.140293422875,0.01058684575,0.0,1.0,8000,0.000125,True,5554.5548639703975,1.8982859112886988e-06,0.5,0.0,-2827.1007309424494,4153.657414779093,True,tilde_q_mu,asymptotic,default,sidak_approx,observed,8.03**2 * RBF(length_scale=0.32),0.025990276792342,0.3544128653501188,0.0959754576400479,0.3200354185377099,0.0236275243566745,64.46323609001807,1614.042364485112,392,140,252,416,24,0.04,0.3,0.000625,1.0,1e-08,1e+18,False,False,False,False,12,1.1,15.0,13.54502544179168,8.052266925574306,109.80363989419509,99.15287306454697,study_results/v4p2_followups_20260806/pseudo65/gp_window_ensemble_20260806/runs/window_3p0/draw_08/attempt_01/results_single.csv,1,1,1,1,single_attempt_outside_55_75MeV,False,,,,,,,window_3p0,8
2021,0.136,0.003249594,0.1286884135,0.1433115865,686424779.2721932,1.64,0.13067066584,0.14132933416,0.01065866832,0.0,1.0,8000,0.000125,True,5290.46311202095,1.840270869578587e-06,0.4999311292015692,0.0001726334915006,-3351.095200127634,4086.018807547521,True,tilde_q_mu,asymptotic,default,sidak_approx,observed,8.12**2 * RBF(length_scale=0.321),0.0259743851924713,0.3541961617155187,0.0959167740183841,0.3211920933868473,0.0236130774477012,65.85846667872453,1619.407920116188,393,142,251,416,23,0.04,0.3,0.000625,1.0,1e-08,1e+18,False,False,False,False,12,1.1,15.0,13.602297036387167,7.993117045535957,108.99705062094486,98.84068390908136,study_results/v4p2_followups_20260806/pseudo65/gp_window_ensemble_20260806/runs/window_3p0/draw_08/attempt_01/results_single.csv,1,1,1,1,single_attempt_outside_55_75MeV,False,,,,,,,window_3p0,8
2021,0.137,0.003271662875,0.12963875853125,0.14436124146875,669116428.5880822,1.64,0.131634472885,0.142365527115,0.0107310542299999,0.0,1.0,8000,0.000125,True,5310.297636051144,1.8811201057584016e-06,0.5,0.0,-3176.6376416532567,4065.147810662217,True,tilde_q_mu,asymptotic,default,sidak_approx,observed,8.1**2 * RBF(length_scale=0.321),0.0259600722137896,0.3540009847334957,0.0958639198417955,0.320888553362103,0.0236000656488997,65.57907413999634,1615.3986939087172,392,143,249,416,24,0.04,0.3,0.000625,1.0,1e-08,1e+18,False,False,False,False,12,1.1,15.0,13.596934777046416,7.93482495160498,108.20215843097698,98.0811793947758,study_results/v4p2_followups_20260806/pseudo65/gp_window_ensemble_20260806/runs/window_3p0/draw_08/attempt_01/results_single.csv,1,1,1,1,single_attempt_outside_55_75MeV,False,,,,,,,window_3p0,8
2021,0.138,0.0032939035,0.130588717125,0.145411282875,652262296.7982231,1.64,0.13259799826,0.14340200174,0.0108040034799999,0.0,1.0,8000,0.000125,True,5484.097558612564,1.9784438643387465e-06,0.5,0.0,-2458.5537374370588,4027.3211788760473,True,tilde_q_mu,asymptotic,default,sidak_approx,observed,8.04**2 * RBF(length_scale=0.32),0.0259473035947063,0.3538268672005407,0.095816768590974,0.3201870782557883,0.0235884578133693,64.60126305619441,1614.5278930054546,392,145,247,416,24,0.04,0.3,0.000625,1.0,1e-08,1e+18,False,False,False,False,12,1.1,15.0,13.573887737345588,7.877372119342997,107.41871071831358,97.20596801205268,study_results/v4p2_followups_20260806/pseudo65/gp_window_ensemble_20260806/runs/window_3p0/draw_08/attempt_01/results_single.csv,1,1,1,1,single_attempt_outside_55_75MeV,False,,,,,,,window_3p0,8
2021,0.139,0.003316315875,0.13153828928125,0.14646171071875,635785521.2448627,1.64,0.133561241965,0.144438758035,0.0108775160699999,0.0,1.0,8000,0.000125,True,5588.889891493442,2.053619794755839e-06,0.5,0.0,-1982.431747210126,3983.2938623526015,True,tilde_q_mu,asymptotic,default,sidak_approx,observed,8.05**2 * RBF(length_scale=0.32),0.0259360460531648,0.3536733552704296,0.0957751973637809,0.3203662106384105,0.0235782236846953,64.82354441522656,1614.6719651187054,392,146,246,416,24,0.04,0.3,0.000625,1.0,1e-08,1e+18,False,False,False,False,12,1.1,15.0,13.587376849188225,7.820740553903008,106.64646209867738,96.60304467782656,study_results/v4p2_followups_20260806/pseudo65/gp_window_ensemble_20260806/runs/window_3p0/draw_08/attempt_01/results_single.csv,1,1,1,1,single_attempt_outside_55_75MeV,False,,,,,,,window_3p0,8
2021,0.14,0.0033389,0.132487475,0.147512525,619834689.867921,1.64,0.134524204,0.145475796,0.010951592,0.0,1.0,8000,0.000125,True,5769.565585274563,2.159032214796454e-06,0.5,0.0,-1380.966760988133,3942.3052429908976,True,tilde_q_mu,asymptotic,default,sidak_approx,observed,8.12**2 * RBF(length_scale=0.321),0.0259262672518869,0.3535400079802764,0.0957390867469023,0.3212406236072535,0.0235693338653517,65.90293854177878,1614.4289983958606,392,148,244,416,24,0.04,0.3,0.000625,1.0,1e-08,1e+18,False,False,False,False,12,1.1,15.0,13.629601304918303,7.764912771238112,105.88517415324698,96.2115138540398,study_results/v4p2_followups_20260806/pseudo65/gp_window_ensemble_20260806/runs/window_3p0/draw_08/attempt_01/results_single.csv,1,1,1,1,single_attempt_outside_55_75MeV,False,,,,,,,window_3p0,8
2021,0.141,0.003361655875,0.13343627428125,0.1485637257187499,604132627.2786524,1.64,0.1354868843649999,0.146513115635,0.01102623127,0.0,1.0,8000,0.000125,True,5821.80625749108,2.219352397711622e-06,0.4999311292015692,0.0001726334915006,-1197.54123968635,3922.880757116527,True,tilde_q_mu,asymptotic,default,sidak_approx,observed,8.08**2 * RBF(length_scale=0.321),0.0259179357650831,0.3534263967965889,0.0957083206929198,0.3205141329070303,0.0235617597864392,65.22283433853066,1611.6245374778773,391,149,242,416,25,0.04,0.3,0.000625,1.0,1e-08,1e+18,False,False,False,False,12,1.1,15.0,13.603149162546806,7.709871780103963,105.13461518323584,95.34412349896768,study_results/v4p2_followups_20260806/pseudo65/gp_window_ensemble_20260806/runs/window_3p0/draw_08/attempt_01/results_single.csv,1,1,1,1,single_attempt_outside_55_75MeV,False,,,,,,,window_3p0,8
2021,0.142,0.0033845835,0.1343846871249999,0.149615312875,588792286.6909375,1.64,0.1364492830599999,0.14755071694,0.01110143388,0.0,1.0,8000,0.000125,True,5964.2794756754765,2.316474112695563e-06,0.5,0.0,-703.9870556515086,3865.130126665784,True,tilde_q_mu,asymptotic,default,sidak_approx,observed,8.04**2 * RBF(length_scale=0.32),0.0259110210465671,0.3533321051804605,0.0956827864025644,0.3201479112579761,0.0235554736786973,64.63258494028177,1616.6517452885264,392,151,241,416,24,0.04,0.3,0.000625,1.0,1e-08,1e+18,False,False,False,False,12,1.1,15.0,13.591232153718272,7.6556010648184945,104.39455997479764,94.5900466801827,study_results/v4p2_followups_20260806/pseudo65/gp_window_ensemble_20260806/runs/window_3p0/draw_08/attempt_01/results_single.csv,1,1,1,1,single_attempt_outside_55_75MeV,False,,,,,,,window_3p0,8
2021,0.143,0.003407682875,0.1353327135312499,0.15066728646875,573696429.0826498,1.64,0.137411400085,0.1485885999149999,0.0111771998299999,0.0,1.0,8000,0.000125,True,6193.629369519082,2.4515849763868375e-06,0.5,0.0,-161.2469574327339,3824.3901210106737,True,tilde_q_mu,asymptotic,default,sidak_approx,observed,8.05**2 * RBF(length_scale=0.32),0.025905493399191,0.3532567281707865,0.0956623742118505,0.320470297908331,0.0235504485447191,64.8691082438161,1617.2935679238944,392,153,239,416,24,0.04,0.3,0.000625,1.0,1e-08,1e+18,False,False,False,False,12,1.1,15.0,13.607821409422476,7.602084568738228,103.66478957370308,94.04346286428752,study_results/v4p2_followups_20260806/pseudo65/gp_window_ensemble_20260806/runs/window_3p0/draw_08/attempt_01/results_single.csv,1,1,1,1,single_attempt_outside_55_75MeV,False,,,,,,,window_3p0,8
2021,0.144,0.003430954,0.1362803534999999,0.1517196465,559083772.4170778,1.64,0.13837323544,0.14962676456,0.0112535291199999,0.0,1.0,8000,0.000125,True,6294.087059661408,2.5387111405489245e-06,0.5,0.0,59.7583379848595,3804.0095614750153,True,tilde_q_mu,asymptotic,default,sidak_approx,observed,8.02**2 * RBF(length_scale=0.32),0.0259013239455544,0.3531998719848339,0.0956469774839098,0.3200358784441585,0.0235466581323222,64.30824769562285,1612.1077694098303,391,154,237,416,25,0.04,0.3,0.000625,1.0,1e-08,1e+18,False,False,False,False,12,1.1,15.0,13.591562617747805,7.5493066784207805,102.94509106937429,93.27897676394336,study_results/v4p2_followups_20260806/pseudo65/gp_window_ensemble_20260806/runs/window_3p0/draw_08/attempt_01/results_single.csv,1,1,1,1,single_attempt_outside_55_75MeV,False,,,,,,,window_3p0,8
2021,0.145,0.003454396875,0.1372276070312499,0.15277239296875,544779001.7566646,1.64,0.139334789125,0.1506652108749999,0.0113304217499999,0.0,1.0,8000,0.000125,True,6430.823852268639,2.643614797690637e-06,0.453672518838629,0.116388009709629,435.400174854392,3743.144113179296,True,tilde_q_mu,asymptotic,default,sidak_approx,observed,8.04**2 * RBF(length_scale=0.32),0.0258984845999115,0.3531611536351575,0.095636492505252,0.3203300409065244,0.0235440769090105,64.5776638304043,1618.032669445818,392,156,236,416,24,0.04,0.3,0.000625,1.0,1e-08,1e+18,False,False,False,False,12,1.1,15.0,13.605546827955342,7.49725220843698,102.235257387777,92.73110545716447,study_results/v4p2_followups_20260806/pseudo65/gp_window_ensemble_20260806/runs/window_3p0/draw_08/attempt_01/results_single.csv,1,1,1,1,single_attempt_outside_55_75MeV,False,,,,,,,window_3p0,8
2021,0.146,0.0034780115,0.138174474125,0.1538255258749999,530723198.11642635,1.64,0.1402960611399999,0.15170393886,0.01140787772,0.0,1.0,8000,0.000125,True,6385.567082742595,2.67607614531155e-06,0.4551557256221999,0.1126457012597399,418.5362003375711,3722.6934357501086,True,tilde_q_mu,asymptotic,default,sidak_approx,observed,8.02**2 * RBF(length_scale=0.32),0.0258969480412312,0.3531402005622441,0.0956308183862839,0.3200213145942189,0.0235426800374829,64.28643340076918,1612.925155107053,391,157,234,416,25,0.04,0.3,0.000625,1.0,1e-08,1e+18,False,False,False,False,12,1.1,15.0,13.59324062021419,7.445906386805,101.53508709279544,92.01272468311818,study_results/v4p2_followups_20260806/pseudo65/gp_window_ensemble_20260806/runs/window_3p0/draw_08/attempt_01/results_single.csv,1,1,1,1,single_attempt_outside_55_75MeV,False,,,,,,,window_3p0,8
2021,0.147,0.0035017978749999,0.13912095478125,0.1548790452187499,517058895.8195766,1.64,0.141257051485,0.1527429485149999,0.0114858970299999,0.0,1.0,8000,0.000125,True,6303.376212991954,2.692996576929144e-06,0.4624773382853133,0.0941944712265678,388.6322626315675,3683.7179912557817,True,tilde_q_mu,asymptotic,default,sidak_approx,observed,8**2 * RBF(length_scale=0.32),0.025896687687343,0.353136650281951,0.0956298569658356,0.3197805518172432,0.02354244335213,63.99546180970021,1614.0739187376323,391,159,232,416,25,0.04,0.3,0.000625,1.0,1e-08,1e+18,False,False,False,False,12,1.1,15.0,13.583150526655514,7.3952548410130845,100.84438419563295,91.3189633531442,study_results/v4p2_followups_20260806/pseudo65/gp_window_ensemble_20260806/runs/window_3p0/draw_08/attempt_01/results_single.csv,1,1,1,1,single_attempt_outside_55_75MeV,False,,,,,,,window_3p0,8
2021,0.148,0.0035257559999999,0.140067049,0.155932951,503681799.08701915,1.64,0.1422177601599999,0.15378223984,0.01156447968,0.0,1.0,8000,0.000125,True,6075.182602842457,2.6464353266150812e-06,0.4867937549251316,0.03310919546571,130.6868167132196,3643.6675536155153,True,tilde_q_mu,asymptotic,default,sidak_approx,observed,7.97**2 * RBF(length_scale=0.319),0.0258976776701328,0.3531501500472667,0.0956335127195648,0.319322656613054,0.0235433433364844,63.48041214889147,1614.6614661483309,391,160,231,416,25,0.04,0.3,0.000625,1.0,1e-08,1e+18,False,False,False,False,12,1.1,15.0,13.563182257050505,7.345283584607923,100.16295797192622,90.568563625235,study_results/v4p2_followups_20260806/pseudo65/gp_window_ensemble_20260806/runs/window_3p0/draw_08/attempt_01/results_single.csv,1,1,1,1,single_attempt_outside_55_75MeV,False,,,,,,,window_3p0,8
2021,0.149,0.003549885875,0.14101275678125,0.15698724321875,490644352.2917579,1.64,0.143178187165,0.154821812835,0.0116436256699999,0.0,1.0,8000,0.000125,True,5841.243912679007,2.594610617517756e-06,0.5,0.0,-151.53947308007258,3606.0313765231094,True,tilde_q_mu,asymptotic,default,sidak_approx,observed,7.96**2 * RBF(length_scale=0.319),0.0258998928117245,0.353180356523517,0.0956416926720024,0.319123758263134,0.0235453571015678,63.326640706166,1613.595590827052,391,162,229,416,25,0.04,0.3,0.000625,1.0,1e-08,1e+18,False,False,False,False,12,1.1,15.0,13.553574782770433,7.295979004317872,99.49062278615278,89.8969064077684,study_results/v4p2_followups_20260806/pseudo65/gp_window_ensemble_20260806/runs/window_3p0/draw_08/attempt_01/results_single.csv,1,1,1,1,single_attempt_outside_55_75MeV,False,,,,,,,window_3p0,8
2021,0.15,0.0035741875,0.141958078125,0.158041921875,477946931.2512179,1.64,0.1441383325,0.1558616675,0.011723335,0.0,1.0,8000,0.000125,True,5730.344276906875,2.59555179941795e-06,0.5,0.0,-271.9567212875691,3581.211661560509,True,tilde_q_mu,asymptotic,default,sidak_approx,observed,7.99**2 * RBF(length_scale=0.32),0.0259033086016125,0.3532269354765349,0.0956543063121079,0.3195474518127728,0.0235484623651023,63.76086422334289,1608.7565003642528,390,163,227,416,26,0.04,0.3,0.000625,1.0,1e-08,1e+18,False,False,False,False,12,1.1,15.0,13.569779922714892,7.247327847689178,98.82719792303423,89.40422174627739,study_results/v4p2_followups_20260806/pseudo65/gp_window_ensemble_20260806/runs/window_3p0/draw_08/attempt_01/results_single.csv,1,1,1,1,single_attempt_outside_55_75MeV,False,,,,,,,window_3p0,8
2021,0.151,0.003598660875,0.14290301303125,0.15909698696875,465470649.96646106,1.64,0.145098196165,0.156901803835,0.0118036076699999,0.0,1.0,8000,0.000125,True,5722.117525665931,2.6436712389582135e-06,0.5,0.0,-161.70958739733948,3537.2978625455908,True,tilde_q_mu,asymptotic,default,sidak_approx,observed,8.08**2 * RBF(length_scale=0.321),0.0259079011746969,0.3532895614731401,0.0956712655121596,0.320796201948909,0.0235526374315426,65.208227455297,1609.9586617131731,390,165,225,416,26,0.04,0.3,0.000625,1.0,1e-08,1e+18,False,False,False,False,12,1.1,15.0,13.62039401664993,7.199317211210392,98.17250742559624,89.1432155159408,study_results/v4p2_followups_20260806/pseudo65/gp_window_ensemble_20260806/runs/window_3p0/draw_08/attempt_01/results_single.csv,1,1,1,1,single_attempt_outside_55_75MeV,False,,,,,,,window_3p0,8
2021,0.152,0.003623306,0.1438475615,0.1601524385,453362715.5960102,1.64,0.1460577781599999,0.15794222184,0.01188444368,0.0,1.0,8000,0.000125,True,5431.138447962696,2.559301238544383e-06,0.5,0.0,-582.7571691150649,3501.7015933130265,True,tilde_q_mu,asymptotic,default,sidak_approx,observed,8.02**2 * RBF(length_scale=0.32),0.0259136472901786,0.3533679175933457,0.0956924844498192,0.3199745419579521,0.0235578611728897,64.25528490024976,1610.276301900238,390,166,224,416,26,0.04,0.3,0.000625,1.0,1e-08,1e+18,False,False,False,False,12,1.1,15.0,13.582495440043491,7.151934528902247,97.5263799395761,88.31010738754942,study_results/v4p2_followups_20260806/pseudo65/gp_window_ensemble_20260806/runs/window_3p0/draw_08/attempt_01/results_single.csv,1,1,1,1,single_attempt_outside_55_75MeV,False,,,,,,,window_3p0,8
2021,0.153,0.003648122875,0.14479172353125,0.16120827646875,441644549.5313737,1.64,0.147017078485,0.158982921515,0.0119658430299999,0.0,1.0,8000,0.000125,True,5461.258302372158,2.624510617996471e-06,0.5,0.0,-408.42742265745846,3463.380122166545,True,tilde_q_mu,asymptotic,default,sidak_approx,observed,8.05**2 * RBF(length_scale=0.32),0.0259205243112793,0.3534616951538094,0.0957178795332425,0.3204948019447706,0.0235641130102539,64.87993330014523,1609.403217366834,390,168,222,416,26,0.04,0.3,0.000625,1.0,1e-08,1e+18,False,False,False,False,12,1.1,15.0,13.600970331677956,7.105167561352867,96.88864856390272,87.85197563960085,study_results/v4p2_followups_20260806/pseudo65/gp_window_ensemble_20260806/runs/window_3p0/draw_08/attempt_01/results_single.csv,1,1,1,1,single_attempt_outside_55_75MeV,False,,,,,,,window_3p0,8
2021,0.154,0.0036731115,0.145735499125,0.162264500875,430164399.9517347,1.64,0.1479760971399999,0.16002390286,0.01204780572,0.0,1.0,8000,0.000125,True,5718.421231258739,2.803114763768411e-06,0.489559824628165,0.0261726265415066,89.22955889525447,3440.3062503407036,True,tilde_q_mu,asymptotic,default,sidak_approx,observed,8.09**2 * RBF(length_scale=0.321),0.0259285101857464,0.3535705934419964,0.0957473693290902,0.3208945472241044,0.023571372896133,65.4600998951781,1606.4118811155092,389,169,220,416,27,0.04,0.3,0.000625,1.0,1e-08,1e+18,False,False,False,False,12,1.1,15.0,13.61374021946543,7.0590043851776345,96.25915070696774,87.36313809806873,study_results/v4p2_followups_20260806/pseudo65/gp_window_ensemble_20260806/runs/window_3p0/draw_08/attempt_01/results_single.csv,1,1,1,1,single_attempt_outside_55_75MeV,False,,,,,,,window_3p0,8
2021,0.155,0.003698271875,0.14667888828125,0.16332111171875,419006242.6242384,1.64,0.148934834125,0.161065165875,0.01213033175,0.0,1.0,8000,0.000125,True,6041.912355648076,3.020940360838078e-06,0.4143944413837593,0.2162551297147184,732.810017354025,3390.9057261861512,True,tilde_q_mu,asymptotic,default,sidak_approx,observed,8.07**2 * RBF(length_scale=0.321),0.0259375834271065,0.3536943194605435,0.0957808744933012,0.3205091196847484,0.0235796212973695,65.05483141387616,1611.743928359296,390,171,219,416,26,0.04,0.3,0.000625,1.0,1e-08,1e+18,False,False,False,False,12,1.1,15.0,13.592632198910795,7.01343338288414,95.63772794842008,86.6645640228244,study_results/v4p2_followups_20260806/pseudo65/gp_window_ensemble_20260806/runs/window_3p0/draw_08/attempt_01/results_single.csv,1,1,1,1,single_attempt_outside_55_75MeV,False,,,,,,,window_3p0,8
2021,0.156,0.003723604,0.147621891,0.164378109,408018948.64312065,1.64,0.14989328944,0.16210671056,0.01221342112,0.0,1.0,8000,0.000125,True,6688.313487545947,3.4121774768296266e-06,0.3045480664437601,0.5113640932119622,1699.8803256144092,3370.934803512479,True,tilde_q_mu,asymptotic,default,sidak_approx,observed,8.07**2 * RBF(length_scale=0.321),0.0259477230966391,0.353832587681443,0.0958183177045254,0.3205712608040897,0.0235888391787628,65.11792209722202,1607.7385452102214,389,172,217,416,27,0.04,0.3,0.000625,1.0,1e-08,1e+18,False,False,False,False,12,1.1,15.0,13.589954909383648,6.968443233125529,95.0242259062572,86.0916630243414,study_results/v4p2_followups_20260806/pseudo65/gp_window_ensemble_20260806/runs/window_3p0/draw_08/attempt_01/results_single.csv,1,1,1,1,single_attempt_outside_55_75MeV,False,,,,,,,window_3p0,8
2021,0.157,0.003749107875,0.14856450728125,0.16543549271875,397354285.67265946,1.64,0.150851463085,0.163148536915,0.01229707383,0.0,1.0,8000,0.000125,True,7429.933558300807,3.867473070006699e-06,0.206435645809656,0.8188512411931904,2730.3580026917352,3334.6489430403662,True,tilde_q_mu,asymptotic,default,sidak_approx,observed,8.13**2 * RBF(length_scale=0.321),0.0259589087860322,0.3539851198095312,0.0958596236000764,0.3214636623098943,0.023599007987302,66.17702682334091,1606.449146000781,389,174,215,416,27,0.04,0.3,0.000625,1.0,1e-08,1e+18,False,False,False,False,12,1.1,15.0,13.621914212786589,6.924022901323501,94.41849410895684,85.74404179018038,study_results/v4p2_followups_20260806/pseudo65/gp_window_ensemble_20260806/runs/window_3p0/draw_08/attempt_01/results_single.csv,1,1,1,1,single_attempt_outside_55_75MeV,False,,,,,,,window_3p0,8
2021,0.158,0.0037747835,0.149506737125,0.166493262875,387039666.85970527,1.64,0.15180935506,0.16419064494,0.0123812898799999,0.0,1.0,8000,0.000125,True,7973.489345635459,4.234047990067813e-06,0.1481043667719647,1.0445981531394175,3448.0320765198376,3300.979646534656,True,tilde_q_mu,asymptotic,default,sidak_approx,observed,8.11**2 * RBF(length_scale=0.321),0.0259711206006934,0.3541516445549109,0.0959047187143026,0.3211151906444702,0.023610109636994,65.75393489340298,1606.4600550979223,389,175,214,416,27,0.04,0.3,0.000625,1.0,1e-08,1e+18,False,False,False,False,12,1.1,15.0,13.600749661124969,6.880161630645431,93.82038587243768,85.06850542407803,study_results/v4p2_followups_20260806/pseudo65/gp_window_ensemble_20260806/runs/window_3p0/draw_08/attempt_01/results_single.csv,1,1,1,1,single_attempt_outside_55_75MeV,False,,,,,,,window_3p0,8
2021,0.159,0.003800630875,0.15044858053125,0.16755141946875,376812670.72105056,1.64,0.152766965365,0.165233034635,0.0124660692699999,0.0,1.0,8000,0.000125,True,8434.193575909005,4.5713120055897e-06,0.1093250016805199,1.2301257911961003,4027.350474435803,3272.4539655830313,True,tilde_q_mu,asymptotic,default,sidak_approx,observed,8.05**2 * RBF(length_scale=0.32),0.0259843391436889,0.3543318974139398,0.0959535314192792,0.3202695515178248,0.0236221264942626,64.75333136604486,1606.1462570470082,389,177,212,416,27,0.04,0.3,0.000625,1.0,1e-08,1e+18,False,False,False,False,12,1.1,15.0,13.558032194756557,6.836848933320556,93.22975818164392,84.26747086240644,study_results/v4p2_followups_20260806/pseudo65/gp_window_ensemble_20260806/runs/window_3p0/draw_08/attempt_01/results_single.csv,1,1,1,1,single_attempt_outside_55_75MeV,False,,,,,,,window_3p0,8
2021,0.16,0.00382665,0.1513900375,0.1686099625,367005424.0565123,1.64,0.153724294,0.166275706,0.0125514119999999,0.0,1.0,8000,0.000125,True,8606.887520312619,4.7596342822297464e-06,0.0954895218100673,1.307688328671659,4254.070740650795,3252.818257647789,True,tilde_q_mu,asymptotic,default,sidak_approx,observed,8.07**2 * RBF(length_scale=0.321),0.0259985455002782,0.3545256204583391,0.0960059918676979,0.3206482922010036,0.0236350413638892,65.16352080894205,1601.4076205908066,388,178,210,416,28,0.04,0.3,0.000625,1.0,1e-08,1e+18,False,False,False,False,12,1.1,15.0,13.566648234891822,6.7940745822790705,92.64647157653278,83.79347267218158,study_results/v4p2_followups_20260806/pseudo65/gp_window_ensemble_20260806/runs/window_3p0/draw_08/attempt_01/results_single.csv,1,1,1,1,single_attempt_outside_55_75MeV,False,,,,,,,window_3p0,8
2021,0.161,0.003852840875,0.15233110803125,0.16966889196875,357410945.39902496,1.64,0.154681340965,0.167318659035,0.01263731807,0.0,1.0,8000,0.000125,True,8206.675386025468,4.631199109586899e-06,0.1131752086136403,1.209813623951144,3879.60234759438,3207.8223710901557,True,tilde_q_mu,asymptotic,default,sidak_approx,observed,8.04**2 * RBF(length_scale=0.32),0.0260137212230255,0.3547325621321662,0.0960620319378876,0.3202253998765711,0.0236488374754777,64.59776707875153,1606.66192926526,389,180,209,416,27,0.04,0.3,0.000625,1.0,1e-08,1e+18,False,False,False,False,12,1.1,15.0,13.540851646877922,6.751828603101996,92.07039004229992,83.11409950886465,study_results/v4p2_followups_20260806/pseudo65/gp_window_ensemble_20260806/runs/window_3p0/draw_08/attempt_01/results_single.csv,1,1,1,1,single_attempt_outside_55_75MeV,False,,,,,,,window_3p0,8
2021,0.162,0.0038792035,0.153271792125,0.170728207875,348034765.9525295,1.64,0.15563810626,0.16836189374,0.01272378748,0.0,1.0,8000,0.000125,True,7756.422905156168,4.4672860168913545e-06,0.1439416528051216,1.0627765295665337,3390.749240008474,3189.820260688995,True,tilde_q_mu,asymptotic,default,sidak_approx,observed,8.04**2 * RBF(length_scale=0.32),0.0260298483174566,0.3549524770562273,0.0961215851808485,0.320305398482537,0.0236634984704151,64.72013922061291,1601.9122666856397,388,181,207,416,28,0.04,0.3,0.000625,1.0,1e-08,1e+18,False,False,False,False,12,1.1,15.0,13.535842930536786,6.710101266266818,91.50138090363842,82.56988798925785,study_results/v4p2_followups_20260806/pseudo65/gp_window_ensemble_20260806/runs/window_3p0/draw_08/attempt_01/results_single.csv,1,1,1,1,single_attempt_outside_55_75MeV,False,,,,,,,window_3p0,8
2021,0.163,0.003905737875,0.15421208978125,0.17178791021875,338899709.6922806,1.64,0.156594589885,0.169405410115,0.01281082023,0.0,1.0,8000,0.000125,True,7065.274434756588,4.153269918331773e-06,0.2021940681607422,0.833809863376359,2625.676511782237,3158.0966469709338,True,tilde_q_mu,asymptotic,default,sidak_approx,observed,8.08**2 * RBF(length_scale=0.321),0.0260469092282431,0.3551851258396787,0.0961845867692335,0.3206706460063417,0.0236790083893119,65.23265164977983,1602.2040555767833,388,183,205,416,28,0.04,0.3,0.000625,1.0,1e-08,1e+18,False,False,False,False,12,1.1,15.0,13.542401807293755,6.668883079677514,90.93931472287518,82.10244933714138,study_results/v4p2_followups_20260806/pseudo65/gp_window_ensemble_20260806/runs/window_3p0/draw_08/attempt_01/results_single.csv,1,1,1,1,single_attempt_outside_55_75MeV,False,,,,,,,window_3p0,8
2021,0.164,0.003932444,0.155152001,0.172847999,329984866.4340829,1.64,0.15755079184,0.17044920816,0.0128984163199999,0.0,1.0,8000,0.000125,True,6227.806616724026,3.7369489891318664e-06,0.3096060352582761,0.4969673574730722,1571.655588563163,3140.2818139799247,True,tilde_q_mu,asymptotic,default,sidak_approx,observed,8.05**2 * RBF(length_scale=0.32),0.0260648868258862,0.3554302748984483,0.096250973448177,0.3203042357460368,0.0236953516598965,64.78864754272888,1597.330110607613,387,184,203,416,29,0.04,0.3,0.000625,1.0,1e-08,1e+18,False,False,False,False,12,1.1,15.0,13.517597896136692,6.6281647814657285,90.38406520180536,81.4516966410804,study_results/v4p2_followups_20260806/pseudo65/gp_window_ensemble_20260806/runs/window_3p0/draw_08/attempt_01/results_single.csv,1,1,1,1,single_attempt_outside_55_75MeV,False,,,,,,,window_3p0,8
2021,0.165,0.003959321875,0.15609152578125,0.17390847421875,321257494.71634173,1.64,0.158506712125,0.171493287875,0.01298657575,0.0,1.0,8000,0.000125,True,5520.835059615349,3.382108079824664e-06,0.4149864646163348,0.2147362873775272,665.639503443625,3096.1058264660765,True,tilde_q_mu,asymptotic,default,sidak_approx,observed,8.04**2 * RBF(length_scale=0.32),0.0260837643938859,0.3556876962802624,0.0963206834879114,0.3201079780019101,0.0237125130853508,64.5914110276321,1602.7423457506136,388,186,202,416,28,0.04,0.3,0.000625,1.0,1e-08,1e+18,False,False,False,False,12,1.1,15.0,13.499538275412366,6.587937333053001,89.83550908708638,80.84919289415187,study_results/v4p2_followups_20260806/pseudo65/gp_window_ensemble_20260806/runs/window_3p0/draw_08/attempt_01/results_single.csv,1,1,1,1,single_attempt_outside_55_75MeV,False,,,,,,,window_3p0,8
2021,0.166,0.0039863715,0.157030664125,0.174969335875,312800005.7109213,1.64,0.15946235074,0.17253764926,0.01307529852,0.0,1.0,8000,0.000125,True,223912.54272345733,0.0001400307785632,0.0003548548916121,3.3858004230236487,160237.39242657603,107758.71913446646,True,tilde_q_mu,asymptotic,default,sidak_approx,observed,3.08**2 * RBF(length_scale=0.032),0.0261035256163684,0.3559571674959338,0.09639365663808,0.0320359815985502,0.0237304778330622,9.48534103603412,892.4538744992317,387,187,200,416,29,0.04,0.3,0.000625,1.0,1e-08,1e+18,False,False,False,False,12,1.1,15.0,1.3499931111339205,6.548191912461868,89.29352607902545,8.03637633836943,study_results/v4p2_followups_20260806/pseudo65/gp_window_ensemble_20260806/runs/window_3p0/draw_08/attempt_01/results_single.csv,1,1,1,1,single_attempt_outside_55_75MeV,False,,,,,,,window_3p0,8
2021,0.167,0.004013592875,0.15796941603125,0.17603058396875,304614329.32244956,1.64,0.160417707685,0.173582292315,0.0131645846299999,0.0,1.0,8000,0.000125,True,4187.885486865051,2.673301362283436e-06,0.5,0.0,-1726.9582412543368,3041.204252771077,True,tilde_q_mu,asymptotic,default,sidak_approx,observed,8.15**2 * RBF(length_scale=0.322),0.0261241545661564,0.3562384713566791,0.0964698340836822,0.3217422537332758,0.0237492314237786,66.49644561265599,1603.6077043879084,387,189,198,416,29,0.04,0.3,0.000625,1.0,1e-08,1e+18,False,False,False,False,12,1.1,15.0,13.54748067388554,6.508919907865958,88.7579987436267,80.16315150880266,study_results/v4p2_followups_20260806/pseudo65/gp_window_ensemble_20260806/runs/window_3p0/draw_08/attempt_01/results_single.csv,1,1,1,1,single_attempt_outside_55_75MeV,False,,,,,,,window_3p0,8
2021,0.168,0.004040986,0.1589077815,0.1770922185,296547392.151297,1.64,0.16137278296,0.17462721704,0.0132544340799999,0.0,1.0,8000,0.000125,True,3848.8270505356368,2.5086780353569145e-06,0.5,0.0,-2624.127287712548,3007.269953571432,True,tilde_q_mu,asymptotic,default,sidak_approx,observed,8.16**2 * RBF(length_scale=0.322),0.0261456356932645,0.3565313958172433,0.0965491584025916,0.3218545618923752,0.0237687597211495,66.62743254506145,1603.751855648661,387,190,197,416,29,0.04,0.3,0.000625,1.0,1e-08,1e+18,False,False,False,False,12,1.1,15.0,13.541075162032437,6.470112911369777,88.22881242776968,79.64753203608605,study_results/v4p2_followups_20260806/pseudo65/gp_window_ensemble_20260806/runs/window_3p0/draw_08/attempt_01/results_single.csv,1,1,1,1,single_attempt_outside_55_75MeV,False,,,,,,,window_3p0,8
2021,0.169,0.004068550875,0.15984576053125,0.17815423946875,288615660.9608933,1.64,0.162327576565,0.175672423435,0.0133448468699999,0.0,1.0,8000,0.000125,True,3566.6736284524145,2.3745247184017333e-06,0.5,0.0,-3547.472738931295,2974.1917800388096,True,tilde_q_mu,asymptotic,default,sidak_approx,observed,8.22**2 * RBF(length_scale=0.323),0.026167953813799,0.356835733824532,0.0966315735245651,0.3225456942543364,0.0237890489216354,67.59419905942593,1604.5296095482302,387,192,195,416,29,0.04,0.3,0.000625,1.0,1e-08,1e+18,False,False,False,False,12,1.1,15.0,13.558578794673467,6.431762713007495,87.70585517737493,79.27778321177719,study_results/v4p2_followups_20260806/pseudo65/gp_window_ensemble_20260806/runs/window_3p0/draw_08/attempt_01/results_single.csv,1,1,1,1,single_attempt_outside_55_75MeV,False,,,,,,,window_3p0,8
2021,0.17,0.0040962875,0.160783353125,0.179216646875,280901072.63455325,1.64,0.1632820885,0.1767179115,0.013435823,0.0,1.0,8000,0.000125,True,3452.8992043186695,2.3480184431644793e-06,0.5,0.0,-3951.049419478454,2955.7848821576795,True,tilde_q_mu,asymptotic,default,sidak_approx,observed,8.15**2 * RBF(length_scale=0.322),0.026191094099248,0.3571512831715639,0.0967170246916933,0.3217431027272306,0.0238100855447709,66.48830723889928,1601.0394321295644,386,193,193,416,30,0.04,0.3,0.000625,1.0,1e-08,1e+18,False,False,False,False,12,1.1,15.0,13.5128915065108,6.39386129495257,87.18901765844413,78.54504907852065,study_results/v4p2_followups_20260806/pseudo65/gp_window_ensemble_20260806/runs/window_3p0/draw_08/attempt_01/results_single.csv,1,1,1,1,single_attempt_outside_55_75MeV,False,,,,,,,window_3p0,8
2021,0.171,0.004124195875,0.16172055928125,0.18027944071875,273501986.67337126,1.64,0.164236318765,0.177763681235,0.01352736247,0.0,1.0,8000,0.000125,True,3325.8282680574766,2.3092084957873746e-06,0.5,0.0,-4277.087724228855,2912.2584897863726,True,tilde_q_mu,asymptotic,default,sidak_approx,observed,8.14**2 * RBF(length_scale=0.322),0.0262150420661463,0.3574778463565409,0.0968054584202363,0.3215221331941681,0.0238318564237693,66.18381177437476,1606.6210615033694,387,195,192,416,29,0.04,0.3,0.000625,1.0,1e-08,1e+18,False,False,False,False,12,1.1,15.0,13.491275185490323,6.356400825929815,86.67819308086109,77.95995702899735,study_results/v4p2_followups_20260806/pseudo65/gp_window_ensemble_20260806/runs/window_3p0/draw_08/attempt_01/results_single.csv,1,1,1,1,single_attempt_outside_55_75MeV,False,,,,,,,window_3p0,8
2021,0.172,0.004152276,0.162657379,0.1813426209999999,266350991.61926585,1.64,0.1651902673599999,0.17880973264,0.01361946528,0.0,1.0,8000,0.000125,True,3190.632734257938,2.2615905129056196e-06,0.5,0.0,-4872.950968880111,2891.3894255579894,True,tilde_q_mu,asymptotic,default,sidak_approx,observed,8.18**2 * RBF(length_scale=0.322),0.0262397835660971,0.3578152304467796,0.0968968224637768,0.3220237431506438,0.0238543486964519,66.85068662827962,1602.5767036689626,386,196,190,416,30,0.04,0.3,0.000625,1.0,1e-08,1e+18,False,False,False,False,12,1.1,15.0,13.499582287842578,6.31937365582085,86.17327712482977,77.55354970398014,study_results/v4p2_followups_20260806/pseudo65/gp_window_ensemble_20260806/runs/window_3p0/draw_08/attempt_01/results_single.csv,1,1,1,1,single_attempt_outside_55_75MeV,False,,,,,,,window_3p0,8
2021,0.173,0.004180527875,0.1635938122812499,0.18240618771875,259386988.21142492,1.64,0.166143934285,0.1798560657149999,0.0137121314299999,0.0,1.0,8000,0.000125,True,3157.083465984757,2.2846080156157977e-06,0.5,0.0,-4830.467692121003,2862.195892011191,True,tilde_q_mu,asymptotic,default,sidak_approx,observed,8.16**2 * RBF(length_scale=0.322),0.0262653047761392,0.3581632469473539,0.0969910657776472,0.3218062356611602,0.0238775497964902,66.56075141314179,1603.5235583328054,386,198,188,416,30,0.04,0.3,0.000625,1.0,1e-08,1e+18,False,False,False,False,12,1.1,15.0,13.477355859538912,6.282772310455958,85.67416786985397,76.97741655679312,study_results/v4p2_followups_20260806/pseudo65/gp_window_ensemble_20260806/runs/window_3p0/draw_08/attempt_01/results_single.csv,1,1,1,1,single_attempt_outside_55_75MeV,False,,,,,,,window_3p0,8
2021,0.174,0.0042089515,0.1645298591249999,0.183470140875,252502277.02987137,1.64,0.1670973195399999,0.18090268046,0.01380536092,0.0,1.0,8000,0.000125,True,3244.703109351166,2.398172065255013e-06,0.5,0.0,-4201.02800972007,2845.400769518233,True,tilde_q_mu,asymptotic,default,sidak_approx,observed,8.08**2 * RBF(length_scale=0.321),0.0262915921894454,0.3585217116742556,0.0970881384845824,0.3207903733990209,0.0239014474449503,65.21252490464411,1598.968617286468,385,199,186,416,31,0.04,0.3,0.000625,1.0,1e-08,1e+18,False,False,False,False,12,1.1,15.0,13.4213785226967,6.246589486584821,85.18076572615664,76.2162199775932,study_results/v4p2_followups_20260806/pseudo65/gp_window_ensemble_20260806/runs/window_3p0/draw_08/attempt_01/results_single.csv,1,1,1,1,single_attempt_outside_55_75MeV,False,,,,,,,window_3p0,8
2021,0.175,0.0042375468749999,0.16546551953125,0.1845344804687499,245918579.9416027,1.64,0.168050423125,0.181949576875,0.01389915375,0.0,1.0,8000,0.000125,True,3384.132048810361,2.5535115812606763e-06,0.5,0.0,-3260.506829211554,2806.495844068654,True,tilde_q_mu,asymptotic,default,sidak_approx,observed,8.02**2 * RBF(length_scale=0.32),0.0263186326063351,0.358890444631843,0.0971879918415323,0.3200901807953545,0.0239260296421228,64.3506581701641,1604.5350049244307,386,201,185,416,30,0.04,0.3,0.000625,1.0,1e-08,1e+18,False,False,False,False,12,1.1,15.0,13.378324175935198,6.210818047018103,84.69297336842865,75.536670209779,study_results/v4p2_followups_20260806/pseudo65/gp_window_ensemble_20260806/runs/window_3p0/draw_08/attempt_01/results_single.csv,1,1,1,1,single_attempt_outside_55_75MeV,False,,,,,,,window_3p0,8
2021,0.176,0.004266314,0.1664007934999999,0.1855992065,239463041.25493088,1.64,0.16900324504,0.1829967549599999,0.0139935099199999,0.0,1.0,8000,0.000125,True,3558.6144884593086,2.7418879501410226e-06,0.5,0.0,-2457.5541689069105,2786.7767587084936,True,tilde_q_mu,asymptotic,default,sidak_approx,observed,8.07**2 * RBF(length_scale=0.321),0.0263464131255956,0.3592692698944855,0.0972905782076107,0.3206703330826938,0.0239512846596323,65.06276613244076,1600.8048429423488,385,202,183,416,31,0.04,0.3,0.000625,1.0,1e-08,1e+18,False,False,False,False,12,1.1,15.0,13.388439811880048,6.175451015934506,84.21069567183416,75.16332203459328,study_results/v4p2_followups_20260806/pseudo65/gp_window_ensemble_20260806/runs/window_3p0/draw_08/attempt_01/results_single.csv,1,1,1,1,single_attempt_outside_55_75MeV,False,,,,,,,window_3p0,8
2021,0.177,0.004295252875,0.16733568103125,0.18666431896875,233151670.99112496,1.64,0.169955785285,0.184044214715,0.0140884294299999,0.0,1.0,8000,0.000125,True,3947.048308438459,3.105850628602333e-06,0.5,0.0,-1181.5679077790412,2759.2760864545535,True,tilde_q_mu,asymptotic,default,sidak_approx,observed,8.06**2 * RBF(length_scale=0.321),0.026374921136093,0.359658015492178,0.0973958510131203,0.3205671944297532,0.0239772010328118,64.93232115030563,1601.1730187160542,385,204,181,416,31,0.04,0.3,0.000625,1.0,1e-08,1e+18,False,False,False,False,12,1.1,15.0,13.369667042915871,6.140481574345738,83.73383965016914,74.63290375651125,study_results/v4p2_followups_20260806/pseudo65/gp_window_ensemble_20260806/runs/window_3p0/draw_08/attempt_01/results_single.csv,1,1,1,1,single_attempt_outside_55_75MeV,False,,,,,,,window_3p0,8
2021,0.178,0.0043243635,0.168270182125,0.1877298178749999,227019370.79188985,1.64,0.17090804386,0.1850919561399999,0.0141839122799999,0.0,1.0,8000,0.000125,True,4676.120662369,3.7577052646549272e-06,0.459854437624414,0.1008004429010848,292.16309521971596,2731.3544090813803,True,tilde_q_mu,asymptotic,default,sidak_approx,observed,8.02**2 * RBF(length_scale=0.32),0.0264041443086661,0.3600565132999933,0.0975037647296154,0.3200593870405739,0.0240037675533328,64.31332045085934,1600.9234243131227,385,205,180,416,31,0.04,0.3,0.000625,1.0,1e-08,1e+18,False,False,False,False,12,1.1,15.0,13.333714648312952,6.105903055713559,83.26231439609397,74.01306274104245,study_results/v4p2_followups_20260806/pseudo65/gp_window_ensemble_20260806/runs/window_3p0/draw_08/attempt_01/results_single.csv,1,1,1,1,single_attempt_outside_55_75MeV,False,,,,,,,window_3p0,8
2021,0.179,0.004353645875,0.1692042967812499,0.18879570321875,220993245.42708975,1.64,0.1718600207649999,0.186139979235,0.01427995847,0.0,1.0,8000,0.000125,True,5469.875804995465,4.490196602192636e-06,0.2898955837762903,0.5536897847005416,1498.4656047905482,2705.73788705781,True,tilde_q_mu,asymptotic,default,sidak_approx,observed,8.01**2 * RBF(length_scale=0.32),0.0264340705882899,0.3604645989312272,0.0976142748409662,0.3199620784930341,0.0240309732620818,64.20874264376077,1601.4756093391247,385,207,178,416,31,0.04,0.3,0.000625,1.0,1e-08,1e+18,False,False,False,False,12,1.1,15.0,13.314570117636412,6.0717089417131325,82.79603102336088,73.49290403483587,study_results/v4p2_followups_20260806/pseudo65/gp_window_ensemble_20260806/runs/window_3p0/draw_08/attempt_01/results_single.csv,1,1,1,1,single_attempt_outside_55_75MeV,False,,,,,,,window_3p0,8
2021,0.18,0.0043831,0.170138025,0.189861975,215155115.9948604,1.64,0.172811716,0.1871882839999999,0.0143765679999999,0.0,1.0,8000,0.000125,True,6292.988280255271,5.2765816476468905e-06,0.1699315421738721,0.95443581511635,2567.9432331369812,2689.659526947722,True,tilde_q_mu,asymptotic,default,sidak_approx,observed,8.01**2 * RBF(length_scale=0.32),0.0264646881865,0.360882111634091,0.0977273378153825,0.3199471327424886,0.0240588074422727,64.18338471282148,1597.8809956996895,384,208,176,416,32,0.04,0.3,0.000625,1.0,1e-08,1e+18,False,False,False,False,12,1.1,15.0,13.298544971947477,6.037892858136936,82.33490261095821,72.99562700884957,study_results/v4p2_followups_20260806/pseudo65/gp_window_ensemble_20260806/runs/window_3p0/draw_08/attempt_01/results_single.csv,1,1,1,1,single_attempt_outside_55_75MeV,False,,,,,,,window_3p0,8
2021,0.181,0.004412725875,0.1710713667812499,0.19092863321875,209423665.4643851,1.64,0.173763129565,0.1882368704349999,0.0144737408699999,0.0,1.0,8000,0.000125,True,6976.588226355824,5.976661801077633e-06,0.0986534875855094,1.289262120367261,3423.3695052260687,2654.363940697673,True,tilde_q_mu,asymptotic,default,sidak_approx,observed,7.98**2 * RBF(length_scale=0.319),0.0264959855740647,0.3613088941917919,0.0978429110783556,0.3194952946516939,0.0240872596127861,63.64436623224681,1603.17859997818,385,210,175,416,31,0.04,0.3,0.000625,1.0,1e-08,1e+18,False,False,False,False,12,1.1,15.0,13.264078180238393,6.004448570933435,81.87884414909227,72.40315934007431,study_results/v4p2_followups_20260806/pseudo65/gp_window_ensemble_20260806/runs/window_3p0/draw_08/attempt_01/results_single.csv,1,1,1,1,single_attempt_outside_55_75MeV,False,,,,,,,window_3p0,8
2021,0.182,0.0044425235,0.172004322125,0.191995677875,203890389.41582435,1.64,0.17471426146,0.18928573854,0.01457147708,0.0,1.0,8000,0.000125,True,7155.046897804916,6.261296404667499e-06,0.0839523206615291,1.3789679321671158,3642.541981625945,2639.169346617465,True,tilde_q_mu,asymptotic,default,sidak_approx,observed,8.01**2 * RBF(length_scale=0.32),0.0265279514739,0.3617447928259099,0.0979609529864923,0.3199362226109306,0.0241163195217273,64.166681610805,1598.7659080569097,384,211,173,416,32,0.04,0.3,0.000625,1.0,1e-08,1e+18,False,False,False,False,12,1.1,15.0,13.266378492069972,5.971369982376021,81.42777248694574,72.01677663853226,study_results/v4p2_followups_20260806/pseudo65/gp_window_ensemble_20260806/runs/window_3p0/draw_08/attempt_01/results_single.csv,1,1,1,1,single_attempt_outside_55_75MeV,False,,,,,,,window_3p0,8
2021,0.183,0.004472492875,0.1729368910312499,0.19306310896875,198621214.40460417,1.64,0.1756651116849999,0.190334888315,0.01466977663,0.0,1.0,8000,0.000125,True,6984.994763926183,6.240354825647229e-06,0.0913555202959313,1.3324540214049312,3489.0950007231663,2615.6561097411427,True,tilde_q_mu,asymptotic,default,sidak_approx,observed,8.03**2 * RBF(length_scale=0.32),0.0265605748542153,0.3621896571029359,0.098081422802206,0.320189883754689,0.0241459771401957,64.46233471979998,1599.514450938253,384,213,171,416,32,0.04,0.3,0.000625,1.0,1e-08,1e+18,False,False,False,False,12,1.1,15.0,13.260589202731827,5.938651127357089,80.98160628214212,71.59092092565693,study_results/v4p2_followups_20260806/pseudo65/gp_window_ensemble_20260806/runs/window_3p0/draw_08/attempt_01/results_single.csv,1,1,1,1,single_attempt_outside_55_75MeV,False,,,,,,,window_3p0,8
2021,0.184,0.004502634,0.1738690735,0.1941309265,193360941.65798712,1.64,0.17661568024,0.19138431976,0.01476863952,0.0,1.0,8000,0.000125,True,6478.4805243240535,5.9129812815005e-06,0.1291602915670737,1.1303694459314055,2941.569834920336,2601.1488519013205,True,tilde_q_mu,asymptotic,default,sidak_approx,observed,8.05**2 * RBF(length_scale=0.32),0.026593844921878,0.3626433398437911,0.0982042806692136,0.3204507209873591,0.0241762226562527,64.80859644201468,1597.8373663438747,383,214,169,416,33,0.04,0.3,0.000625,1.0,1e-08,1e+18,False,False,False,False,12,1.1,15.0,13.254788622013306,5.906286169801502,80.54026595183866,71.16961338349046,study_results/v4p2_followups_20260806/pseudo65/gp_window_ensemble_20260806/runs/window_3p0/draw_08/attempt_01/results_single.csv,1,1,1,1,single_attempt_outside_55_75MeV,False,,,,,,,window_3p0,8
2021,0.185,0.004532946875,0.1748008695312499,0.19519913046875,188216407.4390779,1.64,0.177565967125,0.192434032875,0.0148680657499999,0.0,1.0,8000,0.000125,True,5937.7814967867125,5.537515133017836e-06,0.1783389995637077,0.9217135724473392,2364.2468543902874,2568.5095345557183,True,tilde_q_mu,asymptotic,default,sidak_approx,observed,8.01**2 * RBF(length_scale=0.32),0.0266277511159985,0.3631056970363433,0.0983294875888454,0.3198822536793146,0.0242070464690895,64.10867161097735,1601.0040534503369,384,216,168,416,32,0.04,0.3,0.000625,1.0,1e-08,1e+18,False,False,False,False,12,1.1,15.0,13.21442721596699,5.874269399197075,80.10367362541467,70.56827765697446,study_results/v4p2_followups_20260806/pseudo65/gp_window_ensemble_20260806/runs/window_3p0/draw_08/attempt_01/results_single.csv,1,1,1,1,single_attempt_outside_55_75MeV,False,,,,,,,window_3p0,8
2021,0.186,0.0045634315,0.175732279125,0.196267720875,183203373.0638776,1.64,0.17851597234,0.19348402766,0.01496805532,0.0,1.0,8000,0.000125,True,5199.121040968773,4.9545411609793945e-06,0.284848628051877,0.5684974214366185,1453.2652886433095,2557.159329968148,True,tilde_q_mu,asymptotic,default,sidak_approx,observed,7.93**2 * RBF(length_scale=0.319),0.0266622831017154,0.3635765877506647,0.0984570053970965,0.3187809610010196,0.0242384391833776,62.86615649989012,1594.9381184040017,383,217,166,416,33,0.04,0.3,0.000625,1.0,1e-08,1e+18,False,False,False,False,12,1.1,15.0,13.15187659524029,5.84259522723534,79.67175309866373,69.8555376586719,study_results/v4p2_followups_20260806/pseudo65/gp_window_ensemble_20260806/runs/window_3p0/draw_08/attempt_01/results_single.csv,1,1,1,1,single_attempt_outside_55_75MeV,False,,,,,,,window_3p0,8
2021,0.187,0.004594087875,0.17666330228125,0.19733669771875,178278504.14348978,1.64,0.179465695885,0.194534304115,0.01506860823,0.0,1.0,8000,0.000125,True,4457.5993155504175,4.341905451630408e-06,0.4291073398654026,0.1786472644878334,452.7875097896239,2534.899655269274,True,tilde_q_mu,asymptotic,default,sidak_approx,observed,7.9**2 * RBF(length_scale=0.318),0.0266974307641825,0.3640558740570343,0.0985867967424219,0.3184278380423317,0.0242703916038022,62.47030144596603,1595.123223262307,383,219,164,416,33,0.04,0.3,0.000625,1.0,1e-08,1e+18,False,False,False,False,12,1.1,15.0,13.120012368998848,5.811258184560199,79.24442978945724,69.31252660079598,study_results/v4p2_followups_20260806/pseudo65/gp_window_ensemble_20260806/runs/window_3p0/draw_08/attempt_01/results_single.csv,1,1,1,1,single_attempt_outside_55_75MeV,False,,,,,,,window_3p0,8
2021,0.188,0.004624916,0.177593939,0.198406061,173567784.67781383,1.64,0.18041513776,0.19558486224,0.0151697244799999,0.0,1.0,8000,0.000125,True,3850.593399963251,3.8319568892391e-06,0.5,0.0,-498.0287893645147,2509.3313653553155,True,tilde_q_mu,asymptotic,default,sidak_approx,observed,7.91**2 * RBF(length_scale=0.319),0.0267331842027451,0.3645434209465248,0.0987188250642313,0.3185075430747696,0.0243028947297683,62.53906102207055,1595.69100073268,383,220,163,416,33,0.04,0.3,0.000625,1.0,1e-08,1e+18,False,False,False,False,12,1.1,15.0,13.105745081660318,5.78025291761951,78.8216306948115,68.86774658713145,study_results/v4p2_followups_20260806/pseudo65/gp_window_ensemble_20260806/runs/window_3p0/draw_08/attempt_01/results_single.csv,1,1,1,1,single_attempt_outside_55_75MeV,False,,,,,,,window_3p0,8
2021,0.189,0.004655915875,0.17852418928125,0.19947581071875,168874228.16818193,1.64,0.181364297965,0.196635702035,0.0152714040699999,0.0,1.0,8000,0.000125,True,3493.2728068246715,3.5540803654532797e-06,0.4999513009912829,0.0001220703125,-1221.812535563875,2485.4353966071167,True,tilde_q_mu,asymptotic,default,sidak_approx,observed,7.94**2 * RBF(length_scale=0.319),0.0267695337253012,0.3650390962541072,0.0988530545720656,0.3189781860880742,0.0243359397502738,63.067201677988336,1596.960468725325,383,222,161,416,33,0.04,0.3,0.000625,1.0,1e-08,1e+18,False,False,False,False,12,1.1,15.0,13.107288617629212,5.749574185616315,78.40328434931338,68.51029843576679,study_results/v4p2_followups_20260806/pseudo65/gp_window_ensemble_20260806/runs/window_3p0/draw_08/attempt_01/results_single.csv,1,1,1,1,single_attempt_outside_55_75MeV,False,,,,,,,window_3p0,8
2021,0.19,0.0046870875,0.179454053125,0.200545946875,164378838.92039412,1.64,0.1823131765,0.1976868235,0.0153736469999999,0.0,1.0,8000,0.000125,True,3321.3117140650975,3.453266136028298e-06,0.5,0.0,-1628.8614668837104,2468.5917202472233,True,tilde_q_mu,asymptotic,default,sidak_approx,observed,8.01**2 * RBF(length_scale=0.32),0.0268064698428396,0.3655427705841774,0.0989894502254296,0.3198543374141037,0.0243695180389451,64.13414707790747,1593.6303186813002,382,223,159,416,34,0.04,0.3,0.000625,1.0,1e-08,1e+18,False,False,False,False,12,1.1,15.0,13.125181093156682,5.719216857555929,77.98932078485358,68.24159724223277,study_results/v4p2_followups_20260806/pseudo65/gp_window_ensemble_20260806/runs/window_3p0/draw_08/attempt_01/results_single.csv,1,1,1,1,single_attempt_outside_55_75MeV,False,,,,,,,window_3p0,8
2021,0.191,0.004718430875,0.18038353053125,0.20161646946875,160024504.07567304,1.64,0.183261773365,0.198738226635,0.01547645327,0.0,1.0,8000,0.000125,True,3141.135219252059,3.3372342884692248e-06,0.5,0.0,-2101.681535122726,2447.086659251109,True,tilde_q_mu,asymptotic,default,sidak_approx,observed,7.95**2 * RBF(length_scale=0.319),0.026843983264149,0.3660543172383967,0.099127977714251,0.319039426359535,0.0244036211492264,63.15883468978788,1594.925724876793,382,225,157,416,34,0.04,0.3,0.000625,1.0,1e-08,1e+18,False,False,False,False,12,1.1,15.0,13.07344612541848,5.68917590938515,77.57967149161568,67.61557704488678,study_results/v4p2_followups_20260806/pseudo65/gp_window_ensemble_20260806/runs/window_3p0/draw_08/attempt_01/results_single.csv,1,1,1,1,single_attempt_outside_55_75MeV,False,,,,,,,window_3p0,8
2021,0.192,0.004749946,0.1813126215,0.2026873785,155718995.1526329,1.64,0.18421008856,0.19978991144,0.0155798228799999,0.0,1.0,8000,0.000125,True,3042.5208561260515,3.304537348617847e-06,0.5,0.0,-2317.7592899181836,2421.4317520504633,True,tilde_q_mu,asymptotic,default,sidak_approx,observed,7.96**2 * RBF(length_scale=0.319),0.0268820648906906,0.3665736121457819,0.0992686034399486,0.319138893506564,0.0244382408097187,63.295706466776075,1594.3595032702397,382,226,156,416,34,0.04,0.3,0.000625,1.0,1e-08,1e+18,False,False,False,False,12,1.1,15.0,13.058996185177383,5.659446421220509,77.17426938027965,67.18789929539493,study_results/v4p2_followups_20260806/pseudo65/gp_window_ensemble_20260806/runs/window_3p0/draw_08/attempt_01/results_single.csv,1,1,1,1,single_attempt_outside_55_75MeV,False,,,,,,,window_3p0,8
2021,0.193,0.004781632875,0.18224132603125,0.20375867396875,151601184.85939226,1.64,0.185158122085,0.200841877915,0.0156837558299999,0.0,1.0,8000,0.000125,True,3041.75814246936,3.375862090987441e-06,0.5,0.0,-2183.5789769155426,2396.7391899654517,True,tilde_q_mu,asymptotic,default,sidak_approx,observed,7.98**2 * RBF(length_scale=0.319),0.0269207058116312,0.3671005337949717,0.0994112944970904,0.319446797763584,0.0244733689196647,63.682097074914026,1594.2436268344263,382,228,154,416,34,0.04,0.3,0.000625,1.0,1e-08,1e+18,False,False,False,False,12,1.1,15.0,13.05283301257731,5.630023574662507,76.77304874539782,66.80705234267572,study_results/v4p2_followups_20260806/pseudo65/gp_window_ensemble_20260806/runs/window_3p0/draw_08/attempt_01/results_single.csv,1,1,1,1,single_attempt_outside_55_75MeV,False,,,,,,,window_3p0,8
2021,0.194,0.0048134915,0.183169644125,0.204830355875,147523768.56605715,1.64,0.18610587394,0.20189412606,0.01578825212,0.0,1.0,8000,0.000125,True,3053.891815981884,3.4650526836437404e-06,0.5,0.0,-2059.4330166097843,2382.261908340099,True,tilde_q_mu,asymptotic,default,sidak_approx,observed,7.94**2 * RBF(length_scale=0.319),0.0269598972990275,0.3676349631685571,0.0995560186556095,0.3188422504245409,0.0245089975445704,63.044589871209126,1590.3957682061096,381,229,152,416,35,0.04,0.3,0.000625,1.0,1e-08,1e+18,False,False,False,False,12,1.1,15.0,13.009191822093705,5.600902650192177,76.37594522989332,66.23928813929365,study_results/v4p2_followups_20260806/pseudo65/gp_window_ensemble_20260806/runs/window_3p0/draw_08/attempt_01/results_single.csv,1,1,1,1,single_attempt_outside_55_75MeV,False,,,,,,,window_3p0,8
2021,0.195,0.004845521875,0.18409757578125,0.20590242421875,143578408.5209931,1.64,0.187053344125,0.202946655875,0.0158933117499999,0.0,1.0,8000,0.000125,True,3075.6569651588093,3.5672543117347144e-06,0.5,0.0,-1815.1985953802432,2348.8549814026965,True,tilde_q_mu,asymptotic,default,sidak_approx,observed,7.92**2 * RBF(length_scale=0.318),0.0269996308031587,0.368176783679438,0.09970274434357,0.3184931626585023,0.0245451189119625,62.74864784391628,1594.4356179595948,382,231,151,416,34,0.04,0.3,0.000625,1.0,1e-08,1e+18,False,False,False,False,12,1.1,15.0,12.975824798440009,5.572079024647637,75.9828957906496,65.72938289717293,study_results/v4p2_followups_20260806/pseudo65/gp_window_ensemble_20260806/runs/window_3p0/draw_08/attempt_01/results_single.csv,1,1,1,1,single_attempt_outside_55_75MeV,False,,,,,,,window_3p0,8
2021,0.196,0.004877724,0.185025121,0.206974879,139755894.5302579,1.64,0.18800053264,0.20399946736,0.01599893472,0.0,1.0,8000,0.000125,True,3218.1677353384375,3.815068961911534e-06,0.4999655646006563,8.631674575031098e-05,-1306.3433269906186,2331.5759830327347,True,tilde_q_mu,asymptotic,default,sidak_approx,observed,7.94**2 * RBF(length_scale=0.319),0.0270398979480013,0.3687258811091098,0.0998514406304547,0.3187157513417401,0.0245817254072739,62.97180181018607,1590.0470726737844,381,232,149,416,35,0.04,0.3,0.000625,1.0,1e-08,1e+18,False,False,False,False,12,1.1,15.0,12.96555656941106,5.543548168777362,75.59383866514584,65.34107943412543,study_results/v4p2_followups_20260806/pseudo65/gp_window_ensemble_20260806/runs/window_3p0/draw_08/attempt_01/results_single.csv,1,1,1,1,single_attempt_outside_55_75MeV,False,,,,,,,window_3p0,8
2021,0.197,0.004910097875,0.18595227978125,0.20804772021875,136004179.86803293,1.64,0.188947439485,0.205052560515,0.01610512103,0.0,1.0,8000,0.000125,True,3365.797010431451,4.079334894273388e-06,0.5,0.0,-829.0726531844434,2305.6549087535764,True,tilde_q_mu,asymptotic,default,sidak_approx,observed,7.96**2 * RBF(length_scale=0.319),0.0270806905268411,0.3692821435478344,0.1000020772109632,0.319047734259159,0.0246188095698556,63.29167995597312,1589.502372716337,381,234,147,416,35,0.04,0.3,0.000625,1.0,1e-08,1e+18,False,False,False,False,12,1.1,15.0,12.95951103378351,5.51530564486786,75.20871333910718,64.97787669032137,study_results/v4p2_followups_20260806/pseudo65/gp_window_ensemble_20260806/runs/window_3p0/draw_08/attempt_01/results_single.csv,1,1,1,1,single_attempt_outside_55_75MeV,False,,,,,,,window_3p0,8
2021,0.198,0.0049426435,0.186879052125,0.209120947875,132354320.73115931,1.64,0.18989406466,0.20610593534,0.01621187068,0.0,1.0,8000,0.000125,True,3589.1254859028822,4.447390366954039e-06,0.5,0.0,-300.61173977109877,2286.5204755713694,True,tilde_q_mu,asymptotic,default,sidak_approx,observed,8.01**2 * RBF(length_scale=0.32),0.0271220004980165,0.3698454613365898,0.1001546243892919,0.3198025510685605,0.0246563640891059,64.1385256844335,1586.1244986765068,380,235,145,416,36,0.04,0.3,0.000625,1.0,1e-08,1e+18,False,False,False,False,12,1.1,15.0,12.970385654300914,5.487347104442508,74.82746051512511,64.70273469420978,study_results/v4p2_followups_20260806/pseudo65/gp_window_ensemble_20260806/runs/window_3p0/draw_08/attempt_01/results_single.csv,1,1,1,1,single_attempt_outside_55_75MeV,False,,,,,,,window_3p0,8
2021,0.199,0.004975360875,0.18780543803125,0.21019456196875,128788002.15036236,1.64,0.190840408165,0.207159591835,0.01631918367,0.0,1.0,8000,0.000125,True,3892.490020940924,4.931953205279848e-06,0.4502487649458378,0.1250328676404664,282.11303535048853,2258.199118139825,True,tilde_q_mu,asymptotic,default,sidak_approx,observed,8.07**2 * RBF(length_scale=0.321),0.0271638199807916,0.3704157270107955,0.100309053063895,0.3206223030716701,0.0246943818007197,65.14705252886033,1589.0696011160885,380,236,144,416,36,0.04,0.3,0.000625,1.0,1e-08,1e+18,False,False,False,False,12,1.1,15.0,12.983613263091518,5.459668286029939,74.45002208222643,64.44201960961676,study_results/v4p2_followups_20260806/pseudo65/gp_window_ensemble_20260806/runs/window_3p0/draw_08/attempt_01/results_single.csv,1,1,1,1,single_attempt_outside_55_75MeV,False,,,,,,,window_3p0,8
2021,0.2,0.00500825,0.1887314375,0.2112685625,125353032.55969112,1.64,0.19178647,0.20821353,0.0164270599999999,0.0,1.0,8000,0.000125,True,4027.179113175427,5.216221528180377e-06,0.4041430097864371,0.2426377694583839,542.4783895230503,2235.9336913627108,True,tilde_q_mu,asymptotic,default,sidak_approx,observed,8.05**2 * RBF(length_scale=0.32),0.027206141251351,0.3709928352456959,0.1004653347126938,0.3204193693956214,0.0247328556830463,64.87575149447592,1589.9990071590569,380,238,142,416,36,0.04,0.3,0.000625,1.0,1e-08,1e+18,False,False,False,False,12,1.1,15.0,12.955211217896643,5.432265012998759,74.0763410863467,63.97830966817179,study_results/v4p2_followups_20260806/pseudo65/gp_window_ensemble_20260806/runs/window_3p0/draw_08/attempt_01/results_single.csv,1,1,1,1,single_attempt_outside_55_75MeV,False,,,,,,,window_3p0,8
2021,0.201,0.005041310875,0.18965705053125,0.21234294946875,122019355.53382406,1.64,0.192732250165,0.209267749835,0.01653549967,0.0,1.0,8000,0.000125,True,4192.071834792048,5.550394521436998e-06,0.3557572759685284,0.3698227649919027,820.6759505826047,2219.7004458063684,True,tilde_q_mu,asymptotic,default,sidak_approx,observed,8.06**2 * RBF(length_scale=0.321),0.027248956738914,0.3715766828033728,0.1006234413787278,0.3205364524176083,0.0247717788535581,65.01669566128146,1586.124219906335,379,239,140,416,37,0.04,0.3,0.000625,1.0,1e-08,1e+18,False,False,False,False,12,1.1,15.0,12.939581542064625,5.405133191456678,73.70636170168197,63.58196516052152,study_results/v4p2_followups_20260806/pseudo65/gp_window_ensemble_20260806/runs/window_3p0/draw_08/attempt_01/results_single.csv,1,1,1,1,single_attempt_outside_55_75MeV,False,,,,,,,window_3p0,8
2021,0.202,0.0050745435,0.190582277125,0.213417722875,118808713.66471364,1.64,0.19367774866,0.21032225134,0.01664450268,0.0,1.0,8000,0.000125,True,4199.185453109987,5.68179177893217e-06,0.3411952986587562,0.4092031303736992,896.1040626220534,2191.0516687013396,True,tilde_q_mu,asymptotic,default,sidak_approx,observed,8.01**2 * RBF(length_scale=0.32),0.0272922590219629,0.3721671684813132,0.100783345656227,0.3197603014076908,0.0248111445654208,64.08167757939765,1590.5963944251985,380,241,139,416,36,0.04,0.3,0.000625,1.0,1e-08,1e+18,False,False,False,False,12,1.1,15.0,12.88776906541178,5.37826880821161,73.34002920288559,63.01262397448969,study_results/v4p2_followups_20260806/pseudo65/gp_window_ensemble_20260806/runs/window_3p0/draw_08/attempt_01/results_single.csv,1,1,1,1,single_attempt_outside_55_75MeV,False,,,,,,,window_3p0,8
2021,0.203,0.005107947875,0.19150711728125,0.21449288271875,115574322.00533302,1.64,0.194622965485,0.211377034515,0.0167540690299999,0.0,1.0,8000,0.000125,True,4500.643350360449,6.229269619841896e-06,0.2716275840140502,0.6078979368398852,1340.8284786149918,2174.445584437277,True,tilde_q_mu,asymptotic,default,sidak_approx,observed,8.06**2 * RBF(length_scale=0.321),0.0273360408245852,0.3727641930625258,0.1009450206771031,0.3205405383255222,0.0248509462041683,65.01788247329337,1586.4615933580058,379,242,137,416,37,0.04,0.3,0.000625,1.0,1e-08,1e+18,False,False,False,False,12,1.1,15.0,12.898524494482071,5.351667928793269,72.97728993809002,62.753290787158285,study_results/v4p2_followups_20260806/pseudo65/gp_window_ensemble_20260806/runs/window_3p0/draw_08/attempt_01/results_single.csv,1,1,1,1,single_attempt_outside_55_75MeV,False,,,,,,,window_3p0,8
2021,0.204,0.005141524,0.192431571,0.2155684289999999,112452833.18684237,1.64,0.19556790064,0.21243209936,0.01686419872,0.0,1.0,8000,0.000125,True,4868.5593269718875,6.891596146375723e-06,0.1947520729389203,0.8605169468548619,1850.587032129966,2152.3199224588197,True,tilde_q_mu,asymptotic,default,sidak_approx,observed,8.12**2 * RBF(length_scale=0.321),0.0273802950129184,0.3733676592670698,0.1011084400978236,0.3212501871327685,0.0248911772844713,65.92030806942856,1588.772795937051,379,244,135,416,37,0.04,0.3,0.000625,1.0,1e-08,1e+18,False,False,False,False,12,1.1,15.0,12.90618693769798,5.325326695531998,72.61809130270905,62.48151076077219,study_results/v4p2_followups_20260806/pseudo65/gp_window_ensemble_20260806/runs/window_3p0/draw_08/attempt_01/results_single.csv,1,1,1,1,single_attempt_outside_55_75MeV,False,,,,,,,window_3p0,8
2021,0.205,0.005175271875,0.19335563828125,0.2166443617187499,109447447.25856656,1.64,0.196512554125,0.213487445875,0.01697489175,0.0,1.0,8000,0.000125,True,5112.156964058293,7.398856501248449e-06,0.1550612836911465,1.014964883195664,2169.355497456878,2138.675457071707,True,tilde_q_mu,asymptotic,default,sidak_approx,observed,8.13**2 * RBF(length_scale=0.321),0.0274250145917023,0.3739774717050326,0.1012735780866781,0.3213726549736616,0.0249318314470021,66.07688975089302,1587.5245195045202,378,245,133,416,38,0.04,0.3,0.000625,1.0,1e-08,1e+18,False,False,False,False,12,1.1,15.0,12.890054052258716,5.2992413256941004,72.26238171401046,62.09773374923644,study_results/v4p2_followups_20260806/pseudo65/gp_window_ensemble_20260806/runs/window_3p0/draw_08/attempt_01/results_single.csv,1,1,1,1,single_attempt_outside_55_75MeV,False,,,,,,,window_3p0,8
2021,0.206,0.0052091915,0.194279319125,0.217720680875,106491864.68179588,1.64,0.19745692594,0.2145430740599999,0.0170861481199999,0.0,1.0,8000,0.000125,True,5339.859025387048,7.904348168175872e-06,0.1196469844490105,1.176753345655139,2483.1290366121384,2110.508447672548,True,tilde_q_mu,asymptotic,default,sidak_approx,observed,8.16**2 * RBF(length_scale=0.322),0.0274701927009294,0.3745935368308561,0.1014404093114096,0.3216945510750338,0.0249729024553904,66.50622592122252,1589.9979184231438,379,247,132,416,37,0.04,0.3,0.000625,1.0,1e-08,1e+18,False,False,False,False,12,1.1,15.0,12.881744588947283,5.273408109671041,71.91011058642329,61.7551785291506,study_results/v4p2_followups_20260806/pseudo65/gp_window_ensemble_20260806/runs/window_3p0/draw_08/attempt_01/results_single.csv,1,1,1,1,single_attempt_outside_55_75MeV,False,,,,,,,window_3p0,8
2021,0.207,0.005243282875,0.1952026135312499,0.21879738646875,103594993.30477582,1.64,0.198401016085,0.215598983915,0.0171979678299999,0.0,1.0,8000,0.000125,True,5454.647899402435,8.25995215647598e-06,0.1047761924900982,1.2547972119298714,2633.231086488961,2099.4758160763536,True,tilde_q_mu,asymptotic,default,sidak_approx,observed,8.13**2 * RBF(length_scale=0.321),0.0275158226125923,0.375215762898986,0.1016089089272047,0.3214033590230371,0.0250143841932657,66.1100312467637,1585.7872472917463,378,248,130,416,38,0.04,0.3,0.000625,1.0,1e-08,1e+18,False,False,False,False,12,1.1,15.0,12.848741609620111,5.247823409220947,71.56122830755837,61.29811545272333,study_results/v4p2_followups_20260806/pseudo65/gp_window_ensemble_20260806/runs/window_3p0/draw_08/attempt_01/results_single.csv,1,1,1,1,single_attempt_outside_55_75MeV,False,,,,,,,window_3p0,8
2021,0.208,0.005277546,0.1961255214999999,0.2198744785,100755569.91566654,1.64,0.19934482456,0.21665517544,0.0173103508799999,0.0,1.0,8000,0.000125,True,5531.227163389538,8.570556418857901e-06,0.093251669095499,1.3209940798861073,2748.9655956694705,2081.3426526891176,True,tilde_q_mu,asymptotic,default,sidak_approx,observed,8.17**2 * RBF(length_scale=0.322),0.0275618977275242,0.3758440599207857,0.1017790525650254,0.3218412946553796,0.0250562706613857,66.73595381871546,1586.4881301752732,378,250,128,416,38,0.04,0.3,0.000625,1.0,1e-08,1e+18,False,False,False,False,12,1.1,15.0,12.844740504474595,5.222483655760516,71.21568621491612,60.98313395191242,study_results/v4p2_followups_20260806/pseudo65/gp_window_ensemble_20260806/runs/window_3p0/draw_08/attempt_01/results_single.csv,1,1,1,1,single_attempt_outside_55_75MeV,False,,,,,,,window_3p0,8
2021,0.209,0.005311980875,0.1970480430312499,0.22095195696875,97975291.24730824,1.64,0.200288351365,0.2177116486349999,0.0174232972699999,0.0,1.0,8000,0.000125,True,5563.421084729065,8.822649066514353e-06,0.0878751723969473,1.3539562223823685,2802.8712920152498,2070.3605413502,True,tilde_q_mu,asymptotic,default,sidak_approx,observed,8.17**2 * RBF(length_scale=0.322),0.0276084115723308,0.3764783396226934,0.101950816320278,0.321901889281315,0.0250985559748462,66.79176274347854,1582.713930445975,377,251,126,416,39,0.04,0.3,0.000625,1.0,1e-08,1e+18,False,False,False,False,12,1.1,15.0,12.82551432855042,5.197385348705882,70.87343657326201,60.59921841893209,study_results/v4p2_followups_20260806/pseudo65/gp_window_ensemble_20260806/runs/window_3p0/draw_08/attempt_01/results_single.csv,1,1,1,1,single_attempt_outside_55_75MeV,False,,,,,,,window_3p0,8
2021,0.21,0.0053465875,0.197970178125,0.2220298218749999,95309478.67396852,1.64,0.2012315965,0.2187684034999999,0.0175368069999999,0.0,1.0,8000,0.000125,True,5263.172294128986,8.539100412270804e-06,0.1105083733754271,1.2238289872941754,2505.39667975034,2047.074445549838,True,tilde_q_mu,asymptotic,default,sidak_approx,observed,8.12**2 * RBF(length_scale=0.321),0.0276553577964078,0.3771185154055612,0.1021241767418025,0.3213117444767574,0.0251412343603707,65.99137988805768,1587.5959862072352,378,253,125,416,38,0.04,0.3,0.000625,1.0,1e-08,1e+18,False,False,False,False,12,1.1,15.0,12.780269252938112,5.172525053860584,70.53443255264432,60.09660264173315,study_results/v4p2_followups_20260806/pseudo65/gp_window_ensemble_20260806/runs/window_3p0/draw_08/attempt_01/results_single.csv,1,1,1,1,single_attempt_outside_55_75MeV,False,,,,,,,window_3p0,8
2021,0.211,0.005381365875,0.19889192678125,0.2231080732187499,92716703.49811862,1.64,0.202174559965,0.2198254400349999,0.0176508800699999,0.0,1.0,8000,0.000125,True,4867.475364919421,8.079476960327818e-06,0.1560511170044028,1.0108207414112198,2061.0941797386545,2039.1587409009503,True,tilde_q_mu,asymptotic,default,sidak_approx,observed,8.06**2 * RBF(length_scale=0.32),0.0277027301690448,0.3777645023051568,0.1022991108211761,0.3204659696912566,0.0251843001536771,64.9302772832735,1581.452703613583,377,254,123,416,39,0.04,0.3,0.000625,1.0,1e-08,1e+18,False,False,False,False,12,1.1,15.0,12.724831253429366,5.147899401849318,70.19862820703615,59.55104654378413,study_results/v4p2_followups_20260806/pseudo65/gp_window_ensemble_20260806/runs/window_3p0/draw_08/attempt_01/results_single.csv,1,1,1,1,single_attempt_outside_55_75MeV,False,,,,,,,window_3p0,8
2021,0.212,0.005416316,0.199813289,0.2241867109999999,90185144.73372865,1.64,0.2031172417599999,0.22088275824,0.01776551648,0.0,1.0,8000,0.000125,True,4539.17327211934,7.709492952053494e-06,0.201170731302415,0.837446811040343,1694.4207605134725,2023.308610333536,True,tilde_q_mu,asymptotic,default,sidak_approx,observed,8.06**2 * RBF(length_scale=0.32),0.0277505225766093,0.3784162169537641,0.1024755959823144,0.3204575651099087,0.0252277477969176,64.91501357623851,1581.8198952473074,377,256,121,416,39,0.04,0.3,0.000625,1.0,1e-08,1e+18,False,False,False,False,12,1.1,15.0,12.702583190920556,5.123505086595644,69.86597845357696,59.16522690144163,study_results/v4p2_followups_20260806/pseudo65/gp_window_ensemble_20260806/runs/window_3p0/draw_08/attempt_01/results_single.csv,1,1,1,1,single_attempt_outside_55_75MeV,False,,,,,,,window_3p0,8
2021,0.213,0.005451437875,0.20073426478125,0.2252657352187499,87692400.078589,1.64,0.204059641885,0.2219403581149999,0.0178807162299999,0.0,1.0,8000,0.000125,True,4118.640229522345,7.160316497882687e-06,0.2755717395340551,0.5960475238759817,1192.4634654168551,2006.259871771382,True,tilde_q_mu,asymptotic,default,sidak_approx,observed,8.01**2 * RBF(length_scale=0.32),0.0277987290198092,0.3790735775428533,0.1026536100713629,0.3198907916366407,0.0252715718361902,64.20832549642584,1580.8668719469272,377,257,120,416,39,0.04,0.3,0.000625,1.0,1e-08,1e+18,False,False,False,False,12,1.1,15.0,12.658128022671717,5.0993388638422745,69.53643905239464,58.68007651772804,study_results/v4p2_followups_20260806/pseudo65/gp_window_ensemble_20260806/runs/window_3p0/draw_08/attempt_01/results_single.csv,1,1,1,1,single_attempt_outside_55_75MeV,False,,,,,,,window_3p0,8
2021,0.214,0.0054867315,0.201654854125,0.226345145875,85297275.72952412,1.64,0.20500176034,0.2229982396599999,0.0179964793199999,0.0,1.0,8000,0.000125,True,3764.09320968825,6.696245342406652e-06,0.3536174861478896,0.3755721852943424,747.0417941048714,1988.7021595612512,True,tilde_q_mu,asymptotic,default,sidak_approx,observed,8.09**2 * RBF(length_scale=0.321),0.0278473436110351,0.3797365037868427,0.1028331313468833,0.3208313011763898,0.0253157669191228,65.40962920629435,1579.9320143346229,377,259,118,416,39,0.04,0.3,0.000625,1.0,1e-08,1e+18,False,False,False,False,12,1.1,15.0,12.673181191838294,5.075397549713366,69.20996658700044,58.474029789208714,study_results/v4p2_followups_20260806/pseudo65/gp_window_ensemble_20260806/runs/window_3p0/draw_08/attempt_01/results_single.csv,1,1,1,1,single_attempt_outside_55_75MeV,False,,,,,,,window_3p0,8
2021,0.215,0.005522196875,0.20257505703125,0.22742494296875,82936171.06195708,1.64,0.205943597125,0.224056402875,0.01811280575,0.0,1.0,8000,0.000125,True,3234.426973306834,5.890264959934995e-06,0.5,0.0,-34.30968710755735,1978.6969286062215,True,tilde_q_mu,asymptotic,default,sidak_approx,observed,8.11**2 * RBF(length_scale=0.321),0.0278963605717713,0.380404916887791,0.1030141384702921,0.3209823898792588,0.0253603277925194,65.72357339898487,1577.2049542755942,376,260,116,416,40,0.04,0.3,0.000625,1.0,1e-08,1e+18,False,False,False,False,12,1.1,15.0,12.6568707039323,5.051678019315698,68.88651844521407,58.125850480341455,study_results/v4p2_followups_20260806/pseudo65/gp_window_ensemble_20260806/runs/window_3p0/draw_08/attempt_01/results_single.csv,1,1,1,1,single_attempt_outside_55_75MeV,False,,,,,,,window_3p0,8
2021,0.216,0.0055578339999999,0.2034948735,0.2285051265,80666190.61149085,1.64,0.20688515224,0.22511484776,0.0182296955199999,0.0,1.0,8000,0.000125,True,2847.6069505068353,5.3070681786716895e-06,0.5,0.0,-744.2362396170265,1962.440552317869,True,tilde_q_mu,asymptotic,default,sidak_approx,observed,8.1**2 * RBF(length_scale=0.321),0.0279457742300831,0.3810787395011339,0.1031966104965824,0.3208384896595822,0.0254052493000755,65.58771408783879,1578.2360376242907,376,262,114,416,40,0.04,0.3,0.000625,1.0,1e-08,1e+18,False,False,False,False,12,1.1,15.0,12.62882665979694,5.028177205379499,68.56605280062952,57.727253037708984,study_results/v4p2_followups_20260806/pseudo65/gp_window_ensemble_20260806/runs/window_3p0/draw_08/attempt_01/results_single.csv,1,1,1,1,single_attempt_outside_55_75MeV,False,,,,,,,window_3p0,8
2021,0.217,0.005593642875,0.20441430353125,0.22958569646875,78431109.94118327,1.64,0.207826425685,0.226173574315,0.0183471486299999,0.0,1.0,8000,0.000125,True,2635.034292851009,5.027569682701062e-06,0.4999655646006563,8.631674575031098e-05,-1220.0679676104464,1943.3437484877209,True,tilde_q_mu,asymptotic,default,sidak_approx,observed,8.08**2 * RBF(length_scale=0.321),0.0279955790181704,0.3817578957023249,0.1033805268652899,0.3206514102110286,0.0254505263801549,65.24037726050734,1579.713652415426,376,263,113,416,40,0.04,0.3,0.000625,1.0,1e-08,1e+18,False,False,False,False,12,1.1,15.0,12.599008972209552,5.0048920969361115,68.24852859458333,57.32425494021704,study_results/v4p2_followups_20260806/pseudo65/gp_window_ensemble_20260806/runs/window_3p0/draw_08/attempt_01/results_single.csv,1,1,1,1,single_attempt_outside_55_75MeV,False,,,,,,,window_3p0,8
2021,0.218,0.0056296235,0.205333347125,0.230666652875,76236851.52538474,1.64,0.20876741746,0.22723258254,0.01846516508,0.0,1.0,8000,0.000125,True,2472.4178150237058,4.830814269176616e-06,0.5,0.0,-1650.3764884598008,1925.39101279673,True,tilde_q_mu,asymptotic,default,sidak_approx,observed,8.08**2 * RBF(length_scale=0.321),0.0280457694699898,0.3824423109544073,0.103565867391711,0.3207527052892276,0.0254961540636271,65.35195907020493,1579.9112607044897,376,265,111,416,40,0.04,0.3,0.000625,1.0,1e-08,1e+18,False,False,False,False,12,1.1,15.0,12.58043485651877,4.981819738032192,67.93390551862079,56.97587152839398,study_results/v4p2_followups_20260806/pseudo65/gp_window_ensemble_20260806/runs/window_3p0/draw_08/attempt_01/results_single.csv,1,1,1,1,single_attempt_outside_55_75MeV,False,,,,,,,window_3p0,8
2021,0.219,0.005665775875,0.20625200428125,0.23174799571875,74103158.47642389,1.64,0.209708127565,0.228291872435,0.0185837448699999,0.0,1.0,8000,0.000125,True,2314.547500918105,4.631324230025555e-06,0.5,0.0,-2188.16982300606,1912.765703844084,True,tilde_q_mu,asymptotic,default,sidak_approx,observed,8.12**2 * RBF(length_scale=0.321),0.0280963402189413,0.3831319120764731,0.1037526122583625,0.3211081811349208,0.0255421274717648,65.96169323535621,1577.1202688876444,375,266,109,416,41,0.04,0.3,0.000625,1.0,1e-08,1e+18,False,False,False,False,12,1.1,15.0,12.57170850352558,4.958957226478954,67.62214399744026,56.67505884795008,study_results/v4p2_followups_20260806/pseudo65/gp_window_ensemble_20260806/runs/window_3p0/draw_08/attempt_01/results_single.csv,1,1,1,1,single_attempt_outside_55_75MeV,False,,,,,,,window_3p0,8
2021,0.22,0.0057021,0.207170275,0.232829725,72056230.15568508,1.64,0.210648556,0.229351444,0.018702888,0.0,1.0,8000,0.000125,True,2269.4811623447736,4.648922288579122e-06,0.5,0.0,-2305.8226414982832,1900.425985453928,True,tilde_q_mu,asymptotic,default,sidak_approx,observed,8.06**2 * RBF(length_scale=0.32),0.0281472859956161,0.3838266272129476,0.1039407420066625,0.3203769792385852,0.0255884418141965,64.91001052223919,1575.3766025405137,374,267,107,416,42,0.04,0.3,0.000625,1.0,1e-08,1e+18,False,False,False,False,12,1.1,15.0,12.520378597685443,4.936301712635021,67.31320517229574,56.18578755872139,study_results/v4p2_followups_20260806/pseudo65/gp_window_ensemble_20260806/runs/window_3p0/draw_08/attempt_01/results_single.csv,1,1,1,1,single_attempt_outside_55_75MeV,False,,,,,,,window_3p0,8
2021,0.221,0.005738595875,0.20808815928125,0.23391184071875,70072537.02592257,1.64,0.211588702765,0.230411297235,0.01882259447,0.0,1.0,8000,0.000125,True,2193.5875909852502,4.599755923108113e-06,0.5,0.0,-2475.3920645210565,1873.1948235534833,True,tilde_q_mu,asymptotic,default,sidak_approx,observed,8.08**2 * RBF(length_scale=0.321),0.0281986016256085,0.3845263858037528,0.1041302375288517,0.3206218457944017,0.0256350923869168,65.2541992780939,1580.8304499336994,375,269,106,416,41,0.04,0.3,0.000625,1.0,1e-08,1e+18,False,False,False,False,12,1.1,15.0,12.50714610094538,4.913850398222813,67.00705088485654,55.87113168069214,study_results/v4p2_followups_20260806/pseudo65/gp_window_ensemble_20260806/runs/window_3p0/draw_08/attempt_01/results_single.csv,1,1,1,1,single_attempt_outside_55_75MeV,False,,,,,,,window_3p0,8
2021,0.222,0.0057752635,0.209005657125,0.234994342875,68109664.16035153,1.64,0.21252856786,0.23147143214,0.01894286428,0.0,1.0,8000,0.000125,True,2138.4765078541877,4.592643050217805e-06,0.4999655646006563,8.631674575031098e-05,-2644.1613088907666,1858.3275556541016,True,tilde_q_mu,asymptotic,default,sidak_approx,observed,8.13**2 * RBF(length_scale=0.321),0.0282502820273846,0.3852311185552448,0.1043210800601226,0.3211048803599698,0.0256820745703496,66.11469457015698,1579.196502186044,374,270,104,416,42,0.04,0.3,0.000625,1.0,1e-08,1e+18,False,False,False,False,12,1.1,15.0,12.503074059705842,4.891600535176381,66.7036436614961,55.60003978346092,study_results/v4p2_followups_20260806/pseudo65/gp_window_ensemble_20260806/runs/window_3p0/draw_08/attempt_01/results_single.csv,1,1,1,1,single_attempt_outside_55_75MeV,False,,,,,,,window_3p0,8
2021,0.223,0.005812102875,0.20992276853125,0.23607723146875,66214738.059975564,1.64,0.213468151285,0.232531848715,0.01906369743,0.0,1.0,8000,0.000125,True,2128.868445629804,4.681760772977656e-06,0.5,0.0,-2558.2228063263815,1839.512020936471,True,tilde_q_mu,asymptotic,default,sidak_approx,observed,8.1**2 * RBF(length_scale=0.321),0.0283023222102076,0.3859407574119222,0.1045132511709582,0.3206441203373518,0.0257293838274614,65.65728840826229,1577.7412999692483,374,272,102,416,42,0.04,0.3,0.000625,1.0,1e-08,1e+18,False,False,False,False,12,1.1,15.0,12.46217641617682,4.869549424520059,66.40294669800079,55.1683490869648,study_results/v4p2_followups_20260806/pseudo65/gp_window_ensemble_20260806/runs/window_3p0/draw_08/attempt_01/results_single.csv,1,1,1,1,single_attempt_outside_55_75MeV,False,,,,,,,window_3p0,8
2021,0.224,0.005849114,0.2108394935,0.2371605065,64362913.74671155,1.64,0.21440745304,0.23359254696,0.01918509392,0.0,1.0,8000,0.000125,True,2148.5019903058383,4.839182126302837e-06,0.5,0.0,-2299.021611608439,1816.1514019964584,True,tilde_q_mu,asymptotic,default,sidak_approx,observed,8.11**2 * RBF(length_scale=0.321),0.0283547172721207,0.3866552355289188,0.1047067327596833,0.3208365425399589,0.0257770157019279,65.84174533466164,1577.4531709985656,374,273,101,416,42,0.04,0.3,0.000625,1.0,1e-08,1e+18,False,False,False,False,12,1.1,15.0,12.44661314753992,4.847694415277375,66.10492384469147,54.85216094949747,study_results/v4p2_followups_20260806/pseudo65/gp_window_ensemble_20260806/runs/window_3p0/draw_08/attempt_01/results_single.csv,1,1,1,1,single_attempt_outside_55_75MeV,False,,,,,,,window_3p0,8
2021,0.225,0.005886296875,0.21175583203125,0.23824416796875,62544678.25081808,1.64,0.215346473125,0.234653526875,0.01930705375,0.0,1.0,8000,0.000125,True,2220.4637840206806,5.12378308232292e-06,0.5,0.0,-1861.0918141039383,1795.8751753534302,True,tilde_q_mu,asymptotic,default,sidak_approx,observed,8.08**2 * RBF(length_scale=0.321),0.0284074623979809,0.3873744872451945,0.1049015070452041,0.3205213383498361,0.0258249658163463,65.20855513361442,1577.7961522778637,374,275,99,416,42,0.04,0.3,0.000625,1.0,1e-08,1e+18,False,False,False,False,12,1.1,15.0,12.411297681058588,4.82603290340855,65.80953959193478,54.45211907526089,study_results/v4p2_followups_20260806/pseudo65/gp_window_ensemble_20260806/runs/window_3p0/draw_08/attempt_01/results_single.csv,1,1,1,1,single_attempt_outside_55_75MeV,False,,,,,,,window_3p0,8
2021,0.226,0.0059236515,0.212671784125,0.239328215875,60771554.15297639,1.64,0.21628521154,0.23571478846,0.01942957692,0.0,1.0,8000,0.000125,True,2261.359378728279,5.346637332416695e-06,0.499975650495596,6.103515625e-05,-1615.9886384665408,1780.3337806895356,True,tilde_q_mu,asymptotic,default,sidak_approx,observed,8.1**2 * RBF(length_scale=0.321),0.0284605528575465,0.3880984480574534,0.1050975565599455,0.3207948105049225,0.0258732298704968,65.67578028778969,1574.861530195934,373,276,97,416,43,0.04,0.3,0.000625,1.0,1e-08,1e+18,False,False,False,False,12,1.1,15.0,12.398715278710648,4.804562330776309,65.51675905604058,54.15490943464896,study_results/v4p2_followups_20260806/pseudo65/gp_window_ensemble_20260806/runs/window_3p0/draw_08/attempt_01/results_single.csv,1,1,1,1,single_attempt_outside_55_75MeV,False,,,,,,,window_3p0,8
2021,0.227,0.005961177875,0.21358734978125,0.24041265021875,59077484.03982016,1.64,0.217223668285,0.236776331715,0.01955266343,0.0,1.0,8000,0.000125,True,2291.1427158174583,5.547843681043189e-06,0.4999655646006563,8.631674575031098e-05,-1401.3028646168698,1759.3515393514588,True,tilde_q_mu,asymptotic,default,sidak_approx,observed,8.14**2 * RBF(length_scale=0.321),0.0285139840036164,0.3888270545947703,0.1052948641429799,0.3212083437175164,0.0259218036396513,66.24879142956665,1575.931501198893,373,278,95,416,43,0.04,0.3,0.000625,1.0,1e-08,1e+18,False,False,False,False,12,1.1,15.0,12.391434955019074,4.783280184139193,65.22654796553445,53.88336843035679,study_results/v4p2_followups_20260806/pseudo65/gp_window_ensemble_20260806/runs/window_3p0/draw_08/attempt_01/results_single.csv,1,1,1,1,single_attempt_outside_55_75MeV,False,,,,,,,window_3p0,8
2021,0.228,0.005998876,0.214502529,0.241497471,57436780.43420136,1.64,0.21816184336,0.23783815664,0.01967631328,0.0,1.0,8000,0.000125,True,2352.0808620560974,5.8323991145882705e-06,0.499975650495596,6.103515625e-05,-1106.2601014087595,1737.9359611773646,True,tilde_q_mu,asymptotic,default,sidak_approx,observed,8.14**2 * RBF(length_scale=0.321),0.0285677512702127,0.3895602445938106,0.1054934129333165,0.321171557556221,0.0259706829729207,66.25594934547362,1576.2316916084228,373,279,94,416,43,0.04,0.3,0.000625,1.0,1e-08,1e+18,False,False,False,False,12,1.1,15.0,12.366696628313642,4.762183994170372,64.9388726477778,53.53862249465084,study_results/v4p2_followups_20260806/pseudo65/gp_window_ensemble_20260806/runs/window_3p0/draw_08/attempt_01/results_single.csv,1,1,1,1,single_attempt_outside_55_75MeV,False,,,,,,,window_3p0,8
2021,0.229,0.006036745875,0.21541732178125,0.24258267821875,55831675.293223605,1.64,0.219099736765,0.238900263235,0.01980052647,0.0,1.0,8000,0.000125,True,2436.63745063219,6.188632519829114e-06,0.5,0.0,-797.3490903450721,1719.4761941820557,True,tilde_q_mu,asymptotic,default,sidak_approx,observed,8.14**2 * RBF(length_scale=0.321),0.0286218501708174,0.3902979568747833,0.1056931863633896,0.3211066577519112,0.0260198637916522,66.2701370615598,1576.3036030271269,373,281,92,416,43,0.04,0.3,0.000625,1.0,1e-08,1e+18,False,False,False,False,12,1.1,15.0,12.340827773853672,4.741271334503118,64.6537000159516,53.19201178928394,study_results/v4p2_followups_20260806/pseudo65/gp_window_ensemble_20260806/runs/window_3p0/draw_08/attempt_01/results_single.csv,1,1,1,1,single_attempt_outside_55_75MeV,False,,,,,,,window_3p0,8
2021,0.23,0.0060747875,0.216331728125,0.243668271875,54262302.35414737,1.64,0.2200373485,0.2399626515,0.019925303,0.0,1.0,8000,0.000125,True,2438.634872669665,6.345131820550419e-06,0.5,0.0,-739.6154117997216,1705.6888657859504,True,tilde_q_mu,asymptotic,default,sidak_approx,observed,8.22**2 * RBF(length_scale=0.322),0.0286762762966508,0.3910401313179656,0.1058941681527014,0.3218184276804752,0.0260693420878643,67.51153938852894,1574.1338101091128,372,282,90,416,44,0.04,0.3,0.000625,1.0,1e-08,1e+18,False,False,False,False,12,1.1,15.0,12.344708454698056,4.720539820800449,64.37099755636976,52.976079851431045,study_results/v4p2_followups_20260806/pseudo65/gp_window_ensemble_20260806/runs/window_3p0/draw_08/attempt_01/results_single.csv,1,1,1,1,single_attempt_outside_55_75MeV,False,,,,,,,window_3p0,8
2021,0.231,0.006113000875,0.21724574803125,0.24475425196875,52721717.822498925,1.64,0.220974678565,0.241025321435,0.02005064287,0.0,1.0,8000,0.000125,True,2559.30917179433,6.82403338521587e-06,0.5,0.0,-403.2016481023063,1688.6885717083562,True,tilde_q_mu,asymptotic,default,sidak_approx,observed,8.14**2 * RBF(length_scale=0.321),0.0287310253149946,0.3917867088408355,0.1060963423016291,0.3212610079122979,0.0261191139227223,66.31252140884887,1571.6958857956463,372,284,88,416,44,0.04,0.3,0.000625,1.0,1e-08,1e+18,False,False,False,False,12,1.1,15.0,12.29984328192758,4.699987109848828,64.09073331612038,52.55373170747303,study_results/v4p2_followups_20260806/pseudo65/gp_window_ensemble_20260806/runs/window_3p0/draw_08/attempt_01/results_single.csv,1,1,1,1,single_attempt_outside_55_75MeV,False,,,,,,,window_3p0,8
2021,0.232,0.006151386,0.2181593815,0.2458406185,51251552.38699205,1.64,0.22191172696,0.24208827304,0.02017654608,0.0,1.0,8000,0.000125,True,2568.415991624104,7.014395958917646e-06,0.5,0.0,-325.73107746047475,1670.5659408752144,True,tilde_q_mu,asymptotic,default,sidak_approx,observed,8.15**2 * RBF(length_scale=0.321),0.0287860929675617,0.3925376313758422,0.1062996930854058,0.321374733199281,0.0261691754250561,66.40071681218294,1572.4995980754677,372,285,87,416,44,0.04,0.3,0.000625,1.0,1e-08,1e+18,False,False,False,False,12,1.1,15.0,12.2806595156061,4.679610898675804,63.81287589103368,52.244280101960925,study_results/v4p2_followups_20260806/pseudo65/gp_window_ensemble_20260806/runs/window_3p0/draw_08/attempt_01/results_single.csv,1,1,1,1,single_attempt_outside_55_75MeV,False,,,,,,,window_3p0,8
2021,0.233,0.006189942875,0.21907262853125,0.24692737146875,49805482.399550624,1.64,0.222848493685,0.243151506315,0.02030301263,0.0,1.0,8000,0.000125,True,2579.9392521582176,7.219320626077136e-06,0.5,0.0,-255.06105067919455,1655.8428295550543,True,tilde_q_mu,asymptotic,default,sidak_approx,observed,8.13**2 * RBF(length_scale=0.321),0.0288414750689017,0.3932928418486603,0.1065042050482311,0.3211982069242549,0.0262195227899106,66.04956389941817,1573.4998476986884,372,287,85,416,44,0.04,0.3,0.000625,1.0,1e-08,1e+18,False,False,False,False,12,1.1,15.0,12.250345267452865,4.659408923689259,63.53739441394444,51.89033459767669,study_results/v4p2_followups_20260806/pseudo65/gp_window_ensemble_20260806/runs/window_3p0/draw_08/attempt_01/results_single.csv,1,1,1,1,single_attempt_outside_55_75MeV,False,,,,,,,window_3p0,8
2021,0.234,0.0062286715,0.219985489125,0.248014510875,48395595.20414742,1.64,0.22378497874,0.24421502126,0.02043004252,0.0,1.0,8000,0.000125,True,2659.912001505046,7.627206385062843e-06,0.5,0.0,-84.9479970190575,1647.4672691807798,True,tilde_q_mu,asymptotic,default,sidak_approx,observed,8.07**2 * RBF(length_scale=0.32),0.0288971675048537,0.394052284157097,0.1067098629975592,0.3204842217600661,0.0262701522771398,65.06625651195526,1569.696238792928,371,288,83,416,45,0.04,0.3,0.000625,1.0,1e-08,1e+18,False,False,False,False,12,1.1,15.0,12.19955706305328,4.639378959839796,63.26425854326993,51.4530621433585,study_results/v4p2_followups_20260806/pseudo65/gp_window_ensemble_20260806/runs/window_3p0/draw_08/attempt_01/results_single.csv,1,1,1,1,single_attempt_outside_55_75MeV,False,,,,,,,window_3p0,8
2021,0.235,0.006267571875,0.22089796328125,0.2491020367187499,47012739.219878465,1.64,0.2247211821249999,0.245278817875,0.02055763575,0.0,1.0,8000,0.000125,True,2590.231643424078,7.613337947892795e-06,0.5,0.0,-184.383218740225,1639.240221076022,True,tilde_q_mu,asymptotic,default,sidak_approx,observed,8.09**2 * RBF(length_scale=0.321),0.0289531662310341,0.394815903150465,0.1069166519985136,0.320762983028812,0.026321060210031,65.36736865552743,1566.9409016568766,370,289,81,416,46,0.04,0.3,0.000625,1.0,1e-08,1e+18,False,False,False,False,12,1.1,15.0,12.186552535090083,4.619518819803578,62.993438451866965,51.17818980397604,study_results/v4p2_followups_20260806/pseudo65/gp_window_ensemble_20260806/runs/window_3p0/draw_08/attempt_01/results_single.csv,1,1,1,1,single_attempt_outside_55_75MeV,False,,,,,,,window_3p0,8
2021,0.236,0.006306644,0.2218100509999999,0.2501899489999999,45679826.44124699,1.64,0.2256571038399999,0.24634289616,0.02068579232,0.0,1.0,8000,0.000125,True,2593.9468742808103,7.813480832960336e-06,0.4999578254212857,0.0001057159916729,-125.33412257962549,1621.5514812361146,True,tilde_q_mu,asymptotic,default,sidak_approx,observed,8.05**2 * RBF(length_scale=0.32),0.0290094672713634,0.3955836446095018,0.1071245573684485,0.3203411479860408,0.0263722429739667,64.81113601851452,1571.313141650407,371,291,80,416,45,0.04,0.3,0.000625,1.0,1e-08,1e+18,False,False,False,False,12,1.1,15.0,12.14690568042558,4.599826353186174,62.7249048161751,50.79423350771675,study_results/v4p2_followups_20260806/pseudo65/gp_window_ensemble_20260806/runs/window_3p0/draw_08/attempt_01/results_single.csv,1,1,1,1,single_attempt_outside_55_75MeV,False,,,,,,,window_3p0,8
2021,0.237,0.006345887875,0.22272175228125,0.25127824771875,44384391.87212218,1.64,0.226592743885,0.2474072561149999,0.0208145122299999,0.0,1.0,8000,0.000125,True,2686.188949260244,8.292354506541501e-06,0.4889318720278118,0.0277472425886505,44.399364159446385,1616.2147371343942,True,tilde_q_mu,asymptotic,default,sidak_approx,observed,8.01**2 * RBF(length_scale=0.32),0.0290660667166324,0.3963554552268056,0.1073335646716512,0.3197170241643938,0.0264236970151203,64.09151530022403,1569.6087952379603,370,292,78,416,46,0.04,0.3,0.000625,1.0,1e-08,1e+18,False,False,False,False,12,1.1,15.0,12.099632537469788,4.580299445746575,62.458628805635115,50.38176382282736,study_results/v4p2_followups_20260806/pseudo65/gp_window_ensemble_20260806/runs/window_3p0/draw_08/attempt_01/results_single.csv,1,1,1,1,single_attempt_outside_55_75MeV,False,,,,,,,window_3p0,8
2021,0.238,0.0063853035,0.223633067125,0.252366932875,43150069.97440755,1.64,0.2275281022599999,0.24847189774,0.02094379548,0.0,1.0,8000,0.000125,True,2714.7207896839736,8.583939133524006e-06,0.4716813563787874,0.0710440304624864,113.36341324978116,1607.2811215776064,True,tilde_q_mu,asymptotic,default,sidak_approx,observed,8**2 * RBF(length_scale=0.32),0.0291229607231004,0.3971312825877338,0.1075436597141695,0.3196044599521652,0.0264754188391822,63.98186208331793,1570.571113980027,370,294,76,416,46,0.04,0.3,0.000625,1.0,1e-08,1e+18,False,False,False,False,12,1.1,15.0,12.071743298699666,4.560936018640379,62.1945820723688,50.0531352898363,study_results/v4p2_followups_20260806/pseudo65/gp_window_ensemble_20260806/runs/window_3p0/draw_08/attempt_01/results_single.csv,1,1,1,1,single_attempt_outside_55_75MeV,False,,,,,,,window_3p0,8
2021,0.239,0.006424890875,0.2245439955312499,0.25345600446875,41910564.95451811,1.64,0.2284631789649999,0.249536821035,0.02107364207,0.0,1.0,8000,0.000125,True,2679.8987135398975,8.687941464504981e-06,0.4829499693031063,0.0427511078540404,68.28809074157051,1603.529008351686,True,tilde_q_mu,asymptotic,default,sidak_approx,observed,8.02**2 * RBF(length_scale=0.32),0.0291801455111333,0.3979110751518178,0.1077548285387784,0.3198881607796616,0.0265274050101211,64.29804212667626,1567.0834338627355,369,295,74,416,47,0.04,0.3,0.000625,1.0,1e-08,1e+18,False,False,False,False,12,1.1,15.0,12.05878074608551,4.541734027682346,61.9327367411229,49.7888862244157,study_results/v4p2_followups_20260806/pseudo65/gp_window_ensemble_20260806/runs/window_3p0/draw_08/attempt_01/results_single.csv,1,1,1,1,single_attempt_outside_55_75MeV,False,,,,,,,window_3p0,8
2021,0.24,0.00646465,0.2254545375,0.2545454625,40722504.22475857,1.64,0.229397974,0.250602026,0.0212040519999999,0.0,1.0,8000,0.000125,True,2665.0809620792543,8.854919354502974e-06,0.479062196942046,0.0525074065751384,82.6459525109402,1589.3505649827418,True,tilde_q_mu,asymptotic,default,sidak_approx,observed,8**2 * RBF(length_scale=0.32),0.0292376173638717,0.3986947822346143,0.1079670574200659,0.3197420409363102,0.0265796521489742,64.05510959956275,1571.584736091901,370,297,73,416,46,0.04,0.3,0.000625,1.0,1e-08,1e+18,False,False,False,False,12,1.1,15.0,12.029579587581214,4.522691462627012,61.673065399459254,49.46006990885975,study_results/v4p2_followups_20260806/pseudo65/gp_window_ensemble_20260806/runs/window_3p0/draw_08/attempt_01/results_single.csv,1,1,1,1,single_attempt_outside_55_75MeV,False,,,,,,,window_3p0,8
2021,0.241,0.006504580875,0.2263646930312499,0.25563530696875,39555789.66735767,1.64,0.230332487365,0.251667512635,0.0213350252699999,0.0,1.0,8000,0.000125,True,2740.0532817828635,9.333656816691729e-06,0.4481971969713598,0.1302174437832482,206.28415056332344,1586.638889923453,True,tilde_q_mu,asymptotic,default,sidak_approx,observed,8.02**2 * RBF(length_scale=0.32),0.0292953726259335,0.3994823539900027,0.1081803328596386,0.319897732665472,0.0266321569326668,64.33267260703893,1568.531894654422,369,298,71,416,47,0.04,0.3,0.000625,1.0,1e-08,1e+18,False,False,False,False,12,1.1,15.0,12.011709508706272,4.503806346467102,61.41554108818776,49.18037592475504,study_results/v4p2_followups_20260806/pseudo65/gp_window_ensemble_20260806/runs/window_3p0/draw_08/attempt_01/results_single.csv,1,1,1,1,single_attempt_outside_55_75MeV,False,,,,,,,window_3p0,8
2021,0.242,0.0065446835,0.227274462125,0.256725537875,38433549.77614895,1.64,0.23126671906,0.2527332809399999,0.0214665618799999,0.0,1.0,8000,0.000125,True,2872.7656077509982,1.0029845670354814e-05,0.3947181276028895,0.2670427381969478,422.3003480982565,1579.9546165840409,True,tilde_q_mu,asymptotic,default,sidak_approx,observed,7.99**2 * RBF(length_scale=0.319),0.0293534077021493,0.4002737413929458,0.1083946415814538,0.3194891748248084,0.026684916092863,63.910112048362514,1570.051231814125,369,300,69,416,47,0.04,0.3,0.000625,1.0,1e-08,1e+18,False,False,False,False,12,1.1,15.0,11.972650530846396,4.4850767347495655,61.16013729203953,48.816596681078366,study_results/v4p2_followups_20260806/pseudo65/gp_window_ensemble_20260806/runs/window_3p0/draw_08/attempt_01/results_single.csv,1,1,1,1,single_attempt_outside_55_75MeV,False,,,,,,,window_3p0,8
2021,0.243,0.006584957875,0.22818384478125,0.25781615521875,37332878.58161166,1.64,0.232200669085,0.253799330915,0.02159866183,0.0,1.0,8000,0.000125,True,2923.6391700773647,1.0465161682895917e-05,0.3752111893016158,0.3180824725479876,502.5638505896235,1577.6068064623848,True,tilde_q_mu,asymptotic,default,sidak_approx,observed,8.01**2 * RBF(length_scale=0.32),0.0294117190563266,0.4010688962226361,0.108609970527255,0.3197025742478315,0.0267379264148424,64.18743731932685,1566.3803921384824,368,301,67,416,48,0.04,0.3,0.000625,1.0,1e-08,1e+18,False,False,False,False,12,1.1,15.0,11.956894834984752,4.466500714908013,60.90682793056381,48.55043575321756,study_results/v4p2_followups_20260806/pseudo65/gp_window_ensemble_20260806/runs/window_3p0/draw_08/attempt_01/results_single.csv,1,1,1,1,single_attempt_outside_55_75MeV,False,,,,,,,window_3p0,8
2021,0.244,0.006625404,0.229092841,0.258907159,36240747.78783116,1.64,0.23313433744,0.25486566256,0.0217313251199999,0.0,1.0,8000,0.000125,True,3063.0357210872357,1.1248251210328933e-05,0.3191770008695397,0.4700014218286049,733.4302902835077,1562.547651449902,True,tilde_q_mu,asymptotic,default,sidak_approx,observed,8.06**2 * RBF(length_scale=0.32),0.029470303210048,0.4018677710461094,0.1088263068521347,0.3201250830476783,0.0267911847364072,64.95140218947245,1571.4839493545355,369,303,66,416,47,0.04,0.3,0.000625,1.0,1e-08,1e+18,False,False,False,False,12,1.1,15.0,11.948896108825354,4.448076405612099,60.65558734925589,48.31782077706933,study_results/v4p2_followups_20260806/pseudo65/gp_window_ensemble_20260806/runs/window_3p0/draw_08/attempt_01/results_single.csv,1,1,1,1,single_attempt_outside_55_75MeV,False,,,,,,,window_3p0,8
2021,0.245,0.006666021875,0.23000145078125,0.25999854921875,35231160.94273463,1.64,0.234067724125,0.255932275875,0.02186455175,0.0,1.0,8000,0.000125,True,3255.0093128270573,1.2245573201925083e-05,0.2611053116962879,0.6399415138275973,996.751556308778,1559.38493464679,True,tilde_q_mu,asymptotic,default,sidak_approx,observed,8.08**2 * RBF(length_scale=0.32),0.0295291567414944,0.4026703192021974,0.1090436379201891,0.3202053319890416,0.0268446879468131,65.23700735208773,1570.8416572441745,368,304,64,416,48,0.04,0.3,0.000625,1.0,1e-08,1e+18,False,False,False,False,12,1.1,15.0,11.928070559935655,4.429801956132116,60.40639031089249,48.03544572662262,study_results/v4p2_followups_20260806/pseudo65/gp_window_ensemble_20260806/runs/window_3p0/draw_08/attempt_01/results_single.csv,1,1,1,1,single_attempt_outside_55_75MeV,False,,,,,,,window_3p0,8
2021,0.246,0.0067068115,0.230909674125,0.261090325875,34231611.46534635,1.64,0.23500082914,0.25699917086,0.02199834172,0.0,1.0,8000,0.000125,True,3410.2480317063328,1.3150535491049062e-05,0.2192677613450426,0.7746685783588305,1203.845293797071,1555.1885773224851,True,tilde_q_mu,asymptotic,default,sidak_approx,observed,8.09**2 * RBF(length_scale=0.32),0.0295882762843003,0.4034764947859137,0.1092619513002888,0.3203485991909129,0.0268984329857275,65.51889804190508,1567.3800798566467,367,305,62,416,49,0.04,0.3,0.000625,1.0,1e-08,1e+18,False,False,False,False,12,1.1,15.0,11.909563630003698,4.411675545719503,60.159211987084134,47.76466420607064,study_results/v4p2_followups_20260806/pseudo65/gp_window_ensemble_20260806/runs/window_3p0/draw_08/attempt_01/results_single.csv,1,1,1,1,single_attempt_outside_55_75MeV,False,,,,,,,window_3p0,8
2021,0.247,0.006747772875,0.23181751103125,0.26218248896875,33240766.184267055,1.64,0.235933652485,0.258066347515,0.02213269503,0.0,1.0,8000,0.000125,True,3643.387410156593,1.4409778216320802e-05,0.1612292901289581,0.9894181862440616,1519.8887623714695,1538.1162002405654,True,tilde_q_mu,asymptotic,default,sidak_approx,observed,8.11**2 * RBF(length_scale=0.32),0.0296476585264336,0.4042862526331858,0.1094812347619452,0.3202023300552843,0.0269524168422123,65.70758984961958,1572.035296439918,368,307,61,416,48,0.04,0.3,0.000625,1.0,1e-08,1e+18,False,False,False,False,12,1.1,15.0,11.880282645146286,4.393695383001999,59.91402795002726,47.45303909703456,study_results/v4p2_followups_20260806/pseudo65/gp_window_ensemble_20260806/runs/window_3p0/draw_08/attempt_01/results_single.csv,1,1,1,1,single_attempt_outside_55_75MeV,False,,,,,,,window_3p0,8
2021,0.248,0.006788906,0.2327249615,0.2632750385,32306957.309929177,1.64,0.23686619416,0.25913380584,0.02226761168,0.0,1.0,8000,0.000125,True,3792.363249563747,1.5370291808226495e-05,0.1324614269357771,1.114830989671057,1706.1381151703497,1531.8253109099005,True,tilde_q_mu,asymptotic,default,sidak_approx,observed,8.14**2 * RBF(length_scale=0.32),0.0297073002091074,0.4050995483060104,0.1097014762712903,0.320488683343383,0.027006636553734,66.21182316782888,1568.404265113601,367,308,59,416,49,0.04,0.3,0.000625,1.0,1e-08,1e+18,False,False,False,False,12,1.1,15.0,11.867034338234582,4.375859705393982,59.67081416446339,47.20770671200676,study_results/v4p2_followups_20260806/pseudo65/gp_window_ensemble_20260806/runs/window_3p0/draw_08/attempt_01/results_single.csv,1,1,1,1,single_attempt_outside_55_75MeV,False,,,,,,,window_3p0,8
2021,0.249,0.006830210875,0.23363202553125,0.26436797446875,31367919.80580777,1.64,0.237798454165,0.260201545835,0.0224030916699999,0.0,1.0,8000,0.000125,True,3869.0123808551607,1.6085515201343704e-05,0.1160149360441774,1.1951463075803528,1815.439708421486,1519.8143360115323,True,tilde_q_mu,asymptotic,default,sidak_approx,observed,8.15**2 * RBF(length_scale=0.321),0.029767198125712,0.4059163380778918,0.1099226639871329,0.3207124752524993,0.0270610892051927,66.35732215397866,1566.863420922337,367,310,57,416,49,0.04,0.3,0.000625,1.0,1e-08,1e+18,False,False,False,False,12,1.1,15.0,11.851425226112385,4.358166778520153,59.429546979820266,46.95498881687153,study_results/v4p2_followups_20260806/pseudo65/gp_window_ensemble_20260806/runs/window_3p0/draw_08/attempt_01/results_single.csv,1,1,1,1,single_attempt_outside_55_75MeV,False,,,,,,,window_3p0,8
2021,0.25,0.0068716875,0.234538703125,0.265461296875,30463229.35640608,1.64,0.2387304325,0.2612695675,0.022539135,0.0,1.0,8000,0.000125,True,3883.1483384115136,1.655724039089036e-05,0.111124725315818,1.2205684694407597,1845.1603269866748,1511.5072511186124,True,tilde_q_mu,asymptotic,default,sidak_approx,observed,8.1**2 * RBF(length_scale=0.32),0.0298273491207752,0.4067365789196631,0.1101447862571196,0.320476669855931,0.0271157719279775,65.67806814715064,1565.6125847027854,366,311,55,416,50,0.04,0.3,0.000625,1.0,1e-08,1e+18,False,False,False,False,12,1.1,15.0,11.818828934951664,4.3406148956534025,59.19020312254639,46.63725902202785,study_results/v4p2_followups_20260806/pseudo65/gp_window_ensemble_20260806/runs/window_3p0/draw_08/attempt_01/results_single.csv,1,1,1,1,single_attempt_outside_55_75MeV,False,,,,,,,window_3p0,8
2021,0.05,0.0019941875,0.045513078125,0.054486921875,432274745.5035101,1.64,0.0467295325,0.0532704675,0.0065409349999999,0.0,1.0,8000,0.000125,True,21814.358969963156,3.277423092563837e-05,0.0004310334102259,3.3320567274293524,15727.15087228733,4728.339296163414,True,tilde_q_mu,asymptotic,default,sidak_approx,observed,7.36**2 * RBF(length_scale=0.325),0.0430198208653474,0.586633920891102,0.1588612167593829,0.3250273604148174,0.0391089280594068,54.229129687080565,1682.694678228568,402,9,393,416,14,0.04,0.3,0.000625,1.0,1e-08,1e+18,False,False,False,False,12,1.1,15.0,8.310822529349258,21.57260581833327,294.1718975227264,162.98736222888638,study_results/v4p2_followups_20260806/pseudo65/gp_window_ensemble_20260806/runs/window_3p0/draw_09/attempt_01/results_single.csv,1,1,1,1,single_attempt_outside_55_75MeV,False,,,,,,,window_3p0,9
2021,0.051,0.002001485875,0.04649665678125,0.0555033432187499,505722115.71658146,1.64,0.047717563165,0.0542824368349999,0.0065648736699999,0.0,1.0,8000,0.000125,True,18362.49739300165,2.311902672064147e-05,0.0070584952629286,2.454272636525815,12018.691976337208,4916.444638786892,True,tilde_q_mu,asymptotic,default,sidak_approx,observed,7.37**2 * RBF(length_scale=0.326),0.0423437473933882,0.5774147371825666,0.1563646500091317,0.3262671238494822,0.0384943158121711,54.32058488196066,1676.731002833237,401,10,391,416,15,0.04,0.3,0.000625,1.0,1e-08,1e+18,False,False,False,False,12,1.1,15.0,8.475722115479796,21.15615599504954,288.4930362961301,163.01245385980167,study_results/v4p2_followups_20260806/pseudo65/gp_window_ensemble_20260806/runs/window_3p0/draw_09/attempt_01/results_single.csv,1,1,1,1,single_attempt_outside_55_75MeV,False,,,,,,,window_3p0,9
2021,0.052,0.002008956,0.047479849,0.056520151,582496150.2912881,1.64,0.04870531216,0.0552946878399999,0.0065893756799999,0.0,1.0,8000,0.000125,True,9057.00209548596,9.709748637230534e-06,0.3863328222513433,0.2888898849597493,1424.083338189807,4943.673176133487,True,tilde_q_mu,asymptotic,default,sidak_approx,observed,7.72**2 * RBF(length_scale=0.32),0.0416967826910809,0.5685924912420126,0.1539755745145915,0.3195888867518874,0.0379061660828008,59.59252305245073,1673.6148616725775,402,12,390,416,14,0.04,0.3,0.000625,1.0,1e-08,1e+18,False,False,False,False,12,1.1,15.0,8.431052775260605,20.75544844739304,283.02884246445046,159.0820738492468,study_results/v4p2_followups_20260806/pseudo65/gp_window_ensemble_20260806/runs/window_3p0/draw_09/attempt_01/results_single.csv,1,1,1,1,single_attempt_outside_55_75MeV,False,,,,,,,window_3p0,9
2021,0.053,0.002016597875,0.0484626547812499,0.05753734521875,661992830.0519445,1.64,0.049692779485,0.056307220515,0.00661444103,0.0,1.0,8000,0.000125,True,6401.754638785414,5.925019603796874e-06,0.5,0.0,-4792.4613908972715,5095.487700653929,True,tilde_q_mu,asymptotic,default,sidak_approx,observed,7.75**2 * RBF(length_scale=0.318),0.0410773062694674,0.5601450854927381,0.1516880062237032,0.3184073950573602,0.0373430056995158,60.12034043003502,1669.6223475677828,402,14,388,416,14,0.04,0.3,0.000625,1.0,1e-08,1e+18,False,False,False,False,12,1.1,15.0,8.526560438638931,20.369607039017364,277.76736871387317,157.89335048136962,study_results/v4p2_followups_20260806/pseudo65/gp_window_ensemble_20260806/runs/window_3p0/draw_09/attempt_01/results_single.csv,1,1,1,1,single_attempt_outside_55_75MeV,False,,,,,,,window_3p0,9
2021,0.054,0.0020244115,0.049445074125,0.058554925875,743432117.467634,1.64,0.05067996514,0.05732003486,0.00664006972,0.0,1.0,8000,0.000125,True,5786.191244385748,4.680342407514788e-06,0.5,0.0,-11086.702122542152,5497.623307620913,True,tilde_q_mu,asymptotic,default,sidak_approx,observed,7.54**2 * RBF(length_scale=0.317),0.0404838157112043,0.552052032425514,0.1494963970927404,0.3165375017650016,0.0368034688283676,56.7902518314705,1663.6591796628188,401,15,386,416,15,0.04,0.3,0.000625,1.0,1e-08,1e+18,False,False,False,False,12,1.1,15.0,8.600751826985912,19.99781947059892,272.6975382354398,156.3602566795346,study_results/v4p2_followups_20260806/pseudo65/gp_window_ensemble_20260806/runs/window_3p0/draw_09/attempt_01/results_single.csv,1,1,1,1,single_attempt_outside_55_75MeV,False,,,,,,,window_3p0,9
2021,0.055,0.002032396875,0.05042710703125,0.05957289296875,825863093.242175,1.64,0.051666869125,0.058333130875,0.0066662617499999,0.0,1.0,8000,0.000125,True,5783.626299666068,4.134751352970637e-06,0.5,0.0,-12009.556223569256,5603.808426845852,True,tilde_q_mu,asymptotic,default,sidak_approx,observed,7.57**2 * RBF(length_scale=0.317),0.0399149161083646,0.5442943105686093,0.1473955960828078,0.3170885635445522,0.0362862873712406,57.24049953765464,1668.247960333618,402,17,385,416,14,0.04,0.3,0.000625,1.0,1e-08,1e+18,False,False,False,False,12,1.1,15.0,8.738523186471447,19.639331569216612,267.8090668529538,156.01704934945454,study_results/v4p2_followups_20260806/pseudo65/gp_window_ensemble_20260806/runs/window_3p0/draw_09/attempt_01/results_single.csv,2,2,1,2,stable_reproduced,False,attempt_01_full,False,1668.247960333618,1668.2479582182489,study_results/v4p2_followups_20260806/pseudo65/gp_window_ensemble_20260806/runs/window_3p0/draw_09/attempt_01/results_single.csv|study_results/v4p2_followups_20260806/pseudo65/gp_window_ensemble_20260806/central_repeat/window_3p0/draw_09/attempt_02/results_single.csv,1668.24796033|1668.24795822,window_3p0,9
2021,0.056,0.002040554,0.0514087535,0.0605912465,908532582.0907032,1.64,0.05265349144,0.05934650856,0.00669301712,0.0,1.0,8000,0.000125,True,6411.81966140612,4.092349221347475e-06,0.5,0.0,-9900.598886195216,5843.493128898957,True,tilde_q_mu,asymptotic,default,sidak_approx,observed,7.58**2 * RBF(length_scale=0.319),0.0393693106142212,0.5368542356484718,0.1453808142699889,0.3191377002704701,0.0357902823765647,57.43823788623752,1663.0078742372832,401,18,383,416,15,0.04,0.3,0.000625,1.0,1e-08,1e+18,False,False,False,False,12,1.1,15.0,8.916881317467313,19.293442180026243,263.0923933639942,156.39757647701074,study_results/v4p2_followups_20260806/pseudo65/gp_window_ensemble_20260806/runs/window_3p0/draw_09/attempt_01/results_single.csv,2,2,1,2,stable_reproduced,False,attempt_01_full,False,1663.0078742372832,1663.007873964428,study_results/v4p2_followups_20260806/pseudo65/gp_window_ensemble_20260806/runs/window_3p0/draw_09/attempt_01/results_single.csv|study_results/v4p2_followups_20260806/pseudo65/gp_window_ensemble_20260806/central_repeat/window_3p0/draw_09/attempt_02/results_single.csv,1663.00787424|1663.00787396,window_3p0,9
2021,0.057,0.002048882875,0.05239001353125,0.06160998646875,990607086.7484256,1.64,0.053639832085,0.060360167915,0.0067203358299999,0.0,1.0,8000,0.000125,True,7691.398756966569,4.4233261568431435e-06,0.5,0.0,-4459.955078203544,5872.20270082348,True,tilde_q_mu,asymptotic,default,sidak_approx,observed,7.95**2 * RBF(length_scale=0.321),0.0388457919743114,0.5297153451042469,0.1434475935717297,0.3214294646454371,0.0353143563402831,63.25336919139074,1660.1922302764344,401,20,381,416,15,0.04,0.3,0.000625,1.0,1e-08,1e+18,False,False,False,False,12,1.1,15.0,9.101948837696415,18.959498587400432,258.53861710091496,156.8803510280875,study_results/v4p2_followups_20260806/pseudo65/gp_window_ensemble_20260806/runs/window_3p0/draw_09/attempt_01/results_single.csv,2,2,1,2,stable_reproduced,False,attempt_01_full,False,1660.1922302764344,1660.1922287967557,study_results/v4p2_followups_20260806/pseudo65/gp_window_ensemble_20260806/runs/window_3p0/draw_09/attempt_01/results_single.csv|study_results/v4p2_followups_20260806/pseudo65/gp_window_ensemble_20260806/central_repeat/window_3p0/draw_09/attempt_02/results_single.csv,1660.19223028|1660.1922288,window_3p0,9
2021,0.058,0.0020573835,0.053370887125,0.062629112875,1071696160.3165314,1.64,0.05462589106,0.06137410894,0.00674821788,0.0,1.0,8000,0.000125,True,10449.459049756952,5.4590121654071795e-06,0.4276827959206609,0.1822766888232717,1019.539190025382,5968.979174223998,True,tilde_q_mu,asymptotic,default,sidak_approx,observed,8.11**2 * RBF(length_scale=0.32),0.0383432349203511,0.5228622943684247,0.1415917786595051,0.3198971718727491,0.0348574862912283,65.75789490942758,1657.6427987337604,401,21,380,416,15,0.04,0.3,0.000625,1.0,1e-08,1e+18,False,False,False,False,12,1.1,15.0,9.177287461294918,18.63689240258374,254.13944185341464,155.48738087612207,study_results/v4p2_followups_20260806/pseudo65/gp_window_ensemble_20260806/central_repeat/window_3p0/draw_09/attempt_02/results_single.csv,2,2,1,2,stable_reproduced,False,attempt_02_55_75MeV,False,1657.642798127482,1657.6427987337604,study_results/v4p2_followups_20260806/pseudo65/gp_window_ensemble_20260806/runs/window_3p0/draw_09/attempt_01/results_single.csv|study_results/v4p2_followups_20260806/pseudo65/gp_window_ensemble_20260806/central_repeat/window_3p0/draw_09/attempt_02/results_single.csv,1657.64279813|1657.64279873,window_3p0,9
2021,0.059,0.002066055875,0.0543513742812499,0.0636486257187499,1150714335.8014069,1.64,0.055611668365,0.0623883316349999,0.0067766632699999,0.0,1.0,8000,0.000125,True,12540.498244514369,5.998120391768804e-06,0.2670763966015588,0.6216792579718906,3758.7505487391777,6055.112717354447,True,tilde_q_mu,asymptotic,default,sidak_approx,observed,7.93**2 * RBF(length_scale=0.318),0.0378605893261601,0.516280763538548,0.139809491685398,0.3180062201333336,0.0344187175692365,62.86059707452441,1656.564994900914,401,23,378,416,15,0.04,0.3,0.000625,1.0,1e-08,1e+18,False,False,False,False,12,1.1,15.0,9.239339597520846,18.325055863341635,249.88712540920412,153.9194675135945,study_results/v4p2_followups_20260806/pseudo65/gp_window_ensemble_20260806/runs/window_3p0/draw_09/attempt_01/results_single.csv,2,2,1,2,stable_reproduced,False,attempt_01_full,False,1656.564994900914,1656.5649948297385,study_results/v4p2_followups_20260806/pseudo65/gp_window_ensemble_20260806/runs/window_3p0/draw_09/attempt_01/results_single.csv|study_results/v4p2_followups_20260806/pseudo65/gp_window_ensemble_20260806/central_repeat/window_3p0/draw_09/attempt_02/results_single.csv,1656.5649949|1656.56499483,window_3p0,9
2021,0.06,0.0020749,0.055331475,0.064668525,1227565316.6805573,1.64,0.056597164,0.063402836,0.006805672,0.0,1.0,8000,0.000125,True,12962.636221456303,5.715015275001379e-06,0.242930426665847,0.6969072291700585,4244.974176470669,6085.950826226359,True,tilde_q_mu,asymptotic,default,sidak_approx,observed,7.84**2 * RBF(length_scale=0.316),0.0373968740379758,0.5099573732451246,0.1380971094990222,0.3160066121188335,0.0339971582163416,61.45511267433962,1660.762555423524,402,25,377,416,14,0.04,0.3,0.000625,1.0,1e-08,1e+18,False,False,False,False,12,1.1,15.0,9.295089022085868,18.023458498229218,245.77443406676204,152.29968293355512,study_results/v4p2_followups_20260806/pseudo65/gp_window_ensemble_20260806/central_repeat/window_3p0/draw_09/attempt_02/results_single.csv,2,2,1,2,stable_reproduced,False,attempt_02_55_75MeV,False,1660.7625548453786,1660.762555423524,study_results/v4p2_followups_20260806/pseudo65/gp_window_ensemble_20260806/runs/window_3p0/draw_09/attempt_01/results_single.csv|study_results/v4p2_followups_20260806/pseudo65/gp_window_ensemble_20260806/central_repeat/window_3p0/draw_09/attempt_02/results_single.csv,1660.76255485|1660.76255542,window_3p0,9
2021,0.061,0.002083915875,0.05631118928125,0.06568881071875,1300829173.4624946,1.64,0.057582377965,0.064417622035,0.0068352440699999,0.0,1.0,8000,0.000125,True,14057.74600164615,5.752882594261291e-06,0.2068204303488953,0.8175033061226069,5231.824264461948,6330.66157350008,True,tilde_q_mu,asymptotic,default,sidak_approx,observed,7.61**2 * RBF(length_scale=0.315),0.0369511713028735,0.5038796086755482,0.136451243073103,0.3153325570750456,0.0335919739117032,57.90313455677519,1656.5296120185435,401,26,375,416,15,0.04,0.3,0.000625,1.0,1e-08,1e+18,False,False,False,False,12,1.1,15.0,9.387139853820438,17.731604114236877,241.7946015577755,151.31731604810855,study_results/v4p2_followups_20260806/pseudo65/gp_window_ensemble_20260806/runs/window_3p0/draw_09/attempt_01/results_single.csv,2,2,1,2,stable_reproduced,False,attempt_01_full,False,1656.5296120185435,1656.5296118596532,study_results/v4p2_followups_20260806/pseudo65/gp_window_ensemble_20260806/runs/window_3p0/draw_09/attempt_01/results_single.csv|study_results/v4p2_followups_20260806/pseudo65/gp_window_ensemble_20260806/central_repeat/window_3p0/draw_09/attempt_02/results_single.csv,1656.52961202|1656.52961186,window_3p0,9
2021,0.062,0.0020931035,0.057290517125,0.066709482875,1370677132.677513,1.64,0.05856731026,0.06543268974,0.0068653794799999,0.0,1.0,8000,0.000125,True,13249.639573239638,5.062874120854664e-06,0.2705662927906438,0.6111011998018258,3926.528192037636,6408.098302340915,True,tilde_q_mu,asymptotic,default,sidak_approx,observed,7.92**2 * RBF(length_scale=0.317),0.0365226217287332,0.4980357508463617,0.1348687188919183,0.3173237511123578,0.0332023833897574,62.7561185193282,1655.61489470502,401,28,373,416,15,0.04,0.3,0.000625,1.0,1e-08,1e+18,False,False,False,False,12,1.1,15.0,9.557258206055426,17.449028071824063,237.9412918885099,151.60442429739274,study_results/v4p2_followups_20260806/pseudo65/gp_window_ensemble_20260806/runs/window_3p0/draw_09/attempt_01/results_single.csv,2,2,1,2,stable_reproduced,False,attempt_01_full,False,1655.61489470502,1655.6148926370718,study_results/v4p2_followups_20260806/pseudo65/gp_window_ensemble_20260806/runs/window_3p0/draw_09/attempt_01/results_single.csv|study_results/v4p2_followups_20260806/pseudo65/gp_window_ensemble_20260806/central_repeat/window_3p0/draw_09/attempt_02/results_single.csv,1655.61489471|1655.61489264,window_3p0,9
2021,0.063,0.002102462875,0.05826945853125,0.06773054146875,1435772424.1325128,1.64,0.059551960885,0.066448039115,0.0068960782299999,0.0,1.0,8000,0.000125,True,13815.210461091803,4.959652745739496e-06,0.2434832330125537,0.6951417606187313,4510.8522646967385,6489.842654276828,True,tilde_q_mu,asymptotic,default,sidak_approx,observed,7.9**2 * RBF(length_scale=0.317),0.0361104197174945,0.4924148143294715,0.133346562087477,0.3174339925635716,0.0328276542886314,62.44659537973722,1655.358951857577,401,29,372,416,15,0.04,0.3,0.000625,1.0,1e-08,1e+18,False,False,False,False,12,1.1,15.0,9.669712912551976,17.17529481584524,234.20856567061688,150.9819727796961,study_results/v4p2_followups_20260806/pseudo65/gp_window_ensemble_20260806/runs/window_3p0/draw_09/attempt_01/results_single.csv,2,2,1,2,stable_reproduced,False,attempt_01_full,False,1655.358951857577,1655.3589514336325,study_results/v4p2_followups_20260806/pseudo65/gp_window_ensemble_20260806/runs/window_3p0/draw_09/attempt_01/results_single.csv|study_results/v4p2_followups_20260806/pseudo65/gp_window_ensemble_20260806/central_repeat/window_3p0/draw_09/attempt_02/results_single.csv,1655.35895186|1655.35895143,window_3p0,9
2021,0.064,0.002111994,0.0592480135,0.0687519865,1496681634.3969183,1.64,0.06053632984,0.06746367016,0.00692734032,0.0,1.0,8000,0.000125,True,13556.384110126255,4.59572871347452e-06,0.2636209636902012,0.6322218410726932,4137.159539938009,6501.0558527640615,True,tilde_q_mu,asymptotic,default,sidak_approx,observed,8.16**2 * RBF(length_scale=0.32),0.0357138093206567,0.4870064907362281,0.1318819811349368,0.31955350021472,0.0324670993824152,66.56024319382065,1654.39193666008,401,31,370,416,15,0.04,0.3,0.000625,1.0,1e-08,1e+18,False,False,False,False,12,1.1,15.0,9.842379094320824,16.909995634768247,230.59084956502153,151.30417047336306,study_results/v4p2_followups_20260806/pseudo65/gp_window_ensemble_20260806/central_repeat/window_3p0/draw_09/attempt_02/results_single.csv,2,2,1,2,stable_reproduced,False,attempt_02_55_75MeV,False,1654.3919342593983,1654.39193666008,study_results/v4p2_followups_20260806/pseudo65/gp_window_ensemble_20260806/runs/window_3p0/draw_09/attempt_01/results_single.csv|study_results/v4p2_followups_20260806/pseudo65/gp_window_ensemble_20260806/central_repeat/window_3p0/draw_09/attempt_02/results_single.csv,1654.39193426|1654.39193666,window_3p0,9
2021,0.065,0.002121696875,0.06022618203125,0.06977381796875,1552839245.5647416,1.64,0.061520417125,0.068479582875,0.0069591657499999,0.0,1.0,8000,0.000125,True,13568.706876960492,4.365344547438854e-06,0.2690487437967973,0.6156925009498334,4065.790274418033,6584.235498205622,True,tilde_q_mu,asymptotic,default,sidak_approx,observed,8.22**2 * RBF(length_scale=0.321),0.0353320804721528,0.4818010973475384,0.1304723539415717,0.3212686615021412,0.0321200731565025,67.64844532537131,1649.7203037527868,400,32,368,416,16,0.04,0.3,0.000625,1.0,1e-08,1e+18,False,False,False,False,12,1.1,15.0,10.002114874919014,16.652746623927047,227.08290850809607,151.4206224685801,study_results/v4p2_followups_20260806/pseudo65/gp_window_ensemble_20260806/runs/window_3p0/draw_09/attempt_01/results_single.csv,2,2,1,2,stable_reproduced,False,attempt_01_full,False,1649.7203037527868,1649.7203026622017,study_results/v4p2_followups_20260806/pseudo65/gp_window_ensemble_20260806/runs/window_3p0/draw_09/attempt_01/results_single.csv|study_results/v4p2_followups_20260806/pseudo65/gp_window_ensemble_20260806/central_repeat/window_3p0/draw_09/attempt_02/results_single.csv,1649.72030375|1649.72030266,window_3p0,9
2021,0.066,0.0021315715,0.061203964125,0.070796035875,1603730920.886966,1.64,0.06250422274,0.06949577726,0.0069915545199999,0.0,1.0,8000,0.000125,True,12786.761086817602,3.92288010044771e-06,0.3161263615396934,0.4785585345277951,3110.0174702065833,6514.537762235459,True,tilde_q_mu,asymptotic,default,sidak_approx,observed,8.32**2 * RBF(length_scale=0.321),0.0349645655591176,0.4767895303516045,0.1291152151834926,0.320872219287561,0.0317859686901069,69.1632245799885,1655.27368590515,401,34,367,416,15,0.04,0.3,0.000625,1.0,1e-08,1e+18,False,False,False,False,12,1.1,15.0,10.094775541241532,16.403186831461046,223.67982042901423,150.5331720224074,study_results/v4p2_followups_20260806/pseudo65/gp_window_ensemble_20260806/runs/window_3p0/draw_09/attempt_01/results_single.csv,2,2,1,2,stable_reproduced,False,attempt_01_full,False,1655.27368590515,1655.2736843963314,study_results/v4p2_followups_20260806/pseudo65/gp_window_ensemble_20260806/runs/window_3p0/draw_09/attempt_01/results_single.csv|study_results/v4p2_followups_20260806/pseudo65/gp_window_ensemble_20260806/central_repeat/window_3p0/draw_09/attempt_02/results_single.csv,1655.27368591|1655.2736844,window_3p0,9
2021,0.067,0.002141617875,0.06218135978125,0.07181864021875,1649026079.3848028,1.64,0.063487746685,0.070512253315,0.00702450663,0.0,1.0,8000,0.000125,True,12426.499182557716,3.652299559168808e-06,0.3612589100280766,0.3550958039401354,2350.584240926175,6620.569023616836,True,tilde_q_mu,asymptotic,default,sidak_approx,observed,8.14**2 * RBF(length_scale=0.32),0.034610636295701,0.4719632222141046,0.1278082447614374,0.319809759081514,0.0314642148142736,66.27027421186948,1650.096692106293,400,35,365,416,16,0.04,0.3,0.000625,1.0,1e-08,1e+18,False,False,False,False,12,1.1,15.0,10.164237721147051,16.16097656810088,220.37695320137564,149.33091604005875,study_results/v4p2_followups_20260806/pseudo65/gp_window_ensemble_20260806/central_repeat/window_3p0/draw_09/attempt_02/results_single.csv,2,2,1,2,stable_reproduced,False,attempt_02_55_75MeV,False,1650.0966919564369,1650.096692106293,study_results/v4p2_followups_20260806/pseudo65/gp_window_ensemble_20260806/runs/window_3p0/draw_09/attempt_01/results_single.csv|study_results/v4p2_followups_20260806/pseudo65/gp_window_ensemble_20260806/central_repeat/window_3p0/draw_09/attempt_02/results_single.csv,1650.09669196|1650.09669211,window_3p0,9
2021,0.068,0.002151836,0.063158369,0.072841631,1688918784.0019927,1.64,0.06447098896,0.07152901104,0.00705802208,0.0,1.0,8000,0.000125,True,11762.090647103409,3.325728295885627e-06,0.4228923943421292,0.1944994980969854,1292.7899823032628,6652.6972434663585,True,tilde_q_mu,asymptotic,default,sidak_approx,observed,8.01**2 * RBF(length_scale=0.318),0.0342697008691363,0.4673141027609495,0.1265492572619316,0.3184036765245848,0.0311542735173966,64.18186976604929,1651.0816618022848,400,37,363,416,16,0.04,0.3,0.000625,1.0,1e-08,1e+18,False,False,False,False,12,1.1,15.0,10.220224726048814,15.92579586415336,217.1699436020912,147.9683751571146,study_results/v4p2_followups_20260806/pseudo65/gp_window_ensemble_20260806/central_repeat/window_3p0/draw_09/attempt_02/results_single.csv,2,2,1,2,stable_reproduced,False,attempt_02_55_75MeV,False,1651.0816616119976,1651.0816618022848,study_results/v4p2_followups_20260806/pseudo65/gp_window_ensemble_20260806/runs/window_3p0/draw_09/attempt_01/results_single.csv|study_results/v4p2_followups_20260806/pseudo65/gp_window_ensemble_20260806/central_repeat/window_3p0/draw_09/attempt_02/results_single.csv,1651.08166161|1651.0816618,window_3p0,9
2021,0.069,0.002162225875,0.06413499178125,0.07386500821875,1723817535.4749367,1.64,0.065453949565,0.072546050435,0.00709210087,0.0,1.0,8000,0.000125,True,10036.213152771546,2.7399927489678224e-06,0.5,0.0,-1447.940184033974,6587.609457505546,True,tilde_q_mu,asymptotic,default,sidak_approx,observed,7.95**2 * RBF(length_scale=0.318),0.0339412013307978,0.4628345636017883,0.1253361923231284,0.318457046252302,0.0308556375734525,63.187366423464255,1657.5451044103213,401,39,362,416,15,0.04,0.3,0.000625,1.0,1e-08,1e+18,False,False,False,False,12,1.1,15.0,10.32087071590103,15.697343058942815,214.05467807649293,147.28204390408655,study_results/v4p2_followups_20260806/pseudo65/gp_window_ensemble_20260806/central_repeat/window_3p0/draw_09/attempt_02/results_single.csv,2,2,1,2,stable_reproduced,False,attempt_02_55_75MeV,False,1657.54510411387,1657.5451044103213,study_results/v4p2_followups_20260806/pseudo65/gp_window_ensemble_20260806/runs/window_3p0/draw_09/attempt_01/results_single.csv|study_results/v4p2_followups_20260806/pseudo65/gp_window_ensemble_20260806/central_repeat/window_3p0/draw_09/attempt_02/results_single.csv,1657.54510411|1657.54510441,window_3p0,9
2021,0.07,0.0021727875,0.065111228125,0.074888771875,1754023714.83243,1.64,0.0664366285,0.0735633715,0.0071267429999999,0.0,1.0,8000,0.000125,True,8703.926124472477,2.301980378267497e-06,0.5,0.0,-5363.974466221309,6699.274450072032,True,tilde_q_mu,asymptotic,default,sidak_approx,observed,7.9**2 * RBF(length_scale=0.318),0.0336246112080568,0.4585174255644109,0.1241671058160028,0.3175997417988362,0.0305678283709607,62.35415535589574,1651.4854112151736,400,40,360,416,16,0.04,0.3,0.000625,1.0,1e-08,1e+18,False,False,False,False,12,1.1,15.0,10.390000164373935,15.475333509630737,211.02727513132825,146.17156155345896,study_results/v4p2_followups_20260806/pseudo65/gp_window_ensemble_20260806/runs/window_3p0/draw_09/attempt_01/results_single.csv,3,3,1,2,stable_reproduced,False,attempt_01_full,False,1651.4854112151736,1651.485410596889,study_results/v4p2_followups_20260806/pseudo65/gp_window_ensemble_20260806/runs/window_3p0/draw_09/attempt_01/results_single.csv|study_results/v4p2_followups_20260806/pseudo65/gp_window_ensemble_20260806/central_repeat/window_3p0/draw_09/attempt_02/results_single.csv|study_results/v4p2_followups_20260806/pseudo65/gp_window_ensemble_20260806/central_repairs/window_3p0/draw_09/m070/attempt_03/results_single.csv,1651.48541122|1651.4854106|1651.4854103,window_3p0,9
2021,0.071,0.002183520875,0.06608707803125,0.0759129219687499,1779397095.50212,1.64,0.0674190257649999,0.074580974235,0.00716194847,0.0,1.0,8000,0.000125,True,7600.654739408603,1.9536182385740403e-06,0.5,0.0,-9191.19993692209,6579.730284831068,True,tilde_q_mu,asymptotic,default,sidak_approx,observed,8.13**2 * RBF(length_scale=0.321),0.0333194333154327,0.4543559088468107,0.1230401617614922,0.3206044816779965,0.0302903939231207,66.05830033515926,1656.069235657592,401,42,359,416,15,0.04,0.3,0.000625,1.0,1e-08,1e+18,False,False,False,False,12,1.1,15.0,10.584361579836653,15.259498407787282,208.08406919709927,146.8291351590566,study_results/v4p2_followups_20260806/pseudo65/gp_window_ensemble_20260806/central_repeat/window_3p0/draw_09/attempt_02/results_single.csv,2,2,1,2,stable_reproduced,False,attempt_02_55_75MeV,False,1656.069235531627,1656.069235657592,study_results/v4p2_followups_20260806/pseudo65/gp_window_ensemble_20260806/runs/window_3p0/draw_09/attempt_01/results_single.csv|study_results/v4p2_followups_20260806/pseudo65/gp_window_ensemble_20260806/central_repeat/window_3p0/draw_09/attempt_02/results_single.csv,1656.06923553|1656.06923566,window_3p0,9
2021,0.072,0.002194426,0.0670625414999999,0.0769374585,1799737412.7579534,1.64,0.06840114136,0.0755988586399999,0.0071977172799999,0.0,1.0,8000,0.000125,True,7252.418514736042,1.81744442144781e-06,0.4999026019832914,0.000244140625,-11634.999747981356,6651.240574429956,True,tilde_q_mu,asymptotic,default,sidak_approx,observed,8.14**2 * RBF(length_scale=0.32),0.0330251977459068,0.4503436056260024,0.1219536249129291,0.3203031246529935,0.0300229070417334,66.22854364756284,1650.2079696324924,400,43,357,416,16,0.04,0.3,0.000625,1.0,1e-08,1e+18,False,False,False,False,12,1.1,15.0,10.6686246008008,15.049583693369856,205.22159581867984,145.96214438445108,study_results/v4p2_followups_20260806/pseudo65/gp_window_ensemble_20260806/central_repairs/window_3p0/draw_09/m072/attempt_05/results_single.csv,5,5,1,5,stable_reproduced,False,attempt_05_targeted,False,1650.207967689628,1650.2079691153797,study_results/v4p2_followups_20260806/pseudo65/gp_window_ensemble_20260806/runs/window_3p0/draw_09/attempt_01/results_single.csv|study_results/v4p2_followups_20260806/pseudo65/gp_window_ensemble_20260806/central_repeat/window_3p0/draw_09/attempt_02/results_single.csv|study_results/v4p2_followups_20260806/pseudo65/gp_window_ensemble_20260806/central_repairs/window_3p0/draw_09/m072/attempt_03/results_single.csv|study_results/v4p2_followups_20260806/pseudo65/gp_window_ensemble_20260806/central_repairs/window_3p0/draw_09/m072/attempt_04/results_single.csv|study_results/v4p2_followups_20260806/pseudo65/gp_window_ensemble_20260806/central_repairs/window_3p0/draw_09/m072/attempt_05/results_single.csv,1650.20796769|1650.20796912|1650.20796899|1650.20796881|1650.20796963,window_3p0,9
2021,0.073,0.002205502875,0.06803761853125,0.07796238146875,1816424226.8941772,1.64,0.069382975285,0.076617024715,0.00723404943,0.0,1.0,8000,0.000125,True,7547.2187963374945,1.8482755424642384e-06,0.5,0.0,-9862.85356826718,6633.617896078521,True,tilde_q_mu,asymptotic,default,sidak_approx,observed,8.02**2 * RBF(length_scale=0.319),0.0327414600253253,0.4464744548907995,0.1209058539407253,0.3185190826728102,0.0297649636593866,64.3269933782551,1650.554983495281,400,45,355,416,16,0.04,0.3,0.000625,1.0,1e-08,1e+18,False,False,False,False,12,1.1,15.0,10.70114132567948,14.845349056879057,202.43657804835075,144.42016207882304,study_results/v4p2_followups_20260806/pseudo65/gp_window_ensemble_20260806/central_repeat/window_3p0/draw_09/attempt_02/results_single.csv,2,2,1,2,stable_reproduced,False,attempt_02_55_75MeV,False,1650.554982934524,1650.554983495281,study_results/v4p2_followups_20260806/pseudo65/gp_window_ensemble_20260806/runs/window_3p0/draw_09/attempt_01/results_single.csv|study_results/v4p2_followups_20260806/pseudo65/gp_window_ensemble_20260806/central_repeat/window_3p0/draw_09/attempt_02/results_single.csv,1650.55498293|1650.5549835,window_3p0,9
2021,0.074,0.0022167515,0.0690123091249999,0.078987690875,1829200851.2260096,1.64,0.07036452754,0.07763547246,0.0072709449199999,0.0,1.0,8000,0.000125,True,8099.486736286843,1.943051475238389e-06,0.5,0.0,-6882.021998744578,6571.098519026437,True,tilde_q_mu,asymptotic,default,sidak_approx,observed,8.19**2 * RBF(length_scale=0.321),0.0324677994146582,0.442742719290794,0.1198952951630456,0.3211045579684768,0.0295161812860529,67.0093487906736,1652.7437044672208,400,46,354,416,16,0.04,0.3,0.000625,1.0,1e-08,1e+18,False,False,False,False,12,1.1,15.0,10.87893297769539,14.646567021453794,199.72591392891536,144.85365543610857,study_results/v4p2_followups_20260806/pseudo65/gp_window_ensemble_20260806/runs/window_3p0/draw_09/attempt_01/results_single.csv,2,2,1,2,stable_reproduced,False,attempt_01_full,False,1652.7437044672208,1652.743703984983,study_results/v4p2_followups_20260806/pseudo65/gp_window_ensemble_20260806/runs/window_3p0/draw_09/attempt_01/results_single.csv|study_results/v4p2_followups_20260806/pseudo65/gp_window_ensemble_20260806/central_repeat/window_3p0/draw_09/attempt_02/results_single.csv,1652.74370447|1652.74370398,window_3p0,9
2021,0.075,0.002228171875,0.06998661328125,0.08001338671875,1838368958.6354597,1.64,0.071345798125,0.078654201875,0.0073084037499999,0.0,1.0,8000,0.000125,True,9738.917303139877,2.293700232084349e-06,0.4999026019832914,0.000244140625,-1917.967947682554,6544.622611827263,True,tilde_q_mu,asymptotic,default,sidak_approx,observed,8.17**2 * RBF(length_scale=0.32),0.032203817346461,0.4391429638153776,0.1189204767720596,0.3203217005044926,0.0292761975876918,66.67034423086562,1651.5492440963455,400,48,352,416,16,0.04,0.3,0.000625,1.0,1e-08,1e+18,False,False,False,False,12,1.1,15.0,10.941369675656263,14.45302209752604,197.08666496626415,143.7598706358739,study_results/v4p2_followups_20260806/pseudo65/gp_window_ensemble_20260806/runs/window_3p0/draw_09/attempt_01/results_single.csv,2,2,1,2,stable_reproduced,False,attempt_01_full,False,1651.5492440963455,1651.5492438294991,study_results/v4p2_followups_20260806/pseudo65/gp_window_ensemble_20260806/runs/window_3p0/draw_09/attempt_01/results_single.csv|study_results/v4p2_followups_20260806/pseudo65/gp_window_ensemble_20260806/central_repeat/window_3p0/draw_09/attempt_02/results_single.csv,1651.5492441|1651.54924383,window_3p0,9
2021,0.076,0.002239764,0.070960531,0.081039469,1844398591.748667,1.64,0.0723267870399999,0.07967321296,0.00734642592,0.0,1.0,8000,0.000125,True,41609.51191910129,9.639270535883816e-06,0.2724777411580121,0.605336427072918,12039.246838388806,20254.736862697835,True,tilde_q_mu,asymptotic,default,sidak_approx,observed,1**2 * RBF(length_scale=0.118),0.0319491359833398,0.4356700361364529,0.1179800035107226,0.1179800035107226,0.0290446690757635,1.0,1036.340813186779,400,50,350,416,16,0.04,0.3,0.000625,1.0,1e-08,1e+18,False,False,False,False,12,1.1,15.0,4.06201920231798,14.264510003437811,194.51604550142468,52.675194132383005,study_results/v4p2_followups_20260806/pseudo65/gp_window_ensemble_20260806/runs/window_3p0/draw_09/attempt_01/results_single.csv,1,1,1,1,single_attempt_outside_55_75MeV,False,,,,,,,window_3p0,9
2021,0.077,0.002251527875,0.07193406228125,0.08206593771875,1847461207.5520144,1.64,0.073307494285,0.080692505715,0.00738501143,0.0,1.0,8000,0.000125,True,15407.646287977965,3.5171441541945754e-06,0.1712071006626772,0.9494059185847292,6319.51599234943,6518.010380144349,True,tilde_q_mu,asymptotic,default,sidak_approx,observed,7.83**2 * RBF(length_scale=0.316),0.0317033968874435,0.4323190484651396,0.1170725517595489,0.3156424990707828,0.0288212698976759,61.28329009736961,1651.5772795563191,400,51,349,416,16,0.04,0.3,0.000625,1.0,1e-08,1e+18,False,False,False,False,12,1.1,15.0,10.951720732341323,14.080836946086476,192.0114129011792,140.1903581010663,study_results/v4p2_followups_20260806/pseudo65/gp_window_ensemble_20260806/runs/window_3p0/draw_09/attempt_01/results_single.csv,1,1,1,1,single_attempt_outside_55_75MeV,False,,,,,,,window_3p0,9
2021,0.078,0.0022634635,0.072907207125,0.083092792875,1847769944.3645077,1.64,0.07428791986,0.08171208014,0.00742416028,0.0,1.0,8000,0.000125,True,28716.99163532469,6.4701799928049e-06,0.5,0.0,-9292.937276298027,20217.69172395406,True,tilde_q_mu,asymptotic,default,sidak_approx,observed,1**2 * RBF(length_scale=0.116),0.0314662597911359,0.4290853607882172,0.1161968649970184,0.1161968649970184,0.0286056907192144,1.0,1025.8113197013397,400,53,347,416,16,0.04,0.3,0.000625,1.0,1e-08,1e+18,False,False,False,False,12,1.1,15.0,4.06201920231798,13.901818956274722,189.57025849465532,51.335868679578205,study_results/v4p2_followups_20260806/pseudo65/gp_window_ensemble_20260806/runs/window_3p0/draw_09/attempt_01/results_single.csv,1,1,1,1,single_attempt_outside_55_75MeV,False,,,,,,,window_3p0,9
2021,0.079,0.002275570875,0.07387996553125,0.08412003446875,1845689661.7151537,1.64,0.075268063765,0.082731936235,0.0074638724699999,0.0,1.0,8000,0.000125,True,17561.799386374627,3.911138208253969e-06,0.0863726442504666,1.3634355342972353,8908.414237165432,6532.27746077008,True,tilde_q_mu,asymptotic,default,sidak_approx,observed,7.75**2 * RBF(length_scale=0.315),0.0312374014599871,0.4259645653634614,0.1153517496008941,0.3148539627059424,0.0283976376908974,60.13502319238949,1645.1424374057683,399,54,345,416,17,0.04,0.3,0.000625,1.0,1e-08,1e+18,False,False,False,False,12,1.1,15.0,11.0873293804599,13.727281273973578,187.1901991905488,138.36262634796748,study_results/v4p2_followups_20260806/pseudo65/gp_window_ensemble_20260806/runs/window_3p0/draw_09/attempt_01/results_single.csv,1,1,1,1,single_attempt_outside_55_75MeV,False,,,,,,,window_3p0,9
2021,0.08,0.00228785,0.0748523375,0.0851476625,1840971776.2432177,1.64,0.076247926,0.083752074,0.0075041479999999,0.0,1.0,8000,0.000125,True,16997.001677183962,3.7476163231531503e-06,0.0943651080442903,1.3143447445857723,8425.317903177573,6413.989144025676,True,tilde_q_mu,asymptotic,default,sidak_approx,observed,7.93**2 * RBF(length_scale=0.317),0.0310165146400847,0.4229524723647926,0.1145360709609101,0.3171940109090227,0.0281968314909861,62.948006383393995,1649.6605197552155,400,56,344,416,16,0.04,0.3,0.000625,1.0,1e-08,1e+18,False,False,False,False,12,1.1,15.0,11.24927852302915,13.55705777917468,184.8689697160183,138.64283537339543,study_results/v4p2_followups_20260806/pseudo65/gp_window_ensemble_20260806/runs/window_3p0/draw_09/attempt_01/results_single.csv,1,1,1,1,single_attempt_outside_55_75MeV,False,,,,,,,window_3p0,9
2021,0.081,0.002300300875,0.07582432303125,0.08617567696875,1834117166.8439004,1.64,0.077227506565,0.084772493435,0.0075449868699999,0.0,1.0,8000,0.000125,True,16782.726472086943,3.668346439686122e-06,0.1053879628726608,1.2514346949249595,8073.867522331143,6439.519405690225,True,tilde_q_mu,asymptotic,default,sidak_approx,observed,7.88**2 * RBF(length_scale=0.317),0.030803307082474,0.4200450965791913,0.113748749876279,0.317132912159376,0.0280030064386127,62.02811868393229,1643.6721678905271,399,57,342,416,17,0.04,0.3,0.000625,1.0,1e-08,1e+18,False,False,False,False,12,1.1,15.0,11.32495944157225,13.390990464442623,182.6044154242176,137.865839902085,study_results/v4p2_followups_20260806/pseudo65/gp_window_ensemble_20260806/runs/window_3p0/draw_09/attempt_01/results_single.csv,1,1,1,1,single_attempt_outside_55_75MeV,False,,,,,,,window_3p0,9
2021,0.082,0.0023129235,0.076795922125,0.087204077875,1825600864.265104,1.64,0.07820680546,0.08579319454,0.00758638908,0.0,1.0,8000,0.000125,True,14444.092812910209,3.133217239135341e-06,0.1940911055596758,0.8629186222478521,5513.733315930941,6383.854126110417,True,tilde_q_mu,asymptotic,default,sidak_approx,observed,8.04**2 * RBF(length_scale=0.319),0.0305975006382008,0.4172386450663756,0.1129887592139169,0.3187746294195909,0.0278159096710917,64.67980820587367,1642.4398668231418,399,59,340,416,17,0.04,0.3,0.000625,1.0,1e-08,1e+18,False,False,False,False,12,1.1,15.0,11.460154752763106,13.228928945639955,180.39448562236305,137.82324811849196,study_results/v4p2_followups_20260806/pseudo65/gp_window_ensemble_20260806/runs/window_3p0/draw_09/attempt_01/results_single.csv,1,1,1,1,single_attempt_outside_55_75MeV,False,,,,,,,window_3p0,9
2021,0.083,0.002325717875,0.07776713478125,0.08823286521875,1815668681.2943528,1.64,0.079185822685,0.086814177315,0.00762835463,0.0,1.0,8000,0.000125,True,11241.02471517519,2.422206303082606e-06,0.4243430723673802,0.1907950783856537,1213.996135166307,6365.035725052641,True,tilde_q_mu,asymptotic,default,sidak_approx,observed,7.94**2 * RBF(length_scale=0.316),0.030398830418065,0.4145295057008868,0.1122551208056255,0.3161012954297755,0.0276353003800591,63.093394498878254,1645.2827319623996,399,60,339,416,17,0.04,0.3,0.000625,1.0,1e-08,1e+18,False,False,False,False,12,1.1,15.0,11.438315888828388,13.070730007639057,178.2372273768962,135.915580659058,study_results/v4p2_followups_20260806/pseudo65/gp_window_ensemble_20260806/runs/window_3p0/draw_09/attempt_01/results_single.csv,1,1,1,1,single_attempt_outside_55_75MeV,False,,,,,,,window_3p0,9
2021,0.084,0.002338684,0.078737961,0.089262039,1803665927.1918256,1.64,0.08016455824,0.08783544176,0.00767088352,0.0,1.0,8000,0.000125,True,9908.032637645583,2.1235963164004446e-06,0.5,0.0,-812.6519969386261,6309.153447574364,True,tilde_q_mu,asymptotic,default,sidak_approx,observed,7.98**2 * RBF(length_scale=0.317),0.0302070440117673,0.4119142365241002,0.111546902564603,0.3173087408274039,0.0274609491016066,63.75204910784563,1645.3461973541196,399,62,337,416,17,0.04,0.3,0.000625,1.0,1e-08,1e+18,False,False,False,False,12,1.1,15.0,11.554908013315492,12.916257182144893,176.13077975652126,135.6783305600089,study_results/v4p2_followups_20260806/pseudo65/gp_window_ensemble_20260806/runs/window_3p0/draw_09/attempt_01/results_single.csv,1,1,1,1,single_attempt_outside_55_75MeV,False,,,,,,,window_3p0,9
2021,0.085,0.002351821875,0.07970840078125,0.09029159921875,1790440672.4133158,1.64,0.081143012125,0.088856987875,0.0077139757499999,0.0,1.0,8000,0.000125,True,8448.060754653927,1.8025947002451353e-06,0.5,0.0,-3745.8097042524096,6206.515163496743,True,tilde_q_mu,asymptotic,default,sidak_approx,observed,7.93**2 * RBF(length_scale=0.316),0.0300219007615834,0.4093895558397742,0.1108632158033061,0.3162095266729106,0.0272926370559849,62.92083622315613,1651.0036299298783,400,64,336,416,16,0.04,0.3,0.000625,1.0,1e-08,1e+18,False,False,False,False,12,1.1,15.0,11.585891316558202,12.76538035499965,174.07336847726796,134.45300855232102,study_results/v4p2_followups_20260806/pseudo65/gp_window_ensemble_20260806/runs/window_3p0/draw_09/attempt_01/results_single.csv,1,1,1,1,single_attempt_outside_55_75MeV,False,,,,,,,window_3p0,9
2021,0.086,0.0023651315,0.080678454125,0.091321545875,1775696555.8627672,1.64,0.0821211843399999,0.08987881566,0.00775763132,0.0,1.0,8000,0.000125,True,7899.1841199392275,1.679712504381492e-06,0.4999026019832914,0.000244140625,-5667.5691936075955,6228.060922209628,True,tilde_q_mu,asymptotic,default,sidak_approx,observed,7.9**2 * RBF(length_scale=0.316),0.0298431710861948,0.4069523329935665,0.1102032127365311,0.3156870969454969,0.0271301555329044,62.41429331349889,1645.2924146198172,399,65,334,416,17,0.04,0.3,0.000625,1.0,1e-08,1e+18,False,False,False,False,12,1.1,15.0,11.636022379695545,12.61797540060452,172.0633009173344,133.47549467989282,study_results/v4p2_followups_20260806/pseudo65/gp_window_ensemble_20260806/runs/window_3p0/draw_09/attempt_01/results_single.csv,1,1,1,1,single_attempt_outside_55_75MeV,False,,,,,,,window_3p0,9
2021,0.087,0.002378612875,0.0816481210312499,0.09235187896875,1760136602.064715,1.64,0.083099074885,0.0909009251149999,0.0078018502299999,0.0,1.0,8000,0.000125,True,7438.715121825413,1.5774377224762845e-06,0.5,0.0,-7352.544143771867,6198.6375998934955,True,tilde_q_mu,asymptotic,default,sidak_approx,observed,7.8**2 * RBF(length_scale=0.314),0.0296706358506726,0.4045995797818991,0.1095660841549239,0.3137886564377608,0.0269733053187932,60.88496642237624,1644.6928983781274,399,67,332,416,17,0.04,0.3,0.000625,1.0,1e-08,1e+18,False,False,False,False,12,1.1,15.0,11.633303843527584,12.47392384129452,170.098961472198,131.9208601516381,study_results/v4p2_followups_20260806/pseudo65/gp_window_ensemble_20260806/runs/window_3p0/draw_09/attempt_01/results_single.csv,1,1,1,1,single_attempt_outside_55_75MeV,False,,,,,,,window_3p0,9
2021,0.088,0.002392266,0.0826174014999999,0.0933825985,1743632625.119082,1.64,0.0840766837599999,0.09192331624,0.00784663248,0.0,1.0,8000,0.000125,True,7379.255450409053,1.561689923595121e-06,0.5,0.0,-7366.982734493175,6158.89750018614,True,tilde_q_mu,asymptotic,default,sidak_approx,observed,7.77**2 * RBF(length_scale=0.313),0.0295040857789749,0.4023284424405671,0.1089510572554845,0.3134104385603961,0.0268218961627044,60.43268745469734,1644.7884520314483,399,68,331,416,17,0.04,0.3,0.000625,1.0,1e-08,1e+18,False,False,False,False,12,1.1,15.0,11.68487256304383,12.33311252969984,168.17880722317963,131.00986201383796,study_results/v4p2_followups_20260806/pseudo65/gp_window_ensemble_20260806/runs/window_3p0/draw_09/attempt_01/results_single.csv,1,1,1,1,single_attempt_outside_55_75MeV,False,,,,,,,window_3p0,9
2021,0.089,0.002406090875,0.08358629553125,0.09441370446875,1725874782.225614,1.64,0.085054010965,0.092945989035,0.00789197807,0.0,1.0,8000,0.000125,True,7851.592620539965,1.6598864912974936e-06,0.5,0.0,-5153.998164533382,6095.003383945843,True,tilde_q_mu,asymptotic,default,sidak_approx,observed,7.96**2 * RBF(length_scale=0.316),0.0293433209056615,0.4001361941681125,0.1083573936168872,0.3161817670125416,0.0266757462778741,63.393375464016984,1643.4687210651266,399,70,329,416,17,0.04,0.3,0.000625,1.0,1e-08,1e+18,False,False,False,False,12,1.1,15.0,11.852780563998474,12.1954333523091,166.3013638951241,131.40890491617097,study_results/v4p2_followups_20260806/pseudo65/gp_window_ensemble_20260806/runs/window_3p0/draw_09/attempt_01/results_single.csv,1,1,1,1,single_attempt_outside_55_75MeV,False,,,,,,,window_3p0,9
2021,0.09,0.0024200875,0.084554803125,0.095445196875,1707421799.183081,1.64,0.0860310565,0.0939689435,0.007937887,0.0,1.0,8000,0.000125,True,8823.635839628578,1.8645935035212731e-06,0.5,0.0,-2355.1199350013553,6099.151924161672,True,tilde_q_mu,asymptotic,default,sidak_approx,observed,8.02**2 * RBF(length_scale=0.317),0.0291881500637943,0.3980202281426503,0.1077843873084286,0.3167572360683796,0.0265346818761766,64.31203629384783,1638.4962685791916,398,71,327,416,18,0.04,0.3,0.000625,1.0,1e-08,1e+18,False,False,False,False,12,1.1,15.0,11.937480070291322,12.060782952597524,164.46522208087532,130.88668738976568,study_results/v4p2_followups_20260806/pseudo65/gp_window_ensemble_20260806/runs/window_3p0/draw_09/attempt_01/results_single.csv,1,1,1,1,single_attempt_outside_55_75MeV,False,,,,,,,window_3p0,9
2021,0.091,0.002434255875,0.08552292428125,0.09647707571875,1688209960.037576,1.64,0.087007820365,0.094992179635,0.0079843592699999,0.0,1.0,8000,0.000125,True,10771.860171027463,2.2768938223741895e-06,0.4073732916071858,0.234307088549813,1408.0551080381076,6009.979316508016,True,tilde_q_mu,asymptotic,default,sidak_approx,observed,8.02**2 * RBF(length_scale=0.316),0.0290383904062669,0.3959780509945498,0.1072313631224206,0.3163563772963556,0.0263985367329699,64.30229075218413,1645.214071667577,399,73,326,416,17,0.04,0.3,0.000625,1.0,1e-08,1e+18,False,False,False,False,12,1.1,15.0,11.983860336518116,11.929062472229626,162.66903371222216,129.96019873890847,study_results/v4p2_followups_20260806/pseudo65/gp_window_ensemble_20260806/runs/window_3p0/draw_09/attempt_01/results_single.csv,1,1,1,1,single_attempt_outside_55_75MeV,False,,,,,,,window_3p0,9
2021,0.092,0.002448596,0.086490659,0.097509341,1668257878.789034,1.64,0.08798430256,0.0960156974399999,0.0080313948799999,0.0,1.0,8000,0.000125,True,11924.8156608529,2.5230193677441996e-06,0.3074180339674507,0.5031823569828484,3024.679885810438,6006.119196383845,True,tilde_q_mu,asymptotic,default,sidak_approx,observed,8.02**2 * RBF(length_scale=0.318),0.0288938669580575,0.3940072767007851,0.1066976749207735,0.317601581378396,0.0262671517800523,64.38944458942736,1642.187075835036,398,74,324,416,18,0.04,0.3,0.000625,1.0,1e-08,1e+18,False,False,False,False,12,1.1,15.0,12.091207453241552,11.800177308979343,160.9115087588092,129.70762893445715,study_results/v4p2_followups_20260806/pseudo65/gp_window_ensemble_20260806/runs/window_3p0/draw_09/attempt_01/results_single.csv,1,1,1,1,single_attempt_outside_55_75MeV,False,,,,,,,window_3p0,9
2021,0.093,0.002463107875,0.08745800728125,0.09854199271875,1647188801.3305027,1.64,0.088960503085,0.097039496915,0.0080789938299999,0.0,1.0,8000,0.000125,True,12059.588170064517,2.5563838756471796e-06,0.2868831006893949,0.5625135102239036,3316.077859703601,5954.626278436119,True,tilde_q_mu,asymptotic,default,sidak_approx,observed,8.07**2 * RBF(length_scale=0.319),0.0287544121970801,0.3921056208692741,0.106182704087187,0.3186181562085985,0.0261403747246182,65.14393590045879,1642.9069189716574,398,76,322,416,18,0.04,0.3,0.000625,1.0,1e-08,1e+18,False,False,False,False,12,1.1,15.0,12.188737138053837,11.674036890113918,159.19141213791704,129.3561518123109,study_results/v4p2_followups_20260806/pseudo65/gp_window_ensemble_20260806/runs/window_3p0/draw_09/attempt_01/results_single.csv,1,1,1,1,single_attempt_outside_55_75MeV,False,,,,,,,window_3p0,9
2021,0.094,0.0024777915,0.088424969125,0.099575030875,1625450307.8031468,1.64,0.08993642194,0.09806357806,0.00812715612,0.0,1.0,8000,0.000125,True,10955.533033052545,2.3283694054328613e-06,0.372535875939915,0.3251444458915488,1918.0061787846248,5898.797162393005,True,tilde_q_mu,asymptotic,default,sidak_approx,observed,8.2**2 * RBF(length_scale=0.32),0.0286198656615447,0.3902708953847011,0.1056858580772325,0.3195115652138073,0.0260180596923134,67.28382351059746,1639.0228497094736,398,77,321,416,18,0.04,0.3,0.000625,1.0,1e-08,1e+18,False,False,False,False,12,1.1,15.0,12.280376361354936,11.550554460108833,157.50756081966588,128.95014177496665,study_results/v4p2_followups_20260806/pseudo65/gp_window_ensemble_20260806/runs/window_3p0/draw_09/attempt_01/results_single.csv,1,1,1,1,single_attempt_outside_55_75MeV,False,,,,,,,window_3p0,9
2021,0.095,0.002492646875,0.08939154453125,0.10060845546875,1603496027.5520115,1.64,0.090912059125,0.099087940875,0.00817588175,0.0,1.0,8000,0.000125,True,9656.804283378344,2.058552075838722e-06,0.5,0.0,-5.292483301666671,5873.611492195335,True,tilde_q_mu,asymptotic,default,sidak_approx,observed,8.04**2 * RBF(length_scale=0.317),0.0284900735818755,0.3885010033892122,0.1052065690591188,0.3169349231503138,0.0259000668926141,64.60768598003645,1639.5601309947783,398,79,319,416,18,0.04,0.3,0.000625,1.0,1e-08,1e+18,False,False,False,False,12,1.1,15.0,12.236838015298456,11.429646881640853,155.85882111328436,127.14794314790932,study_results/v4p2_followups_20260806/pseudo65/gp_window_ensemble_20260806/runs/window_3p0/draw_09/attempt_01/results_single.csv,1,1,1,1,single_attempt_outside_55_75MeV,False,,,,,,,window_3p0,9
2021,0.096,0.002507674,0.0903577335,0.1016422665,1581239228.7143855,1.64,0.09188741464,0.10011258536,0.00822517072,0.0,1.0,8000,0.000125,True,8208.422389224983,1.7559445811513492e-06,0.5,0.0,-2784.7458582250206,5818.111404447002,True,tilde_q_mu,asymptotic,default,sidak_approx,observed,8.08**2 * RBF(length_scale=0.317),0.0283648885354218,0.3867939345739346,0.1047442926386298,0.3174711500687429,0.0257862623049289,65.35162701894463,1639.8246440671528,398,81,317,416,18,0.04,0.3,0.000625,1.0,1e-08,1e+18,False,False,False,False,12,1.1,15.0,12.311638899603498,11.311234448904392,154.24410612142353,126.59984913060586,study_results/v4p2_followups_20260806/pseudo65/gp_window_ensemble_20260806/runs/window_3p0/draw_09/attempt_01/results_single.csv,1,1,1,1,single_attempt_outside_55_75MeV,False,,,,,,,window_3p0,9
2021,0.097,0.002522872875,0.09132353603125,0.10267646396875,1558363770.3660083,1.64,0.092862488485,0.101137511515,0.0082750230299999,0.0,1.0,8000,0.000125,True,7573.383577529488,1.6269316143909283e-06,0.5,0.0,-4360.83703576574,5766.17030934066,True,tilde_q_mu,asymptotic,default,sidak_approx,observed,8.12**2 * RBF(length_scale=0.318),0.02824416912233,0.3851477607590459,0.104298506662201,0.3181358006803105,0.0256765173839363,65.88362516651371,1639.7698629901502,398,82,316,416,18,0.04,0.3,0.000625,1.0,1e-08,1e+18,False,False,False,False,12,1.1,15.0,12.390146059268185,11.195240712368449,152.66237335047882,126.10060690446424,study_results/v4p2_followups_20260806/pseudo65/gp_window_ensemble_20260806/runs/window_3p0/draw_09/attempt_01/results_single.csv,1,1,1,1,single_attempt_outside_55_75MeV,False,,,,,,,window_3p0,9
2021,0.098,0.0025382435,0.092288952125,0.103711047875,1534811175.2125387,1.64,0.09383728066,0.10216271934,0.0083254386799999,0.0,1.0,8000,0.000125,True,7577.611701715221,1.6359545753379178e-06,0.4999026019832914,0.000244140625,-4090.153097057153,5713.267429857882,True,tilde_q_mu,asymptotic,default,sidak_approx,observed,8.14**2 * RBF(length_scale=0.319),0.0281277796610786,0.3835606317419815,0.1038687100926096,0.3186531294270319,0.0255707087827987,66.2792126794259,1640.0487822720415,398,84,314,416,18,0.04,0.3,0.000625,1.0,1e-08,1e+18,False,False,False,False,12,1.1,15.0,12.461646336584444,11.081592314164752,151.11262246588296,125.54080387757593,study_results/v4p2_followups_20260806/pseudo65/gp_window_ensemble_20260806/runs/window_3p0/draw_09/attempt_01/results_single.csv,1,1,1,1,single_attempt_outside_55_75MeV,False,,,,,,,window_3p0,9
2021,0.099,0.002553785875,0.09325398178125,0.10474601821875,1511028905.8514876,1.64,0.094811791165,0.103188208835,0.0083764176699999,0.0,1.0,8000,0.000125,True,8255.413931556172,1.7920528315506886e-06,0.5,0.0,-2216.02601071439,5707.521378332561,True,tilde_q_mu,asymptotic,default,sidak_approx,observed,8.11**2 * RBF(length_scale=0.318),0.0280155899022987,0.3820307713949833,0.1034544219521848,0.3182863790995942,0.0254687180929988,65.85215712291568,1634.6546397380348,397,85,312,416,19,0.04,0.3,0.000625,1.0,1e-08,1e+18,False,False,False,False,12,1.1,15.0,12.497149559603791,10.970218833361969,149.59389318220866,124.63315042009704,study_results/v4p2_followups_20260806/pseudo65/gp_window_ensemble_20260806/runs/window_3p0/draw_09/attempt_01/results_single.csv,1,1,1,1,single_attempt_outside_55_75MeV,False,,,,,,,window_3p0,9
2021,0.1,0.0025695,0.094218625,0.105781375,1487397833.440122,1.64,0.09578602,0.10421398,0.00842796,0.0,1.0,8000,0.000125,True,9122.790183165753,1.9916841354561985e-06,0.5,0.0,-168.0371504637352,5617.58193612774,True,tilde_q_mu,asymptotic,default,sidak_approx,observed,8.1**2 * RBF(length_scale=0.318),0.027907474759607,0.3805564739946421,0.1030551803288439,0.3183579879295924,0.0253704315996428,65.5706338533124,1641.1257359902156,398,87,311,416,18,0.04,0.3,0.000625,1.0,1e-08,1e+18,False,False,False,False,12,1.1,15.0,12.548386757995662,10.861052640438642,148.10526327870872,123.8988083010673,study_results/v4p2_followups_20260806/pseudo65/gp_window_ensemble_20260806/runs/window_3p0/draw_09/attempt_01/results_single.csv,1,1,1,1,single_attempt_outside_55_75MeV,False,,,,,,,window_3p0,9
2021,0.101,0.002585385875,0.09518288178125,0.10681711821875,1463545807.7925766,1.64,0.096759967165,0.105240032835,0.00848006567,0.0,1.0,8000,0.000125,True,10301.621340133206,2.2630690779457453e-06,0.3811800854456743,0.3023829235159982,1695.3587505813114,5607.594038625795,True,tilde_q_mu,asymptotic,default,sidak_approx,observed,8.12**2 * RBF(length_scale=0.319),0.0278033140562975,0.3791361007676941,0.1026705414406892,0.3189402818454115,0.0252757400511796,65.94393419701986,1635.4501471245148,397,88,309,416,19,0.04,0.3,0.000625,1.0,1e-08,1e+18,False,False,False,False,12,1.1,15.0,12.618434957773935,10.754028760328694,146.64584673175492,123.36273858748898,study_results/v4p2_followups_20260806/pseudo65/gp_window_ensemble_20260806/runs/window_3p0/draw_09/attempt_01/results_single.csv,1,1,1,1,single_attempt_outside_55_75MeV,False,,,,,,,window_3p0,9
2021,0.102,0.0026014435,0.096146752125,0.1078532478749999,1439773239.9828668,1.64,0.09773363266,0.1062663673399999,0.0085327346799999,0.0,1.0,8000,0.000125,True,10834.9244843485,2.3958054123386016e-06,0.3200288422761723,0.4676181479703806,2543.795996043677,5558.11966863176,True,tilde_q_mu,asymptotic,default,sidak_approx,observed,8.2**2 * RBF(length_scale=0.32),0.0277029922867878,0.3777680766380165,0.1023000787550902,0.3195572693983619,0.0251845384425344,67.1812160686112,1635.759720701853,397,90,307,416,19,0.04,0.3,0.000625,1.0,1e-08,1e+18,False,False,False,False,12,1.1,15.0,12.688629181254251,10.649084743446428,145.21479195608765,122.83844311758529,study_results/v4p2_followups_20260806/pseudo65/gp_window_ensemble_20260806/runs/window_3p0/draw_09/attempt_01/results_single.csv,1,1,1,1,single_attempt_outside_55_75MeV,False,,,,,,,window_3p0,9
2021,0.103,0.002617672875,0.0971102360312499,0.10888976396875,1415306075.6792226,1.64,0.098707016485,0.107292983515,0.00858596703,0.0,1.0,8000,0.000125,True,12014.40733902116,2.6762992882642896e-06,0.2250722827965318,0.7551740353567931,4152.022750789598,5524.028694086034,True,tilde_q_mu,asymptotic,default,sidak_approx,observed,8.03**2 * RBF(length_scale=0.317),0.0276063983918545,0.3764508871616523,0.1019433821586847,0.3174877494836579,0.0250967258107768,64.40632312251988,1634.092060502354,397,91,306,416,19,0.04,0.3,0.000625,1.0,1e-08,1e+18,False,False,False,False,12,1.1,15.0,12.650564534889448,10.546160544164444,143.81128014769695,121.28625869023374,study_results/v4p2_followups_20260806/pseudo65/gp_window_ensemble_20260806/runs/window_3p0/draw_09/attempt_01/results_single.csv,1,1,1,1,single_attempt_outside_55_75MeV,False,,,,,,,window_3p0,9
2021,0.104,0.002634074,0.0980733335,0.1099266664999999,1390650623.4117515,1.64,0.09968011864,0.10831988136,0.00863976272,0.0,1.0,8000,0.000125,True,12675.578660753072,2.8460094817261647e-06,0.1790014904248273,0.9191770352643104,5046.658706247977,5487.708063308498,True,tilde_q_mu,asymptotic,default,sidak_approx,observed,7.92**2 * RBF(length_scale=0.316),0.0275134255467139,0.3751830756370089,0.1016000571748166,0.3163296415504152,0.0250122050424672,62.77029758711949,1634.5696561626,397,93,304,416,19,0.04,0.3,0.000625,1.0,1e-08,1e+18,False,False,False,False,12,1.1,15.0,12.64701136958262,10.445198406238394,142.4345237214326,120.09140272840293,study_results/v4p2_followups_20260806/pseudo65/gp_window_ensemble_20260806/runs/window_3p0/draw_09/attempt_01/results_single.csv,1,1,1,1,single_attempt_outside_55_75MeV,False,,,,,,,window_3p0,9
2021,0.105,0.002650646875,0.0990360445312499,0.11096395546875,1366191403.4118524,1.64,0.100652939125,0.109347060875,0.00869412175,0.0,1.0,8000,0.000125,True,12388.920766433766,2.8044813104136724e-06,0.1912993415198304,0.873118148045015,4750.309055976114,5476.004081904354,True,tilde_q_mu,asymptotic,default,sidak_approx,observed,7.92**2 * RBF(length_scale=0.316),0.0274239709611162,0.3739632403788584,0.1012697242253318,0.3162897386030215,0.0249308826919238,62.73077650140487,1629.2341194534742,396,94,302,416,20,0.04,0.3,0.000625,1.0,1e-08,1e+18,False,False,False,False,12,1.1,15.0,12.686664267426057,10.346142754725216,141.08376483716202,119.3254905382376,study_results/v4p2_followups_20260806/pseudo65/gp_window_ensemble_20260806/runs/window_3p0/draw_09/attempt_01/results_single.csv,1,1,1,1,single_attempt_outside_55_75MeV,False,,,,,,,window_3p0,9
2021,0.106,0.0026673915,0.099998369125,0.112001630875,1341676381.151068,1.64,0.10162547794,0.11037452206,0.0087490441199999,0.0,1.0,8000,0.000125,True,11518.5469134117,2.6300498350803227e-06,0.2406500023154841,0.7042132115828692,3797.4950040998046,5383.795733518275,True,tilde_q_mu,asymptotic,default,sidak_approx,observed,8.09**2 * RBF(length_scale=0.318),0.0273379356906521,0.3727900321452559,0.1009520179337844,0.3183371030525756,0.0248526688096837,65.38614792002141,1632.2722465635445,397,96,301,416,19,0.04,0.3,0.000625,1.0,1e-08,1e+18,False,False,False,False,12,1.1,15.0,12.808970557260112,10.248940093965247,139.758274008617,119.34397446065776,study_results/v4p2_followups_20260806/pseudo65/gp_window_ensemble_20260806/runs/window_3p0/draw_09/attempt_01/results_single.csv,1,1,1,1,single_attempt_outside_55_75MeV,False,,,,,,,window_3p0,9
2021,0.107,0.002684307875,0.10096030728125,0.11303969271875,1317225676.2626095,1.64,0.102597735085,0.111402264915,0.0088045298299999,0.0,1.0,8000,0.000125,True,10829.355062552597,2.4950459594575805e-06,0.2871319326432459,0.5617830157490147,3000.8003313307117,5339.002949498872,True,tilde_q_mu,asymptotic,default,sidak_approx,observed,8.07**2 * RBF(length_scale=0.318),0.0272552244585561,0.3716621517075835,0.1006465864674015,0.3180400720864851,0.0247774767805055,65.10267765695401,1632.570982937441,397,98,299,416,19,0.04,0.3,0.000625,1.0,1e-08,1e+18,False,False,False,False,12,1.1,15.0,12.835853904894496,10.153538911238387,138.45734878961437,118.48122007483404,study_results/v4p2_followups_20260806/pseudo65/gp_window_ensemble_20260806/runs/window_3p0/draw_09/attempt_01/results_single.csv,1,1,1,1,single_attempt_outside_55_75MeV,False,,,,,,,window_3p0,9
2021,0.108,0.002701396,0.101921859,0.114078141,1292640439.8447058,1.64,0.10356971056,0.11243028944,0.0088605788799999,0.0,1.0,8000,0.000125,True,9774.624961705342,2.2736234041679555e-06,0.3793740683482073,0.3071251218529267,1570.8581887981004,5331.082266945258,True,tilde_q_mu,asymptotic,default,sidak_approx,observed,8.04**2 * RBF(length_scale=0.317),0.0271757454873275,0.3705783475544666,0.1003530909153006,0.3174648566374405,0.0247052231702977,64.57867984556779,1628.530428755923,396,99,297,416,20,0.04,0.3,0.000625,1.0,1e-08,1e+18,False,False,False,False,12,1.1,15.0,12.8501108631602,10.059889585728104,137.18031253265593,117.51881495250622,study_results/v4p2_followups_20260806/pseudo65/gp_window_ensemble_20260806/runs/window_3p0/draw_09/attempt_01/results_single.csv,1,1,1,1,single_attempt_outside_55_75MeV,False,,,,,,,window_3p0,9
2021,0.109,0.002718655875,0.10288302428125,0.11511697571875,1268214292.8765628,1.64,0.104541404365,0.1134585956349999,0.0089171912699999,0.0,1.0,8000,0.000125,True,9026.676531538433,2.1204530482591957e-06,0.4682981210379154,0.0795486437170623,625.1573156210641,5245.027338474344,True,tilde_q_mu,asymptotic,default,sidak_approx,observed,8.05**2 * RBF(length_scale=0.318),0.0270994103395402,0.3695374137210039,0.1000712047006427,0.3179280705523807,0.0246358275814002,64.87746049800634,1634.6411732372271,397,101,296,416,19,0.04,0.3,0.000625,1.0,1e-08,1e+18,False,False,False,False,12,1.1,15.0,12.905110230289663,9.967944302454349,135.92651321528655,116.94310908414651,study_results/v4p2_followups_20260806/pseudo65/gp_window_ensemble_20260806/runs/window_3p0/draw_09/attempt_01/results_single.csv,1,1,1,1,single_attempt_outside_55_75MeV,False,,,,,,,window_3p0,9
2021,0.11,0.0027360875,0.103843803125,0.116156196875,1243647528.4440663,1.64,0.1055128165,0.1144871835,0.008974367,0.0,1.0,8000,0.000125,True,8119.393677292043,1.9273186543587628e-06,0.4957983944748267,0.0105320579150991,-869.0882524340033,5236.401161092738,True,tilde_q_mu,asymptotic,default,sidak_approx,observed,8.02**2 * RBF(length_scale=0.317),0.0270261337672677,0.3685381877354698,0.0998006130245964,0.3172168276040408,0.0245692125156979,64.30887261892865,1629.061399437604,396,102,294,416,20,0.04,0.3,0.000625,1.0,1e-08,1e+18,False,False,False,False,12,1.1,15.0,12.911151604934902,9.87765697086361,134.69532232995832,115.938115138511,study_results/v4p2_followups_20260806/pseudo65/gp_window_ensemble_20260806/runs/window_3p0/draw_09/attempt_01/results_single.csv,1,1,1,1,single_attempt_outside_55_75MeV,False,,,,,,,window_3p0,9
2021,0.111,0.002753690875,0.10480419553125,0.11719580446875,1219296431.1209323,1.64,0.106483946965,0.115516053035,0.0090321060699999,0.0,1.0,8000,0.000125,True,7508.639672081816,1.8015607205872647e-06,0.5,0.0,-2028.580292358506,5189.194776785384,True,tilde_q_mu,asymptotic,default,sidak_approx,observed,7.99**2 * RBF(length_scale=0.317),0.0269558335695793,0.3675795486760824,0.0995410123401082,0.3167240606907092,0.0245053032450721,63.89367068232476,1628.9378491850985,396,104,292,416,20,0.04,0.3,0.000625,1.0,1e-08,1e+18,False,False,False,False,12,1.1,15.0,12.924715010592662,9.788983147783204,133.4861338334073,115.01801584417468,study_results/v4p2_followups_20260806/pseudo65/gp_window_ensemble_20260806/runs/window_3p0/draw_09/attempt_01/results_single.csv,1,1,1,1,single_attempt_outside_55_75MeV,False,,,,,,,window_3p0,9
2021,0.112,0.002771466,0.1057642015,0.1182357985,1195083180.8359652,1.64,0.10745479576,0.11654520424,0.00909040848,0.0,1.0,8000,0.000125,True,6847.1985828664565,1.6611799801347164e-06,0.5,0.0,-3668.0853362120906,5152.020719578182,True,tilde_q_mu,asymptotic,default,sidak_approx,observed,7.88**2 * RBF(length_scale=0.315),0.0268884304576102,0.3666604153310482,0.0992921098536402,0.3149199459779861,0.0244440276887365,62.12702609064457,1629.7573822904296,396,105,291,416,20,0.04,0.3,0.000625,1.0,1e-08,1e+18,False,False,False,False,12,1.1,15.0,12.88330834787496,9.70187996447014,132.29836315186554,113.62937376030814,study_results/v4p2_followups_20260806/pseudo65/gp_window_ensemble_20260806/runs/window_3p0/draw_09/attempt_01/results_single.csv,1,1,1,1,single_attempt_outside_55_75MeV,False,,,,,,,window_3p0,9
2021,0.113,0.002789412875,0.10672382103125,0.11927617896875,1171074447.656905,1.64,0.108425362885,0.117574637115,0.00914927423,0.0,1.0,8000,0.000125,True,6643.82878766597,1.6303295703709288e-06,0.4999026019832914,0.000244140625,-4044.59314874706,5099.594320246248,True,tilde_q_mu,asymptotic,default,sidak_approx,observed,7.94**2 * RBF(length_scale=0.316),0.0268238479267369,0.3657797444555033,0.0990536230531478,0.315664926887472,0.0243853162970335,63.028001108224,1629.987394389348,396,107,289,416,20,0.04,0.3,0.000625,1.0,1e-08,1e+18,False,False,False,False,12,1.1,15.0,12.94487727952384,9.616306057502122,131.1314462386653,113.16536526973334,study_results/v4p2_followups_20260806/pseudo65/gp_window_ensemble_20260806/runs/window_3p0/draw_09/attempt_01/results_single.csv,1,1,1,1,single_attempt_outside_55_75MeV,False,,,,,,,window_3p0,9
2021,0.114,0.0028075315,0.107683054125,0.120316945875,1146935681.7505815,1.64,0.10939564834,0.11860435166,0.00920870332,0.0,1.0,8000,0.000125,True,143592.44209557437,3.566215541466586e-05,0.1359239978046518,1.0988167706230765,60394.00761317312,59981.11487099646,True,tilde_q_mu,asymptotic,default,sidak_approx,observed,1.77**2 * RBF(length_scale=0.0711),0.0267620121354335,0.3649365291195483,0.0988252792607253,0.0711317453343117,0.0243291019413032,3.143307912764548,1171.257372389896,395,108,287,416,21,0.04,0.3,0.000625,1.0,1e-08,1e+18,False,False,False,False,12,1.1,15.0,2.9237308268067306,9.532221503279144,129.9848386810792,25.336045324624745,study_results/v4p2_followups_20260806/pseudo65/gp_window_ensemble_20260806/runs/window_3p0/draw_09/attempt_01/results_single.csv,1,1,1,1,single_attempt_outside_55_75MeV,False,,,,,,,window_3p0,9
2021,0.115,0.002825821875,0.10864190078125,0.12135809921875,1123372222.1676126,1.64,0.110365652125,0.119634347875,0.00926869575,0.0,1.0,8000,0.000125,True,6384.142788144043,1.6047263829642816e-06,0.5,0.0,-4407.147619193658,4999.062191328994,True,tilde_q_mu,asymptotic,default,sidak_approx,observed,7.96**2 * RBF(length_scale=0.316),0.026702851790388,0.3641297971416546,0.0986068152083701,0.3161817279467991,0.0242753198094436,63.35088499413143,1629.8952773464548,396,110,286,416,20,0.04,0.3,0.000625,1.0,1e-08,1e+18,False,False,False,False,12,1.1,15.0,13.024822347501985,9.4495877559119,128.85801485334406,111.89018343443854,study_results/v4p2_followups_20260806/pseudo65/gp_window_ensemble_20260806/runs/window_3p0/draw_09/attempt_01/results_single.csv,1,1,1,1,single_attempt_outside_55_75MeV,False,,,,,,,window_3p0,9
2021,0.116,0.002844284,0.109600361,0.122399639,1099793946.70252,1.64,0.11133537424,0.12066462576,0.0093292515199999,0.0,1.0,8000,0.000125,True,6366.702851681335,1.6205602746120136e-06,0.5,0.0,-4415.497167243092,4987.462587194733,True,tilde_q_mu,asymptotic,default,sidak_approx,observed,7.89**2 * RBF(length_scale=0.315),0.0266462980375249,0.3633586096026131,0.0983979766355584,0.3151642359232767,0.0242239073068408,62.219710579430895,1624.4274417791307,395,111,284,416,21,0.04,0.3,0.000625,1.0,1e-08,1e+18,False,False,False,False,12,1.1,15.0,13.01046242999261,9.368367588301648,127.75046711320428,110.80617685269004,study_results/v4p2_followups_20260806/pseudo65/gp_window_ensemble_20260806/runs/window_3p0/draw_09/attempt_01/results_single.csv,1,1,1,1,single_attempt_outside_55_75MeV,False,,,,,,,window_3p0,9
2021,0.117,0.002862917875,0.11055843478125,0.12344156521875,1076409135.485572,1.64,0.112304814685,0.121695185315,0.00939037063,0.0,1.0,8000,0.000125,True,6667.0274126684635,1.7190516524288464e-06,0.5,0.0,-3139.7475218310233,4929.882755469358,True,tilde_q_mu,asymptotic,default,sidak_approx,observed,8.01**2 * RBF(length_scale=0.317),0.0265922843585697,0.3626220594350426,0.0981985179072823,0.3168665019838845,0.0241748039623361,64.17801729530372,1625.1784759856478,395,113,282,416,21,0.04,0.3,0.000625,1.0,1e-08,1e+18,False,False,False,False,12,1.1,15.0,13.107303888691536,9.288525036216694,126.66170503931852,110.67956393401066,study_results/v4p2_followups_20260806/pseudo65/gp_window_ensemble_20260806/runs/window_3p0/draw_09/attempt_01/results_single.csv,1,1,1,1,single_attempt_outside_55_75MeV,False,,,,,,,window_3p0,9
2021,0.118,0.0028817235,0.1115161221249999,0.124483877875,1053178929.4199272,1.64,0.11327397346,0.1227260265399999,0.0094520530799999,0.0,1.0,8000,0.000125,True,7129.229044758735,1.8628518642694817e-06,0.5,0.0,-1728.6512700302983,4882.420736628176,True,tilde_q_mu,asymptotic,default,sidak_approx,observed,8.02**2 * RBF(length_scale=0.317),0.0265407464728296,0.3619192700840412,0.0980082016513522,0.3167437006750678,0.024127951338936,64.28249432704094,1626.3791498315504,395,114,281,416,21,0.04,0.3,0.000625,1.0,1e-08,1e+18,False,False,False,False,12,1.1,15.0,13.127666589907612,9.21002534519002,125.59125470713664,109.91467456023032,study_results/v4p2_followups_20260806/pseudo65/gp_window_ensemble_20260806/runs/window_3p0/draw_09/attempt_01/results_single.csv,1,1,1,1,single_attempt_outside_55_75MeV,False,,,,,,,window_3p0,9
2021,0.119,0.002900700875,0.1124734230312499,0.12552657696875,1030627124.242168,1.64,0.114242850565,0.1237571494349999,0.0095142988699999,0.0,1.0,8000,0.000125,True,7727.052652998624,2.0459040597434575e-06,0.5,0.0,-396.35183891148773,4837.291096578043,True,tilde_q_mu,asymptotic,default,sidak_approx,observed,8.02**2 * RBF(length_scale=0.317),0.0264916222438949,0.3612493942349304,0.0978267984138683,0.3169805867280164,0.0240832929489953,64.2940244080363,1628.8440885430764,395,116,279,416,21,0.04,0.3,0.000625,1.0,1e-08,1e+18,False,False,False,False,12,1.1,15.0,13.161845740918055,9.13283492007596,124.53865800103584,109.27724035937224,study_results/v4p2_followups_20260806/pseudo65/gp_window_ensemble_20260806/runs/window_3p0/draw_09/attempt_01/results_single.csv,1,1,1,1,single_attempt_outside_55_75MeV,False,,,,,,,window_3p0,9
2021,0.12,0.00291985,0.1134303374999999,0.1265696624999999,1008026180.837055,1.64,0.115211446,0.124788554,0.009577108,0.0,1.0,8000,0.000125,True,8370.18847260924,2.246994975304467e-06,0.4388134480130202,0.1539782360600867,708.4292023030064,4816.064685901276,True,tilde_q_mu,asymptotic,default,sidak_approx,observed,8.02**2 * RBF(length_scale=0.317),0.0264448515909636,0.3606116126040493,0.0976540863317667,0.3171122572800769,0.0240407741736032,64.26118036836333,1623.6644019946448,394,117,277,416,22,0.04,0.3,0.000625,1.0,1e-08,1e+18,False,False,False,False,12,1.1,15.0,13.19060089288911,9.05692127710794,123.5034719605628,108.60566716786032,study_results/v4p2_followups_20260806/pseudo65/gp_window_ensemble_20260806/runs/window_3p0/draw_09/attempt_01/results_single.csv,1,1,1,1,single_attempt_outside_55_75MeV,False,,,,,,,window_3p0,9
2021,0.121,0.002939170875,0.1143868655312499,0.12761313446875,985440224.1699862,1.64,0.116179759765,0.125820240235,0.0096404804699999,0.0,1.0,8000,0.000125,True,8960.141683564609,2.440164717035806e-06,0.3547716991311483,0.3724693901491141,1760.627645281278,4741.718045051229,True,tilde_q_mu,asymptotic,default,sidak_approx,observed,8.06**2 * RBF(length_scale=0.318),0.0264003764045369,0.3600051327891407,0.0974898508215015,0.3176416757972784,0.0240003421859427,65.0369883416598,1627.9021971168067,395,119,276,416,21,0.04,0.3,0.000625,1.0,1e-08,1e+18,False,False,False,False,12,1.1,15.0,13.234881125291828,8.982252998317762,122.48526815887854,108.07186424548333,study_results/v4p2_followups_20260806/pseudo65/gp_window_ensemble_20260806/runs/window_3p0/draw_09/attempt_01/results_single.csv,1,1,1,1,single_attempt_outside_55_75MeV,False,,,,,,,window_3p0,9
2021,0.122,0.0029586635,0.115343007125,0.128656992875,963312661.4875358,1.64,0.11714779186,0.12685220814,0.00970441628,0.0,1.0,8000,0.000125,True,9503.289288266496,2.625831008307126e-06,0.2858306026901326,0.5656066512192934,2621.011646334079,4700.402738696724,True,tilde_q_mu,asymptotic,default,sidak_approx,observed,8.01**2 * RBF(length_scale=0.317),0.0263581404662262,0.3594291881758127,0.0973338842829142,0.3167506377614678,0.0239619458783875,64.21071989191775,1628.8533989528655,395,121,274,416,21,0.04,0.3,0.000625,1.0,1e-08,1e+18,False,False,False,False,12,1.1,15.0,13.218902979292729,8.908799688178892,121.48363211153033,107.05868976362731,study_results/v4p2_followups_20260806/pseudo65/gp_window_ensemble_20260806/runs/window_3p0/draw_09/attempt_01/results_single.csv,1,1,1,1,single_attempt_outside_55_75MeV,False,,,,,,,window_3p0,9
2021,0.123,0.002978327875,0.11629876228125,0.12970123771875,941612336.1342888,1.64,0.118115542285,0.127884457715,0.00976891543,0.0,1.0,8000,0.000125,True,9396.696668927614,2.6346193598706285e-06,0.2951133712736764,0.5385074798928736,2510.3677127499313,4675.5801366389105,True,tilde_q_mu,asymptotic,default,sidak_approx,observed,8.09**2 * RBF(length_scale=0.318),0.026318089372443,0.3588830368969509,0.0971859858174404,0.3179193180365796,0.02392553579313,65.4451170282679,1624.4345246497403,394,122,272,416,22,0.04,0.3,0.000625,1.0,1e-08,1e+18,False,False,False,False,12,1.1,15.0,13.287866185545004,8.836531932349143,120.49816271385194,106.7442307830462,study_results/v4p2_followups_20260806/pseudo65/gp_window_ensemble_20260806/runs/window_3p0/draw_09/attempt_01/results_single.csv,1,1,1,1,single_attempt_outside_55_75MeV,False,,,,,,,window_3p0,9
2021,0.124,0.002998164,0.117254131,0.130745869,920037116.668702,1.64,0.1190830110399999,0.12891698896,0.00983397792,0.0,1.0,8000,0.000125,True,9050.752522940014,2.576188152619677e-06,0.3167211340478365,0.4768874514492832,2196.7008080424275,4605.20616700977,True,tilde_q_mu,asymptotic,default,sidak_approx,observed,8.07**2 * RBF(length_scale=0.317),0.0262801704617562,0.3583659608421308,0.0970459609598579,0.3174740031342874,0.023891064056142,65.07472832517617,1630.6953191459045,395,124,271,416,21,0.04,0.3,0.000625,1.0,1e-08,1e+18,False,False,False,False,12,1.1,15.0,13.288399478074703,8.765421258395557,119.52847170539395,105.88947206833495,study_results/v4p2_followups_20260806/pseudo65/gp_window_ensemble_20260806/runs/window_3p0/draw_09/attempt_01/results_single.csv,1,1,1,1,single_attempt_outside_55_75MeV,False,,,,,,,window_3p0,9
2021,0.125,0.003018171875,0.11820911328125,0.13179088671875,898531012.9433209,1.64,0.120050198125,0.129949801875,0.00989960375,0.0,1.0,8000,0.000125,True,9106.780318699057,2.6329444588116887e-06,0.3081902921111524,0.500986556460988,2301.2779392823973,4593.596644112475,True,tilde_q_mu,asymptotic,default,sidak_approx,observed,7.97**2 * RBF(length_scale=0.316),0.0262443327457108,0.3578772647142392,0.0969136214228183,0.3157581667386936,0.0238584843142826,63.54762908164275,1626.2050977599474,394,125,269,416,22,0.04,0.3,0.000625,1.0,1e-08,1e+18,False,False,False,False,12,1.1,15.0,13.234628092014573,8.695440098390975,118.57418315987692,104.6190143623592,study_results/v4p2_followups_20260806/pseudo65/gp_window_ensemble_20260806/runs/window_3p0/draw_09/attempt_01/results_single.csv,1,1,1,1,single_attempt_outside_55_75MeV,False,,,,,,,window_3p0,9
2021,0.126,0.0030383515,0.119163709125,0.132836290875,877660484.0400469,1.64,0.12101710354,0.13098289646,0.0099657929199999,0.0,1.0,8000,0.000125,True,8679.226386342976,2.54861273235022e-06,0.3464406870095431,0.3949478518189877,1815.484570914301,4545.832028112178,True,tilde_q_mu,asymptotic,default,sidak_approx,observed,7.96**2 * RBF(length_scale=0.316),0.0262105268429174,0.3574162751306931,0.0967887848534561,0.3158822191345312,0.0238277516753795,63.33559451945063,1625.2746476124084,394,127,267,416,22,0.04,0.3,0.000625,1.0,1e-08,1e+18,False,False,False,False,12,1.1,15.0,13.256904110719027,8.626561753278871,117.63493299925732,103.96500178946748,study_results/v4p2_followups_20260806/pseudo65/gp_window_ensemble_20260806/runs/window_3p0/draw_09/attempt_01/results_single.csv,1,1,1,1,single_attempt_outside_55_75MeV,False,,,,,,,window_3p0,9
2021,0.127,0.003058702875,0.12011791853125,0.13388208146875,857126402.643784,1.64,0.121983727285,0.132016272715,0.0100325454299999,0.0,1.0,8000,0.000125,True,8774.904496729803,2.61766295156506e-06,0.3255156843249223,0.4523298587543807,2048.7802962464852,4498.159195809211,True,tilde_q_mu,asymptotic,default,sidak_approx,observed,7.96**2 * RBF(length_scale=0.316),0.0261787049162304,0.3569823397667782,0.0966712746014036,0.315963007391627,0.0237988226511185,63.34038704163161,1625.29951549222,394,128,266,416,22,0.04,0.3,0.000625,1.0,1e-08,1e+18,False,False,False,False,12,1.1,15.0,13.27641337655738,8.558760358908806,116.71036853057464,103.29967319615083,study_results/v4p2_followups_20260806/pseudo65/gp_window_ensemble_20260806/runs/window_3p0/draw_09/attempt_01/results_single.csv,1,1,1,1,single_attempt_outside_55_75MeV,False,,,,,,,window_3p0,9
2021,0.128,0.003079226,0.1210717415,0.1349282585,836870911.2847852,1.64,0.12295006936,0.13304993064,0.01009986128,0.0,1.0,8000,0.000125,True,8700.626149719183,2.6375578149185115e-06,0.3235442330088792,0.4578106746702293,2062.7093382871453,4447.3120260694295,True,tilde_q_mu,asymptotic,default,sidak_approx,observed,8.03**2 * RBF(length_scale=0.317),0.0261488206128557,0.3565748265389423,0.0965609194976257,0.3170016834331347,0.0237716551025961,64.54017443377779,1625.3423478859313,394,130,264,416,22,0.04,0.3,0.000625,1.0,1e-08,1e+18,False,False,False,False,12,1.1,15.0,13.335280276656638,8.492010853654708,115.80014800438238,102.94849531445068,study_results/v4p2_followups_20260806/pseudo65/gp_window_ensemble_20260806/runs/window_3p0/draw_09/attempt_01/results_single.csv,1,1,1,1,single_attempt_outside_55_75MeV,False,,,,,,,window_3p0,9
2021,0.129,0.003099920875,0.12202517803125,0.13597482196875,816661383.882061,1.64,0.123916129765,0.134083870235,0.01016774047,0.0,1.0,8000,0.000125,True,8949.170021989892,2.758487057297108e-06,0.320669222678219,0.4658282457231955,2461.1481976472087,4424.454164099919,True,tilde_q_mu,asymptotic,default,sidak_approx,observed,8.02**2 * RBF(length_scale=0.317),0.0261208290072193,0.3561931228257187,0.096457553643445,0.3167184081510648,0.0237462081883812,64.30769082937765,1620.3118015772757,393,131,262,416,23,0.04,0.3,0.000625,1.0,1e-08,1e+18,False,False,False,False,12,1.1,15.0,13.337641346294252,8.426288947526562,114.90394019354402,102.16983623850231,study_results/v4p2_followups_20260806/pseudo65/gp_window_ensemble_20260806/runs/window_3p0/draw_09/attempt_01/results_single.csv,1,1,1,1,single_attempt_outside_55_75MeV,False,,,,,,,window_3p0,9
2021,0.13,0.0031207875,0.122978228125,0.137021771875,796778619.4646972,1.64,0.1248819085,0.1351180915,0.010236183,0.0,1.0,8000,0.000125,True,8733.952601367913,2.738102669187218e-06,0.2971084745819206,0.5327351231478153,2319.2571150968456,4353.012123861262,True,tilde_q_mu,asymptotic,default,sidak_approx,observed,8.03**2 * RBF(length_scale=0.317),0.0260946865464589,0.3558366347244401,0.0963610162092589,0.3169305468321587,0.0237224423149626,64.52006506754303,1625.964286634357,394,133,261,416,22,0.04,0.3,0.000625,1.0,1e-08,1e+18,False,False,False,False,12,1.1,15.0,13.359945937449204,8.36157109269982,114.0214239913612,101.5546706823706,study_results/v4p2_followups_20260806/pseudo65/gp_window_ensemble_20260806/runs/window_3p0/draw_09/attempt_01/results_single.csv,1,1,1,1,single_attempt_outside_55_75MeV,False,,,,,,,window_3p0,9
2021,0.131,0.003141825875,0.12393089178125,0.13806910821875,777717056.7816086,1.64,0.125847405565,0.136152594435,0.0103051888699999,0.0,1.0,8000,0.000125,True,8090.573328842394,2.5787325425683948e-06,0.3657002334392158,0.3432631947036636,1489.762823017876,4324.119450174144,True,tilde_q_mu,asymptotic,default,sidak_approx,observed,8.1**2 * RBF(length_scale=0.318),0.0260703509983903,0.3555047863416871,0.0962711512423922,0.3180122270395736,0.0237003190894458,65.5945747691805,1619.3441650301063,393,134,259,416,23,0.04,0.3,0.000625,1.0,1e-08,1e+18,False,False,False,False,12,1.1,15.0,13.41805677127741,8.297834455383493,113.1522880279567,101.2189216372704,study_results/v4p2_followups_20260806/pseudo65/gp_window_ensemble_20260806/runs/window_3p0/draw_09/attempt_01/results_single.csv,1,1,1,1,single_attempt_outside_55_75MeV,False,,,,,,,window_3p0,9
2021,0.132,0.003163036,0.124883169,0.139116831,758729637.4451472,1.64,0.12681262096,0.13718737904,0.0103747580799999,0.0,1.0,8000,0.000125,True,7169.4130922813,2.3245695610675095e-06,0.4786276526766749,0.0535981815385513,226.86176256617873,4272.216785656682,True,tilde_q_mu,asymptotic,default,sidak_approx,observed,8.2**2 * RBF(length_scale=0.319),0.0260477814018274,0.3551970191158293,0.0961878074836403,0.319406729624971,0.0236798012743886,67.16053611444715,1618.754685736062,393,136,257,416,23,0.04,0.3,0.000625,1.0,1e-08,1e+18,False,False,False,False,12,1.1,15.0,13.488573063762656,8.235056888959685,112.2962303039957,100.98106048270428,study_results/v4p2_followups_20260806/pseudo65/gp_window_ensemble_20260806/runs/window_3p0/draw_09/attempt_01/results_single.csv,1,1,1,1,single_attempt_outside_55_75MeV,False,,,,,,,window_3p0,9
2021,0.133,0.003184417875,0.12583505978125,0.14016494021875,740120080.2932594,1.64,0.127777554685,0.138222445315,0.0104448906299999,0.0,1.0,8000,0.000125,True,6651.406959930436,2.1942171963514287e-06,0.5,0.0,-541.9010133086979,4232.896214955907,True,tilde_q_mu,asymptotic,default,sidak_approx,observed,8.08**2 * RBF(length_scale=0.318),0.0260269380191233,0.3549127911698635,0.0961108381920171,0.3177613608791036,0.0236608527446575,65.34115958507704,1615.7422576554932,393,137,256,416,23,0.04,0.3,0.000625,1.0,1e-08,1e+18,False,False,False,False,12,1.1,15.0,13.429835530794708,8.173216908325301,111.45295784079954,99.7863262148356,study_results/v4p2_followups_20260806/pseudo65/gp_window_ensemble_20260806/runs/window_3p0/draw_09/attempt_01/results_single.csv,1,1,1,1,single_attempt_outside_55_75MeV,False,,,,,,,window_3p0,9
2021,0.134,0.0032059715,0.126786564125,0.141213435875,721731213.3148873,1.64,0.12874220674,0.13925779326,0.01051558652,0.0,1.0,8000,0.000125,True,6205.515287724311,2.083615049346504e-06,0.4999311292015692,0.0001726334915006,-1317.9152740865547,4193.973140717009,True,tilde_q_mu,asymptotic,default,sidak_approx,observed,8.02**2 * RBF(length_scale=0.317),0.0260077822908281,0.3546515766931113,0.0960401009773177,0.3168844344384361,0.0236434384462074,64.25601185108376,1617.4942482846386,393,139,254,416,23,0.04,0.3,0.000625,1.0,1e-08,1e+18,False,False,False,False,12,1.1,15.0,13.402637486903544,8.112293665376676,110.62218634604557,98.841937440316,study_results/v4p2_followups_20260806/pseudo65/gp_window_ensemble_20260806/runs/window_3p0/draw_09/attempt_01/results_single.csv,1,1,1,1,single_attempt_outside_55_75MeV,False,,,,,,,window_3p0,9
2021,0.135,0.003227696875,0.12773768203125,0.14226231796875,703839749.1336825,1.64,0.129706577125,0.140293422875,0.01058684575,0.0,1.0,8000,0.000125,True,5745.221297686385,1.9634467412278245e-06,0.4963233575081122,0.0092161064883676,-2343.379199781507,4167.836736985691,True,tilde_q_mu,asymptotic,default,sidak_approx,observed,8.06**2 * RBF(length_scale=0.317),0.025990276792342,0.3544128653501188,0.0959754576400479,0.3174229745898974,0.0236275243566745,64.95463569864593,1612.267733994529,392,140,252,416,24,0.04,0.3,0.000625,1.0,1e-08,1e+18,False,False,False,False,12,1.1,15.0,13.434457618079987,8.052266925574306,109.80363989419509,98.34348976463204,study_results/v4p2_followups_20260806/pseudo65/gp_window_ensemble_20260806/runs/window_3p0/draw_09/attempt_01/results_single.csv,1,1,1,1,single_attempt_outside_55_75MeV,False,,,,,,,window_3p0,9
2021,0.136,0.003249594,0.1286884135,0.1433115865,686424779.2721932,1.64,0.13067066584,0.14132933416,0.01065866832,0.0,1.0,8000,0.000125,True,19497.088872190652,6.782000731004283e-06,0.5,0.0,-5203.726988722959,13481.827153693232,True,tilde_q_mu,asymptotic,default,sidak_approx,observed,1**2 * RBF(length_scale=0.0959),0.0259743851924713,0.3541961617155187,0.0959167740183841,0.0959167740183841,0.0236130774477012,1.0,848.7791178904281,393,142,251,416,23,0.04,0.3,0.000625,1.0,1e-08,1e+18,False,False,False,False,12,1.1,15.0,4.0620192023179795,7.993117045535957,108.99705062094486,29.51654084122019,study_results/v4p2_followups_20260806/pseudo65/gp_window_ensemble_20260806/runs/window_3p0/draw_09/attempt_01/results_single.csv,1,1,1,1,single_attempt_outside_55_75MeV,False,,,,,,,window_3p0,9
2021,0.137,0.003271662875,0.12963875853125,0.14436124146875,669116428.5880822,1.64,0.131634472885,0.142365527115,0.0107310542299999,0.0,1.0,8000,0.000125,True,5450.772740909744,1.9308820140766965e-06,0.5,0.0,-2798.33889569614,4079.041465781889,True,tilde_q_mu,asymptotic,default,sidak_approx,observed,8.12**2 * RBF(length_scale=0.318),0.0259600722137896,0.3540009847334957,0.0958639198417955,0.3180919171151602,0.0236000656488997,65.92484405323414,1613.551450677458,392,143,249,416,24,0.04,0.3,0.000625,1.0,1e-08,1e+18,False,False,False,False,12,1.1,15.0,13.478433570797732,7.93482495160498,108.20215843097698,97.22637364192369,study_results/v4p2_followups_20260806/pseudo65/gp_window_ensemble_20260806/runs/window_3p0/draw_09/attempt_01/results_single.csv,1,1,1,1,single_attempt_outside_55_75MeV,False,,,,,,,window_3p0,9
2021,0.138,0.0032939035,0.130588717125,0.145411282875,652262296.7982231,1.64,0.13259799826,0.14340200174,0.0108040034799999,0.0,1.0,8000,0.000125,True,5606.497411991739,2.0226008539484016e-06,0.5,0.0,-2169.007093361735,4039.2286002631727,True,tilde_q_mu,asymptotic,default,sidak_approx,observed,8.08**2 * RBF(length_scale=0.318),0.0259473035947063,0.3538268672005407,0.095816768590974,0.3177906181471673,0.0235884578133693,65.3507601224927,1612.739419128001,392,145,247,416,24,0.04,0.3,0.000625,1.0,1e-08,1e+18,False,False,False,False,12,1.1,15.0,13.472293130034604,7.877372119342997,107.41871071831358,96.4784238965007,study_results/v4p2_followups_20260806/pseudo65/gp_window_ensemble_20260806/runs/window_3p0/draw_09/attempt_01/results_single.csv,1,1,1,1,single_attempt_outside_55_75MeV,False,,,,,,,window_3p0,9
2021,0.139,0.003316315875,0.13153828928125,0.14646171071875,635785521.2448627,1.64,0.133561241965,0.144438758035,0.0108775160699999,0.0,1.0,8000,0.000125,True,5695.069524440816,2.0926351627902897e-06,0.5,0.0,-1759.2097114862752,3994.979472252473,True,tilde_q_mu,asymptotic,default,sidak_approx,observed,8.1**2 * RBF(length_scale=0.318),0.0259360460531648,0.3536733552704296,0.0957751973637809,0.317937288133385,0.0235782236846953,65.56541060502947,1612.8675939794855,392,146,246,416,24,0.04,0.3,0.000625,1.0,1e-08,1e+18,False,False,False,False,12,1.1,15.0,13.484361349059514,7.820740553903008,106.64646209867738,95.87062876915635,study_results/v4p2_followups_20260806/pseudo65/gp_window_ensemble_20260806/runs/window_3p0/draw_09/attempt_01/results_single.csv,1,1,1,1,single_attempt_outside_55_75MeV,False,,,,,,,window_3p0,9
2021,0.14,0.0033389,0.132487475,0.147512525,619834689.867921,1.64,0.134524204,0.145475796,0.010951592,0.0,1.0,8000,0.000125,True,5857.360479782663,2.191885989094718e-06,0.5,0.0,-1218.3984504323605,3954.045405078751,True,tilde_q_mu,asymptotic,default,sidak_approx,observed,8.16**2 * RBF(length_scale=0.319),0.0259262672518869,0.3535400079802764,0.0957390867469023,0.3187482340962208,0.0235693338653517,66.64228687336393,1612.5561540800943,392,148,244,416,24,0.04,0.3,0.000625,1.0,1e-08,1e+18,False,False,False,False,12,1.1,15.0,13.523854170728116,7.764912771238112,105.88517415324698,95.46504360604412,study_results/v4p2_followups_20260806/pseudo65/gp_window_ensemble_20260806/runs/window_3p0/draw_09/attempt_01/results_single.csv,1,1,1,1,single_attempt_outside_55_75MeV,False,,,,,,,window_3p0,9
2021,0.141,0.003361655875,0.13343627428125,0.1485637257187499,604132627.2786524,1.64,0.1354868843649999,0.146513115635,0.01102623127,0.0,1.0,8000,0.000125,True,5871.994856682282,2.2384849801141123e-06,0.4999311292015692,0.0001726334915006,-1131.5182385017365,3936.074855985948,True,tilde_q_mu,asymptotic,default,sidak_approx,observed,8.1**2 * RBF(length_scale=0.318),0.0259179357650831,0.3534263967965889,0.0957083206929198,0.3176748374141663,0.0235617597864392,65.53674076033796,1609.7932085982447,391,149,242,416,25,0.04,0.3,0.000625,1.0,1e-08,1e+18,False,False,False,False,12,1.1,15.0,13.482644772441866,7.709871780103963,105.13461518323584,94.49951132019612,study_results/v4p2_followups_20260806/pseudo65/gp_window_ensemble_20260806/runs/window_3p0/draw_09/attempt_01/results_single.csv,1,1,1,1,single_attempt_outside_55_75MeV,False,,,,,,,window_3p0,9
2021,0.142,0.0033845835,0.1343846871249999,0.149615312875,588792286.6909375,1.64,0.1364492830599999,0.14755071694,0.01110143388,0.0,1.0,8000,0.000125,True,5978.629642453831,2.3220475922735233e-06,0.5,0.0,-712.4361612167232,3876.728566122685,True,tilde_q_mu,asymptotic,default,sidak_approx,observed,8.08**2 * RBF(length_scale=0.318),0.0259110210465671,0.3533321051804605,0.0956827864025644,0.317651089675766,0.0235554736786973,65.30790545025364,1614.856544406845,392,151,241,416,24,0.04,0.3,0.000625,1.0,1e-08,1e+18,False,False,False,False,12,1.1,15.0,13.485234642640068,7.6556010648184945,104.39455997479764,93.8523424450205,study_results/v4p2_followups_20260806/pseudo65/gp_window_ensemble_20260806/runs/window_3p0/draw_09/attempt_01/results_single.csv,1,1,1,1,single_attempt_outside_55_75MeV,False,,,,,,,window_3p0,9
2021,0.143,0.003407682875,0.1353327135312499,0.15066728646875,573696429.0826498,1.64,0.137411400085,0.1485885999149999,0.0111771998299999,0.0,1.0,8000,0.000125,True,6172.2760810869195,2.44313283984564e-06,0.5,0.0,-229.52892790497796,3835.15744874567,True,tilde_q_mu,asymptotic,default,sidak_approx,observed,8.11**2 * RBF(length_scale=0.318),0.025905493399191,0.3532567281707865,0.0956623742118505,0.3182127180522997,0.0235504485447191,65.8351191083561,1615.4825328590032,392,153,239,416,24,0.04,0.3,0.000625,1.0,1e-08,1e+18,False,False,False,False,12,1.1,15.0,13.511959971720156,7.602084568738228,103.66478957370308,93.38096581311127,study_results/v4p2_followups_20260806/pseudo65/gp_window_ensemble_20260806/runs/window_3p0/draw_09/attempt_01/results_single.csv,1,1,1,1,single_attempt_outside_55_75MeV,False,,,,,,,window_3p0,9
2021,0.144,0.003430954,0.1362803534999999,0.1517196465,559083772.4170778,1.64,0.13837323544,0.14962676456,0.0112535291199999,0.0,1.0,8000,0.000125,True,6227.810809152237,2.5119787083587516e-06,0.4999311292015692,0.0001726334915006,-77.83881476979325,3814.852529589675,True,tilde_q_mu,asymptotic,default,sidak_approx,observed,8.08**2 * RBF(length_scale=0.318),0.0259013239455544,0.3531998719848339,0.0956469774839098,0.3178432569833487,0.0235466581323222,65.33292011474236,1610.329277115315,391,154,237,416,25,0.04,0.3,0.000625,1.0,1e-08,1e+18,False,False,False,False,12,1.1,15.0,13.49844445853862,7.5493066784207805,102.94509106937429,92.63990627194325,study_results/v4p2_followups_20260806/pseudo65/gp_window_ensemble_20260806/runs/window_3p0/draw_09/attempt_01/results_single.csv,1,1,1,1,single_attempt_outside_55_75MeV,False,,,,,,,window_3p0,9
2021,0.145,0.003454396875,0.1372276070312499,0.15277239296875,544779001.7566646,1.64,0.139334789125,0.1506652108749999,0.0113304217499999,0.0,1.0,8000,0.000125,True,6331.054945669849,2.602601303324603e-06,0.4731759117904944,0.0672887615682989,252.52916226017868,3753.361008276788,True,tilde_q_mu,asymptotic,default,sidak_approx,observed,8.11**2 * RBF(length_scale=0.318),0.0258984845999115,0.3531611536351575,0.095636492505252,0.3182730568679871,0.0235440769090105,65.7618818604818,1616.2376192279953,392,156,236,416,24,0.04,0.3,0.000625,1.0,1e-08,1e+18,False,False,False,False,12,1.1,15.0,13.518179459657707,7.49725220843698,102.235257387777,92.13563709815108,study_results/v4p2_followups_20260806/pseudo65/gp_window_ensemble_20260806/runs/window_3p0/draw_09/attempt_01/results_single.csv,1,1,1,1,single_attempt_outside_55_75MeV,False,,,,,,,window_3p0,9
2021,0.146,0.0034780115,0.138174474125,0.1538255258749999,530723198.11642635,1.64,0.1402960611399999,0.15170393886,0.01140787772,0.0,1.0,8000,0.000125,True,6247.59861623045,2.6182560461325454e-06,0.4816524371300316,0.0460067445122875,171.66634472687284,3733.87580148924,True,tilde_q_mu,asymptotic,default,sidak_approx,observed,8.08**2 * RBF(length_scale=0.318),0.0258969480412312,0.3531402005622441,0.0956308183862839,0.3178054184644529,0.0235426800374829,65.28194151720375,1611.149927629473,391,157,234,416,25,0.04,0.3,0.000625,1.0,1e-08,1e+18,False,False,False,False,12,1.1,15.0,13.499118110532288,7.445906386805,101.53508709279544,91.37560886858851,study_results/v4p2_followups_20260806/pseudo65/gp_window_ensemble_20260806/runs/window_3p0/draw_09/attempt_01/results_single.csv,1,1,1,1,single_attempt_outside_55_75MeV,False,,,,,,,window_3p0,9
2021,0.147,0.0035017978749999,0.13912095478125,0.1548790452187499,517058895.8195766,1.64,0.141257051485,0.1527429485149999,0.0114858970299999,0.0,1.0,8000,0.000125,True,6137.134676195961,2.6219730691441706e-06,0.4905062129738909,0.0237996415792452,95.14967057668908,3695.039878508682,True,tilde_q_mu,asymptotic,default,sidak_approx,observed,8.06**2 * RBF(length_scale=0.318),0.025896687687343,0.353136650281951,0.0956298569658356,0.317565059577599,0.02354244335213,64.97865792187842,1612.316846013312,391,159,232,416,25,0.04,0.3,0.000625,1.0,1e-08,1e+18,False,False,False,False,12,1.1,15.0,13.489044226535915,7.3952548410130845,100.84438419563295,90.68629056084484,study_results/v4p2_followups_20260806/pseudo65/gp_window_ensemble_20260806/runs/window_3p0/draw_09/attempt_01/results_single.csv,1,1,1,1,single_attempt_outside_55_75MeV,False,,,,,,,window_3p0,9
2021,0.148,0.0035257559999999,0.140067049,0.155932951,503681799.08701915,1.64,0.1422177601599999,0.15378223984,0.01156447968,0.0,1.0,8000,0.000125,True,5895.508565786387,2.5681667789802736e-06,0.4999311292015692,0.0001726334915006,-197.7514073893253,3655.065603098867,True,tilde_q_mu,asymptotic,default,sidak_approx,observed,8.03**2 * RBF(length_scale=0.317),0.0258976776701328,0.3531501500472667,0.0956335127195648,0.3170988171626325,0.0235433433364844,64.42533690204118,1612.9357389304282,391,160,231,416,25,0.04,0.3,0.000625,1.0,1e-08,1e+18,False,False,False,False,12,1.1,15.0,13.468725007770391,7.345283584607923,100.16295797192622,89.93782245924918,study_results/v4p2_followups_20260806/pseudo65/gp_window_ensemble_20260806/runs/window_3p0/draw_09/attempt_01/results_single.csv,1,1,1,1,single_attempt_outside_55_75MeV,False,,,,,,,window_3p0,9
2021,0.149,0.003549885875,0.14101275678125,0.15698724321875,490644352.2917579,1.64,0.143178187165,0.154821812835,0.0116436256699999,0.0,1.0,8000,0.000125,True,5658.262248076326,2.513332352667582e-06,0.5,0.0,-514.075235003479,3618.045692644599,True,tilde_q_mu,asymptotic,default,sidak_approx,observed,8.01**2 * RBF(length_scale=0.317),0.0258998928117245,0.353180356523517,0.0956416926720024,0.3167603911534313,0.0235453571015678,64.10554871358165,1611.8825480455876,391,162,229,416,25,0.04,0.3,0.000625,1.0,1e-08,1e+18,False,False,False,False,12,1.1,15.0,13.453199702472954,7.295979004317872,99.49062278615278,89.23114779103464,study_results/v4p2_followups_20260806/pseudo65/gp_window_ensemble_20260806/runs/window_3p0/draw_09/attempt_01/results_single.csv,1,1,1,1,single_attempt_outside_55_75MeV,False,,,,,,,window_3p0,9
2021,0.15,0.0035741875,0.141958078125,0.158041921875,477946931.2512179,1.64,0.1441383325,0.1558616675,0.011723335,0.0,1.0,8000,0.000125,True,5544.875068034458,2.5115437685627305e-06,0.5,0.0,-652.1944269553823,3593.193018606044,True,tilde_q_mu,asymptotic,default,sidak_approx,observed,8.04**2 * RBF(length_scale=0.317),0.0259033086016125,0.3532269354765349,0.0956543063121079,0.3172173835526369,0.0235484623651023,64.59352413229415,1607.0166717097493,390,163,227,416,26,0.04,0.3,0.000625,1.0,1e-08,1e+18,False,False,False,False,12,1.1,15.0,13.470832134786752,7.247327847689178,98.82719792303423,88.75230623816934,study_results/v4p2_followups_20260806/pseudo65/gp_window_ensemble_20260806/runs/window_3p0/draw_09/attempt_01/results_single.csv,1,1,1,1,single_attempt_outside_55_75MeV,False,,,,,,,window_3p0,9
2021,0.151,0.003598660875,0.14290301303125,0.15909698696875,465470649.96646106,1.64,0.145098196165,0.156901803835,0.0118036076699999,0.0,1.0,8000,0.000125,True,5523.90416842079,2.55209483400394e-06,0.5,0.0,-554.043518119109,3549.123472916813,True,tilde_q_mu,asymptotic,default,sidak_approx,observed,8.13**2 * RBF(length_scale=0.318),0.0259079011746969,0.3532895614731401,0.0956712655121596,0.3184184759279337,0.0235526374315426,66.03448364919035,1608.135743697974,390,165,225,416,26,0.04,0.3,0.000625,1.0,1e-08,1e+18,False,False,False,False,12,1.1,15.0,13.519440311236414,7.199317211210392,98.17250742559624,88.4824902896508,study_results/v4p2_followups_20260806/pseudo65/gp_window_ensemble_20260806/runs/window_3p0/draw_09/attempt_01/results_single.csv,1,1,1,1,single_attempt_outside_55_75MeV,False,,,,,,,window_3p0,9
2021,0.152,0.003623306,0.1438475615,0.1601524385,453362715.5960102,1.64,0.1460577781599999,0.15794222184,0.01188444368,0.0,1.0,8000,0.000125,True,5257.874412599232,2.4776544780079704e-06,0.4999311292015692,0.0001726334915006,-972.213375262061,3513.34211801787,True,tilde_q_mu,asymptotic,default,sidak_approx,observed,8.07**2 * RBF(length_scale=0.318),0.0259136472901786,0.3533679175933457,0.0956924844498192,0.3176027006337439,0.0235578611728897,65.05229729851361,1608.5087391941895,390,166,224,416,26,0.04,0.3,0.000625,1.0,1e-08,1e+18,False,False,False,False,12,1.1,15.0,13.481813917777888,7.151934528902247,97.5263799395761,87.65550042799143,study_results/v4p2_followups_20260806/pseudo65/gp_window_ensemble_20260806/runs/window_3p0/draw_09/attempt_01/results_single.csv,1,1,1,1,single_attempt_outside_55_75MeV,False,,,,,,,window_3p0,9
2021,0.153,0.003648122875,0.14479172353125,0.16120827646875,441644549.5313737,1.64,0.147017078485,0.158982921515,0.0119658430299999,0.0,1.0,8000,0.000125,True,5280.943492498494,2.5378569373071895e-06,0.5,0.0,-793.7619607840129,3474.869755785441,True,tilde_q_mu,asymptotic,default,sidak_approx,observed,8.1**2 * RBF(length_scale=0.318),0.0259205243112793,0.3534616951538094,0.0957178795332425,0.3180552360654095,0.0235641130102539,65.62287190664883,1607.6006219724509,390,168,222,416,26,0.04,0.3,0.000625,1.0,1e-08,1e+18,False,False,False,False,12,1.1,15.0,13.49744146647944,7.105167561352867,96.88864856390272,87.18325751717161,study_results/v4p2_followups_20260806/pseudo65/gp_window_ensemble_20260806/runs/window_3p0/draw_09/attempt_01/results_single.csv,1,1,1,1,single_attempt_outside_55_75MeV,False,,,,,,,window_3p0,9
2021,0.154,0.0036731115,0.145735499125,0.162264500875,430164399.9517347,1.64,0.1479760971399999,0.16002390286,0.01204780572,0.0,1.0,8000,0.000125,True,5509.569396605011,2.700737614992137e-06,0.5,0.0,-296.2947310311918,3452.6676647479408,True,tilde_q_mu,asymptotic,default,sidak_approx,observed,8.12**2 * RBF(length_scale=0.318),0.0259285101857464,0.3535705934419964,0.0957473693290902,0.3181496723218917,0.023571372896133,65.87387351520357,1604.5803285129084,389,169,220,416,27,0.04,0.3,0.000625,1.0,1e-08,1e+18,False,False,False,False,12,1.1,15.0,13.497290706138058,7.0590043851776345,96.25915070696774,86.61584934785988,study_results/v4p2_followups_20260806/pseudo65/gp_window_ensemble_20260806/runs/window_3p0/draw_09/attempt_01/results_single.csv,1,1,1,1,single_attempt_outside_55_75MeV,False,,,,,,,window_3p0,9
2021,0.155,0.003698271875,0.14667888828125,0.16332111171875,419006242.6242384,1.64,0.148934834125,0.161065165875,0.01213033175,0.0,1.0,8000,0.000125,True,5837.933991750812,2.9189517128798e-06,0.4551566695468247,0.1126433201326008,382.9488977153308,3402.903801775494,True,tilde_q_mu,asymptotic,default,sidak_approx,observed,8.09**2 * RBF(length_scale=0.318),0.0259375834271065,0.3536943194605435,0.0957808744933012,0.3176920995301943,0.0235796212973695,65.37777198336217,1609.9365199617955,390,171,219,416,26,0.04,0.3,0.000625,1.0,1e-08,1e+18,False,False,False,False,12,1.1,15.0,13.473163776622425,7.01343338288414,95.63772794842008,85.90285145820822,study_results/v4p2_followups_20260806/pseudo65/gp_window_ensemble_20260806/runs/window_3p0/draw_09/attempt_01/results_single.csv,1,1,1,1,single_attempt_outside_55_75MeV,False,,,,,,,window_3p0,9
2021,0.156,0.003723604,0.147621891,0.164378109,408018948.64312065,1.64,0.14989328944,0.16210671056,0.01221342112,0.0,1.0,8000,0.000125,True,6477.764021309189,3.304761437227217e-06,0.3378742606432697,0.4182716412984933,1383.7480478183088,3382.646023125724,True,tilde_q_mu,asymptotic,default,sidak_approx,observed,8.09**2 * RBF(length_scale=0.318),0.0259477230966391,0.353832587681443,0.0958183177045254,0.3177541925091182,0.0235888391787628,65.44200812005302,1605.9267591054434,389,172,217,416,27,0.04,0.3,0.000625,1.0,1e-08,1e+18,False,False,False,False,12,1.1,15.0,13.470531131315424,6.968443233125529,95.0242259062572,85.3351195532925,study_results/v4p2_followups_20260806/pseudo65/gp_window_ensemble_20260806/runs/window_3p0/draw_09/attempt_01/results_single.csv,1,1,1,1,single_attempt_outside_55_75MeV,False,,,,,,,window_3p0,9
2021,0.157,0.003749107875,0.14856450728125,0.16543549271875,397354285.67265946,1.64,0.150851463085,0.163148536915,0.01229707383,0.0,1.0,8000,0.000125,True,7221.443141545973,3.758948402077071e-06,0.2321981163899454,0.7316270508247803,2447.516516236589,3345.503862445373,True,tilde_q_mu,asymptotic,default,sidak_approx,observed,8.16**2 * RBF(length_scale=0.319),0.0259589087860322,0.3539851198095312,0.0958596236000764,0.3187259225778084,0.023599007987302,66.62424470384411,1604.5757832646057,389,174,215,416,27,0.04,0.3,0.000625,1.0,1e-08,1e+18,False,False,False,False,12,1.1,15.0,13.505903415487014,6.924022901323501,94.41849410895684,85.0138041380867,study_results/v4p2_followups_20260806/pseudo65/gp_window_ensemble_20260806/runs/window_3p0/draw_09/attempt_01/results_single.csv,1,1,1,1,single_attempt_outside_55_75MeV,False,,,,,,,window_3p0,9
2021,0.158,0.0037747835,0.149506737125,0.166493262875,387039666.85970527,1.64,0.15180935506,0.16419064494,0.0123812898799999,0.0,1.0,8000,0.000125,True,7791.674197519445,4.137501292746913e-06,0.165868856419607,0.9706196585985386,3213.870442111093,3311.3699628925806,True,tilde_q_mu,asymptotic,default,sidak_approx,observed,8.14**2 * RBF(length_scale=0.318),0.0259711206006934,0.3541516445549109,0.0959047187143026,0.3184084022588977,0.023610109636994,66.22407438759605,1604.609626789477,389,175,214,416,27,0.04,0.3,0.000625,1.0,1e-08,1e+18,False,False,False,False,12,1.1,15.0,13.486104349129832,6.880161630645431,93.82038587243768,84.35143426342138,study_results/v4p2_followups_20260806/pseudo65/gp_window_ensemble_20260806/runs/window_3p0/draw_09/attempt_01/results_single.csv,1,1,1,1,single_attempt_outside_55_75MeV,False,,,,,,,window_3p0,9
2021,0.159,0.003800630875,0.15044858053125,0.16755141946875,376812670.72105056,1.64,0.152766965365,0.165233034635,0.0124660692699999,0.0,1.0,8000,0.000125,True,8300.180145548224,4.498677058619981e-06,0.1199492652072733,1.1752404524921096,3854.4446554808874,3282.4324823070924,True,tilde_q_mu,asymptotic,default,sidak_approx,observed,8.08**2 * RBF(length_scale=0.318),0.0259843391436889,0.3543318974139398,0.0959535314192792,0.3176172123701866,0.0236221264942626,65.26009162342436,1604.3517237457434,389,177,212,416,27,0.04,0.3,0.000625,1.0,1e-08,1e+18,False,False,False,False,12,1.1,15.0,13.445750214204024,6.836848933320556,93.22975818164392,83.56960273606855,study_results/v4p2_followups_20260806/pseudo65/gp_window_ensemble_20260806/runs/window_3p0/draw_09/attempt_01/results_single.csv,1,1,1,1,single_attempt_outside_55_75MeV,False,,,,,,,window_3p0,9
2021,0.16,0.00382665,0.1513900375,0.1686099625,367005424.0565123,1.64,0.153724294,0.166275706,0.0125514119999999,0.0,1.0,8000,0.000125,True,8500.89247159701,4.701018706457113e-06,0.1033253032096416,1.2628290941922355,4119.935618632686,3262.3323170049052,True,tilde_q_mu,asymptotic,default,sidak_approx,observed,8.11**2 * RBF(length_scale=0.318),0.0259985455002782,0.3545256204583391,0.0960059918676979,0.3181107213482309,0.0236350413638892,65.8103927244389,1599.588377314219,388,178,210,416,28,0.04,0.3,0.000625,1.0,1e-08,1e+18,False,False,False,False,12,1.1,15.0,13.459283461811724,6.7940745822790705,92.64647157653278,83.13034151234916,study_results/v4p2_followups_20260806/pseudo65/gp_window_ensemble_20260806/runs/window_3p0/draw_09/attempt_01/results_single.csv,1,1,1,1,single_attempt_outside_55_75MeV,False,,,,,,,window_3p0,9
2021,0.161,0.003852840875,0.15233110803125,0.16966889196875,357410945.39902496,1.64,0.154681340965,0.167318659035,0.01263731807,0.0,1.0,8000,0.000125,True,8145.410850941596,4.59662624701056e-06,0.1189477066498648,1.1802635428547157,3794.983910688138,3216.4597447021447,True,tilde_q_mu,asymptotic,default,sidak_approx,observed,8.09**2 * RBF(length_scale=0.318),0.0260137212230255,0.3547325621321662,0.0960620319378876,0.3178847675022155,0.0236488374754777,65.48000862169849,1604.8723157392867,389,180,209,416,27,0.04,0.3,0.000625,1.0,1e-08,1e+18,False,False,False,False,12,1.1,15.0,13.441877125327649,6.751828603101996,92.07039004229992,82.5065913219724,study_results/v4p2_followups_20260806/pseudo65/gp_window_ensemble_20260806/runs/window_3p0/draw_09/attempt_01/results_single.csv,1,1,1,1,single_attempt_outside_55_75MeV,False,,,,,,,window_3p0,9
2021,0.162,0.0038792035,0.153271792125,0.170728207875,348034765.9525295,1.64,0.15563810626,0.16836189374,0.01272378748,0.0,1.0,8000,0.000125,True,7732.273201325707,4.4533770751597e-06,0.1477128329068396,1.0462932393608586,3347.060261695852,3198.6333592481024,True,tilde_q_mu,asymptotic,default,sidak_approx,observed,8.1**2 * RBF(length_scale=0.318),0.0260298483174566,0.3549524770562273,0.0961215851808485,0.3179293948690464,0.0236634984704151,65.53972282625699,1600.1163161223092,388,181,207,416,28,0.04,0.3,0.000625,1.0,1e-08,1e+18,False,False,False,False,12,1.1,15.0,13.43543497029958,6.710101266266818,91.50138090363842,81.95739018822972,study_results/v4p2_followups_20260806/pseudo65/gp_window_ensemble_20260806/runs/window_3p0/draw_09/attempt_01/results_single.csv,1,1,1,1,single_attempt_outside_55_75MeV,False,,,,,,,window_3p0,9
2021,0.163,0.003905737875,0.15421208978125,0.17178791021875,338899709.6922806,1.64,0.156594589885,0.169405410115,0.01281082023,0.0,1.0,8000,0.000125,True,7078.923159291811,4.161293221256409e-06,0.2031283668290598,0.830498963431734,2623.7551219980596,3167.678340651469,True,tilde_q_mu,asymptotic,default,sidak_approx,observed,8.11**2 * RBF(length_scale=0.318),0.0260469092282431,0.3551851258396787,0.0961845867692335,0.3180469289690449,0.0236790083893119,65.80547122097896,1600.3805770631664,388,183,205,416,28,0.04,0.3,0.000625,1.0,1e-08,1e+18,False,False,False,False,12,1.1,15.0,13.431598305974797,6.668883079677514,90.93931472287518,81.4306897052186,study_results/v4p2_followups_20260806/pseudo65/gp_window_ensemble_20260806/runs/window_3p0/draw_09/attempt_01/results_single.csv,1,1,1,1,single_attempt_outside_55_75MeV,False,,,,,,,window_3p0,9
2021,0.164,0.003932444,0.155152001,0.172847999,329984866.4340829,1.64,0.15755079184,0.17044920816,0.0128984163199999,0.0,1.0,8000,0.000125,True,6273.322482451857,3.764260445458131e-06,0.3054031685709178,0.5089228009491945,1612.6057207517729,3149.9950955590803,True,tilde_q_mu,asymptotic,default,sidak_approx,observed,8.09**2 * RBF(length_scale=0.318),0.0260648868258862,0.3554302748984483,0.096250973448177,0.3177151792954085,0.0236953516598965,65.37843031185689,1595.531282610589,387,184,203,416,29,0.04,0.3,0.000625,1.0,1e-08,1e+18,False,False,False,False,12,1.1,15.0,13.408333577641256,6.6281647814657285,90.38406520180536,80.79331308860557,study_results/v4p2_followups_20260806/pseudo65/gp_window_ensemble_20260806/runs/window_3p0/draw_09/attempt_01/results_single.csv,1,1,1,1,single_attempt_outside_55_75MeV,False,,,,,,,window_3p0,9
2021,0.165,0.003959321875,0.15609152578125,0.17390847421875,321257494.71634173,1.64,0.158506712125,0.171493287875,0.01298657575,0.0,1.0,8000,0.000125,True,5591.913841685517,3.425651514929636e-06,0.4050133949427879,0.240391470554614,747.4743706579461,3106.1255620558145,True,tilde_q_mu,asymptotic,default,sidak_approx,observed,8.07**2 * RBF(length_scale=0.317),0.0260837643938859,0.3556876962802624,0.0963206834879114,0.3174096034988733,0.0237125130853508,65.06243510970165,1600.954529724618,388,186,202,416,28,0.04,0.3,0.000625,1.0,1e-08,1e+18,False,False,False,False,12,1.1,15.0,13.38574289264023,6.587937333053001,89.83550908708638,80.16766848461222,study_results/v4p2_followups_20260806/pseudo65/gp_window_ensemble_20260806/runs/window_3p0/draw_09/attempt_01/results_single.csv,1,1,1,1,single_attempt_outside_55_75MeV,False,,,,,,,window_3p0,9
2021,0.166,0.0039863715,0.157030664125,0.174969335875,312800005.7109213,1.64,0.15946235074,0.17253764926,0.01307529852,0.0,1.0,8000,0.000125,True,12715.07589505472,7.951774185665534e-06,0.2818179760615292,0.5774493393207113,3589.0847166648728,6228.537833199868,True,tilde_q_mu,asymptotic,default,sidak_approx,observed,3.64**2 * RBF(length_scale=0.13),0.0261035256163684,0.3559571674959338,0.09639365663808,0.1304903683390227,0.0237304778330622,13.265054021239315,1486.241318256067,387,187,200,416,29,0.04,0.3,0.000625,1.0,1e-08,1e+18,False,False,False,False,12,1.1,15.0,5.498851277120865,6.548191912461868,89.29352607902545,32.734121327884964,study_results/v4p2_followups_20260806/pseudo65/gp_window_ensemble_20260806/runs/window_3p0/draw_09/attempt_01/results_single.csv,1,1,1,1,single_attempt_outside_55_75MeV,False,,,,,,,window_3p0,9
2021,0.167,0.004013592875,0.15796941603125,0.17603058396875,304614329.32244956,1.64,0.160417707685,0.173582292315,0.0131645846299999,0.0,1.0,8000,0.000125,True,4244.339458193412,2.7093382785104345e-06,0.5,0.0,-1612.44479587937,3050.338910976083,True,tilde_q_mu,asymptotic,default,sidak_approx,observed,8.22**2 * RBF(length_scale=0.32),0.0261241545661564,0.3562384713566791,0.0964698340836822,0.3195184156372377,0.0237492314237786,67.55501193149505,1601.7185309670028,387,189,198,416,29,0.04,0.3,0.000625,1.0,1e-08,1e+18,False,False,False,False,12,1.1,15.0,13.453842355391934,6.508919907865958,88.7579987436267,79.60907485845526,study_results/v4p2_followups_20260806/pseudo65/gp_window_ensemble_20260806/runs/window_3p0/draw_09/attempt_01/results_single.csv,1,1,1,1,single_attempt_outside_55_75MeV,False,,,,,,,window_3p0,9
2021,0.168,0.004040986,0.1589077815,0.1770922185,296547392.151297,1.64,0.16137278296,0.17462721704,0.0132544340799999,0.0,1.0,8000,0.000125,True,3900.974914841202,2.542668183538797e-06,0.4999311292015692,0.0001726334915006,-2489.635422235807,3016.067591753521,True,tilde_q_mu,asymptotic,default,sidak_approx,observed,8.24**2 * RBF(length_scale=0.32),0.0261456356932645,0.3565313958172433,0.0965491584025916,0.3197716093588172,0.0237687597211495,67.85014420281482,1601.8553131701635,387,190,197,416,29,0.04,0.3,0.000625,1.0,1e-08,1e+18,False,False,False,False,12,1.1,15.0,13.45344111810272,6.470112911369777,88.22881242776968,79.1320755278086,study_results/v4p2_followups_20260806/pseudo65/gp_window_ensemble_20260806/runs/window_3p0/draw_09/attempt_01/results_single.csv,1,1,1,1,single_attempt_outside_55_75MeV,False,,,,,,,window_3p0,9
2021,0.169,0.004068550875,0.15984576053125,0.17815423946875,288615660.9608933,1.64,0.162327576565,0.175672423435,0.0133448468699999,0.0,1.0,8000,0.000125,True,3614.2845394401743,2.406221839244022e-06,0.5,0.0,-3396.0651081357187,2982.921208939732,True,tilde_q_mu,asymptotic,default,sidak_approx,observed,8.3**2 * RBF(length_scale=0.321),0.026167953813799,0.356835733824532,0.0966315735245651,0.3205206921504189,0.0237890489216354,68.92480541023274,1602.5859763503283,387,192,195,416,29,0.04,0.3,0.000625,1.0,1e-08,1e+18,False,False,False,False,12,1.1,15.0,13.473455504936744,6.431762713007495,87.70585517737493,78.78006248365246,study_results/v4p2_followups_20260806/pseudo65/gp_window_ensemble_20260806/runs/window_3p0/draw_09/attempt_01/results_single.csv,1,1,1,1,single_attempt_outside_55_75MeV,False,,,,,,,window_3p0,9
2021,0.17,0.0040962875,0.160783353125,0.179216646875,280901072.63455325,1.64,0.1632820885,0.1767179115,0.013435823,0.0,1.0,8000,0.000125,True,3503.6609628903248,2.382537129717691e-06,0.5,0.0,-3771.2128774808193,2964.793834749694,True,tilde_q_mu,asymptotic,default,sidak_approx,observed,8.23**2 * RBF(length_scale=0.32),0.026191094099248,0.3571512831715639,0.0967170246916933,0.3196869281159742,0.0238100855447709,67.72980965444356,1599.1499661074536,386,193,193,416,30,0.04,0.3,0.000625,1.0,1e-08,1e+18,False,False,False,False,12,1.1,15.0,13.42653421025539,6.39386129495257,87.18901765844413,78.0430885566441,study_results/v4p2_followups_20260806/pseudo65/gp_window_ensemble_20260806/runs/window_3p0/draw_09/attempt_01/results_single.csv,1,1,1,1,single_attempt_outside_55_75MeV,False,,,,,,,window_3p0,9
2021,0.171,0.004124195875,0.16172055928125,0.18027944071875,273501986.67337126,1.64,0.164236318765,0.177763681235,0.01352736247,0.0,1.0,8000,0.000125,True,3376.682578923337,2.3445179577420796e-06,0.5,0.0,-4080.6773223701384,2921.2430923034167,True,tilde_q_mu,asymptotic,default,sidak_approx,observed,8.21**2 * RBF(length_scale=0.319),0.0262150420661463,0.3574778463565409,0.0968054584202363,0.3194237296629423,0.0238318564237693,67.36539599370062,1604.7477382070613,387,195,192,416,29,0.04,0.3,0.000625,1.0,1e-08,1e+18,False,False,False,False,12,1.1,15.0,13.403224825757,6.356400825929815,86.67819308086109,77.45115395687706,study_results/v4p2_followups_20260806/pseudo65/gp_window_ensemble_20260806/runs/window_3p0/draw_09/attempt_01/results_single.csv,1,1,1,1,single_attempt_outside_55_75MeV,False,,,,,,,window_3p0,9
2021,0.172,0.004152276,0.162657379,0.1813426209999999,266350991.61926585,1.64,0.1651902673599999,0.17880973264,0.01361946528,0.0,1.0,8000,0.000125,True,3236.3062111541058,2.293964875811983e-06,0.5,0.0,-4672.665918086269,2899.6202575462594,True,tilde_q_mu,asymptotic,default,sidak_approx,observed,8.27**2 * RBF(length_scale=0.32),0.0262397835660971,0.3578152304467796,0.0968968224637768,0.3201689016082967,0.0238543486964519,68.33899233906573,1600.6671219690338,386,196,190,416,30,0.04,0.3,0.000625,1.0,1e-08,1e+18,False,False,False,False,12,1.1,15.0,13.421825331827971,6.31937365582085,86.17327712482977,77.10684492271147,study_results/v4p2_followups_20260806/pseudo65/gp_window_ensemble_20260806/runs/window_3p0/draw_09/attempt_01/results_single.csv,1,1,1,1,single_attempt_outside_55_75MeV,False,,,,,,,window_3p0,9
2021,0.173,0.004180527875,0.1635938122812499,0.18240618771875,259386988.21142492,1.64,0.166143934285,0.1798560657149999,0.0137121314299999,0.0,1.0,8000,0.000125,True,3203.6806100515887,2.318327811112773e-06,0.5,0.0,-4621.381912563454,2870.0308042238235,True,tilde_q_mu,asymptotic,default,sidak_approx,observed,8.25**2 * RBF(length_scale=0.32),0.0262653047761392,0.3581632469473539,0.0969910657776472,0.3200299082063577,0.0238775497964902,68.09244432292377,1601.627451980296,386,198,188,416,30,0.04,0.3,0.000625,1.0,1e-08,1e+18,False,False,False,False,12,1.1,15.0,13.402962654627093,6.282772310455958,85.67416786985397,76.55251149506034,study_results/v4p2_followups_20260806/pseudo65/gp_window_ensemble_20260806/runs/window_3p0/draw_09/attempt_01/results_single.csv,1,1,1,1,single_attempt_outside_55_75MeV,False,,,,,,,window_3p0,9
2021,0.174,0.0042089515,0.1645298591249999,0.183470140875,252502277.02987137,1.64,0.1670973195399999,0.18090268046,0.01380536092,0.0,1.0,8000,0.000125,True,3299.13732434897,2.43840459482778e-06,0.5,0.0,-3979.3563634107545,2853.523754235432,True,tilde_q_mu,asymptotic,default,sidak_approx,observed,8.16**2 * RBF(length_scale=0.319),0.0262915921894454,0.3585217116742556,0.0970881384845824,0.3189259757406793,0.0239014474449503,66.60788485355167,1597.1405017230632,385,199,186,416,31,0.04,0.3,0.000625,1.0,1e-08,1e+18,False,False,False,False,12,1.1,15.0,13.343374976566883,6.246589486584821,85.18076572615664,75.77325985834698,study_results/v4p2_followups_20260806/pseudo65/gp_window_ensemble_20260806/runs/window_3p0/draw_09/attempt_01/results_single.csv,1,1,1,1,single_attempt_outside_55_75MeV,False,,,,,,,window_3p0,9
2021,0.175,0.0042375468749999,0.16546551953125,0.1845344804687499,245918579.9416027,1.64,0.168050423125,0.181949576875,0.01389915375,0.0,1.0,8000,0.000125,True,3448.696364344972,2.6022288668381566e-06,0.5,0.0,-3037.192714259092,2814.3845534307716,True,tilde_q_mu,asymptotic,default,sidak_approx,observed,8.1**2 * RBF(length_scale=0.318),0.0263186326063351,0.358890444631843,0.0971879918415323,0.3182021970337981,0.0239260296421228,65.68093388875826,1602.7523100757476,386,201,185,416,30,0.04,0.3,0.000625,1.0,1e-08,1e+18,False,False,False,False,12,1.1,15.0,13.299414979975976,6.210818047018103,84.69297336842865,75.09113324765242,study_results/v4p2_followups_20260806/pseudo65/gp_window_ensemble_20260806/runs/window_3p0/draw_09/attempt_01/results_single.csv,1,1,1,1,single_attempt_outside_55_75MeV,False,,,,,,,window_3p0,9
2021,0.176,0.004266314,0.1664007934999999,0.1855992065,239463041.25493088,1.64,0.16900324504,0.1829967549599999,0.0139935099199999,0.0,1.0,8000,0.000125,True,3638.1249590301504,2.803150220014661e-06,0.4999311292015692,0.0001726334915006,-2225.877586771758,2794.834643907032,True,tilde_q_mu,asymptotic,default,sidak_approx,observed,8.14**2 * RBF(length_scale=0.319),0.0263464131255956,0.3592692698944855,0.0972905782076107,0.3186524990990603,0.0239512846596323,66.28472094247681,1598.9875855608493,385,202,183,416,31,0.04,0.3,0.000625,1.0,1e-08,1e+18,False,False,False,False,12,1.1,15.0,13.304192389985625,6.175451015934506,84.21069567183416,74.69035310084074,study_results/v4p2_followups_20260806/pseudo65/gp_window_ensemble_20260806/runs/window_3p0/draw_09/attempt_01/results_single.csv,1,1,1,1,single_attempt_outside_55_75MeV,False,,,,,,,window_3p0,9
2021,0.177,0.004295252875,0.16733568103125,0.18666431896875,233151670.99112496,1.64,0.169955785285,0.184044214715,0.0140884294299999,0.0,1.0,8000,0.000125,True,4055.697508630789,3.191344435707012e-06,0.5,0.0,-953.265032529422,2766.8190687825627,True,tilde_q_mu,asymptotic,default,sidak_approx,observed,8.14**2 * RBF(length_scale=0.319),0.026374921136093,0.359658015492178,0.0973958510131203,0.3186104875402088,0.0239772010328118,66.2115301151146,1599.3614478572113,385,204,181,416,31,0.04,0.3,0.000625,1.0,1e-08,1e+18,False,False,False,False,12,1.1,15.0,13.288060066068711,6.140481574345738,83.73383965016914,74.17735272226757,study_results/v4p2_followups_20260806/pseudo65/gp_window_ensemble_20260806/runs/window_3p0/draw_09/attempt_01/results_single.csv,1,1,1,1,single_attempt_outside_55_75MeV,False,,,,,,,window_3p0,9
2021,0.178,0.0043243635,0.168270182125,0.1877298178749999,227019370.79188985,1.64,0.17090804386,0.1850919561399999,0.0141839122799999,0.0,1.0,8000,0.000125,True,4831.360361931662,3.882455047316552e-06,0.4257124233183137,0.1873007351296209,513.0425589955216,2738.572558037426,True,tilde_q_mu,asymptotic,default,sidak_approx,observed,8.1**2 * RBF(length_scale=0.318),0.0264041443086661,0.3600565132999933,0.0975037647296154,0.318110098091432,0.0240037675533328,65.58134650149452,1599.1441875789574,385,205,180,416,31,0.04,0.3,0.000625,1.0,1e-08,1e+18,False,False,False,False,12,1.1,15.0,13.252507023517769,6.105903055713559,83.26231439609397,73.56229375523867,study_results/v4p2_followups_20260806/pseudo65/gp_window_ensemble_20260806/runs/window_3p0/draw_09/attempt_01/results_single.csv,1,1,1,1,single_attempt_outside_55_75MeV,False,,,,,,,window_3p0,9
2021,0.179,0.004353645875,0.1692042967812499,0.18879570321875,220993245.42708975,1.64,0.1718600207649999,0.186139979235,0.01427995847,0.0,1.0,8000,0.000125,True,5642.496894996174,4.631900483491019e-06,0.2641006166672212,0.6307542317641975,1711.498310255992,2712.848031996367,True,tilde_q_mu,asymptotic,default,sidak_approx,observed,8.09**2 * RBF(length_scale=0.318),0.0264340705882899,0.3604645989312272,0.0976142748409662,0.3179284390676602,0.0240309732620818,65.37178633102968,1599.703709618811,385,207,178,416,31,0.04,0.3,0.000625,1.0,1e-08,1e+18,False,False,False,False,12,1.1,15.0,13.2299443555753,6.0717089417131325,82.79603102336088,73.02579222010338,study_results/v4p2_followups_20260806/pseudo65/gp_window_ensemble_20260806/runs/window_3p0/draw_09/attempt_01/results_single.csv,1,1,1,1,single_attempt_outside_55_75MeV,False,,,,,,,window_3p0,9
2021,0.18,0.0043831,0.170138025,0.189861975,215155115.9948604,1.64,0.172811716,0.1871882839999999,0.0143765679999999,0.0,1.0,8000,0.000125,True,19400.460412805172,1.626701160262693e-05,0.1646525359993971,0.9755145821046038,8021.510641500211,8241.19661918474,True,tilde_q_mu,asymptotic,default,sidak_approx,observed,1**2 * RBF(length_scale=0.0977),0.0264646881865,0.360882111634091,0.0977273378153825,0.0977273378153825,0.0240588074422727,1.0,841.6698548388238,384,208,176,416,32,0.04,0.3,0.000625,1.0,1e-08,1e+18,False,False,False,False,12,1.1,15.0,4.0620192023179795,6.037892858136936,82.33490261095821,22.2963970284462,study_results/v4p2_followups_20260806/pseudo65/gp_window_ensemble_20260806/runs/window_3p0/draw_09/attempt_01/results_single.csv,1,1,1,1,single_attempt_outside_55_75MeV,False,,,,,,,window_3p0,9
2021,0.181,0.004412725875,0.1710713667812499,0.19092863321875,209423665.4643851,1.64,0.173763129565,0.1882368704349999,0.0144737408699999,0.0,1.0,8000,0.000125,True,7142.062880239686,6.118419636114832e-06,0.0879414865862032,1.3535406487423745,3597.739455916468,2660.358568680527,True,tilde_q_mu,asymptotic,default,sidak_approx,observed,8.06**2 * RBF(length_scale=0.318),0.0264959855740647,0.3613088941917919,0.0978429110783556,0.317659255628838,0.0240872596127861,65.00519324476794,1601.4326952527244,385,210,175,416,31,0.04,0.3,0.000625,1.0,1e-08,1e+18,False,False,False,False,12,1.1,15.0,13.187853692589274,6.004448570933435,81.87884414909227,71.98708114376988,study_results/v4p2_followups_20260806/pseudo65/gp_window_ensemble_20260806/runs/window_3p0/draw_09/attempt_01/results_single.csv,1,1,1,1,single_attempt_outside_55_75MeV,False,,,,,,,window_3p0,9
2021,0.182,0.0044425235,0.172004322125,0.191995677875,203890389.41582435,1.64,0.17471426146,0.18928573854,0.01457147708,0.0,1.0,8000,0.000125,True,7310.587032504992,6.397407725821504e-06,0.075376831000152,1.436874481605944,3803.808143996964,2645.253387217655,True,tilde_q_mu,asymptotic,default,sidak_approx,observed,8.09**2 * RBF(length_scale=0.318),0.0265279514739,0.3617447928259099,0.0979609529864923,0.317990141568683,0.0241163195217273,65.43850082237464,1596.9936434005258,384,211,173,416,32,0.04,0.3,0.000625,1.0,1e-08,1e+18,False,False,False,False,12,1.1,15.0,13.185682885076782,5.971369982376021,81.42777248694574,71.57871907006975,study_results/v4p2_followups_20260806/pseudo65/gp_window_ensemble_20260806/runs/window_3p0/draw_09/attempt_01/results_single.csv,1,1,1,1,single_attempt_outside_55_75MeV,False,,,,,,,window_3p0,9
2021,0.183,0.004472492875,0.1729368910312499,0.19306310896875,198621214.40460417,1.64,0.1756651116849999,0.190334888315,0.01466977663,0.0,1.0,8000,0.000125,True,7118.361089429249,6.359503546735761e-06,0.0831291734998748,1.3843270106210643,3629.957734071607,2621.877934705955,True,tilde_q_mu,asymptotic,default,sidak_approx,observed,8.1**2 * RBF(length_scale=0.318),0.0265605748542153,0.3621896571029359,0.098081422802206,0.3181094551474072,0.0241459771401957,65.61196858233842,1597.7272368887784,384,213,171,416,32,0.04,0.3,0.000625,1.0,1e-08,1e+18,False,False,False,False,12,1.1,15.0,13.17442873818726,5.938651127357089,80.98160628214212,71.12576007120128,study_results/v4p2_followups_20260806/pseudo65/gp_window_ensemble_20260806/runs/window_3p0/draw_09/attempt_01/results_single.csv,1,1,1,1,single_attempt_outside_55_75MeV,False,,,,,,,window_3p0,9
2021,0.184,0.004502634,0.1738690735,0.1941309265,193360941.65798712,1.64,0.17661568024,0.19138431976,0.01476863952,0.0,1.0,8000,0.000125,True,6591.961129930396,6.0165562933021535e-06,0.1203453999931923,1.1732618898934963,3060.5857153306274,2607.726063937236,True,tilde_q_mu,asymptotic,default,sidak_approx,observed,8.11**2 * RBF(length_scale=0.318),0.026593844921878,0.3626433398437911,0.0982042806692136,0.3181897282125058,0.0241762226562527,65.75412001100761,1596.0344016596996,383,214,169,416,33,0.04,0.3,0.000625,1.0,1e-08,1e+18,False,False,False,False,12,1.1,15.0,13.161267280528282,5.906286169801502,80.54026595183866,70.66746446913201,study_results/v4p2_followups_20260806/pseudo65/gp_window_ensemble_20260806/runs/window_3p0/draw_09/attempt_01/results_single.csv,1,1,1,1,single_attempt_outside_55_75MeV,False,,,,,,,window_3p0,9
2021,0.185,0.004532946875,0.1748008695312499,0.19519913046875,188216407.4390779,1.64,0.177565967125,0.192434032875,0.0148680657499999,0.0,1.0,8000,0.000125,True,6015.0379345590445,5.609563707644378e-06,0.1707813970258218,0.951081915954596,2446.100807682706,2574.5418550356508,True,tilde_q_mu,asymptotic,default,sidak_approx,observed,8.08**2 * RBF(length_scale=0.318),0.0266277511159985,0.3631056970363433,0.0983294875888454,0.3178022007890856,0.0242070464690895,65.24276214595184,1599.2355947435703,384,216,168,416,32,0.04,0.3,0.000625,1.0,1e-08,1e+18,False,False,False,False,12,1.1,15.0,13.128499637280962,5.874269399197075,80.10367362541467,70.1094033424086,study_results/v4p2_followups_20260806/pseudo65/gp_window_ensemble_20260806/runs/window_3p0/draw_09/attempt_01/results_single.csv,1,1,1,1,single_attempt_outside_55_75MeV,False,,,,,,,window_3p0,9
2021,0.186,0.0045634315,0.175732279125,0.196267720875,183203373.0638776,1.64,0.17851597234,0.19348402766,0.01496805532,0.0,1.0,8000,0.000125,True,5240.049251732832,4.993544004590433e-06,0.2798408987187047,0.5833142112822094,1494.6880215912956,2563.2276698722662,True,tilde_q_mu,asymptotic,default,sidak_approx,observed,8**2 * RBF(length_scale=0.317),0.0266622831017154,0.3635765877506647,0.0984570053970965,0.3167365855645071,0.0242384391833776,63.98834771027694,1593.235863689742,383,217,166,416,33,0.04,0.3,0.000625,1.0,1e-08,1e+18,False,False,False,False,12,1.1,15.0,13.067532243648769,5.84259522723534,79.67175309866373,69.40754683498747,study_results/v4p2_followups_20260806/pseudo65/gp_window_ensemble_20260806/runs/window_3p0/draw_09/attempt_01/results_single.csv,1,1,1,1,single_attempt_outside_55_75MeV,False,,,,,,,window_3p0,9
2021,0.187,0.004594087875,0.17666330228125,0.19733669771875,178278504.14348978,1.64,0.179465695885,0.194534304115,0.01506860823,0.0,1.0,8000,0.000125,True,4472.701403686298,4.356615575660496e-06,0.4279814288953922,0.1815156404098395,461.1186006335285,2540.7690889050355,True,tilde_q_mu,asymptotic,default,sidak_approx,observed,7.98**2 * RBF(length_scale=0.317),0.0266974307641825,0.3640558740570343,0.0985867967424219,0.3165074477369854,0.0242703916038022,63.70174834531281,1593.4414039099024,383,219,164,416,33,0.04,0.3,0.000625,1.0,1e-08,1e+18,False,False,False,False,12,1.1,15.0,13.04088755153832,5.811258184560199,79.24442978945724,68.8945131980057,study_results/v4p2_followups_20260806/pseudo65/gp_window_ensemble_20260806/runs/window_3p0/draw_09/attempt_01/results_single.csv,1,1,1,1,single_attempt_outside_55_75MeV,False,,,,,,,window_3p0,9
2021,0.188,0.004624916,0.177593939,0.198406061,173567784.67781383,1.64,0.18041513776,0.19558486224,0.0151697244799999,0.0,1.0,8000,0.000125,True,3851.4549446823376,3.832814264162592e-06,0.5,0.0,-515.0486486040458,2515.1049653469972,True,tilde_q_mu,asymptotic,default,sidak_approx,observed,7.99**2 * RBF(length_scale=0.317),0.0267331842027451,0.3645434209465248,0.0987188250642313,0.3166744280211547,0.0243028947297683,63.86694297761834,1594.0039951692806,383,220,163,416,33,0.04,0.3,0.000625,1.0,1e-08,1e+18,False,False,False,False,12,1.1,15.0,13.030317233496636,5.78025291761951,78.8216306948115,68.47139018766065,study_results/v4p2_followups_20260806/pseudo65/gp_window_ensemble_20260806/runs/window_3p0/draw_09/attempt_01/results_single.csv,1,1,1,1,single_attempt_outside_55_75MeV,False,,,,,,,window_3p0,9
2021,0.189,0.004655915875,0.17852418928125,0.19947581071875,168874228.16818193,1.64,0.181364297965,0.196635702035,0.0152714040699999,0.0,1.0,8000,0.000125,True,3487.548068697725,3.548255976549386e-06,0.5,0.0,-1261.2556385262978,2491.3162294776953,True,tilde_q_mu,asymptotic,default,sidak_approx,observed,8.03**2 * RBF(length_scale=0.317),0.0267695337253012,0.3650390962541072,0.0988530545720656,0.3171861538806685,0.0243359397502738,64.45278001659632,1595.245327365979,383,222,161,416,33,0.04,0.3,0.000625,1.0,1e-08,1e+18,False,False,False,False,12,1.1,15.0,13.033651345931675,5.749574185616315,78.40328434931338,68.12540483899282,study_results/v4p2_followups_20260806/pseudo65/gp_window_ensemble_20260806/runs/window_3p0/draw_09/attempt_01/results_single.csv,1,1,1,1,single_attempt_outside_55_75MeV,False,,,,,,,window_3p0,9
2021,0.19,0.0046870875,0.179454053125,0.200545946875,164378838.92039412,1.64,0.1823131765,0.1976868235,0.0153736469999999,0.0,1.0,8000,0.000125,True,3312.2537126544607,3.4438482637463963e-06,0.4999513009912829,0.0001220703125,-1685.46697867911,2474.745243290077,True,tilde_q_mu,asymptotic,default,sidak_approx,observed,8.1**2 * RBF(length_scale=0.318),0.0268064698428396,0.3655427705841774,0.0989894502254296,0.3180774206480187,0.0243695180389451,65.57077788713265,1591.862082857108,382,223,159,416,34,0.04,0.3,0.000625,1.0,1e-08,1e+18,False,False,False,False,12,1.1,15.0,13.052265545001596,5.719216857555929,77.98932078485358,67.8624883038814,study_results/v4p2_followups_20260806/pseudo65/gp_window_ensemble_20260806/runs/window_3p0/draw_09/attempt_01/results_single.csv,1,1,1,1,single_attempt_outside_55_75MeV,False,,,,,,,window_3p0,9
2021,0.191,0.004718430875,0.18038353053125,0.20161646946875,160024504.07567304,1.64,0.183261773365,0.198738226635,0.01547645327,0.0,1.0,8000,0.000125,True,3126.2679383880063,3.3214388527389435e-06,0.5,0.0,-2190.540817422073,2453.763361794687,True,tilde_q_mu,asymptotic,default,sidak_approx,observed,8.03**2 * RBF(length_scale=0.317),0.026843983264149,0.3660543172383967,0.099127977714251,0.3171559982452867,0.0244036211492264,64.455130733854,1593.2072319911672,382,225,157,416,34,0.04,0.3,0.000625,1.0,1e-08,1e+18,False,False,False,False,12,1.1,15.0,12.996267902451844,5.68917590938515,77.57967149161568,67.21641296594954,study_results/v4p2_followups_20260806/pseudo65/gp_window_ensemble_20260806/runs/window_3p0/draw_09/attempt_01/results_single.csv,1,1,1,1,single_attempt_outside_55_75MeV,False,,,,,,,window_3p0,9
2021,0.192,0.004749946,0.1813126215,0.2026873785,155718995.1526329,1.64,0.18421008856,0.19978991144,0.0155798228799999,0.0,1.0,8000,0.000125,True,3024.3286392979453,3.284778450386603e-06,0.4980368881158992,0.0049208116139517,-2429.7116417812267,2428.7842529884765,True,tilde_q_mu,asymptotic,default,sidak_approx,observed,8.03**2 * RBF(length_scale=0.317),0.0268820648906906,0.3665736121457819,0.0992686034399486,0.317080950074191,0.0244382408097187,64.41914036021807,1592.636368439828,382,226,156,416,34,0.04,0.3,0.000625,1.0,1e-08,1e+18,False,False,False,False,12,1.1,15.0,12.974786218985606,5.659446421220509,77.17426938027965,66.75464312103568,study_results/v4p2_followups_20260806/pseudo65/gp_window_ensemble_20260806/runs/window_3p0/draw_09/attempt_01/results_single.csv,1,1,1,1,single_attempt_outside_55_75MeV,False,,,,,,,window_3p0,9
2021,0.193,0.004781632875,0.18224132603125,0.20375867396875,151601184.85939226,1.64,0.185158122085,0.200841877915,0.0156837558299999,0.0,1.0,8000,0.000125,True,3018.986838170136,3.350589607329787e-06,0.5,0.0,-2315.835608913295,2404.7929561790957,True,tilde_q_mu,asymptotic,default,sidak_approx,observed,8.04**2 * RBF(length_scale=0.317),0.0269207058116312,0.3671005337949717,0.0994112944970904,0.3172229659762789,0.0244733689196647,64.63939544502652,1592.503415546474,382,228,154,416,34,0.04,0.3,0.000625,1.0,1e-08,1e+18,False,False,False,False,12,1.1,15.0,12.961965596873124,5.630023574662507,76.77304874539782,66.34197444032733,study_results/v4p2_followups_20260806/pseudo65/gp_window_ensemble_20260806/runs/window_3p0/draw_09/attempt_01/results_single.csv,1,1,1,1,single_attempt_outside_55_75MeV,False,,,,,,,window_3p0,9
2021,0.194,0.0048134915,0.183169644125,0.204830355875,147523768.56605715,1.64,0.18610587394,0.20189412606,0.01578825212,0.0,1.0,8000,0.000125,True,3024.310564194732,3.4314887586369016e-06,0.5,0.0,-2213.7543114032137,2391.0197019755356,True,tilde_q_mu,asymptotic,default,sidak_approx,observed,7.99**2 * RBF(length_scale=0.316),0.0269598972990275,0.3676349631685571,0.0995560186556095,0.3164851231274528,0.0245089975445704,63.85109492121589,1588.6907877452009,381,229,152,416,35,0.04,0.3,0.000625,1.0,1e-08,1e+18,False,False,False,False,12,1.1,15.0,12.91301786423184,5.600902650192177,76.37594522989332,65.74959634341367,study_results/v4p2_followups_20260806/pseudo65/gp_window_ensemble_20260806/runs/window_3p0/draw_09/attempt_01/results_single.csv,1,1,1,1,single_attempt_outside_55_75MeV,False,,,,,,,window_3p0,9
2021,0.195,0.004845521875,0.18409757578125,0.20590242421875,143578408.5209931,1.64,0.187053344125,0.202946655875,0.0158933117499999,0.0,1.0,8000,0.000125,True,3039.3804050093268,3.525179490948755e-06,0.5,0.0,-1987.3351663563108,2358.4460850122714,True,tilde_q_mu,asymptotic,default,sidak_approx,observed,7.95**2 * RBF(length_scale=0.316),0.0269996308031587,0.368176783679438,0.09970274434357,0.3158610853425421,0.0245451189119625,63.276638653987106,1592.750557125804,382,231,151,416,34,0.04,0.3,0.000625,1.0,1e-08,1e+18,False,False,False,False,12,1.1,15.0,12.868590552584411,5.572079024647637,75.9828957906496,65.18618499530395,study_results/v4p2_followups_20260806/pseudo65/gp_window_ensemble_20260806/runs/window_3p0/draw_09/attempt_01/results_single.csv,1,1,1,1,single_attempt_outside_55_75MeV,False,,,,,,,window_3p0,9
2021,0.196,0.004877724,0.185025121,0.206974879,139755894.5302579,1.64,0.18800053264,0.20399946736,0.01599893472,0.0,1.0,8000,0.000125,True,3170.6740174908655,3.75876617605721e-06,0.4999655646006563,8.631674575031098e-05,-1483.6702793676131,2341.2699908054415,True,tilde_q_mu,asymptotic,default,sidak_approx,observed,7.97**2 * RBF(length_scale=0.316),0.0270398979480013,0.3687258811091098,0.0998514406304547,0.3161227613942337,0.0245817254072739,63.52887222231016,1588.350015649069,381,232,149,416,35,0.04,0.3,0.000625,1.0,1e-08,1e+18,False,False,False,False,12,1.1,15.0,12.860072112785444,5.543548168777362,75.59383866514584,64.80948110106961,study_results/v4p2_followups_20260806/pseudo65/gp_window_ensemble_20260806/runs/window_3p0/draw_09/attempt_01/results_single.csv,1,1,1,1,single_attempt_outside_55_75MeV,False,,,,,,,window_3p0,9
2021,0.197,0.004910097875,0.18595227978125,0.20804772021875,136004179.86803293,1.64,0.188947439485,0.205052560515,0.01610512103,0.0,1.0,8000,0.000125,True,14357.125619017195,1.7400788977352996e-05,0.2439733080445197,0.6935784437085204,4689.5069007294705,6740.992974355474,True,tilde_q_mu,asymptotic,default,sidak_approx,observed,1**2 * RBF(length_scale=0.1),0.0270806905268411,0.3692821435478344,0.1000020772109632,0.1000020772109632,0.0246188095698556,1.0,852.7750700428455,381,234,147,416,35,0.04,0.3,0.000625,1.0,1e-08,1e+18,False,False,False,False,12,1.1,15.0,4.062019202317981,5.51530564486786,75.20871333910718,20.366615851005456,study_results/v4p2_followups_20260806/pseudo65/gp_window_ensemble_20260806/runs/window_3p0/draw_09/attempt_01/results_single.csv,1,1,1,1,single_attempt_outside_55_75MeV,False,,,,,,,window_3p0,9
2021,0.198,0.0049426435,0.186879052125,0.209120947875,132354320.73115931,1.64,0.18989406466,0.20610593534,0.01621187068,0.0,1.0,8000,0.000125,True,3511.2820665821146,4.350932309252315e-06,0.5,0.0,-481.7997510607099,2296.0780841403953,True,tilde_q_mu,asymptotic,default,sidak_approx,observed,8.05**2 * RBF(length_scale=0.317),0.0271220004980165,0.3698454613365898,0.1001546243892919,0.3172479964768837,0.0246563640891059,64.76048180450682,1584.3659920420378,380,235,145,416,36,0.04,0.3,0.000625,1.0,1e-08,1e+18,False,False,False,False,12,1.1,15.0,12.866779356857997,5.487347104442508,74.82746051512511,64.18589495214124,study_results/v4p2_followups_20260806/pseudo65/gp_window_ensemble_20260806/runs/window_3p0/draw_09/attempt_01/results_single.csv,1,1,1,1,single_attempt_outside_55_75MeV,False,,,,,,,window_3p0,9
2021,0.199,0.004975360875,0.18780543803125,0.21019456196875,128788002.15036236,1.64,0.190840408165,0.207159591835,0.01631918367,0.0,1.0,8000,0.000125,True,3792.3816430583306,4.805111560852439e-06,0.4839912456480398,0.0401387717657056,98.98809998431538,2267.8663467442134,True,tilde_q_mu,asymptotic,default,sidak_approx,observed,8.1**2 * RBF(length_scale=0.318),0.0271638199807916,0.3704157270107955,0.100309053063895,0.3179235712228839,0.0246943818007197,65.62155112799253,1587.263651362466,380,236,144,416,36,0.04,0.3,0.000625,1.0,1e-08,1e+18,False,False,False,False,12,1.1,15.0,12.8743280066083,5.459668286029939,74.45002208222643,63.89960029238761,study_results/v4p2_followups_20260806/pseudo65/gp_window_ensemble_20260806/runs/window_3p0/draw_09/attempt_01/results_single.csv,1,1,1,1,single_attempt_outside_55_75MeV,False,,,,,,,window_3p0,9
2021,0.2,0.00500825,0.1887314375,0.2112685625,125353032.55969112,1.64,0.19178647,0.20821353,0.0164270599999999,0.0,1.0,8000,0.000125,True,3924.3792483883544,5.083069549406444e-06,0.4353554350901298,0.162755597361105,365.313308238954,2244.871644409291,True,tilde_q_mu,asymptotic,default,sidak_approx,observed,8.1**2 * RBF(length_scale=0.318),0.027206141251351,0.3709928352456959,0.1004653347126938,0.3179017375790496,0.0247328556830463,65.53597245787843,1588.2045734755477,380,238,142,416,36,0.04,0.3,0.000625,1.0,1e-08,1e+18,False,False,False,False,12,1.1,15.0,12.853418208272704,5.432265012998759,74.0763410863467,63.475612754764555,study_results/v4p2_followups_20260806/pseudo65/gp_window_ensemble_20260806/runs/window_3p0/draw_09/attempt_01/results_single.csv,1,1,1,1,single_attempt_outside_55_75MeV,False,,,,,,,window_3p0,9
2021,0.201,0.005041310875,0.18965705053125,0.21234294946875,122019355.53382406,1.64,0.192732250165,0.209267749835,0.01653549967,0.0,1.0,8000,0.000125,True,4085.178347300726,5.408865213082824e-06,0.3858321952832824,0.2901984910101537,646.5840528374621,2228.2901248285457,True,tilde_q_mu,asymptotic,default,sidak_approx,observed,8.11**2 * RBF(length_scale=0.318),0.027248956738914,0.3715766828033728,0.1006234413787278,0.3180631162666666,0.0247717788535581,65.72813449046613,1584.3226662416478,379,239,140,416,37,0.04,0.3,0.000625,1.0,1e-08,1e+18,False,False,False,False,12,1.1,15.0,12.839736627189389,5.405133191456678,73.70636170168197,63.09135146653035,study_results/v4p2_followups_20260806/pseudo65/gp_window_ensemble_20260806/runs/window_3p0/draw_09/attempt_01/results_single.csv,1,1,1,1,single_attempt_outside_55_75MeV,False,,,,,,,window_3p0,9
2021,0.202,0.0050745435,0.190582277125,0.213417722875,118808713.66471364,1.64,0.19367774866,0.21032225134,0.01664450268,0.0,1.0,8000,0.000125,True,4095.7640355944222,5.541855363556601e-06,0.3698853813779513,0.3321569317078456,730.086023156189,2199.3412271294847,True,tilde_q_mu,asymptotic,default,sidak_approx,observed,8.05**2 * RBF(length_scale=0.317),0.0272922590219629,0.3721671684813132,0.100783345656227,0.31725393057524,0.0248111445654208,64.74452345480353,1588.840702602809,380,241,139,416,36,0.04,0.3,0.000625,1.0,1e-08,1e+18,False,False,False,False,12,1.1,15.0,12.786751120599028,5.37826880821161,73.34002920288559,62.51871337298418,study_results/v4p2_followups_20260806/pseudo65/gp_window_ensemble_20260806/runs/window_3p0/draw_09/attempt_01/results_single.csv,1,1,1,1,single_attempt_outside_55_75MeV,False,,,,,,,window_3p0,9
2021,0.203,0.005107947875,0.19150711728125,0.21449288271875,115574322.00533302,1.64,0.194622965485,0.211377034515,0.0167540690299999,0.0,1.0,8000,0.000125,True,4390.315030580508,6.07656592903326e-06,0.2947114566429195,0.53967249261326,1177.244421217766,2182.5460448198955,True,tilde_q_mu,asymptotic,default,sidak_approx,observed,8.1**2 * RBF(length_scale=0.318),0.0273360408245852,0.3727641930625258,0.1009450206771031,0.317943757108188,0.0248509462041683,65.59749851159165,1584.660528429175,379,242,137,416,37,0.04,0.3,0.000625,1.0,1e-08,1e+18,False,False,False,False,12,1.1,15.0,12.794030235148856,5.351667928793269,72.97728993809002,62.24491026314321,study_results/v4p2_followups_20260806/pseudo65/gp_window_ensemble_20260806/runs/window_3p0/draw_09/attempt_01/results_single.csv,1,1,1,1,single_attempt_outside_55_75MeV,False,,,,,,,window_3p0,9
2021,0.204,0.005141524,0.192431571,0.2155684289999999,112452833.18684237,1.64,0.19556790064,0.21243209936,0.01686419872,0.0,1.0,8000,0.000125,True,4751.568554095382,6.725992092821196e-06,0.2168281417231861,0.7829503248334757,1690.1322189217487,2160.4059551517325,True,tilde_q_mu,asymptotic,default,sidak_approx,observed,8.14**2 * RBF(length_scale=0.318),0.0273802950129184,0.3733676592670698,0.1011084400978236,0.3184288201812436,0.0248911772844713,66.26999787842955,1586.9302131263944,379,244,135,416,37,0.04,0.3,0.000625,1.0,1e-08,1e+18,False,False,False,False,12,1.1,15.0,12.792838865837796,5.325326695531998,72.61809130270905,61.93276938535027,study_results/v4p2_followups_20260806/pseudo65/gp_window_ensemble_20260806/runs/window_3p0/draw_09/attempt_01/results_single.csv,1,1,1,1,single_attempt_outside_55_75MeV,False,,,,,,,window_3p0,9
2021,0.205,0.005175271875,0.19335563828125,0.2166443617187499,109447447.25856656,1.64,0.196512554125,0.213487445875,0.01697489175,0.0,1.0,8000,0.000125,True,4998.145820963955,7.233847466269866e-06,0.1731646424664685,0.9417331373369852,2019.920779598877,2146.1336266442886,True,tilde_q_mu,asymptotic,default,sidak_approx,observed,8.16**2 * RBF(length_scale=0.319),0.0274250145917023,0.3739774717050326,0.1012735780866781,0.3186549389395924,0.0249318314470021,66.53774428362,1585.673597208551,378,245,133,416,38,0.04,0.3,0.000625,1.0,1e-08,1e+18,False,False,False,False,12,1.1,15.0,12.781048179992723,5.2992413256941004,72.26238171401046,61.57259881918618,study_results/v4p2_followups_20260806/pseudo65/gp_window_ensemble_20260806/runs/window_3p0/draw_09/attempt_01/results_single.csv,1,1,1,1,single_attempt_outside_55_75MeV,False,,,,,,,window_3p0,9
2021,0.206,0.0052091915,0.194279319125,0.217720680875,106491864.68179588,1.64,0.19745692594,0.2145430740599999,0.0170861481199999,0.0,1.0,8000,0.000125,True,5227.635938518106,7.738229484723312e-06,0.1337646575451412,1.1087702325052224,2344.665190772442,2117.456298003506,True,tilde_q_mu,asymptotic,default,sidak_approx,observed,8.18**2 * RBF(length_scale=0.319),0.0274701927009294,0.3745935368308561,0.1014404093114096,0.3189465252548887,0.0249729024553904,66.93645246927527,1588.1280146867855,379,247,132,416,37,0.04,0.3,0.000625,1.0,1e-08,1e+18,False,False,False,False,12,1.1,15.0,12.77170428325779,5.273408109671041,71.91011058642329,61.2276444924109,study_results/v4p2_followups_20260806/pseudo65/gp_window_ensemble_20260806/runs/window_3p0/draw_09/attempt_01/results_single.csv,1,1,1,1,single_attempt_outside_55_75MeV,False,,,,,,,window_3p0,9
2021,0.207,0.005243282875,0.1952026135312499,0.21879738646875,103594993.30477582,1.64,0.198401016085,0.215598983915,0.0171979678299999,0.0,1.0,8000,0.000125,True,5355.1637810857665,8.109303741989886e-06,0.1166056736517683,1.19212726600842,2509.4031485535584,2105.990538590655,True,tilde_q_mu,asymptotic,default,sidak_approx,observed,8.16**2 * RBF(length_scale=0.319),0.0275158226125923,0.375215762898986,0.1016089089272047,0.3187314049279977,0.0250143841932657,66.62501375041265,1583.9342914599486,378,248,130,416,38,0.04,0.3,0.000625,1.0,1e-08,1e+18,False,False,False,False,12,1.1,15.0,12.741924904703636,5.247823409220947,71.56122830755837,60.78851981221739,study_results/v4p2_followups_20260806/pseudo65/gp_window_ensemble_20260806/runs/window_3p0/draw_09/attempt_01/results_single.csv,1,1,1,1,single_attempt_outside_55_75MeV,False,,,,,,,window_3p0,9
2021,0.208,0.005277546,0.1961255214999999,0.2198744785,100755569.91566654,1.64,0.19934482456,0.21665517544,0.0173103508799999,0.0,1.0,8000,0.000125,True,5440.066341966867,8.429304045720211e-06,0.1031554422508688,1.263774755614642,2637.331817168605,2087.185715967231,True,tilde_q_mu,asymptotic,default,sidak_approx,observed,8.21**2 * RBF(length_scale=0.319),0.0275618977275242,0.3758440599207857,0.1017790525650254,0.3193276227788568,0.0250562706613857,67.43784981769254,1584.6070208209992,378,250,128,416,38,0.04,0.3,0.000625,1.0,1e-08,1e+18,False,False,False,False,12,1.1,15.0,12.7444194347315,5.222483655760516,71.21568621491612,60.50683836367449,study_results/v4p2_followups_20260806/pseudo65/gp_window_ensemble_20260806/runs/window_3p0/draw_09/attempt_01/results_single.csv,1,1,1,1,single_attempt_outside_55_75MeV,False,,,,,,,window_3p0,9
2021,0.209,0.005311980875,0.1970480430312499,0.22095195696875,97975291.24730824,1.64,0.200288351365,0.2177116486349999,0.0174232972699999,0.0,1.0,8000,0.000125,True,5482.485097598768,8.6942982190003e-06,0.0964449482186448,1.302077492382936,2703.2196993768,2076.260261950664,True,tilde_q_mu,asymptotic,default,sidak_approx,observed,8.21**2 * RBF(length_scale=0.319),0.0276084115723308,0.3764783396226934,0.101950816320278,0.3192506986223661,0.0250985559748462,67.34642518181398,1580.8296396240623,377,251,126,416,39,0.04,0.3,0.000625,1.0,1e-08,1e+18,False,False,False,False,12,1.1,15.0,12.719883125639546,5.197385348705882,70.87343657326201,60.10012199495468,study_results/v4p2_followups_20260806/pseudo65/gp_window_ensemble_20260806/runs/window_3p0/draw_09/attempt_01/results_single.csv,1,1,1,1,single_attempt_outside_55_75MeV,False,,,,,,,window_3p0,9
2021,0.21,0.0053465875,0.197970178125,0.2220298218749999,95309478.67396852,1.64,0.2012315965,0.2187684034999999,0.0175368069999999,0.0,1.0,8000,0.000125,True,5201.28206746562,8.438688183583895e-06,0.118600017983115,1.1820142769965891,2426.0542790022696,2052.3457929838833,True,tilde_q_mu,asymptotic,default,sidak_approx,observed,8.17**2 * RBF(length_scale=0.319),0.0276553577964078,0.3771185154055612,0.1021241767418025,0.3188937609246124,0.0251412343603707,66.80207981830043,1585.7464509954875,378,253,125,416,38,0.04,0.3,0.000625,1.0,1e-08,1e+18,False,False,False,False,12,1.1,15.0,12.684093245130144,5.172525053860584,70.53443255264432,59.64435463267223,study_results/v4p2_followups_20260806/pseudo65/gp_window_ensemble_20260806/runs/window_3p0/draw_09/attempt_01/results_single.csv,1,1,1,1,single_attempt_outside_55_75MeV,False,,,,,,,window_3p0,9
2021,0.211,0.005381365875,0.19889192678125,0.2231080732187499,92716703.49811862,1.64,0.202174559965,0.2198254400349999,0.0176508800699999,0.0,1.0,8000,0.000125,True,4825.203412305128,8.009310140444816e-06,0.1636494333354911,0.9795690945586056,2002.0857250709391,2043.983596940292,True,tilde_q_mu,asymptotic,default,sidak_approx,observed,8.12**2 * RBF(length_scale=0.318),0.0277027301690448,0.3777645023051568,0.1022991108211761,0.3183029447248354,0.0251843001536771,65.97733391260809,1579.6518903290832,377,254,123,416,39,0.04,0.3,0.000625,1.0,1e-08,1e+18,False,False,False,False,12,1.1,15.0,12.63894342040553,5.147899401849318,70.19862820703615,59.1490993399209,study_results/v4p2_followups_20260806/pseudo65/gp_window_ensemble_20260806/runs/window_3p0/draw_09/attempt_01/results_single.csv,1,1,1,1,single_attempt_outside_55_75MeV,False,,,,,,,window_3p0,9
2021,0.212,0.005416316,0.199813289,0.2241867109999999,90185144.73372865,1.64,0.2031172417599999,0.22088275824,0.01776551648,0.0,1.0,8000,0.000125,True,4510.968198957915,7.66158845497563e-06,0.207924932021404,0.8136423589999907,1650.191547329243,2028.1155354410264,True,tilde_q_mu,asymptotic,default,sidak_approx,observed,8.12**2 * RBF(length_scale=0.318),0.0277505225766093,0.3784162169537641,0.1024755959823144,0.318296836136713,0.0252277477969176,65.96301557920329,1580.0193253761995,377,256,121,416,39,0.04,0.3,0.000625,1.0,1e-08,1e+18,False,False,False,False,12,1.1,15.0,12.61693428596917,5.123505086595644,69.86597845357696,58.76629726491456,study_results/v4p2_followups_20260806/pseudo65/gp_window_ensemble_20260806/runs/window_3p0/draw_09/attempt_01/results_single.csv,1,1,1,1,single_attempt_outside_55_75MeV,False,,,,,,,window_3p0,9
2021,0.213,0.005451437875,0.20073426478125,0.2252657352187499,87692400.078589,1.64,0.204059641885,0.2219403581149999,0.0178807162299999,0.0,1.0,8000,0.000125,True,4105.99824370173,7.13833821995773e-06,0.2804587983687242,0.5814791050971588,1165.5850631317744,2010.9590842079065,True,tilde_q_mu,asymptotic,default,sidak_approx,observed,8.08**2 * RBF(length_scale=0.318),0.0277987290198092,0.3790735775428533,0.1026536100713629,0.3178192551457561,0.0252715718361902,65.33814883311021,1579.0987604002082,377,257,120,416,39,0.04,0.3,0.000625,1.0,1e-08,1e+18,False,False,False,False,12,1.1,15.0,12.576157003840269,5.0993388638422745,69.53643905239464,58.30007833405899,study_results/v4p2_followups_20260806/pseudo65/gp_window_ensemble_20260806/runs/window_3p0/draw_09/attempt_01/results_single.csv,1,1,1,1,single_attempt_outside_55_75MeV,False,,,,,,,window_3p0,9
2021,0.214,0.0054867315,0.201654854125,0.226345145875,85297275.72952412,1.64,0.20500176034,0.2229982396599999,0.0179964793199999,0.0,1.0,8000,0.000125,True,3759.3416662104382,6.687792443099948e-06,0.3574838191092046,0.3651926047363175,728.3410475284252,1993.8784171412815,True,tilde_q_mu,asymptotic,default,sidak_approx,observed,8.14**2 * RBF(length_scale=0.319),0.0278473436110351,0.3797365037868427,0.1028331313468833,0.3185617238030822,0.0253157669191228,66.34032570555685,1578.109956139749,377,259,118,416,39,0.04,0.3,0.000625,1.0,1e-08,1e+18,False,False,False,False,12,1.1,15.0,12.583530446492192,5.075397549713366,69.20996658700044,58.06038144988182,study_results/v4p2_followups_20260806/pseudo65/gp_window_ensemble_20260806/runs/window_3p0/draw_09/attempt_01/results_single.csv,1,1,1,1,single_attempt_outside_55_75MeV,False,,,,,,,window_3p0,9
2021,0.215,0.005522196875,0.20257505703125,0.22742494296875,82936171.06195708,1.64,0.205943597125,0.224056402875,0.01811280575,0.0,1.0,8000,0.000125,True,3237.854585205151,5.896507036948183e-06,0.4999655646006563,8.631674575031098e-05,-42.66727359283149,1983.833946494963,True,tilde_q_mu,asymptotic,default,sidak_approx,observed,8.18**2 * RBF(length_scale=0.319),0.0278963605717713,0.380404916887791,0.1030141384702921,0.3188916853465954,0.0253603277925194,66.85972979064302,1575.3719276266197,376,260,116,416,40,0.04,0.3,0.000625,1.0,1e-08,1e+18,False,False,False,False,12,1.1,15.0,12.574430739048244,5.051678019315698,68.88651844521407,57.74725033623423,study_results/v4p2_followups_20260806/pseudo65/gp_window_ensemble_20260806/runs/window_3p0/draw_09/attempt_01/results_single.csv,1,1,1,1,single_attempt_outside_55_75MeV,False,,,,,,,window_3p0,9
2021,0.216,0.0055578339999999,0.2034948735,0.2285051265,80666190.61149085,1.64,0.20688515224,0.22511484776,0.0182296955199999,0.0,1.0,8000,0.000125,True,2857.8524723604583,5.326162696963117e-06,0.5,0.0,-739.8417319103091,1967.6402009022356,True,tilde_q_mu,asymptotic,default,sidak_approx,observed,8.18**2 * RBF(length_scale=0.319),0.0279457742300831,0.3810787395011339,0.1031966104965824,0.3188576323545452,0.0254052493000755,66.8331120728311,1576.4103249735265,376,262,114,416,40,0.04,0.3,0.000625,1.0,1e-08,1e+18,False,False,False,False,12,1.1,15.0,12.550856265504011,5.028177205379499,68.56605280062952,57.37084489291067,study_results/v4p2_followups_20260806/pseudo65/gp_window_ensemble_20260806/runs/window_3p0/draw_09/attempt_01/results_single.csv,1,1,1,1,single_attempt_outside_55_75MeV,False,,,,,,,window_3p0,9
2021,0.217,0.005593642875,0.20441430353125,0.22958569646875,78431109.94118327,1.64,0.207826425685,0.226173574315,0.0183471486299999,0.0,1.0,8000,0.000125,True,2650.1211284053647,5.056354931244795e-06,0.5,0.0,-1202.3210243137655,1949.0611609470077,True,tilde_q_mu,asymptotic,default,sidak_approx,observed,8.15**2 * RBF(length_scale=0.319),0.0279955790181704,0.3817578957023249,0.1033805268652899,0.318534528066727,0.0254505263801549,66.34722473679898,1577.900638234676,376,263,113,416,40,0.04,0.3,0.000625,1.0,1e-08,1e+18,False,False,False,False,12,1.1,15.0,12.51583261221284,5.0048920969361115,68.24852859458333,56.94581066130844,study_results/v4p2_followups_20260806/pseudo65/gp_window_ensemble_20260806/runs/window_3p0/draw_09/attempt_01/results_single.csv,1,1,1,1,single_attempt_outside_55_75MeV,False,,,,,,,window_3p0,9
2021,0.218,0.0056296235,0.205333347125,0.230666652875,76236851.52538474,1.64,0.20876741746,0.22723258254,0.01846516508,0.0,1.0,8000,0.000125,True,2490.734617432232,4.866603151582784e-06,0.5,0.0,-1620.4103274020615,1931.7318060218147,True,tilde_q_mu,asymptotic,default,sidak_approx,observed,8.14**2 * RBF(length_scale=0.318),0.0280457694699898,0.3824423109544073,0.103565867391711,0.3184922204334143,0.0254961540636271,66.30455340498573,1578.0934177643985,376,265,111,416,40,0.04,0.3,0.000625,1.0,1e-08,1e+18,False,False,False,False,12,1.1,15.0,12.491775019816648,4.981819738032192,67.93390551862079,56.57433759707276,study_results/v4p2_followups_20260806/pseudo65/gp_window_ensemble_20260806/runs/window_3p0/draw_09/attempt_01/results_single.csv,1,1,1,1,single_attempt_outside_55_75MeV,False,,,,,,,window_3p0,9
2021,0.219,0.005665775875,0.20625200428125,0.23174799571875,74103158.47642389,1.64,0.209708127565,0.228291872435,0.0185837448699999,0.0,1.0,8000,0.000125,True,2332.685739879811,4.667618177572548e-06,0.5,0.0,-2151.672979716653,1919.255207198344,True,tilde_q_mu,asymptotic,default,sidak_approx,observed,8.19**2 * RBF(length_scale=0.319),0.0280963402189413,0.3831319120764731,0.1037526122583625,0.3189676549145993,0.0255421274717648,67.0322603898133,1575.2803569413002,375,266,109,416,41,0.04,0.3,0.000625,1.0,1e-08,1e+18,False,False,False,False,12,1.1,15.0,12.487904747448969,4.958957226478954,67.62214399744026,56.2972595372208,study_results/v4p2_followups_20260806/pseudo65/gp_window_ensemble_20260806/runs/window_3p0/draw_09/attempt_01/results_single.csv,1,1,1,1,single_attempt_outside_55_75MeV,False,,,,,,,window_3p0,9
2021,0.22,0.0057021,0.207170275,0.232829725,72056230.15568508,1.64,0.210648556,0.229351444,0.018702888,0.0,1.0,8000,0.000125,True,2291.6425931801523,4.694318906743141e-06,0.5,0.0,-2253.3208022633426,1907.511161835481,True,tilde_q_mu,asymptotic,default,sidak_approx,observed,8.11**2 * RBF(length_scale=0.318),0.0281472859956161,0.3838266272129476,0.1039407420066625,0.3181319521783288,0.0255884418141965,65.83903459596286,1573.5807693997317,374,267,107,416,42,0.04,0.3,0.000625,1.0,1e-08,1e+18,False,False,False,False,12,1.1,15.0,12.432642616082576,4.936301712635021,67.31320517229574,55.7920682166796,study_results/v4p2_followups_20260806/pseudo65/gp_window_ensemble_20260806/runs/window_3p0/draw_09/attempt_01/results_single.csv,1,1,1,1,single_attempt_outside_55_75MeV,False,,,,,,,window_3p0,9
2021,0.221,0.005738595875,0.20808815928125,0.23391184071875,70072537.02592257,1.64,0.211588702765,0.230411297235,0.01882259447,0.0,1.0,8000,0.000125,True,2216.0348968331427,4.646825904929667e-06,0.5,0.0,-2416.7271215480287,1880.2105795679029,True,tilde_q_mu,asymptotic,default,sidak_approx,observed,8.14**2 * RBF(length_scale=0.318),0.0281986016256085,0.3845263858037528,0.1041302375288517,0.3184945987177692,0.0256350923869168,66.33712468723866,1579.0190806127755,375,269,106,416,41,0.04,0.3,0.000625,1.0,1e-08,1e+18,False,False,False,False,12,1.1,15.0,12.424164263215856,4.913850398222813,67.00705088485654,55.50044046580806,study_results/v4p2_followups_20260806/pseudo65/gp_window_ensemble_20260806/runs/window_3p0/draw_09/attempt_01/results_single.csv,1,1,1,1,single_attempt_outside_55_75MeV,False,,,,,,,window_3p0,9
2021,0.222,0.0057752635,0.209005657125,0.234994342875,68109664.16035153,1.64,0.21252856786,0.23147143214,0.01894286428,0.0,1.0,8000,0.000125,True,2160.9187250747195,4.640840490110552e-06,0.5,0.0,-2580.6739493038367,1865.284805272153,True,tilde_q_mu,asymptotic,default,sidak_approx,observed,8.21**2 * RBF(length_scale=0.319),0.0282502820273846,0.3852311185552448,0.1043210800601226,0.3191196221919317,0.0256820745703496,67.33985861004986,1577.3551907607325,374,270,104,416,42,0.04,0.3,0.000625,1.0,1e-08,1e+18,False,False,False,False,12,1.1,15.0,12.425772743466766,4.891600535176381,66.7036436614961,55.25628781992919,study_results/v4p2_followups_20260806/pseudo65/gp_window_ensemble_20260806/runs/window_3p0/draw_09/attempt_01/results_single.csv,1,1,1,1,single_attempt_outside_55_75MeV,False,,,,,,,window_3p0,9
2021,0.223,0.005812102875,0.20992276853125,0.23607723146875,66214738.059975564,1.64,0.213468151285,0.232531848715,0.01906369743,0.0,1.0,8000,0.000125,True,2152.1872655406232,4.73304301005281e-06,0.5,0.0,-2487.8683429266007,1845.9062345022064,True,tilde_q_mu,asymptotic,default,sidak_approx,observed,8.2**2 * RBF(length_scale=0.319),0.0283023222102076,0.3859407574119222,0.1045132511709582,0.3189577051558188,0.0257293838274614,67.18504579694664,1575.9204068214517,374,272,102,416,42,0.04,0.3,0.000625,1.0,1e-08,1e+18,False,False,False,False,12,1.1,15.0,12.396632087838375,4.869549424520059,66.40294669800079,54.87819331756387,study_results/v4p2_followups_20260806/pseudo65/gp_window_ensemble_20260806/runs/window_3p0/draw_09/attempt_01/results_single.csv,1,1,1,1,single_attempt_outside_55_75MeV,False,,,,,,,window_3p0,9
2021,0.224,0.005849114,0.2108394935,0.2371605065,64362913.74671155,1.64,0.21440745304,0.23359254696,0.01918509392,0.0,1.0,8000,0.000125,True,2175.5674601818496,4.900143083590728e-06,0.499975650495596,6.103515625e-05,-2220.0393711339498,1822.885193860675,True,tilde_q_mu,asymptotic,default,sidak_approx,observed,8.2**2 * RBF(length_scale=0.319),0.0283547172721207,0.3866552355289188,0.1047067327596833,0.3190310113884411,0.0257770157019279,67.27416509806986,1575.6240843812595,374,273,101,416,42,0.04,0.3,0.000625,1.0,1e-08,1e+18,False,False,False,False,12,1.1,15.0,12.376568920062384,4.847694415277375,66.10492384469147,54.543476394619944,study_results/v4p2_followups_20260806/pseudo65/gp_window_ensemble_20260806/runs/window_3p0/draw_09/attempt_01/results_single.csv,1,1,1,1,single_attempt_outside_55_75MeV,False,,,,,,,window_3p0,9
2021,0.225,0.005886296875,0.21175583203125,0.23824416796875,62544678.25081808,1.64,0.215346473125,0.234653526875,0.01930705375,0.0,1.0,8000,0.000125,True,2254.5653536133395,5.202473420177985e-06,0.499975650495596,6.103515625e-05,-1769.9637396809344,1803.0949815155632,True,tilde_q_mu,asymptotic,default,sidak_approx,observed,8.15**2 * RBF(length_scale=0.319),0.0284074623979809,0.3873744872451945,0.1049015070452041,0.318522942856856,0.0258249658163463,66.4190878155319,1575.9893776260044,374,275,99,416,42,0.04,0.3,0.000625,1.0,1e-08,1e+18,False,False,False,False,12,1.1,15.0,12.33391537173854,4.82603290340855,65.80953959193478,54.11261946533336,study_results/v4p2_followups_20260806/pseudo65/gp_window_ensemble_20260806/runs/window_3p0/draw_09/attempt_01/results_single.csv,1,1,1,1,single_attempt_outside_55_75MeV,False,,,,,,,window_3p0,9
2021,0.226,0.0059236515,0.212671784125,0.239328215875,60771554.15297639,1.64,0.21628521154,0.23571478846,0.01942957692,0.0,1.0,8000,0.000125,True,2299.387989872652,5.436550149440412e-06,0.5,0.0,-1519.1191482194129,1787.4478609751443,True,tilde_q_mu,asymptotic,default,sidak_approx,observed,8.18**2 * RBF(length_scale=0.319),0.0284605528575465,0.3880984480574534,0.1050975565599455,0.3188203783506937,0.0258732298704968,66.8809639600406,1573.0386578226344,373,276,97,416,43,0.04,0.3,0.000625,1.0,1e-08,1e+18,False,False,False,False,12,1.1,15.0,12.322403501475588,4.804562330776309,65.51675905604058,53.82159607983246,study_results/v4p2_followups_20260806/pseudo65/gp_window_ensemble_20260806/runs/window_3p0/draw_09/attempt_01/results_single.csv,1,1,1,1,single_attempt_outside_55_75MeV,False,,,,,,,window_3p0,9
2021,0.227,0.005961177875,0.21358734978125,0.24041265021875,59077484.03982016,1.64,0.217223668285,0.236776331715,0.01955266343,0.0,1.0,8000,0.000125,True,2333.5479226152875,5.650524957487695e-06,0.5,0.0,-1298.7364582802843,1766.4911051705142,True,tilde_q_mu,asymptotic,default,sidak_approx,observed,8.21**2 * RBF(length_scale=0.319),0.0285139840036164,0.3888270545947703,0.1052948641429799,0.3191572054150222,0.0259218036396513,67.41553965543656,1574.0861126760428,373,278,95,416,43,0.04,0.3,0.000625,1.0,1e-08,1e+18,False,False,False,False,12,1.1,15.0,12.31230703896015,4.783280184139193,65.22654796553445,53.539285709541446,study_results/v4p2_followups_20260806/pseudo65/gp_window_ensemble_20260806/runs/window_3p0/draw_09/attempt_01/results_single.csv,1,1,1,1,single_attempt_outside_55_75MeV,False,,,,,,,window_3p0,9
2021,0.228,0.005998876,0.214502529,0.241497471,57436780.43420136,1.64,0.21816184336,0.23783815664,0.01967631328,0.0,1.0,8000,0.000125,True,2399.7427572267507,5.950585185346873e-06,0.5,0.0,-1001.1250133176424,1744.663353874551,True,tilde_q_mu,asymptotic,default,sidak_approx,observed,8.21**2 * RBF(length_scale=0.319),0.0285677512702127,0.3895602445938106,0.1054934129333165,0.3191806766227673,0.0259706829729207,67.46181522394242,1574.387624723604,373,279,94,416,43,0.04,0.3,0.000625,1.0,1e-08,1e+18,False,False,False,False,12,1.1,15.0,12.290037845965497,4.762183994170372,64.9388726477778,53.20674683436818,study_results/v4p2_followups_20260806/pseudo65/gp_window_ensemble_20260806/runs/window_3p0/draw_09/attempt_01/results_single.csv,1,1,1,1,single_attempt_outside_55_75MeV,False,,,,,,,window_3p0,9
2021,0.229,0.006036745875,0.21541732178125,0.24258267821875,55831675.293223605,1.64,0.219099736765,0.238900263235,0.01980052647,0.0,1.0,8000,0.000125,True,2489.130035490332,6.3219544950038375e-06,0.5,0.0,-692.0153541888058,1725.6014785605314,True,tilde_q_mu,asymptotic,default,sidak_approx,observed,8.23**2 * RBF(length_scale=0.319),0.0286218501708174,0.3902979568747833,0.1056931863633896,0.3192665818866604,0.0260198637916522,67.67481528592259,1574.4598001701224,373,281,92,416,43,0.04,0.3,0.000625,1.0,1e-08,1e+18,False,False,False,False,12,1.1,15.0,12.270109653267616,4.741271334503118,64.6537000159516,52.88719924567975,study_results/v4p2_followups_20260806/pseudo65/gp_window_ensemble_20260806/runs/window_3p0/draw_09/attempt_01/results_single.csv,1,1,1,1,single_attempt_outside_55_75MeV,False,,,,,,,window_3p0,9
2021,0.23,0.0060747875,0.216331728125,0.243668271875,54262302.35414737,1.64,0.2200373485,0.2399626515,0.019925303,0.0,1.0,8000,0.000125,True,2492.7293463212127,6.485881290644976e-06,0.5,0.0,-632.5651666608527,1711.5860124238889,True,tilde_q_mu,asymptotic,default,sidak_approx,observed,8.3**2 * RBF(length_scale=0.32),0.0286762762966508,0.3910401313179656,0.1058941681527014,0.319928716194002,0.0260693420878643,68.8483573390607,1572.248422532502,372,282,90,416,44,0.04,0.3,0.000625,1.0,1e-08,1e+18,False,False,False,False,12,1.1,15.0,12.272220569115667,4.720539820800449,64.37099755636976,52.66500535105169,study_results/v4p2_followups_20260806/pseudo65/gp_window_ensemble_20260806/runs/window_3p0/draw_09/attempt_01/results_single.csv,1,1,1,1,single_attempt_outside_55_75MeV,False,,,,,,,window_3p0,9
2021,0.231,0.006113000875,0.21724574803125,0.24475425196875,52721717.822498925,1.64,0.220974678565,0.241025321435,0.02005064287,0.0,1.0,8000,0.000125,True,2623.722917133264,6.995783462738354e-06,0.5,0.0,-293.78048290816815,1694.5371746320975,True,tilde_q_mu,asymptotic,default,sidak_approx,observed,8.22**2 * RBF(length_scale=0.319),0.0287310253149946,0.3917867088408355,0.1060963423016291,0.3192276833537814,0.0261191139227223,67.49309649365105,1569.8477474417828,372,284,88,416,44,0.04,0.3,0.000625,1.0,1e-08,1e+18,False,False,False,False,12,1.1,15.0,12.221995137287896,4.699987109848828,64.09073331612038,52.22110872898923,study_results/v4p2_followups_20260806/pseudo65/gp_window_ensemble_20260806/runs/window_3p0/draw_09/attempt_01/results_single.csv,1,1,1,1,single_attempt_outside_55_75MeV,False,,,,,,,window_3p0,9
2021,0.232,0.006151386,0.2181593815,0.2458406185,51251552.38699205,1.64,0.22191172696,0.24208827304,0.02017654608,0.0,1.0,8000,0.000125,True,2634.1436412340563,7.193899497797915e-06,0.5,0.0,-217.3162065986107,1676.17743912933,True,tilde_q_mu,asymptotic,default,sidak_approx,observed,8.22**2 * RBF(length_scale=0.319),0.0287860929675617,0.3925376313758422,0.1062996930854058,0.3192478456109339,0.0261691754250561,67.49775033211107,1570.6465226462096,372,285,87,416,44,0.04,0.3,0.000625,1.0,1e-08,1e+18,False,False,False,False,12,1.1,15.0,12.199384979675912,4.679610898675804,63.81287589103368,51.89852264366663,study_results/v4p2_followups_20260806/pseudo65/gp_window_ensemble_20260806/runs/window_3p0/draw_09/attempt_01/results_single.csv,1,1,1,1,single_attempt_outside_55_75MeV,False,,,,,,,window_3p0,9
2021,0.233,0.006189942875,0.21907262853125,0.24692737146875,49805482.399550624,1.64,0.222848493685,0.243151506315,0.02030301263,0.0,1.0,8000,0.000125,True,2646.2149481607285,7.404776736626364e-06,0.5,0.0,-149.71515801772168,1661.1775645088044,True,tilde_q_mu,asymptotic,default,sidak_approx,observed,8.19**2 * RBF(length_scale=0.319),0.0288414750689017,0.3932928418486603,0.1065042050482311,0.3189883420521922,0.0262195227899106,67.05188852417042,1571.6589587667213,372,287,85,416,44,0.04,0.3,0.000625,1.0,1e-08,1e+18,False,False,False,False,12,1.1,15.0,12.166062083133694,4.659408923689259,63.53739441394444,51.53332566937333,study_results/v4p2_followups_20260806/pseudo65/gp_window_ensemble_20260806/runs/window_3p0/draw_09/attempt_01/results_single.csv,1,1,1,1,single_attempt_outside_55_75MeV,False,,,,,,,window_3p0,9
2021,0.234,0.0062286715,0.219985489125,0.248014510875,48395595.20414742,1.64,0.22378497874,0.24421502126,0.02043004252,0.0,1.0,8000,0.000125,True,2726.529117192382,7.818228678220442e-06,0.4968162022443195,0.007980682190941,13.050032092661008,1652.3362050957137,True,tilde_q_mu,asymptotic,default,sidak_approx,observed,8.13**2 * RBF(length_scale=0.318),0.0288971675048537,0.394052284157097,0.1067098629975592,0.3183384218860892,0.0262701522771398,66.06920683291499,1567.8958169878515,371,288,83,416,45,0.04,0.3,0.000625,1.0,1e-08,1e+18,False,False,False,False,12,1.1,15.0,12.117875013732077,4.639378959839796,63.26425854326993,51.10855852425179,study_results/v4p2_followups_20260806/pseudo65/gp_window_ensemble_20260806/runs/window_3p0/draw_09/attempt_01/results_single.csv,1,1,1,1,single_attempt_outside_55_75MeV,False,,,,,,,window_3p0,9
2021,0.235,0.006267571875,0.22089796328125,0.2491020367187499,47012739.219878465,1.64,0.2247211821249999,0.245278817875,0.02055763575,0.0,1.0,8000,0.000125,True,2650.8291711725733,7.79144922173479e-06,0.5,0.0,-90.50485746307044,1643.9092741915383,True,tilde_q_mu,asymptotic,default,sidak_approx,observed,8.14**2 * RBF(length_scale=0.319),0.0289531662310341,0.394815903150465,0.1069166519985136,0.3185188326597511,0.026321060210031,66.33561361964216,1565.1251683189253,370,289,81,416,46,0.04,0.3,0.000625,1.0,1e-08,1e+18,False,False,False,False,12,1.1,15.0,12.101291897746696,4.619518819803578,62.993438451866965,50.8201324232522,study_results/v4p2_followups_20260806/pseudo65/gp_window_ensemble_20260806/runs/window_3p0/draw_09/attempt_01/results_single.csv,1,1,1,1,single_attempt_outside_55_75MeV,False,,,,,,,window_3p0,9
2021,0.236,0.006306644,0.2218100509999999,0.2501899489999999,45679826.44124699,1.64,0.2256571038399999,0.24634289616,0.02068579232,0.0,1.0,8000,0.000125,True,2648.4551291071175,7.977670473290404e-06,0.5,0.0,-42.01914568510738,1625.705184406779,True,tilde_q_mu,asymptotic,default,sidak_approx,observed,8.11**2 * RBF(length_scale=0.318),0.0290094672713634,0.3955836446095018,0.1071245573684485,0.3181766931500642,0.0263722429739667,65.85180970849584,1569.5209369486506,371,291,80,416,45,0.04,0.3,0.000625,1.0,1e-08,1e+18,False,False,False,False,12,1.1,15.0,12.064832462834149,4.599826353186174,62.7249048161751,50.45103119029142,study_results/v4p2_followups_20260806/pseudo65/gp_window_ensemble_20260806/runs/window_3p0/draw_09/attempt_01/results_single.csv,1,1,1,1,single_attempt_outside_55_75MeV,False,,,,,,,window_3p0,9
2021,0.237,0.006345887875,0.22272175228125,0.25127824771875,44384391.87212218,1.64,0.226592743885,0.2474072561149999,0.0208145122299999,0.0,1.0,8000,0.000125,True,2737.3286044157176,8.450224320579807e-06,0.4713352781894953,0.0719137387991048,115.99357111047355,1619.8458246647378,True,tilde_q_mu,asymptotic,default,sidak_approx,observed,8.08**2 * RBF(length_scale=0.318),0.0290660667166324,0.3963554552268056,0.1073335646716512,0.3177483979833599,0.0264236970151203,65.31068211322676,1567.8482727621076,370,292,78,416,46,0.04,0.3,0.000625,1.0,1e-08,1e+18,False,False,False,False,12,1.1,15.0,12.025130238268153,4.580299445746575,62.458628805635115,50.07154305942727,study_results/v4p2_followups_20260806/pseudo65/gp_window_ensemble_20260806/runs/window_3p0/draw_09/attempt_01/results_single.csv,1,1,1,1,single_attempt_outside_55_75MeV,False,,,,,,,window_3p0,9
2021,0.238,0.0063853035,0.223633067125,0.252366932875,43150069.97440755,1.64,0.2275281022599999,0.24847189774,0.02094379548,0.0,1.0,8000,0.000125,True,2759.352056594244,8.725063067913746e-06,0.4564948620835999,0.1092682555973148,175.08823647416455,1610.5697056663264,True,tilde_q_mu,asymptotic,default,sidak_approx,observed,8.08**2 * RBF(length_scale=0.318),0.0291229607231004,0.3971312825877338,0.1075436597141695,0.3177245660422355,0.0264754188391822,65.29642154748248,1568.8150405504666,370,294,76,416,46,0.04,0.3,0.000625,1.0,1e-08,1e+18,False,False,False,False,12,1.1,15.0,12.000738042036923,4.560936018640379,62.1945820723688,49.75872580563093,study_results/v4p2_followups_20260806/pseudo65/gp_window_ensemble_20260806/runs/window_3p0/draw_09/attempt_01/results_single.csv,1,1,1,1,single_attempt_outside_55_75MeV,False,,,,,,,window_3p0,9
2021,0.239,0.006424890875,0.2245439955312499,0.25345600446875,41910564.95451811,1.64,0.2284631789649999,0.249536821035,0.02107364207,0.0,1.0,8000,0.000125,True,2720.1350160745737,8.818383200755391e-06,0.4693986266563325,0.0767816443489452,123.05890415259518,1606.8123445045812,True,tilde_q_mu,asymptotic,default,sidak_approx,observed,8.09**2 * RBF(length_scale=0.318),0.0291801455111333,0.3979110751518178,0.1077548285387784,0.3179129373633904,0.0265274050101211,65.5176547758838,1565.3133912852018,369,295,74,416,47,0.04,0.3,0.000625,1.0,1e-08,1e+18,False,False,False,False,12,1.1,15.0,11.984321016024555,4.541734027682346,61.9327367411229,49.48145323377036,study_results/v4p2_followups_20260806/pseudo65/gp_window_ensemble_20260806/runs/window_3p0/draw_09/attempt_01/results_single.csv,1,1,1,1,single_attempt_outside_55_75MeV,False,,,,,,,window_3p0,9
2021,0.24,0.00646465,0.2254545375,0.2545454625,40722504.22475857,1.64,0.229397974,0.250602026,0.0212040519999999,0.0,1.0,8000,0.000125,True,2698.2644128507304,8.965173708748291e-06,0.4680767490871953,0.0801053117332086,126.9981389296847,1592.6192323991238,True,tilde_q_mu,asymptotic,default,sidak_approx,observed,8.08**2 * RBF(length_scale=0.318),0.0292376173638717,0.3986947822346143,0.1079670574200659,0.3177059784618715,0.0265796521489742,65.22470262322145,1569.823869622795,370,297,73,416,46,0.04,0.3,0.000625,1.0,1e-08,1e+18,False,False,False,False,12,1.1,15.0,11.952977288084332,4.522691462627012,61.673065399459254,49.14511666708507,study_results/v4p2_followups_20260806/pseudo65/gp_window_ensemble_20260806/runs/window_3p0/draw_09/attempt_01/results_single.csv,1,1,1,1,single_attempt_outside_55_75MeV,False,,,,,,,window_3p0,9
2021,0.241,0.006504580875,0.2263646930312499,0.25563530696875,39555789.66735767,1.64,0.230332487365,0.251667512635,0.0213350252699999,0.0,1.0,8000,0.000125,True,2768.317190573619,9.429934369652136e-06,0.4394804883219554,0.1522864943285684,241.7457238639734,1589.8517974376414,True,tilde_q_mu,asymptotic,default,sidak_approx,observed,8.1**2 * RBF(length_scale=0.318),0.0292953726259335,0.3994823539900027,0.1081803328596386,0.3179512032718097,0.0266321569326668,65.5831533854961,1566.7608645348428,369,298,71,416,47,0.04,0.3,0.000625,1.0,1e-08,1e+18,False,False,False,False,12,1.1,15.0,11.93862007030353,4.503806346467102,61.41554108818776,48.881120764265965,study_results/v4p2_followups_20260806/pseudo65/gp_window_ensemble_20260806/runs/window_3p0/draw_09/attempt_01/results_single.csv,1,1,1,1,single_attempt_outside_55_75MeV,False,,,,,,,window_3p0,9
2021,0.242,0.0065446835,0.227274462125,0.256725537875,38433549.77614895,1.64,0.23126671906,0.2527332809399999,0.0214665618799999,0.0,1.0,8000,0.000125,True,2893.986491601449,1.0103935317430189e-05,0.3892561134841784,0.281258384261728,445.75678737958856,1583.123852163669,True,tilde_q_mu,asymptotic,default,sidak_approx,observed,8.08**2 * RBF(length_scale=0.318),0.0293534077021493,0.4002737413929458,0.1083946415814538,0.3176911297453446,0.026684916092863,65.29603022050392,1568.3000929966934,369,300,69,416,47,0.04,0.3,0.000625,1.0,1e-08,1e+18,False,False,False,False,12,1.1,15.0,11.90526995249994,4.4850767347495655,61.16013729203953,48.54186298624595,study_results/v4p2_followups_20260806/pseudo65/gp_window_ensemble_20260806/runs/window_3p0/draw_09/attempt_01/results_single.csv,1,1,1,1,single_attempt_outside_55_75MeV,False,,,,,,,window_3p0,9
2021,0.243,0.006584957875,0.22818384478125,0.25781615521875,37332878.58161166,1.64,0.232200669085,0.253799330915,0.02159866183,0.0,1.0,8000,0.000125,True,2939.591964737395,1.0522264685591983e-05,0.3719417377521473,0.3267149715305434,517.3786190459136,1581.1012134513492,True,tilde_q_mu,asymptotic,default,sidak_approx,observed,8.09**2 * RBF(length_scale=0.318),0.0294117190563266,0.4010688962226361,0.108609970527255,0.3178518352947851,0.0267379264148424,65.5163394442548,1564.618456488809,368,301,67,416,48,0.04,0.3,0.000625,1.0,1e-08,1e+18,False,False,False,False,12,1.1,15.0,11.887677090709005,4.466500714908013,60.90682793056381,48.26938020386124,study_results/v4p2_followups_20260806/pseudo65/gp_window_ensemble_20260806/runs/window_3p0/draw_09/attempt_01/results_single.csv,1,1,1,1,single_attempt_outside_55_75MeV,False,,,,,,,window_3p0,9
2021,0.244,0.006625404,0.229092841,0.258907159,36240747.78783116,1.64,0.23313433744,0.25486566256,0.0217313251199999,0.0,1.0,8000,0.000125,True,3074.530301977164,1.1290462253614276e-05,0.3178047768750426,0.4738462458806884,741.1319197224333,1566.1761462736138,True,tilde_q_mu,asymptotic,default,sidak_approx,observed,8.15**2 * RBF(length_scale=0.318),0.029470303210048,0.4018677710461094,0.1088263068521347,0.3183606738206299,0.0267911847364072,66.36947548727906,1569.6972512891823,369,303,66,416,47,0.04,0.3,0.000625,1.0,1e-08,1e+18,False,False,False,False,12,1.1,15.0,11.883038281170172,4.448076405612099,60.65558734925589,48.05151109587126,study_results/v4p2_followups_20260806/pseudo65/gp_window_ensemble_20260806/runs/window_3p0/draw_09/attempt_01/results_single.csv,1,1,1,1,single_attempt_outside_55_75MeV,False,,,,,,,window_3p0,9
2021,0.245,0.006666021875,0.23000145078125,0.25999854921875,35231160.94273463,1.64,0.234067724125,0.255932275875,0.02186455175,0.0,1.0,8000,0.000125,True,3261.0260116968248,1.2268208444826953e-05,0.2617122364742598,0.6380755939468473,996.3469696055166,1563.3433394105962,True,tilde_q_mu,asymptotic,default,sidak_approx,observed,8.17**2 * RBF(length_scale=0.319),0.0295291567414944,0.4026703192021974,0.1090436379201891,0.3185002682160265,0.0268446879468131,66.71576923560238,1569.0492454239302,368,304,64,416,48,0.04,0.3,0.000625,1.0,1e-08,1e+18,False,False,False,False,12,1.1,15.0,11.864554687581569,4.429801956132116,60.40639031089249,47.77966142153208,study_results/v4p2_followups_20260806/pseudo65/gp_window_ensemble_20260806/runs/window_3p0/draw_09/attempt_01/results_single.csv,1,1,1,1,single_attempt_outside_55_75MeV,False,,,,,,,window_3p0,9
2021,0.246,0.0067068115,0.230909674125,0.261090325875,34231611.46534635,1.64,0.23500082914,0.25699917086,0.02199834172,0.0,1.0,8000,0.000125,True,3410.750950446813,1.3152474837009912e-05,0.2214777370667245,0.767212008747104,1195.660876253837,1559.645996065868,True,tilde_q_mu,asymptotic,default,sidak_approx,observed,8.18**2 * RBF(length_scale=0.319),0.0295882762843003,0.4034764947859137,0.1092619513002888,0.3186326189463732,0.0268984329857275,66.98423998008467,1565.579889305984,367,305,62,416,49,0.04,0.3,0.000625,1.0,1e-08,1e+18,False,False,False,False,12,1.1,15.0,11.845768826587072,4.411675545719503,60.159211987084134,47.50880786590964,study_results/v4p2_followups_20260806/pseudo65/gp_window_ensemble_20260806/runs/window_3p0/draw_09/attempt_01/results_single.csv,1,1,1,1,single_attempt_outside_55_75MeV,False,,,,,,,window_3p0,9
2021,0.247,0.006747772875,0.23181751103125,0.26218248896875,33240766.184267055,1.64,0.235933652485,0.258066347515,0.02213269503,0.0,1.0,8000,0.000125,True,3637.6268483953418,1.438699490836139e-05,0.1643680685728213,0.9766627603562344,1504.6964991913997,1542.6593224893809,True,tilde_q_mu,asymptotic,default,sidak_approx,observed,8.21**2 * RBF(length_scale=0.319),0.0296476585264336,0.4042862526331858,0.1094812347619452,0.3186553862998914,0.0269524168422123,67.32722466085835,1570.239472467911,368,307,61,416,48,0.04,0.3,0.000625,1.0,1e-08,1e+18,False,False,False,False,12,1.1,15.0,11.822887281886317,4.393695383001999,59.91402795002726,47.22378660379725,study_results/v4p2_followups_20260806/pseudo65/gp_window_ensemble_20260806/runs/window_3p0/draw_09/attempt_01/results_single.csv,1,1,1,1,single_attempt_outside_55_75MeV,False,,,,,,,window_3p0,9
2021,0.248,0.006788906,0.2327249615,0.2632750385,32306957.309929177,1.64,0.23686619416,0.25913380584,0.02226761168,0.0,1.0,8000,0.000125,True,3781.8246914591346,1.5327579466964227e-05,0.1362691199779206,1.097235999652956,1684.8576973625145,1536.9899562778653,True,tilde_q_mu,asymptotic,default,sidak_approx,observed,8.23**2 * RBF(length_scale=0.319),0.0297073002091074,0.4050995483060104,0.1097014762712903,0.3188912463651091,0.027006636553734,67.7944886915446,1566.5940380679808,367,308,59,416,49,0.04,0.3,0.000625,1.0,1e-08,1e+18,False,False,False,False,12,1.1,15.0,11.807884544623834,4.375859705393982,59.67081416446339,46.97240562251254,study_results/v4p2_followups_20260806/pseudo65/gp_window_ensemble_20260806/runs/window_3p0/draw_09/attempt_01/results_single.csv,1,1,1,1,single_attempt_outside_55_75MeV,False,,,,,,,window_3p0,9
2021,0.249,0.006830210875,0.23363202553125,0.26436797446875,31367919.80580777,1.64,0.237798454165,0.260201545835,0.0224030916699999,0.0,1.0,8000,0.000125,True,3853.4682807731306,1.6020890218648396e-05,0.1205514263958629,1.172234669168276,1787.5849350601627,1525.7355454633064,True,tilde_q_mu,asymptotic,default,sidak_approx,observed,8.23**2 * RBF(length_scale=0.319),0.029767198125712,0.4059163380778918,0.1099226639871329,0.3189928752300278,0.0270610892051927,67.81413422908948,1565.0436337674964,367,310,57,416,49,0.04,0.3,0.000625,1.0,1e-08,1e+18,False,False,False,False,12,1.1,15.0,11.787880111226857,4.358166778520153,59.429546979820266,46.703224990843026,study_results/v4p2_followups_20260806/pseudo65/gp_window_ensemble_20260806/runs/window_3p0/draw_09/attempt_01/results_single.csv,1,1,1,1,single_attempt_outside_55_75MeV,False,,,,,,,window_3p0,9
2021,0.25,0.0068716875,0.234538703125,0.265461296875,30463229.35640608,1.64,0.2387304325,0.2612695675,0.022539135,0.0,1.0,8000,0.000125,True,3861.778747506821,1.646612322954887e-05,0.1167658204200179,1.191310684873958,1809.245179198016,1518.2368067927946,True,tilde_q_mu,asymptotic,default,sidak_approx,observed,8.19**2 * RBF(length_scale=0.319),0.0298273491207752,0.4067365789196631,0.1101447862571196,0.318643662254764,0.0271157719279775,67.0294902283043,1563.8075255559745,366,311,55,416,50,0.04,0.3,0.000625,1.0,1e-08,1e+18,False,False,False,False,12,1.1,15.0,11.751229620204674,4.3406148956534025,59.19020312254639,46.37051121063989,study_results/v4p2_followups_20260806/pseudo65/gp_window_ensemble_20260806/runs/window_3p0/draw_09/attempt_01/results_single.csv,1,1,1,1,single_attempt_outside_55_75MeV,False,,,,,,,window_3p0,9
